1000 10 1
10
	0	19	1	76	2	68	3	48	4	2	5	6	6	83	7	30	8	100	9	83	
	0	85	1	35	2	53	3	83	4	99	5	61	6	53	7	24	8	58	9	64	
	0	27	1	49	2	23	3	17	4	80	5	97	6	12	7	80	8	96	9	1	
	0	28	1	26	2	41	3	68	4	64	5	100	6	17	7	88	8	6	9	15	
	0	53	1	11	2	23	3	25	4	4	5	86	6	2	7	10	8	4	9	7	
	0	56	1	32	2	66	3	70	4	27	5	77	6	97	7	100	8	51	9	38	
	0	37	1	87	2	47	3	18	4	75	5	30	6	13	7	89	8	12	9	85	
	0	37	1	67	2	84	3	43	4	40	5	81	6	76	7	8	8	38	9	53	
	0	83	1	70	2	89	3	99	4	86	5	55	6	25	7	77	8	31	9	32	
	0	62	1	57	2	97	3	66	4	41	5	18	6	51	7	34	8	24	9	67	
	0	34	1	13	2	44	3	92	4	93	5	61	6	76	7	7	8	84	9	82	
	0	15	1	56	2	37	3	8	4	26	5	14	6	4	7	62	8	6	9	57	
	0	68	1	18	2	46	3	68	4	63	5	35	6	34	7	51	8	99	9	80	
	0	16	1	3	2	96	3	3	4	2	5	91	6	56	7	82	8	89	9	55	
	0	29	1	27	2	69	3	89	4	6	5	91	6	35	7	63	8	95	9	60	
	0	64	1	4	2	74	3	12	4	47	5	67	6	100	7	22	8	38	9	85	
	0	21	1	65	2	21	3	60	4	10	5	35	6	61	7	20	8	21	9	47	
	0	89	1	70	2	51	3	44	4	72	5	97	6	86	7	30	8	83	9	88	
	0	48	1	96	2	60	3	91	4	12	5	95	6	43	7	98	8	20	9	98	
	0	41	1	12	2	57	3	23	4	56	5	94	6	56	7	54	8	68	9	10	
	0	13	1	46	2	44	3	75	4	22	5	48	6	56	7	99	8	49	9	73	
	0	38	1	81	2	19	3	12	4	26	5	14	6	10	7	56	8	53	9	46	
	0	34	1	83	2	35	3	36	4	73	5	11	6	85	7	69	8	25	9	4	
	0	26	1	35	2	79	3	97	4	81	5	79	6	21	7	64	8	76	9	73	
	0	75	1	31	2	40	3	68	4	7	5	80	6	50	7	65	8	61	9	85	
	0	18	1	98	2	79	3	82	4	63	5	40	6	70	7	97	8	83	9	62	
	0	53	1	16	2	45	3	37	4	78	5	50	6	8	7	8	8	100	9	43	
	0	42	1	65	2	69	3	70	4	90	5	39	6	57	7	41	8	4	9	83	
	0	91	1	44	2	100	3	82	4	11	5	7	6	87	7	69	8	45	9	14	
	0	30	1	8	2	82	3	31	4	99	5	85	6	72	7	70	8	2	9	24	
	0	41	1	6	2	76	3	84	4	97	5	93	6	12	7	33	8	73	9	74	
	0	28	1	66	2	46	3	67	4	23	5	43	6	85	7	81	8	57	9	31	
	0	81	1	68	2	22	3	7	4	34	5	76	6	69	7	3	8	9	9	26	
	0	86	1	71	2	30	3	73	4	51	5	90	6	61	7	44	8	13	9	47	
	0	42	1	20	2	85	3	96	4	16	5	92	6	93	7	28	8	46	9	49	
	0	2	1	10	2	90	3	81	4	65	5	20	6	50	7	16	8	75	9	30	
	0	3	1	17	2	92	3	83	4	48	5	87	6	96	7	79	8	88	9	75	
	0	81	1	91	2	54	3	99	4	1	5	58	6	39	7	89	8	53	9	85	
	0	58	1	90	2	82	3	21	4	80	5	27	6	8	7	54	8	25	9	74	
	0	25	1	55	2	67	3	94	4	69	5	6	6	74	7	100	8	41	9	98	
	0	66	1	22	2	36	3	11	4	94	5	38	6	34	7	64	8	98	9	52	
	0	100	1	30	2	40	3	57	4	53	5	97	6	27	7	60	8	89	9	13	
	0	4	1	3	2	31	3	19	4	30	5	91	6	96	7	3	8	85	9	45	
	0	19	1	44	2	84	3	17	4	7	5	19	6	61	7	9	8	42	9	89	
	0	89	1	31	2	76	3	32	4	45	5	5	6	99	7	90	8	31	9	58	
	0	23	1	77	2	79	3	54	4	89	5	95	6	59	7	34	8	82	9	22	
	0	49	1	58	2	66	3	81	4	12	5	12	6	14	7	73	8	93	9	65	
	0	99	1	62	2	37	3	8	4	85	5	6	6	56	7	7	8	20	9	92	
	0	61	1	43	2	63	3	43	4	41	5	80	6	47	7	10	8	26	9	1	
	0	38	1	32	2	85	3	10	4	33	5	65	6	68	7	63	8	80	9	43	
	0	62	1	86	2	34	3	87	4	28	5	46	6	25	7	88	8	47	9	14	
	0	92	1	75	2	40	3	65	4	40	5	50	6	3	7	80	8	68	9	10	
	0	19	1	87	2	97	3	28	4	38	5	69	6	22	7	67	8	91	9	38	
	0	41	1	100	2	54	3	67	4	19	5	12	6	100	7	61	8	15	9	51	
	0	87	1	71	2	31	3	98	4	19	5	74	6	90	7	14	8	1	9	51	
	0	90	1	33	2	6	3	44	4	62	5	26	6	60	7	89	8	56	9	56	
	0	8	1	9	2	2	3	1	4	39	5	85	6	10	7	61	8	36	9	52	
	0	56	1	66	2	99	3	18	4	36	5	38	6	100	7	53	8	46	9	100	
	0	78	1	60	2	19	3	29	4	32	5	95	6	93	7	43	8	58	9	51	
	0	74	1	44	2	22	3	20	4	22	5	48	6	85	7	91	8	7	9	89	
	0	76	1	41	2	10	3	45	4	61	5	74	6	25	7	87	8	39	9	61	
	0	67	1	43	2	51	3	28	4	97	5	30	6	71	7	66	8	31	9	69	
	0	53	1	66	2	98	3	31	4	78	5	84	6	53	7	47	8	69	9	90	
	0	58	1	97	2	76	3	63	4	61	5	92	6	18	7	3	8	100	9	61	
	0	34	1	96	2	6	3	23	4	7	5	91	6	18	7	30	8	85	9	80	
	0	99	1	74	2	1	3	7	4	74	5	57	6	13	7	43	8	68	9	33	
	0	31	1	41	2	83	3	45	4	88	5	18	6	32	7	76	8	25	9	82	
	0	71	1	47	2	74	3	69	4	34	5	28	6	84	7	68	8	35	9	39	
	0	53	1	89	2	50	3	86	4	21	5	9	6	4	7	61	8	16	9	26	
	0	70	1	91	2	63	3	97	4	93	5	49	6	85	7	38	8	51	9	52	
	0	12	1	31	2	92	3	43	4	12	5	83	6	64	7	23	8	64	9	56	
	0	40	1	26	2	23	3	61	4	35	5	95	6	38	7	49	8	26	9	52	
	0	89	1	13	2	8	3	16	4	52	5	65	6	78	7	24	8	9	9	47	
	0	3	1	32	2	28	3	53	4	8	5	39	6	23	7	4	8	94	9	51	
	0	79	1	34	2	25	3	67	4	87	5	44	6	82	7	47	8	48	9	42	
	0	53	1	26	2	70	3	97	4	21	5	88	6	11	7	98	8	44	9	8	
	0	22	1	97	2	99	3	73	4	100	5	36	6	75	7	56	8	71	9	11	
	0	83	1	52	2	67	3	90	4	70	5	46	6	25	7	50	8	24	9	93	
	0	22	1	26	2	61	3	47	4	38	5	44	6	38	7	55	8	52	9	83	
	0	5	1	71	2	59	3	92	4	23	5	41	6	30	7	26	8	33	9	61	
	0	100	1	36	2	49	3	62	4	25	5	65	6	3	7	90	8	78	9	15	
	0	100	1	6	2	49	3	37	4	22	5	39	6	90	7	71	8	6	9	86	
	0	54	1	29	2	43	3	65	4	96	5	92	6	48	7	79	8	99	9	92	
	0	50	1	32	2	66	3	55	4	12	5	18	6	44	7	11	8	55	9	36	
	0	25	1	59	2	58	3	24	4	69	5	12	6	43	7	13	8	56	9	99	
	0	17	1	60	2	74	3	12	4	67	5	20	6	90	7	5	8	17	9	44	
	0	62	1	64	2	17	3	79	4	29	5	52	6	92	7	7	8	58	9	67	
	0	76	1	8	2	49	3	50	4	27	5	77	6	25	7	2	8	58	9	30	
	0	37	1	86	2	24	3	93	4	51	5	31	6	85	7	62	8	43	9	99	
	0	71	1	14	2	64	3	38	4	36	5	87	6	50	7	91	8	66	9	6	
	0	48	1	10	2	29	3	30	4	20	5	4	6	39	7	89	8	90	9	20	
	0	66	1	2	2	66	3	90	4	98	5	57	6	7	7	14	8	69	9	77	
	0	13	1	70	2	69	3	4	4	13	5	69	6	78	7	76	8	64	9	4	
	0	65	1	37	2	54	3	3	4	81	5	66	6	42	7	85	8	13	9	54	
	0	28	1	2	2	18	3	96	4	54	5	97	6	31	7	13	8	79	9	26	
	0	51	1	15	2	58	3	14	4	60	5	14	6	56	7	62	8	38	9	81	
	0	59	1	43	2	54	3	98	4	83	5	95	6	49	7	19	8	21	9	97	
	0	13	1	10	2	46	3	55	4	72	5	14	6	5	7	49	8	32	9	48	
	0	10	1	91	2	51	3	80	4	8	5	11	6	99	7	60	8	54	9	33	
	0	2	1	51	2	87	3	96	4	76	5	60	6	92	7	97	8	86	9	34	
	0	74	1	76	2	100	3	56	4	41	5	68	6	66	7	6	8	15	9	12	
	0	45	1	31	2	22	3	56	4	84	5	6	6	18	7	69	8	14	9	11	
	0	3	1	60	2	100	3	74	4	12	5	23	6	40	7	88	8	48	9	66	
	0	46	1	91	2	30	3	27	4	45	5	85	6	8	7	100	8	37	9	5	
	0	100	1	60	2	40	3	76	4	36	5	73	6	60	7	63	8	68	9	65	
	0	74	1	58	2	6	3	90	4	57	5	98	6	6	7	44	8	33	9	36	
	0	76	1	18	2	78	3	58	4	76	5	48	6	68	7	67	8	76	9	95	
	0	37	1	67	2	93	3	60	4	24	5	13	6	39	7	28	8	93	9	24	
	0	35	1	5	2	94	3	77	4	44	5	93	6	37	7	3	8	30	9	3	
	0	51	1	70	2	36	3	40	4	30	5	86	6	60	7	16	8	22	9	84	
	0	81	1	63	2	63	3	63	4	32	5	47	6	42	7	13	8	85	9	22	
	0	77	1	93	2	49	3	46	4	6	5	77	6	49	7	93	8	96	9	20	
	0	46	1	44	2	87	3	42	4	76	5	48	6	62	7	13	8	22	9	99	
	0	90	1	20	2	75	3	85	4	16	5	75	6	55	7	59	8	36	9	33	
	0	95	1	74	2	2	3	86	4	40	5	8	6	47	7	49	8	68	9	11	
	0	26	1	71	2	100	3	92	4	4	5	66	6	15	7	83	8	65	9	5	
	0	98	1	86	2	53	3	37	4	85	5	64	6	83	7	5	8	97	9	79	
	0	86	1	63	2	56	3	1	4	53	5	94	6	19	7	12	8	41	9	93	
	0	94	1	95	2	23	3	38	4	47	5	9	6	39	7	40	8	65	9	45	
	0	53	1	18	2	36	3	31	4	94	5	1	6	32	7	57	8	63	9	90	
	0	98	1	62	2	34	3	41	4	94	5	34	6	79	7	42	8	30	9	64	
	0	75	1	54	2	75	3	100	4	11	5	89	6	23	7	16	8	91	9	55	
	0	84	1	25	2	65	3	86	4	45	5	84	6	49	7	99	8	15	9	75	
	0	32	1	21	2	38	3	38	4	67	5	59	6	18	7	6	8	10	9	74	
	0	49	1	58	2	25	3	22	4	38	5	38	6	33	7	38	8	97	9	65	
	0	64	1	24	2	42	3	35	4	52	5	31	6	56	7	75	8	83	9	12	
	0	67	1	68	2	77	3	64	4	17	5	90	6	30	7	59	8	31	9	84	
	0	55	1	82	2	64	3	68	4	87	5	55	6	100	7	75	8	11	9	51	
	0	63	1	85	2	83	3	22	4	40	5	64	6	71	7	3	8	8	9	77	
	0	47	1	6	2	100	3	24	4	72	5	49	6	84	7	6	8	85	9	51	
	0	46	1	10	2	9	3	22	4	35	5	32	6	34	7	17	8	97	9	12	
	0	59	1	97	2	95	3	50	4	35	5	17	6	93	7	96	8	67	9	88	
	0	59	1	95	2	38	3	55	4	82	5	48	6	51	7	53	8	26	9	14	
	0	8	1	82	2	3	3	40	4	34	5	69	6	43	7	48	8	54	9	58	
	0	40	1	47	2	59	3	96	4	51	5	93	6	93	7	57	8	10	9	2	
	0	38	1	2	2	57	3	55	4	71	5	34	6	20	7	55	8	44	9	96	
	0	2	1	42	2	77	3	25	4	9	5	11	6	77	7	56	8	7	9	74	
	0	1	1	20	2	90	3	28	4	25	5	4	6	13	7	47	8	24	9	34	
	0	35	1	87	2	17	3	51	4	52	5	43	6	11	7	52	8	2	9	54	
	0	49	1	97	2	86	3	50	4	15	5	54	6	93	7	70	8	97	9	3	
	0	23	1	4	2	22	3	74	4	11	5	46	6	86	7	53	8	72	9	50	
	0	4	1	29	2	35	3	26	4	36	5	73	6	49	7	90	8	65	9	12	
	0	2	1	29	2	19	3	30	4	66	5	98	6	55	7	15	8	35	9	10	
	0	32	1	90	2	31	3	12	4	66	5	5	6	2	7	50	8	78	9	62	
	0	97	1	56	2	2	3	9	4	11	5	92	6	27	7	45	8	21	9	35	
	0	89	1	78	2	54	3	75	4	90	5	81	6	16	7	30	8	55	9	76	
	0	50	1	15	2	16	3	100	4	75	5	8	6	95	7	51	8	44	9	63	
	0	69	1	84	2	46	3	71	4	97	5	19	6	39	7	68	8	94	9	79	
	0	55	1	20	2	96	3	62	4	67	5	28	6	66	7	31	8	77	9	86	
	0	11	1	51	2	19	3	40	4	6	5	70	6	39	7	6	8	45	9	98	
	0	80	1	82	2	15	3	39	4	25	5	97	6	66	7	25	8	98	9	79	
	0	97	1	79	2	51	3	32	4	81	5	93	6	40	7	1	8	3	9	76	
	0	30	1	62	2	54	3	70	4	98	5	26	6	39	7	16	8	28	9	73	
	0	31	1	18	2	68	3	51	4	60	5	54	6	24	7	84	8	16	9	57	
	0	73	1	68	2	3	3	36	4	65	5	90	6	56	7	46	8	38	9	2	
	0	88	1	11	2	70	3	54	4	88	5	88	6	74	7	48	8	97	9	10	
	0	65	1	29	2	49	3	85	4	93	5	36	6	27	7	39	8	5	9	62	
	0	19	1	31	2	36	3	76	4	30	5	91	6	97	7	36	8	94	9	93	
	0	37	1	70	2	35	3	25	4	37	5	78	6	21	7	66	8	36	9	18	
	0	89	1	64	2	41	3	61	4	35	5	93	6	86	7	80	8	98	9	4	
	0	15	1	78	2	68	3	89	4	18	5	51	6	72	7	72	8	36	9	53	
	0	87	1	18	2	20	3	94	4	11	5	90	6	3	7	78	8	99	9	38	
	0	56	1	14	2	39	3	97	4	38	5	39	6	66	7	13	8	81	9	41	
	0	71	1	82	2	58	3	91	4	11	5	81	6	4	7	100	8	83	9	63	
	0	28	1	5	2	49	3	34	4	48	5	1	6	79	7	22	8	52	9	30	
	0	3	1	26	2	85	3	77	4	18	5	98	6	84	7	42	8	98	9	42	
	0	75	1	23	2	16	3	32	4	47	5	95	6	58	7	38	8	6	9	59	
	0	1	1	39	2	19	3	87	4	11	5	100	6	33	7	8	8	88	9	33	
	0	24	1	19	2	27	3	25	4	84	5	62	6	4	7	59	8	1	9	34	
	0	22	1	30	2	95	3	35	4	23	5	96	6	32	7	49	8	43	9	89	
	0	79	1	5	2	11	3	34	4	72	5	17	6	34	7	48	8	22	9	14	
	0	59	1	6	2	56	3	43	4	6	5	24	6	53	7	38	8	80	9	64	
	0	74	1	75	2	6	3	19	4	47	5	93	6	29	7	48	8	59	9	17	
	0	74	1	88	2	48	3	70	4	17	5	34	6	39	7	70	8	28	9	11	
	0	12	1	12	2	26	3	54	4	63	5	39	6	77	7	74	8	51	9	44	
	0	1	1	96	2	28	3	97	4	83	5	56	6	84	7	4	8	83	9	77	
	0	62	1	26	2	50	3	85	4	37	5	89	6	39	7	36	8	36	9	62	
	0	88	1	92	2	87	3	5	4	82	5	21	6	1	7	47	8	87	9	75	
	0	7	1	14	2	61	3	13	4	42	5	84	6	96	7	54	8	61	9	37	
	0	59	1	83	2	55	3	2	4	83	5	31	6	17	7	99	8	73	9	95	
	0	95	1	77	2	75	3	15	4	22	5	30	6	11	7	87	8	2	9	84	
	0	89	1	11	2	69	3	28	4	30	5	17	6	64	7	20	8	29	9	92	
	0	44	1	87	2	2	3	2	4	10	5	44	6	18	7	47	8	33	9	67	
	0	87	1	37	2	85	3	87	4	36	5	93	6	38	7	23	8	97	9	91	
	0	82	1	60	2	89	3	7	4	20	5	7	6	25	7	13	8	38	9	77	
	0	55	1	54	2	18	3	6	4	7	5	21	6	65	7	76	8	54	9	72	
	0	16	1	29	2	60	3	100	4	61	5	76	6	48	7	32	8	26	9	75	
	0	52	1	55	2	93	3	69	4	18	5	78	6	1	7	10	8	70	9	100	
	0	24	1	83	2	49	3	20	4	42	5	100	6	4	7	61	8	1	9	74	
	0	35	1	86	2	80	3	55	4	22	5	1	6	74	7	100	8	50	9	62	
	0	44	1	66	2	23	3	53	4	28	5	89	6	13	7	12	8	7	9	58	
	0	74	1	56	2	14	3	82	4	92	5	27	6	1	7	26	8	52	9	74	
	0	19	1	34	2	74	3	93	4	34	5	6	6	80	7	28	8	62	9	99	
	0	78	1	3	2	86	3	53	4	84	5	14	6	25	7	37	8	77	9	41	
	0	19	1	79	2	10	3	55	4	53	5	54	6	79	7	94	8	79	9	67	
	0	6	1	8	2	41	3	24	4	51	5	90	6	1	7	61	8	1	9	52	
	0	5	1	97	2	53	3	81	4	20	5	4	6	37	7	49	8	90	9	34	
	0	39	1	82	2	65	3	36	4	13	5	26	6	24	7	51	8	15	9	13	
	0	87	1	92	2	96	3	46	4	33	5	88	6	92	7	44	8	83	9	37	
	0	78	1	83	2	57	3	15	4	86	5	26	6	39	7	38	8	100	9	12	
	0	42	1	34	2	41	3	34	4	89	5	94	6	6	7	52	8	95	9	37	
	0	23	1	60	2	46	3	64	4	52	5	6	6	22	7	78	8	88	9	3	
	0	89	1	53	2	95	3	67	4	39	5	51	6	2	7	81	8	55	9	43	
	0	19	1	41	2	53	3	19	4	50	5	46	6	62	7	4	8	85	9	43	
	0	18	1	76	2	27	3	20	4	16	5	17	6	28	7	78	8	61	9	78	
	0	68	1	79	2	78	3	99	4	45	5	45	6	28	7	30	8	92	9	54	
	0	84	1	84	2	63	3	89	4	91	5	24	6	11	7	12	8	81	9	78	
	0	93	1	69	2	41	3	97	4	20	5	68	6	17	7	27	8	50	9	3	
	0	68	1	64	2	82	3	33	4	32	5	71	6	70	7	9	8	27	9	92	
	0	77	1	98	2	9	3	57	4	73	5	76	6	13	7	24	8	43	9	26	
	0	61	1	37	2	72	3	7	4	20	5	2	6	29	7	33	8	72	9	35	
	0	11	1	92	2	12	3	68	4	85	5	68	6	8	7	30	8	27	9	6	
	0	100	1	78	2	75	3	52	4	91	5	89	6	15	7	25	8	73	9	37	
	0	91	1	47	2	79	3	37	4	8	5	93	6	64	7	88	8	86	9	17	
	0	65	1	68	2	47	3	7	4	10	5	11	6	70	7	56	8	41	9	67	
	0	67	1	93	2	39	3	42	4	81	5	40	6	57	7	45	8	38	9	30	
	0	57	1	38	2	86	3	56	4	99	5	77	6	43	7	55	8	51	9	23	
	0	36	1	82	2	86	3	95	4	14	5	10	6	21	7	91	8	24	9	66	
	0	89	1	55	2	44	3	94	4	96	5	45	6	64	7	63	8	40	9	80	
	0	74	1	13	2	60	3	30	4	36	5	7	6	41	7	2	8	35	9	84	
	0	39	1	96	2	59	3	99	4	41	5	16	6	40	7	34	8	17	9	45	
	0	52	1	45	2	53	3	46	4	77	5	5	6	31	7	60	8	10	9	60	
	0	24	1	83	2	42	3	95	4	14	5	63	6	30	7	2	8	60	9	55	
	0	81	1	89	2	19	3	37	4	66	5	73	6	42	7	38	8	72	9	67	
	0	30	1	21	2	5	3	89	4	44	5	51	6	89	7	46	8	89	9	45	
	0	39	1	51	2	25	3	37	4	8	5	67	6	23	7	48	8	99	9	49	
	0	49	1	37	2	49	3	54	4	67	5	100	6	13	7	19	8	18	9	45	
	0	16	1	64	2	92	3	72	4	59	5	62	6	95	7	31	8	34	9	76	
	0	97	1	97	2	26	3	100	4	54	5	3	6	91	7	87	8	56	9	93	
	0	60	1	62	2	91	3	80	4	11	5	63	6	31	7	95	8	64	9	25	
	0	49	1	47	2	46	3	19	4	56	5	92	6	91	7	65	8	54	9	53	
	0	10	1	44	2	78	3	13	4	79	5	32	6	64	7	72	8	14	9	97	
	0	23	1	6	2	4	3	99	4	63	5	10	6	39	7	72	8	56	9	83	
	0	32	1	3	2	35	3	5	4	40	5	58	6	20	7	46	8	80	9	53	
	0	52	1	25	2	19	3	42	4	98	5	83	6	43	7	90	8	2	9	69	
	0	30	1	82	2	82	3	94	4	79	5	15	6	13	7	86	8	1	9	24	
	0	13	1	37	2	37	3	33	4	71	5	65	6	52	7	62	8	34	9	95	
	0	39	1	38	2	55	3	85	4	31	5	22	6	61	7	1	8	89	9	2	
	0	21	1	74	2	12	3	18	4	16	5	75	6	14	7	27	8	4	9	14	
	0	76	1	96	2	69	3	28	4	97	5	4	6	18	7	15	8	75	9	86	
	0	1	1	37	2	15	3	13	4	100	5	6	6	31	7	39	8	57	9	37	
	0	37	1	61	2	53	3	38	4	26	5	80	6	45	7	64	8	28	9	37	
	0	89	1	50	2	14	3	80	4	74	5	75	6	39	7	31	8	28	9	22	
	0	54	1	28	2	57	3	18	4	37	5	37	6	2	7	42	8	19	9	23	
	0	47	1	49	2	80	3	37	4	97	5	53	6	45	7	58	8	13	9	97	
	0	86	1	11	2	68	3	27	4	57	5	60	6	43	7	40	8	28	9	83	
	0	56	1	19	2	3	3	78	4	62	5	8	6	23	7	10	8	59	9	13	
	0	3	1	76	2	4	3	44	4	10	5	24	6	22	7	8	8	53	9	70	
	0	100	1	30	2	99	3	81	4	20	5	61	6	79	7	67	8	16	9	93	
	0	26	1	75	2	51	3	65	4	11	5	29	6	57	7	29	8	36	9	56	
	0	59	1	15	2	79	3	31	4	43	5	17	6	69	7	46	8	76	9	15	
	0	14	1	49	2	15	3	99	4	63	5	29	6	38	7	43	8	58	9	90	
	0	58	1	72	2	61	3	83	4	97	5	61	6	94	7	69	8	28	9	67	
	0	49	1	80	2	52	3	10	4	18	5	67	6	96	7	30	8	7	9	13	
	0	55	1	1	2	36	3	74	4	64	5	32	6	31	7	17	8	46	9	54	
	0	79	1	93	2	31	3	64	4	88	5	75	6	9	7	71	8	55	9	22	
	0	53	1	28	2	8	3	1	4	76	5	73	6	42	7	10	8	47	9	70	
	0	40	1	47	2	38	3	39	4	87	5	3	6	1	7	65	8	47	9	96	
	0	23	1	17	2	86	3	56	4	69	5	32	6	55	7	43	8	84	9	57	
	0	24	1	79	2	95	3	22	4	53	5	63	6	79	7	6	8	38	9	86	
	0	40	1	20	2	23	3	32	4	97	5	88	6	66	7	78	8	93	9	3	
	0	97	1	39	2	54	3	68	4	87	5	75	6	67	7	66	8	54	9	20	
	0	85	1	94	2	52	3	29	4	22	5	59	6	47	7	47	8	59	9	21	
	0	81	1	44	2	60	3	26	4	52	5	94	6	86	7	16	8	63	9	76	
	0	80	1	88	2	75	3	32	4	47	5	21	6	74	7	69	8	65	9	21	
	0	38	1	49	2	41	3	56	4	18	5	84	6	34	7	54	8	2	9	32	
	0	50	1	39	2	88	3	56	4	33	5	91	6	88	7	67	8	27	9	41	
	0	84	1	65	2	6	3	69	4	21	5	73	6	9	7	49	8	87	9	59	
	0	11	1	33	2	15	3	79	4	32	5	59	6	56	7	84	8	15	9	94	
	0	59	1	6	2	72	3	68	4	84	5	21	6	1	7	87	8	86	9	82	
	0	80	1	4	2	15	3	21	4	64	5	22	6	14	7	81	8	61	9	11	
	0	6	1	49	2	17	3	74	4	8	5	60	6	38	7	24	8	84	9	68	
	0	42	1	93	2	29	3	9	4	30	5	23	6	31	7	84	8	15	9	94	
	0	91	1	23	2	51	3	100	4	2	5	55	6	92	7	15	8	98	9	65	
	0	43	1	32	2	26	3	87	4	84	5	88	6	49	7	82	8	22	9	39	
	0	59	1	70	2	53	3	66	4	84	5	54	6	76	7	44	8	90	9	90	
	0	47	1	52	2	34	3	39	4	34	5	51	6	62	7	84	8	84	9	45	
	0	58	1	100	2	62	3	55	4	69	5	61	6	66	7	63	8	87	9	97	
	0	29	1	91	2	85	3	24	4	6	5	21	6	53	7	4	8	62	9	52	
	0	57	1	88	2	81	3	41	4	55	5	5	6	45	7	85	8	15	9	24	
	0	19	1	98	2	77	3	18	4	47	5	21	6	65	7	86	8	33	9	22	
	0	17	1	79	2	70	3	57	4	98	5	90	6	72	7	69	8	63	9	35	
	0	67	1	3	2	88	3	57	4	21	5	69	6	11	7	25	8	85	9	59	
	0	53	1	71	2	41	3	91	4	47	5	99	6	25	7	81	8	27	9	91	
	0	96	1	23	2	99	3	90	4	66	5	56	6	94	7	18	8	3	9	28	
	0	59	1	15	2	20	3	28	4	87	5	44	6	64	7	48	8	29	9	71	
	0	50	1	84	2	64	3	64	4	46	5	41	6	61	7	88	8	54	9	41	
	0	60	1	64	2	71	3	9	4	18	5	21	6	77	7	52	8	97	9	42	
	0	84	1	29	2	92	3	9	4	81	5	64	6	21	7	40	8	5	9	26	
	0	74	1	80	2	64	3	41	4	8	5	25	6	6	7	50	8	3	9	56	
	0	44	1	77	2	38	3	20	4	90	5	29	6	58	7	36	8	2	9	3	
	0	55	1	32	2	69	3	32	4	47	5	48	6	17	7	38	8	100	9	86	
	0	11	1	99	2	85	3	99	4	18	5	58	6	97	7	80	8	70	9	84	
	0	71	1	19	2	87	3	50	4	30	5	25	6	34	7	97	8	5	9	96	
	0	62	1	58	2	43	3	46	4	7	5	73	6	47	7	81	8	57	9	35	
	0	22	1	78	2	8	3	31	4	6	5	100	6	81	7	70	8	22	9	18	
	0	36	1	9	2	59	3	37	4	48	5	20	6	96	7	81	8	45	9	86	
	0	13	1	32	2	81	3	92	4	43	5	48	6	23	7	56	8	80	9	82	
	0	80	1	6	2	97	3	87	4	52	5	66	6	38	7	16	8	45	9	41	
	0	77	1	26	2	14	3	83	4	59	5	51	6	27	7	18	8	20	9	85	
	0	89	1	4	2	66	3	4	4	31	5	30	6	5	7	8	8	56	9	73	
	0	23	1	65	2	23	3	28	4	87	5	58	6	5	7	32	8	8	9	74	
	0	25	1	36	2	40	3	54	4	3	5	80	6	74	7	36	8	8	9	36	
	0	30	1	85	2	33	3	47	4	19	5	53	6	63	7	95	8	15	9	56	
	0	30	1	84	2	15	3	65	4	34	5	96	6	9	7	36	8	52	9	41	
	0	73	1	30	2	30	3	71	4	60	5	68	6	47	7	46	8	52	9	25	
	0	42	1	51	2	37	3	12	4	77	5	91	6	20	7	94	8	93	9	9	
	0	83	1	21	2	81	3	1	4	92	5	51	6	85	7	19	8	80	9	6	
	0	22	1	1	2	16	3	20	4	27	5	41	6	82	7	29	8	83	9	75	
	0	38	1	16	2	34	3	15	4	23	5	19	6	97	7	16	8	46	9	51	
	0	39	1	8	2	38	3	23	4	38	5	60	6	75	7	9	8	51	9	92	
	0	90	1	79	2	42	3	41	4	77	5	41	6	42	7	19	8	28	9	5	
	0	45	1	13	2	91	3	75	4	11	5	3	6	46	7	26	8	94	9	71	
	0	68	1	76	2	99	3	25	4	96	5	98	6	91	7	82	8	4	9	41	
	0	77	1	76	2	44	3	34	4	4	5	7	6	13	7	4	8	40	9	28	
	0	39	1	67	2	11	3	47	4	12	5	17	6	54	7	4	8	36	9	97	
	0	2	1	98	2	31	3	22	4	41	5	67	6	69	7	25	8	58	9	13	
	0	46	1	55	2	6	3	19	4	37	5	38	6	8	7	52	8	51	9	45	
	0	60	1	40	2	99	3	56	4	27	5	4	6	52	7	63	8	99	9	33	
	0	23	1	56	2	59	3	14	4	61	5	39	6	31	7	79	8	69	9	97	
	0	74	1	78	2	73	3	85	4	79	5	100	6	23	7	56	8	26	9	61	
	0	20	1	57	2	64	3	41	4	80	5	5	6	47	7	98	8	63	9	91	
	0	42	1	79	2	44	3	30	4	36	5	20	6	61	7	78	8	71	9	89	
	0	4	1	34	2	39	3	89	4	85	5	49	6	12	7	47	8	21	9	68	
	0	42	1	20	2	23	3	23	4	45	5	32	6	69	7	3	8	62	9	32	
	0	6	1	79	2	42	3	77	4	31	5	61	6	13	7	34	8	37	9	24	
	0	21	1	84	2	42	3	36	4	37	5	30	6	7	7	2	8	5	9	21	
	0	94	1	69	2	41	3	2	4	36	5	3	6	54	7	88	8	16	9	93	
	0	53	1	50	2	20	3	19	4	59	5	72	6	40	7	55	8	38	9	62	
	0	1	1	79	2	91	3	1	4	87	5	87	6	20	7	46	8	47	9	33	
	0	85	1	6	2	36	3	97	4	58	5	20	6	16	7	21	8	76	9	11	
	0	16	1	50	2	18	3	79	4	14	5	13	6	99	7	91	8	51	9	72	
	0	19	1	6	2	1	3	26	4	63	5	55	6	74	7	46	8	5	9	3	
	0	64	1	25	2	80	3	77	4	25	5	30	6	8	7	44	8	3	9	62	
	0	83	1	77	2	92	3	21	4	34	5	9	6	83	7	75	8	68	9	71	
	0	4	1	18	2	92	3	3	4	58	5	89	6	73	7	58	8	29	9	90	
	0	78	1	62	2	46	3	38	4	68	5	87	6	79	7	17	8	69	9	60	
	0	51	1	57	2	35	3	43	4	54	5	43	6	90	7	75	8	19	9	88	
	0	19	1	92	2	23	3	87	4	38	5	94	6	48	7	89	8	46	9	27	
	0	82	1	95	2	33	3	56	4	65	5	12	6	7	7	71	8	76	9	22	
	0	61	1	70	2	66	3	2	4	59	5	44	6	16	7	32	8	97	9	29	
	0	67	1	73	2	51	3	17	4	16	5	92	6	16	7	22	8	74	9	29	
	0	18	1	14	2	46	3	61	4	5	5	3	6	74	7	99	8	10	9	2	
	0	53	1	48	2	22	3	92	4	40	5	85	6	16	7	93	8	63	9	63	
	0	83	1	99	2	10	3	76	4	17	5	26	6	58	7	81	8	98	9	30	
	0	8	1	81	2	65	3	90	4	73	5	79	6	34	7	61	8	69	9	64	
	0	76	1	83	2	26	3	100	4	77	5	1	6	68	7	67	8	65	9	22	
	0	75	1	74	2	56	3	1	4	25	5	47	6	81	7	76	8	59	9	86	
	0	72	1	76	2	10	3	57	4	30	5	48	6	55	7	11	8	28	9	60	
	0	93	1	42	2	74	3	3	4	15	5	50	6	55	7	76	8	54	9	19	
	0	47	1	86	2	32	3	11	4	4	5	99	6	91	7	94	8	6	9	91	
	0	9	1	26	2	94	3	78	4	1	5	74	6	58	7	63	8	4	9	23	
	0	63	1	50	2	58	3	54	4	96	5	5	6	60	7	90	8	7	9	27	
	0	91	1	54	2	18	3	97	4	2	5	43	6	68	7	25	8	20	9	35	
	0	41	1	74	2	13	3	75	4	100	5	66	6	33	7	7	8	61	9	12	
	0	80	1	11	2	20	3	45	4	5	5	3	6	41	7	66	8	36	9	60	
	0	9	1	76	2	98	3	74	4	65	5	29	6	97	7	21	8	82	9	99	
	0	65	1	76	2	54	3	21	4	99	5	87	6	39	7	83	8	65	9	84	
	0	98	1	7	2	95	3	33	4	70	5	11	6	89	7	24	8	86	9	65	
	0	65	1	3	2	25	3	41	4	63	5	61	6	65	7	43	8	5	9	59	
	0	72	1	41	2	25	3	72	4	52	5	33	6	20	7	42	8	46	9	52	
	0	17	1	26	2	6	3	87	4	81	5	7	6	89	7	90	8	38	9	40	
	0	83	1	43	2	50	3	36	4	55	5	97	6	3	7	22	8	66	9	45	
	0	57	1	91	2	85	3	47	4	37	5	84	6	96	7	90	8	22	9	6	
	0	88	1	51	2	5	3	24	4	12	5	28	6	5	7	86	8	65	9	56	
	0	9	1	40	2	31	3	3	4	42	5	7	6	36	7	100	8	82	9	46	
	0	19	1	59	2	11	3	82	4	97	5	17	6	64	7	2	8	18	9	27	
	0	61	1	37	2	11	3	35	4	39	5	50	6	73	7	51	8	73	9	46	
	0	58	1	80	2	93	3	94	4	47	5	6	6	70	7	16	8	82	9	46	
	0	30	1	52	2	97	3	24	4	9	5	48	6	100	7	64	8	19	9	76	
	0	61	1	69	2	43	3	77	4	7	5	40	6	36	7	76	8	85	9	7	
	0	23	1	3	2	84	3	98	4	83	5	65	6	95	7	8	8	31	9	79	
	0	39	1	34	2	98	3	48	4	40	5	25	6	25	7	17	8	15	9	10	
	0	92	1	5	2	86	3	7	4	95	5	35	6	18	7	54	8	30	9	15	
	0	16	1	13	2	49	3	29	4	92	5	73	6	94	7	18	8	10	9	88	
	0	67	1	35	2	54	3	10	4	31	5	94	6	43	7	29	8	69	9	64	
	0	36	1	48	2	6	3	34	4	57	5	54	6	77	7	54	8	25	9	53	
	0	32	1	70	2	69	3	97	4	25	5	11	6	88	7	83	8	78	9	83	
	0	1	1	22	2	43	3	29	4	23	5	29	6	7	7	15	8	39	9	69	
	0	42	1	98	2	37	3	30	4	14	5	74	6	17	7	73	8	12	9	21	
	0	77	1	32	2	83	3	5	4	13	5	62	6	4	7	6	8	98	9	59	
	0	8	1	54	2	31	3	96	4	19	5	9	6	14	7	35	8	26	9	65	
	0	48	1	24	2	36	3	99	4	33	5	49	6	55	7	5	8	75	9	97	
	0	66	1	3	2	85	3	57	4	98	5	24	6	47	7	9	8	30	9	42	
	0	57	1	53	2	60	3	50	4	78	5	7	6	63	7	3	8	51	9	16	
	0	14	1	7	2	85	3	99	4	87	5	19	6	88	7	67	8	34	9	67	
	0	62	1	22	2	41	3	33	4	29	5	59	6	25	7	40	8	76	9	13	
	0	47	1	2	2	65	3	5	4	36	5	48	6	31	7	25	8	55	9	30	
	0	75	1	24	2	45	3	74	4	99	5	54	6	43	7	85	8	82	9	9	
	0	93	1	97	2	4	3	19	4	74	5	83	6	61	7	6	8	49	9	8	
	0	28	1	31	2	43	3	20	4	54	5	46	6	14	7	99	8	9	9	70	
	0	2	1	67	2	77	3	71	4	51	5	4	6	86	7	84	8	56	9	59	
	0	72	1	40	2	95	3	18	4	62	5	100	6	85	7	64	8	37	9	66	
	0	66	1	97	2	18	3	38	4	93	5	98	6	13	7	86	8	94	9	51	
	0	70	1	5	2	82	3	22	4	96	5	45	6	79	7	72	8	1	9	93	
	0	46	1	3	2	12	3	10	4	69	5	6	6	51	7	50	8	46	9	22	
	0	89	1	80	2	98	3	97	4	79	5	58	6	79	7	89	8	48	9	40	
	0	23	1	8	2	47	3	3	4	85	5	35	6	54	7	86	8	61	9	18	
	0	65	1	18	2	12	3	61	4	76	5	93	6	70	7	53	8	5	9	29	
	0	1	1	27	2	10	3	62	4	27	5	74	6	23	7	89	8	52	9	17	
	0	37	1	8	2	77	3	99	4	56	5	79	6	5	7	66	8	91	9	6	
	0	46	1	95	2	33	3	7	4	92	5	31	6	30	7	79	8	23	9	40	
	0	37	1	24	2	34	3	80	4	11	5	77	6	81	7	12	8	54	9	81	
	0	79	1	21	2	59	3	74	4	93	5	83	6	100	7	86	8	72	9	86	
	0	85	1	98	2	42	3	89	4	27	5	35	6	68	7	52	8	60	9	22	
	0	7	1	82	2	95	3	71	4	13	5	37	6	64	7	53	8	71	9	37	
	0	43	1	50	2	46	3	87	4	86	5	10	6	86	7	4	8	44	9	79	
	0	31	1	24	2	41	3	40	4	15	5	91	6	80	7	30	8	86	9	55	
	0	98	1	72	2	82	3	60	4	94	5	55	6	70	7	89	8	25	9	86	
	0	37	1	59	2	90	3	77	4	19	5	69	6	98	7	12	8	13	9	98	
	0	19	1	3	2	14	3	56	4	52	5	17	6	59	7	66	8	99	9	85	
	0	60	1	97	2	98	3	43	4	57	5	92	6	79	7	40	8	8	9	5	
	0	6	1	8	2	16	3	13	4	97	5	89	6	71	7	8	8	91	9	25	
	0	93	1	46	2	66	3	86	4	57	5	94	6	25	7	97	8	54	9	80	
	0	78	1	88	2	95	3	85	4	81	5	46	6	51	7	32	8	29	9	37	
	0	9	1	50	2	7	3	8	4	35	5	35	6	18	7	35	8	86	9	99	
	0	86	1	55	2	18	3	11	4	1	5	67	6	64	7	37	8	36	9	48	
	0	62	1	32	2	74	3	26	4	95	5	25	6	16	7	48	8	45	9	11	
	0	5	1	43	2	35	3	89	4	53	5	80	6	79	7	98	8	37	9	30	
	0	48	1	36	2	62	3	87	4	45	5	45	6	16	7	66	8	59	9	59	
	0	1	1	59	2	66	3	70	4	67	5	60	6	28	7	47	8	54	9	71	
	0	74	1	98	2	99	3	61	4	3	5	93	6	42	7	93	8	75	9	49	
	0	84	1	71	2	77	3	73	4	82	5	13	6	61	7	73	8	58	9	8	
	0	46	1	50	2	76	3	92	4	23	5	6	6	40	7	29	8	50	9	28	
	0	74	1	50	2	62	3	71	4	14	5	56	6	74	7	61	8	64	9	12	
	0	63	1	88	2	81	3	38	4	97	5	63	6	32	7	77	8	27	9	86	
	0	96	1	21	2	45	3	58	4	65	5	56	6	23	7	25	8	65	9	26	
	0	65	1	76	2	83	3	32	4	2	5	96	6	100	7	79	8	10	9	100	
	0	10	1	87	2	24	3	91	4	24	5	30	6	44	7	2	8	12	9	96	
	0	6	1	68	2	97	3	84	4	43	5	1	6	13	7	84	8	26	9	98	
	0	72	1	94	2	48	3	11	4	42	5	99	6	21	7	57	8	70	9	47	
	0	96	1	83	2	44	3	87	4	37	5	63	6	39	7	52	8	17	9	93	
	0	48	1	16	2	66	3	95	4	22	5	85	6	74	7	29	8	63	9	6	
	0	31	1	62	2	43	3	98	4	65	5	20	6	92	7	10	8	39	9	12	
	0	71	1	55	2	20	3	93	4	46	5	53	6	10	7	91	8	36	9	67	
	0	10	1	1	2	77	3	22	4	20	5	48	6	7	7	89	8	48	9	96	
	0	30	1	72	2	82	3	83	4	59	5	30	6	38	7	1	8	82	9	73	
	0	73	1	91	2	89	3	80	4	82	5	60	6	5	7	99	8	40	9	31	
	0	31	1	55	2	41	3	43	4	84	5	19	6	27	7	54	8	11	9	68	
	0	34	1	35	2	16	3	8	4	20	5	47	6	19	7	57	8	25	9	72	
	0	86	1	56	2	79	3	73	4	52	5	2	6	61	7	78	8	59	9	39	
	0	79	1	56	2	50	3	34	4	4	5	77	6	64	7	69	8	48	9	49	
	0	19	1	77	2	73	3	21	4	13	5	84	6	48	7	74	8	16	9	91	
	0	84	1	81	2	6	3	55	4	84	5	51	6	82	7	11	8	39	9	80	
	0	26	1	87	2	86	3	53	4	94	5	41	6	37	7	35	8	41	9	61	
	0	2	1	10	2	99	3	13	4	43	5	93	6	63	7	58	8	2	9	18	
	0	70	1	89	2	4	3	90	4	33	5	6	6	20	7	23	8	69	9	98	
	0	63	1	14	2	57	3	65	4	53	5	6	6	38	7	34	8	93	9	3	
	0	15	1	64	2	29	3	8	4	18	5	15	6	69	7	18	8	15	9	84	
	0	3	1	37	2	81	3	94	4	73	5	81	6	99	7	53	8	80	9	35	
	0	66	1	61	2	96	3	44	4	20	5	68	6	96	7	43	8	8	9	89	
	0	84	1	83	2	54	3	76	4	14	5	91	6	1	7	12	8	83	9	73	
	0	62	1	9	2	35	3	54	4	40	5	55	6	63	7	60	8	61	9	76	
	0	87	1	91	2	60	3	64	4	51	5	21	6	91	7	79	8	24	9	37	
	0	69	1	74	2	90	3	20	4	74	5	15	6	40	7	35	8	24	9	67	
	0	65	1	2	2	99	3	4	4	60	5	77	6	51	7	16	8	90	9	28	
	0	89	1	55	2	93	3	57	4	32	5	45	6	1	7	87	8	95	9	56	
	0	77	1	31	2	45	3	67	4	11	5	2	6	12	7	35	8	36	9	9	
	0	18	1	5	2	90	3	97	4	50	5	15	6	88	7	19	8	76	9	16	
	0	62	1	92	2	17	3	46	4	67	5	91	6	86	7	93	8	64	9	32	
	0	10	1	14	2	38	3	29	4	23	5	11	6	67	7	60	8	34	9	10	
	0	89	1	24	2	84	3	77	4	68	5	57	6	23	7	33	8	55	9	79	
	0	61	1	88	2	39	3	59	4	87	5	13	6	36	7	80	8	77	9	62	
	0	89	1	21	2	94	3	24	4	75	5	96	6	12	7	88	8	77	9	76	
	0	90	1	15	2	35	3	96	4	58	5	100	6	21	7	23	8	74	9	77	
	0	4	1	61	2	22	3	7	4	77	5	48	6	45	7	92	8	5	9	73	
	0	38	1	8	2	16	3	29	4	34	5	16	6	49	7	39	8	87	9	10	
	0	83	1	56	2	99	3	41	4	91	5	94	6	75	7	38	8	19	9	87	
	0	56	1	21	2	35	3	22	4	45	5	30	6	43	7	4	8	98	9	39	
	0	29	1	40	2	97	3	58	4	9	5	42	6	2	7	89	8	87	9	78	
	0	17	1	70	2	3	3	85	4	85	5	62	6	100	7	33	8	68	9	18	
	0	44	1	65	2	31	3	52	4	25	5	32	6	80	7	44	8	15	9	23	
	0	11	1	38	2	16	3	35	4	73	5	65	6	80	7	62	8	74	9	83	
	0	45	1	21	2	46	3	83	4	83	5	38	6	53	7	21	8	27	9	69	
	0	25	1	24	2	70	3	72	4	49	5	46	6	33	7	93	8	27	9	6	
	0	47	1	24	2	78	3	6	4	35	5	61	6	99	7	84	8	52	9	94	
	0	46	1	2	2	36	3	9	4	10	5	31	6	77	7	9	8	37	9	29	
	0	59	1	54	2	49	3	25	4	55	5	46	6	65	7	19	8	84	9	5	
	0	60	1	83	2	64	3	93	4	9	5	9	6	6	7	7	8	90	9	84	
	0	91	1	65	2	79	3	6	4	71	5	17	6	84	7	15	8	82	9	28	
	0	63	1	80	2	1	3	5	4	85	5	9	6	68	7	57	8	7	9	39	
	0	61	1	30	2	25	3	92	4	38	5	64	6	18	7	64	8	75	9	88	
	0	64	1	88	2	72	3	49	4	75	5	2	6	99	7	93	8	49	9	73	
	0	43	1	20	2	82	3	73	4	44	5	57	6	41	7	99	8	29	9	94	
	0	35	1	70	2	56	3	74	4	82	5	40	6	33	7	74	8	15	9	63	
	0	4	1	40	2	39	3	37	4	90	5	48	6	96	7	96	8	79	9	34	
	0	72	1	17	2	2	3	9	4	62	5	60	6	20	7	34	8	24	9	19	
	0	6	1	24	2	1	3	27	4	78	5	56	6	53	7	4	8	81	9	15	
	0	87	1	23	2	29	3	87	4	87	5	98	6	30	7	3	8	49	9	47	
	0	71	1	7	2	26	3	50	4	48	5	63	6	47	7	1	8	74	9	36	
	0	67	1	51	2	10	3	81	4	46	5	56	6	70	7	49	8	60	9	75	
	0	74	1	94	2	10	3	70	4	21	5	58	6	81	7	36	8	57	9	42	
	0	78	1	95	2	68	3	8	4	83	5	93	6	84	7	41	8	25	9	84	
	0	77	1	20	2	33	3	20	4	79	5	63	6	61	7	37	8	1	9	100	
	0	55	1	34	2	52	3	48	4	29	5	94	6	32	7	60	8	69	9	83	
	0	85	1	73	2	75	3	32	4	62	5	13	6	19	7	25	8	4	9	76	
	0	32	1	57	2	5	3	9	4	56	5	53	6	56	7	83	8	77	9	48	
	0	98	1	29	2	99	3	45	4	43	5	26	6	18	7	21	8	43	9	77	
	0	19	1	10	2	35	3	59	4	73	5	78	6	27	7	71	8	57	9	19	
	0	87	1	4	2	37	3	32	4	63	5	32	6	97	7	43	8	64	9	69	
	0	8	1	10	2	97	3	56	4	92	5	19	6	50	7	1	8	79	9	89	
	0	97	1	5	2	70	3	17	4	23	5	21	6	82	7	38	8	85	9	33	
	0	73	1	62	2	4	3	93	4	79	5	45	6	27	7	31	8	99	9	89	
	0	29	1	48	2	42	3	51	4	67	5	61	6	34	7	60	8	51	9	32	
	0	99	1	24	2	19	3	29	4	75	5	17	6	33	7	63	8	8	9	86	
	0	88	1	31	2	93	3	19	4	37	5	99	6	34	7	80	8	11	9	24	
	0	12	1	100	2	45	3	74	4	29	5	79	6	23	7	21	8	32	9	85	
	0	72	1	81	2	2	3	100	4	87	5	16	6	33	7	18	8	64	9	29	
	0	42	1	87	2	23	3	33	4	39	5	17	6	12	7	41	8	82	9	21	
	0	85	1	34	2	5	3	15	4	29	5	33	6	2	7	46	8	6	9	7	
	0	87	1	58	2	3	3	82	4	12	5	39	6	36	7	11	8	10	9	87	
	0	70	1	62	2	52	3	49	4	38	5	8	6	31	7	29	8	46	9	48	
	0	3	1	48	2	45	3	78	4	42	5	44	6	77	7	38	8	74	9	8	
	0	35	1	44	2	71	3	50	4	78	5	29	6	17	7	67	8	16	9	64	
	0	67	1	81	2	26	3	92	4	94	5	64	6	54	7	71	8	31	9	90	
	0	56	1	64	2	21	3	13	4	74	5	86	6	70	7	75	8	61	9	88	
	0	92	1	86	2	58	3	18	4	31	5	38	6	74	7	58	8	34	9	14	
	0	23	1	29	2	15	3	19	4	19	5	53	6	25	7	69	8	70	9	54	
	0	85	1	1	2	36	3	89	4	89	5	72	6	92	7	57	8	5	9	45	
	0	29	1	1	2	24	3	54	4	64	5	31	6	52	7	49	8	3	9	99	
	0	17	1	26	2	89	3	69	4	36	5	34	6	47	7	18	8	63	9	98	
	0	83	1	10	2	30	3	10	4	39	5	58	6	5	7	81	8	64	9	100	
	0	73	1	37	2	33	3	79	4	58	5	1	6	56	7	19	8	81	9	8	
	0	17	1	10	2	44	3	74	4	3	5	73	6	59	7	45	8	60	9	30	
	0	34	1	84	2	92	3	6	4	81	5	88	6	33	7	92	8	79	9	68	
	0	61	1	84	2	8	3	84	4	73	5	39	6	90	7	16	8	43	9	12	
	0	7	1	90	2	48	3	100	4	22	5	61	6	85	7	71	8	75	9	69	
	0	79	1	7	2	53	3	52	4	1	5	46	6	79	7	95	8	58	9	55	
	0	34	1	54	2	72	3	98	4	15	5	94	6	61	7	41	8	60	9	77	
	0	24	1	20	2	18	3	100	4	12	5	33	6	27	7	89	8	77	9	85	
	0	9	1	53	2	4	3	59	4	20	5	92	6	71	7	19	8	79	9	20	
	0	13	1	79	2	38	3	89	4	28	5	69	6	65	7	50	8	60	9	1	
	0	73	1	33	2	55	3	86	4	54	5	29	6	56	7	49	8	67	9	73	
	0	14	1	59	2	5	3	2	4	87	5	15	6	31	7	29	8	81	9	87	
	0	55	1	67	2	92	3	80	4	8	5	22	6	73	7	70	8	31	9	65	
	0	32	1	78	2	91	3	85	4	57	5	75	6	74	7	34	8	14	9	35	
	0	74	1	53	2	97	3	15	4	43	5	71	6	20	7	15	8	46	9	52	
	0	15	1	16	2	33	3	19	4	33	5	65	6	54	7	57	8	88	9	96	
	0	41	1	10	2	71	3	37	4	88	5	59	6	46	7	49	8	2	9	38	
	0	97	1	25	2	33	3	13	4	36	5	71	6	62	7	37	8	63	9	58	
	0	9	1	99	2	66	3	54	4	37	5	96	6	98	7	79	8	18	9	51	
	0	32	1	3	2	67	3	13	4	38	5	42	6	43	7	29	8	64	9	10	
	0	16	1	10	2	12	3	13	4	15	5	5	6	71	7	10	8	58	9	71	
	0	92	1	29	2	33	3	8	4	34	5	35	6	29	7	48	8	41	9	2	
	0	2	1	42	2	18	3	39	4	56	5	79	6	30	7	9	8	33	9	25	
	0	37	1	21	2	94	3	58	4	100	5	67	6	63	7	64	8	37	9	9	
	0	49	1	58	2	50	3	13	4	45	5	17	6	54	7	45	8	7	9	24	
	0	15	1	38	2	32	3	92	4	9	5	12	6	12	7	48	8	13	9	53	
	0	60	1	5	2	21	3	11	4	57	5	56	6	5	7	25	8	39	9	88	
	0	22	1	86	2	49	3	78	4	11	5	47	6	81	7	80	8	54	9	3	
	0	83	1	99	2	25	3	2	4	75	5	83	6	5	7	79	8	53	9	71	
	0	72	1	48	2	1	3	51	4	71	5	55	6	24	7	91	8	20	9	49	
	0	15	1	8	2	18	3	99	4	34	5	98	6	89	7	26	8	53	9	32	
	0	34	1	10	2	38	3	2	4	97	5	87	6	64	7	29	8	99	9	55	
	0	97	1	1	2	91	3	12	4	77	5	25	6	75	7	33	8	24	9	33	
	0	95	1	44	2	9	3	12	4	10	5	8	6	94	7	46	8	62	9	9	
	0	9	1	64	2	3	3	12	4	48	5	72	6	68	7	93	8	65	9	72	
	0	26	1	37	2	76	3	42	4	37	5	30	6	79	7	22	8	90	9	21	
	0	93	1	75	2	98	3	34	4	46	5	84	6	6	7	91	8	83	9	75	
	0	60	1	55	2	25	3	26	4	65	5	31	6	33	7	22	8	34	9	96	
	0	75	1	10	2	67	3	72	4	100	5	40	6	28	7	81	8	43	9	1	
	0	35	1	100	2	42	3	60	4	75	5	23	6	55	7	72	8	13	9	30	
	0	10	1	93	2	40	3	73	4	70	5	49	6	47	7	11	8	36	9	87	
	0	58	1	88	2	67	3	17	4	9	5	63	6	63	7	10	8	59	9	19	
	0	73	1	36	2	58	3	57	4	80	5	8	6	53	7	99	8	11	9	77	
	0	59	1	96	2	78	3	83	4	50	5	7	6	70	7	4	8	37	9	26	
	0	22	1	37	2	6	3	100	4	72	5	11	6	17	7	37	8	29	9	2	
	0	17	1	90	2	45	3	90	4	4	5	52	6	67	7	100	8	4	9	53	
	0	6	1	81	2	33	3	50	4	12	5	50	6	10	7	24	8	3	9	25	
	0	52	1	14	2	50	3	84	4	73	5	89	6	94	7	99	8	42	9	95	
	0	100	1	28	2	36	3	19	4	32	5	51	6	85	7	73	8	54	9	96	
	0	11	1	98	2	48	3	45	4	54	5	46	6	23	7	45	8	36	9	34	
	0	64	1	7	2	67	3	10	4	30	5	73	6	42	7	79	8	85	9	12	
	0	48	1	71	2	2	3	9	4	46	5	29	6	96	7	54	8	84	9	13	
	0	54	1	11	2	24	3	2	4	73	5	29	6	46	7	66	8	89	9	25	
	0	52	1	35	2	29	3	94	4	42	5	67	6	83	7	60	8	11	9	46	
	0	41	1	96	2	43	3	32	4	31	5	29	6	40	7	30	8	11	9	1	
	0	93	1	75	2	15	3	98	4	77	5	16	6	57	7	93	8	30	9	25	
	0	44	1	33	2	14	3	64	4	55	5	10	6	90	7	67	8	4	9	16	
	0	46	1	49	2	43	3	66	4	53	5	71	6	93	7	75	8	95	9	32	
	0	40	1	83	2	84	3	63	4	64	5	52	6	99	7	22	8	93	9	34	
	0	85	1	24	2	96	3	74	4	41	5	28	6	36	7	50	8	94	9	76	
	0	75	1	45	2	52	3	98	4	42	5	77	6	59	7	58	8	53	9	23	
	0	73	1	84	2	3	3	80	4	78	5	42	6	98	7	50	8	39	9	18	
	0	84	1	74	2	80	3	42	4	11	5	99	6	55	7	21	8	90	9	36	
	0	27	1	37	2	9	3	100	4	65	5	71	6	77	7	59	8	39	9	87	
	0	94	1	14	2	99	3	98	4	8	5	28	6	15	7	83	8	57	9	52	
	0	67	1	41	2	41	3	66	4	14	5	91	6	54	7	41	8	22	9	73	
	0	32	1	59	2	16	3	3	4	85	5	69	6	25	7	81	8	46	9	7	
	0	56	1	49	2	38	3	68	4	45	5	26	6	95	7	71	8	61	9	82	
	0	32	1	36	2	8	3	7	4	90	5	30	6	80	7	35	8	72	9	67	
	0	68	1	65	2	58	3	67	4	5	5	17	6	72	7	71	8	56	9	67	
	0	4	1	57	2	63	3	85	4	42	5	56	6	86	7	91	8	61	9	53	
	0	3	1	56	2	20	3	1	4	49	5	95	6	7	7	99	8	37	9	67	
	0	63	1	58	2	15	3	81	4	12	5	68	6	63	7	19	8	74	9	63	
	0	74	1	7	2	56	3	49	4	43	5	62	6	2	7	95	8	44	9	67	
	0	61	1	14	2	62	3	27	4	57	5	93	6	64	7	10	8	82	9	75	
	0	57	1	86	2	96	3	38	4	76	5	57	6	74	7	78	8	98	9	17	
	0	51	1	4	2	83	3	51	4	84	5	83	6	25	7	56	8	49	9	40	
	0	18	1	4	2	62	3	34	4	64	5	25	6	38	7	52	8	28	9	64	
	0	16	1	32	2	45	3	100	4	75	5	2	6	11	7	60	8	96	9	49	
	0	100	1	20	2	6	3	39	4	62	5	56	6	30	7	55	8	36	9	71	
	0	64	1	40	2	63	3	54	4	90	5	61	6	81	7	70	8	28	9	47	
	0	1	1	65	2	50	3	8	4	44	5	77	6	83	7	58	8	12	9	63	
	0	7	1	82	2	15	3	91	4	11	5	83	6	41	7	73	8	4	9	45	
	0	20	1	32	2	98	3	98	4	33	5	63	6	36	7	91	8	59	9	32	
	0	3	1	18	2	82	3	9	4	95	5	73	6	2	7	62	8	89	9	23	
	0	47	1	98	2	14	3	59	4	83	5	62	6	96	7	77	8	66	9	64	
	0	36	1	41	2	54	3	38	4	81	5	11	6	78	7	85	8	29	9	4	
	0	45	1	81	2	94	3	96	4	53	5	27	6	23	7	25	8	68	9	42	
	0	76	1	5	2	56	3	45	4	36	5	81	6	83	7	70	8	19	9	96	
	0	95	1	27	2	21	3	39	4	17	5	41	6	10	7	74	8	83	9	73	
	0	39	1	69	2	24	3	44	4	46	5	5	6	36	7	41	8	62	9	2	
	0	74	1	94	2	41	3	79	4	94	5	35	6	64	7	80	8	47	9	49	
	0	97	1	77	2	42	3	47	4	48	5	3	6	17	7	9	8	80	9	92	
	0	52	1	7	2	4	3	76	4	66	5	14	6	78	7	79	8	28	9	76	
	0	88	1	98	2	74	3	8	4	4	5	70	6	11	7	46	8	3	9	96	
	0	92	1	5	2	89	3	95	4	64	5	64	6	75	7	97	8	27	9	91	
	0	69	1	36	2	45	3	15	4	71	5	82	6	3	7	65	8	31	9	99	
	0	25	1	83	2	18	3	63	4	67	5	10	6	37	7	37	8	98	9	28	
	0	22	1	18	2	73	3	42	4	68	5	23	6	61	7	66	8	47	9	69	
	0	59	1	26	2	78	3	75	4	42	5	65	6	4	7	39	8	70	9	15	
	0	93	1	19	2	47	3	53	4	58	5	76	6	58	7	51	8	71	9	20	
	0	26	1	42	2	50	3	84	4	11	5	94	6	2	7	17	8	49	9	32	
	0	41	1	63	2	63	3	98	4	42	5	21	6	23	7	88	8	79	9	28	
	0	11	1	99	2	64	3	51	4	70	5	13	6	14	7	52	8	9	9	4	
	0	55	1	33	2	28	3	47	4	89	5	75	6	97	7	67	8	30	9	8	
	0	92	1	72	2	16	3	84	4	58	5	92	6	78	7	97	8	76	9	61	
	0	84	1	67	2	58	3	38	4	75	5	30	6	98	7	96	8	29	9	73	
	0	47	1	23	2	8	3	17	4	84	5	17	6	85	7	92	8	15	9	88	
	0	85	1	8	2	90	3	8	4	40	5	78	6	37	7	99	8	98	9	19	
	0	53	1	92	2	3	3	53	4	41	5	71	6	7	7	1	8	7	9	54	
	0	11	1	90	2	49	3	94	4	3	5	99	6	67	7	6	8	13	9	5	
	0	90	1	14	2	23	3	70	4	3	5	48	6	13	7	38	8	14	9	51	
	0	18	1	44	2	81	3	88	4	9	5	7	6	81	7	30	8	39	9	32	
	0	9	1	43	2	64	3	7	4	18	5	33	6	8	7	96	8	3	9	87	
	0	57	1	7	2	57	3	36	4	95	5	74	6	55	7	10	8	43	9	16	
	0	81	1	40	2	97	3	40	4	10	5	7	6	40	7	47	8	92	9	23	
	0	4	1	93	2	99	3	90	4	81	5	39	6	59	7	46	8	58	9	95	
	0	25	1	96	2	61	3	27	4	4	5	10	6	26	7	99	8	85	9	80	
	0	79	1	37	2	12	3	87	4	47	5	18	6	46	7	15	8	90	9	83	
	0	29	1	75	2	42	3	27	4	27	5	48	6	80	7	8	8	47	9	99	
	0	90	1	10	2	100	3	92	4	38	5	35	6	40	7	36	8	79	9	90	
	0	87	1	71	2	19	3	55	4	82	5	43	6	34	7	35	8	98	9	37	
	0	22	1	29	2	61	3	13	4	41	5	16	6	91	7	77	8	39	9	93	
	0	74	1	43	2	88	3	13	4	46	5	81	6	26	7	45	8	81	9	34	
	0	92	1	94	2	75	3	23	4	41	5	95	6	24	7	24	8	44	9	62	
	0	15	1	80	2	1	3	39	4	55	5	9	6	4	7	48	8	16	9	57	
	0	53	1	78	2	53	3	55	4	60	5	77	6	22	7	1	8	23	9	19	
	0	58	1	93	2	35	3	59	4	10	5	8	6	24	7	86	8	68	9	47	
	0	6	1	72	2	43	3	70	4	53	5	63	6	47	7	32	8	79	9	40	
	0	39	1	36	2	14	3	71	4	52	5	89	6	21	7	90	8	11	9	65	
	0	60	1	91	2	59	3	85	4	92	5	91	6	44	7	97	8	4	9	78	
	0	94	1	55	2	19	3	96	4	23	5	73	6	39	7	15	8	62	9	84	
	0	44	1	100	2	2	3	5	4	82	5	36	6	77	7	75	8	55	9	15	
	0	27	1	28	2	45	3	40	4	32	5	44	6	32	7	11	8	61	9	72	
	0	97	1	53	2	81	3	48	4	72	5	91	6	35	7	94	8	64	9	77	
	0	60	1	24	2	93	3	91	4	90	5	49	6	9	7	77	8	94	9	45	
	0	36	1	72	2	8	3	60	4	14	5	73	6	14	7	8	8	79	9	50	
	0	57	1	27	2	72	3	29	4	21	5	10	6	1	7	80	8	78	9	45	
	0	75	1	15	2	3	3	1	4	27	5	93	6	7	7	56	8	20	9	82	
	0	47	1	53	2	22	3	2	4	91	5	19	6	92	7	24	8	37	9	40	
	0	73	1	30	2	60	3	6	4	95	5	44	6	74	7	82	8	9	9	8	
	0	58	1	34	2	76	3	56	4	50	5	36	6	41	7	15	8	88	9	14	
	0	1	1	87	2	95	3	17	4	17	5	13	6	69	7	18	8	1	9	40	
	0	100	1	40	2	53	3	63	4	82	5	59	6	52	7	84	8	5	9	19	
	0	33	1	66	2	10	3	100	4	27	5	56	6	78	7	62	8	40	9	57	
	0	67	1	30	2	18	3	40	4	82	5	8	6	47	7	40	8	72	9	77	
	0	99	1	56	2	67	3	52	4	68	5	70	6	67	7	8	8	14	9	3	
	0	70	1	73	2	85	3	35	4	17	5	92	6	28	7	22	8	49	9	63	
	0	8	1	66	2	87	3	14	4	70	5	69	6	12	7	11	8	14	9	16	
	0	5	1	91	2	53	3	50	4	47	5	13	6	50	7	54	8	18	9	43	
	0	81	1	76	2	24	3	97	4	68	5	38	6	77	7	2	8	32	9	64	
	0	62	1	73	2	96	3	43	4	31	5	32	6	69	7	39	8	35	9	36	
	0	98	1	92	2	32	3	82	4	43	5	69	6	75	7	82	8	74	9	80	
	0	85	1	18	2	37	3	46	4	27	5	54	6	43	7	20	8	20	9	58	
	0	13	1	61	2	74	3	14	4	65	5	99	6	25	7	13	8	83	9	36	
	0	8	1	97	2	65	3	53	4	76	5	32	6	9	7	65	8	87	9	24	
	0	33	1	72	2	46	3	53	4	78	5	11	6	96	7	80	8	42	9	93	
	0	47	1	40	2	17	3	97	4	88	5	13	6	91	7	67	8	19	9	24	
	0	81	1	69	2	21	3	37	4	37	5	62	6	31	7	54	8	11	9	82	
	0	16	1	78	2	54	3	21	4	87	5	54	6	89	7	94	8	70	9	83	
	0	100	1	88	2	99	3	31	4	83	5	32	6	89	7	38	8	37	9	90	
	0	55	1	87	2	33	3	10	4	45	5	89	6	42	7	80	8	60	9	68	
	0	2	1	51	2	37	3	11	4	58	5	7	6	14	7	3	8	100	9	15	
	0	73	1	48	2	42	3	93	4	26	5	40	6	27	7	65	8	96	9	74	
	0	36	1	37	2	87	3	56	4	53	5	4	6	81	7	4	8	81	9	70	
	0	26	1	29	2	60	3	54	4	71	5	78	6	33	7	23	8	48	9	25	
	0	5	1	25	2	42	3	38	4	11	5	94	6	9	7	95	8	61	9	58	
	0	29	1	16	2	80	3	47	4	4	5	48	6	60	7	1	8	40	9	86	
	0	50	1	29	2	19	3	90	4	67	5	30	6	81	7	100	8	90	9	69	
	0	69	1	4	2	87	3	26	4	45	5	77	6	69	7	88	8	59	9	20	
	0	21	1	82	2	33	3	52	4	80	5	77	6	10	7	50	8	18	9	26	
	0	86	1	55	2	97	3	48	4	33	5	51	6	18	7	59	8	59	9	59	
	0	39	1	44	2	89	3	96	4	66	5	25	6	4	7	61	8	90	9	9	
	0	26	1	74	2	72	3	25	4	99	5	62	6	29	7	2	8	33	9	52	
	0	63	1	24	2	48	3	28	4	85	5	56	6	65	7	48	8	61	9	73	
	0	82	1	58	2	37	3	73	4	76	5	80	6	18	7	22	8	41	9	83	
	0	70	1	85	2	45	3	82	4	33	5	3	6	80	7	59	8	30	9	15	
	0	72	1	60	2	43	3	69	4	86	5	60	6	35	7	93	8	60	9	81	
	0	72	1	64	2	82	3	97	4	71	5	71	6	41	7	13	8	88	9	9	
	0	8	1	78	2	86	3	43	4	28	5	80	6	23	7	36	8	19	9	38	
	0	49	1	64	2	5	3	47	4	47	5	18	6	86	7	55	8	71	9	5	
	0	60	1	17	2	80	3	68	4	49	5	13	6	99	7	35	8	58	9	67	
	0	46	1	78	2	72	3	55	4	14	5	96	6	2	7	84	8	36	9	9	
	0	36	1	83	2	96	3	48	4	31	5	85	6	49	7	76	8	75	9	57	
	0	44	1	35	2	34	3	57	4	39	5	77	6	61	7	37	8	82	9	28	
	0	66	1	66	2	82	3	5	4	21	5	72	6	98	7	91	8	92	9	90	
	0	71	1	84	2	88	3	75	4	59	5	63	6	81	7	54	8	51	9	49	
	0	38	1	43	2	83	3	77	4	81	5	9	6	23	7	88	8	18	9	77	
	0	75	1	51	2	60	3	61	4	83	5	26	6	4	7	75	8	29	9	29	
	0	7	1	1	2	41	3	14	4	62	5	89	6	23	7	90	8	25	9	85	
	0	84	1	63	2	17	3	32	4	35	5	72	6	19	7	29	8	27	9	43	
	0	19	1	38	2	7	3	99	4	34	5	18	6	69	7	53	8	88	9	15	
	0	24	1	45	2	85	3	22	4	68	5	87	6	67	7	73	8	8	9	89	
	0	69	1	87	2	32	3	29	4	59	5	93	6	61	7	75	8	11	9	73	
	0	75	1	87	2	96	3	99	4	82	5	49	6	46	7	19	8	96	9	38	
	0	66	1	73	2	74	3	64	4	95	5	81	6	70	7	75	8	90	9	99	
	0	70	1	75	2	66	3	48	4	68	5	50	6	53	7	24	8	17	9	6	
	0	12	1	52	2	35	3	24	4	34	5	12	6	35	7	96	8	81	9	93	
	0	69	1	57	2	65	3	79	4	32	5	66	6	69	7	34	8	50	9	86	
	0	63	1	48	2	68	3	69	4	28	5	24	6	66	7	4	8	58	9	31	
	0	71	1	91	2	24	3	79	4	92	5	91	6	8	7	61	8	47	9	57	
	0	95	1	99	2	74	3	54	4	13	5	76	6	14	7	26	8	75	9	36	
	0	32	1	37	2	91	3	11	4	79	5	74	6	76	7	11	8	96	9	53	
	0	27	1	77	2	90	3	55	4	37	5	34	6	88	7	74	8	39	9	43	
	0	2	1	80	2	60	3	51	4	81	5	58	6	11	7	89	8	56	9	64	
	0	57	1	36	2	28	3	6	4	85	5	40	6	94	7	67	8	3	9	88	
	0	92	1	63	2	15	3	79	4	27	5	80	6	5	7	36	8	65	9	18	
	0	78	1	52	2	43	3	24	4	80	5	39	6	1	7	51	8	98	9	27	
	0	25	1	73	2	39	3	58	4	82	5	94	6	14	7	8	8	58	9	19	
	0	88	1	52	2	100	3	89	4	34	5	71	6	53	7	18	8	66	9	3	
	0	61	1	87	2	13	3	55	4	83	5	33	6	15	7	32	8	58	9	18	
	0	94	1	55	2	34	3	49	4	60	5	98	6	78	7	22	8	57	9	54	
	0	87	1	43	2	6	3	87	4	59	5	35	6	1	7	79	8	81	9	32	
	0	13	1	73	2	78	3	98	4	97	5	45	6	6	7	4	8	25	9	2	
	0	44	1	87	2	16	3	76	4	22	5	3	6	62	7	48	8	65	9	24	
	0	79	1	6	2	85	3	6	4	33	5	49	6	89	7	44	8	19	9	51	
	0	79	1	51	2	38	3	47	4	96	5	49	6	1	7	56	8	27	9	65	
	0	65	1	8	2	11	3	63	4	72	5	7	6	22	7	31	8	12	9	43	
	0	69	1	98	2	46	3	36	4	79	5	73	6	20	7	41	8	87	9	18	
	0	65	1	89	2	78	3	3	4	13	5	53	6	53	7	70	8	78	9	91	
	0	99	1	19	2	69	3	52	4	55	5	96	6	97	7	11	8	58	9	10	
	0	41	1	96	2	4	3	78	4	33	5	37	6	66	7	27	8	49	9	32	
	0	19	1	52	2	46	3	71	4	35	5	23	6	58	7	94	8	86	9	59	
	0	26	1	78	2	14	3	59	4	7	5	8	6	97	7	91	8	55	9	48	
	0	69	1	52	2	94	3	35	4	29	5	34	6	1	7	84	8	73	9	97	
	0	6	1	34	2	79	3	66	4	78	5	84	6	14	7	63	8	25	9	92	
	0	20	1	10	2	48	3	22	4	7	5	64	6	1	7	65	8	36	9	9	
	0	75	1	70	2	72	3	28	4	11	5	44	6	56	7	32	8	76	9	65	
	0	69	1	23	2	41	3	79	4	70	5	36	6	22	7	17	8	38	9	4	
	0	81	1	69	2	30	3	61	4	42	5	94	6	63	7	50	8	13	9	42	
	0	64	1	96	2	16	3	61	4	51	5	63	6	25	7	47	8	94	9	74	
	0	54	1	56	2	54	3	96	4	36	5	63	6	24	7	86	8	97	9	68	
	0	64	1	69	2	24	3	10	4	96	5	26	6	24	7	70	8	69	9	83	
	0	36	1	73	2	5	3	26	4	62	5	18	6	13	7	100	8	70	9	95	
	0	93	1	54	2	42	3	54	4	95	5	68	6	76	7	89	8	93	9	16	
	0	48	1	11	2	60	3	51	4	4	5	18	6	86	7	83	8	14	9	42	
	0	15	1	52	2	10	3	52	4	51	5	49	6	94	7	92	8	63	9	20	
	0	70	1	65	2	47	3	78	4	88	5	54	6	97	7	72	8	69	9	22	
	0	25	1	50	2	90	3	14	4	74	5	82	6	71	7	55	8	28	9	2	
	0	94	1	47	2	98	3	12	4	83	5	12	6	90	7	59	8	39	9	68	
	0	9	1	46	2	3	3	85	4	23	5	29	6	93	7	49	8	96	9	48	
	0	63	1	94	2	1	3	20	4	11	5	67	6	45	7	73	8	59	9	27	
	0	6	1	2	2	97	3	8	4	21	5	61	6	15	7	9	8	67	9	86	
	0	6	1	37	2	90	3	47	4	60	5	34	6	97	7	10	8	60	9	5	
	0	60	1	7	2	14	3	73	4	19	5	66	6	8	7	88	8	5	9	49	
	0	89	1	91	2	53	3	6	4	57	5	89	6	46	7	19	8	54	9	34	
	0	37	1	28	2	98	3	79	4	63	5	22	6	49	7	74	8	41	9	7	
	0	30	1	76	2	68	3	93	4	69	5	26	6	49	7	24	8	61	9	16	
	0	36	1	37	2	33	3	19	4	11	5	56	6	97	7	27	8	46	9	91	
	0	75	1	41	2	63	3	79	4	39	5	82	6	76	7	100	8	9	9	47	
	0	43	1	75	2	46	3	73	4	16	5	56	6	30	7	59	8	2	9	70	
	0	100	1	72	2	52	3	13	4	63	5	91	6	54	7	79	8	78	9	61	
	0	45	1	36	2	36	3	88	4	3	5	33	6	62	7	10	8	64	9	1	
	0	94	1	54	2	39	3	45	4	12	5	49	6	38	7	9	8	32	9	86	
	0	50	1	32	2	27	3	82	4	85	5	59	6	91	7	62	8	49	9	27	
	0	19	1	95	2	30	3	71	4	83	5	56	6	33	7	97	8	38	9	28	
	0	100	1	64	2	22	3	55	4	74	5	91	6	85	7	67	8	72	9	43	
	0	62	1	87	2	53	3	18	4	58	5	64	6	68	7	64	8	85	9	1	
	0	52	1	8	2	56	3	69	4	42	5	68	6	42	7	41	8	3	9	22	
	0	64	1	51	2	92	3	53	4	54	5	1	6	75	7	84	8	44	9	39	
	0	2	1	83	2	45	3	44	4	80	5	41	6	24	7	1	8	97	9	39	
	0	17	1	80	2	96	3	33	4	54	5	92	6	24	7	10	8	99	9	42	
	0	10	1	42	2	15	3	68	4	91	5	77	6	86	7	34	8	62	9	4	
	0	57	1	13	2	70	3	64	4	18	5	39	6	89	7	51	8	49	9	14	
	0	4	1	25	2	42	3	71	4	91	5	80	6	56	7	47	8	17	9	33	
	0	63	1	44	2	31	3	88	4	28	5	89	6	6	7	64	8	11	9	12	
	0	7	1	71	2	69	3	6	4	18	5	11	6	47	7	82	8	10	9	53	
	0	42	1	98	2	56	3	77	4	66	5	81	6	87	7	92	8	51	9	66	
	0	69	1	94	2	79	3	63	4	5	5	96	6	66	7	60	8	21	9	13	
	0	98	1	68	2	34	3	69	4	44	5	56	6	82	7	75	8	25	9	11	
	0	22	1	12	2	98	3	65	4	62	5	29	6	87	7	19	8	95	9	57	
	0	54	1	1	2	8	3	25	4	73	5	91	6	68	7	61	8	17	9	56	
	0	79	1	28	2	54	3	33	4	31	5	2	6	24	7	54	8	15	9	62	
	0	36	1	70	2	49	3	58	4	73	5	95	6	6	7	25	8	27	9	5	
	0	55	1	31	2	34	3	37	4	9	5	93	6	78	7	40	8	64	9	73	
	0	58	1	90	2	45	3	87	4	86	5	97	6	39	7	58	8	84	9	5	
	0	97	1	60	2	44	3	45	4	35	5	92	6	80	7	5	8	47	9	18	
	0	36	1	7	2	35	3	78	4	33	5	53	6	76	7	15	8	65	9	33	
	0	97	1	87	2	12	3	97	4	10	5	3	6	50	7	26	8	100	9	69	
	0	17	1	75	2	32	3	26	4	21	5	86	6	44	7	67	8	86	9	66	
	0	90	1	39	2	95	3	29	4	67	5	18	6	90	7	6	8	99	9	38	
	0	52	1	24	2	80	3	95	4	71	5	85	6	20	7	94	8	57	9	73	
	0	48	1	7	2	61	3	99	4	31	5	43	6	34	7	66	8	57	9	73	
	0	40	1	34	2	10	3	13	4	28	5	26	6	59	7	19	8	10	9	74	
	0	28	1	83	2	46	3	78	4	19	5	85	6	16	7	22	8	33	9	24	
	0	9	1	62	2	42	3	36	4	56	5	81	6	39	7	20	8	77	9	9	
	0	53	1	32	2	13	3	53	4	21	5	44	6	19	7	24	8	52	9	17	
	0	76	1	27	2	36	3	41	4	90	5	38	6	92	7	25	8	98	9	81	
	0	13	1	57	2	48	3	28	4	50	5	48	6	32	7	78	8	88	9	41	
	0	52	1	19	2	71	3	38	4	58	5	92	6	76	7	83	8	96	9	88	
	0	41	1	29	2	17	3	1	4	98	5	1	6	30	7	87	8	6	9	7	
	0	10	1	57	2	49	3	75	4	76	5	65	6	85	7	59	8	96	9	84	
	0	45	1	5	2	65	3	71	4	9	5	49	6	66	7	66	8	34	9	74	
	0	99	1	41	2	9	3	33	4	67	5	94	6	47	7	2	8	88	9	44	
	0	57	1	59	2	79	3	66	4	61	5	29	6	43	7	59	8	69	9	37	
	0	93	1	82	2	43	3	85	4	46	5	90	6	70	7	43	8	81	9	100	
	0	45	1	31	2	91	3	50	4	18	5	46	6	81	7	84	8	95	9	89	
	0	57	1	30	2	29	3	21	4	46	5	64	6	25	7	89	8	18	9	91	
	0	64	1	83	2	1	3	89	4	5	5	8	6	8	7	72	8	27	9	50	
	0	36	1	16	2	86	3	3	4	94	5	58	6	56	7	80	8	40	9	94	
	0	45	1	1	2	2	3	93	4	26	5	85	6	70	7	80	8	40	9	71	
	0	57	1	72	2	33	3	55	4	76	5	99	6	45	7	58	8	68	9	17	
	0	74	1	12	2	34	3	64	4	56	5	96	6	94	7	18	8	33	9	27	
	0	51	1	44	2	14	3	31	4	77	5	17	6	45	7	40	8	59	9	25	
	0	79	1	84	2	4	3	36	4	67	5	38	6	9	7	3	8	56	9	17	
	0	44	1	13	2	97	3	31	4	84	5	31	6	37	7	10	8	57	9	26	
	0	66	1	24	2	7	3	59	4	90	5	39	6	55	7	25	8	96	9	52	
	0	38	1	27	2	53	3	35	4	19	5	37	6	77	7	61	8	96	9	77	
	0	57	1	46	2	49	3	79	4	23	5	26	6	65	7	90	8	22	9	12	
	0	5	1	2	2	88	3	25	4	91	5	42	6	48	7	40	8	28	9	34	
	0	5	1	86	2	94	3	39	4	19	5	57	6	58	7	88	8	68	9	10	
	0	18	1	62	2	38	3	88	4	70	5	72	6	51	7	25	8	33	9	27	
	0	66	1	91	2	23	3	37	4	42	5	15	6	67	7	5	8	17	9	94	
	0	8	1	100	2	11	3	58	4	32	5	52	6	73	7	6	8	88	9	61	
	0	81	1	74	2	22	3	56	4	84	5	44	6	33	7	40	8	15	9	87	
	0	77	1	12	2	3	3	86	4	23	5	48	6	60	7	51	8	32	9	96	
	0	41	1	6	2	50	3	47	4	98	5	88	6	95	7	14	8	58	9	73	
	0	11	1	72	2	53	3	66	4	32	5	5	6	2	7	13	8	73	9	27	
	0	51	1	98	2	60	3	97	4	34	5	46	6	5	7	7	8	30	9	99	
	0	9	1	52	2	83	3	40	4	44	5	59	6	31	7	89	8	31	9	77	
	0	15	1	62	2	13	3	76	4	46	5	48	6	49	7	1	8	5	9	77	
	0	90	1	60	2	77	3	93	4	7	5	92	6	22	7	78	8	81	9	66	
	0	88	1	29	2	99	3	96	4	4	5	95	6	52	7	99	8	4	9	35	
	0	9	1	10	2	60	3	91	4	36	5	66	6	62	7	98	8	24	9	26	
	0	25	1	36	2	47	3	56	4	15	5	100	6	29	7	99	8	72	9	63	
	0	11	1	65	2	59	3	83	4	1	5	84	6	56	7	88	8	24	9	36	
	0	15	1	31	2	96	3	100	4	97	5	49	6	10	7	18	8	12	9	26	
	0	38	1	10	2	10	3	91	4	9	5	71	6	23	7	71	8	82	9	5	
	0	16	1	61	2	35	3	79	4	5	5	75	6	75	7	85	8	10	9	58	
	0	26	1	54	2	99	3	26	4	41	5	47	6	45	7	38	8	16	9	24	
	0	8	1	26	2	98	3	81	4	75	5	13	6	1	7	21	8	27	9	38	
	0	51	1	27	2	73	3	83	4	73	5	57	6	40	7	23	8	10	9	54	
	0	47	1	62	2	27	3	5	4	67	5	42	6	51	7	64	8	76	9	62	
	0	62	1	99	2	99	3	92	4	25	5	77	6	9	7	95	8	41	9	50	
	0	2	1	80	2	19	3	23	4	72	5	69	6	24	7	39	8	3	9	29	
	0	69	1	95	2	34	3	59	4	52	5	20	6	37	7	17	8	34	9	70	
	0	52	1	48	2	24	3	73	4	39	5	58	6	77	7	56	8	55	9	53	
	0	6	1	57	2	60	3	43	4	91	5	71	6	49	7	60	8	82	9	69	
	0	78	1	11	2	65	3	64	4	73	5	78	6	91	7	52	8	41	9	25	
	0	43	1	77	2	59	3	85	4	70	5	76	6	66	7	50	8	21	9	65	
	0	98	1	26	2	24	3	23	4	38	5	66	6	54	7	39	8	59	9	36	
	0	93	1	42	2	41	3	59	4	41	5	66	6	62	7	18	8	89	9	57	
	0	37	1	92	2	61	3	81	4	21	5	16	6	92	7	48	8	71	9	74	
	0	54	1	4	2	54	3	34	4	19	5	20	6	42	7	89	8	16	9	69	
	0	3	1	48	2	90	3	95	4	93	5	36	6	5	7	44	8	1	9	44	
	0	34	1	95	2	55	3	36	4	65	5	99	6	96	7	14	8	18	9	23	
	0	14	1	57	2	7	3	2	4	94	5	66	6	83	7	28	8	42	9	93	
	0	22	1	95	2	33	3	20	4	18	5	72	6	36	7	29	8	50	9	46	
	0	59	1	7	2	57	3	86	4	77	5	75	6	70	7	90	8	86	9	63	
	0	24	1	79	2	39	3	66	4	41	5	90	6	3	7	42	8	8	9	14	
	0	56	1	60	2	59	3	84	4	60	5	38	6	27	7	41	8	60	9	44	
	0	71	1	57	2	60	3	12	4	8	5	1	6	77	7	35	8	37	9	98	
	0	63	1	62	2	49	3	38	4	74	5	63	6	10	7	28	8	77	9	37	
	0	5	1	71	2	26	3	19	4	12	5	9	6	97	7	11	8	10	9	90	
	0	40	1	12	2	53	3	92	4	12	5	10	6	94	7	61	8	70	9	42	
	0	44	1	16	2	29	3	55	4	95	5	46	6	47	7	91	8	93	9	45	
	0	55	1	52	2	100	3	7	4	91	5	54	6	100	7	28	8	60	9	69	
	0	70	1	18	2	100	3	37	4	75	5	59	6	42	7	46	8	10	9	10	
	0	76	1	59	2	46	3	11	4	50	5	55	6	20	7	39	8	35	9	82	
	0	63	1	63	2	90	3	86	4	99	5	34	6	8	7	5	8	20	9	19	
	0	32	1	88	2	17	3	2	4	16	5	35	6	81	7	38	8	19	9	60	
	0	66	1	60	2	72	3	98	4	40	5	51	6	90	7	9	8	89	9	79	
	0	53	1	84	2	47	3	44	4	14	5	40	6	36	7	28	8	51	9	84	
	0	58	1	29	2	66	3	43	4	46	5	18	6	100	7	45	8	4	9	70	
	0	38	1	63	2	44	3	39	4	16	5	98	6	56	7	64	8	47	9	23	
	0	46	1	48	2	57	3	52	4	18	5	80	6	66	7	53	8	41	9	44	
	0	82	1	72	2	73	3	27	4	78	5	47	6	49	7	82	8	81	9	81	
	0	15	1	74	2	48	3	15	4	53	5	34	6	82	7	9	8	14	9	7	
	0	3	1	38	2	67	3	51	4	31	5	84	6	63	7	33	8	43	9	94	
	0	91	1	19	2	47	3	43	4	90	5	20	6	87	7	8	8	65	9	41	
	0	37	1	2	2	43	3	14	4	29	5	17	6	13	7	26	8	77	9	2	
	0	29	1	19	2	18	3	4	4	68	5	60	6	75	7	31	8	66	9	97	
	0	1	1	94	2	74	3	57	4	52	5	18	6	68	7	80	8	42	9	32	
	0	4	1	1	2	10	3	44	4	27	5	95	6	65	7	17	8	80	9	67	
	0	41	1	69	2	77	3	92	4	89	5	53	6	85	7	59	8	85	9	37	
	0	32	1	79	2	23	3	46	4	2	5	98	6	24	7	86	8	68	9	27	
	0	55	1	94	2	52	3	84	4	55	5	99	6	32	7	16	8	31	9	14	
	0	14	1	8	2	98	3	78	4	55	5	66	6	64	7	80	8	34	9	95	
	0	86	1	86	2	40	3	80	4	54	5	66	6	67	7	62	8	87	9	13	
	0	64	1	78	2	61	3	40	4	18	5	30	6	56	7	11	8	88	9	97	
	0	7	1	1	2	31	3	7	4	88	5	96	6	6	7	82	8	55	9	66	
	0	35	1	74	2	52	3	86	4	47	5	27	6	30	7	9	8	13	9	36	
	0	74	1	72	2	95	3	92	4	29	5	78	6	58	7	45	8	17	9	76	
	0	62	1	62	2	67	3	77	4	99	5	98	6	3	7	17	8	42	9	91	
	0	13	1	94	2	95	3	6	4	81	5	53	6	56	7	4	8	94	9	67	
	0	43	1	73	2	63	3	48	4	46	5	93	6	70	7	81	8	24	9	55	
	0	79	1	98	2	35	3	100	4	89	5	23	6	53	7	90	8	44	9	72	
	0	24	1	34	2	59	3	5	4	32	5	55	6	64	7	91	8	91	9	63	
	0	59	1	37	2	35	3	49	4	48	5	71	6	52	7	33	8	37	9	97	
	0	8	1	94	2	76	3	61	4	74	5	26	6	42	7	30	8	39	9	27	
	0	30	1	77	2	88	3	1	4	16	5	50	6	100	7	91	8	97	9	13	
	0	85	1	36	2	80	3	11	4	64	5	24	6	16	7	35	8	98	9	89	
	0	54	1	1	2	14	3	36	4	86	5	50	6	4	7	76	8	5	9	47	
	0	47	1	8	2	92	3	76	4	84	5	62	6	98	7	82	8	97	9	80	
	0	93	1	9	2	77	3	64	4	47	5	88	6	57	7	5	8	35	9	74	
	0	7	1	36	2	61	3	25	4	2	5	49	6	36	7	79	8	19	9	54	
	0	87	1	41	2	71	3	2	4	73	5	73	6	27	7	8	8	10	9	84	
	0	25	1	39	2	34	3	20	4	24	5	18	6	81	7	80	8	79	9	29	
	0	85	1	42	2	31	3	23	4	85	5	70	6	84	7	59	8	86	9	93	
	0	66	1	49	2	56	3	49	4	89	5	6	6	34	7	40	8	22	9	40	
	0	43	1	53	2	97	3	80	4	38	5	82	6	61	7	79	8	9	9	4	
	0	35	1	84	2	98	3	34	4	71	5	4	6	63	7	80	8	75	9	72	
	0	92	1	64	2	82	3	68	4	55	5	30	6	34	7	77	8	88	9	38	
	0	79	1	89	2	39	3	68	4	41	5	63	6	36	7	55	8	88	9	21	
	0	25	1	36	2	47	3	54	4	50	5	73	6	90	7	89	8	46	9	82	
	0	65	1	73	2	10	3	84	4	90	5	87	6	77	7	77	8	10	9	58	
	0	48	1	57	2	66	3	7	4	95	5	46	6	73	7	91	8	39	9	96	
	0	58	1	42	2	34	3	55	4	76	5	54	6	42	7	45	8	32	9	5	
	0	23	1	61	2	28	3	18	4	33	5	50	6	19	7	15	8	38	9	94	
	0	33	1	28	2	76	3	98	4	45	5	34	6	86	7	7	8	13	9	14	
	0	66	1	83	2	70	3	62	4	52	5	94	6	94	7	94	8	61	9	20	
	0	58	1	45	2	54	3	12	4	98	5	7	6	48	7	20	8	56	9	79	
	0	89	1	28	2	31	3	66	4	66	5	9	6	14	7	30	8	97	9	2	
	0	93	1	70	2	94	3	37	4	33	5	99	6	10	7	32	8	5	9	16	
	0	11	1	8	2	100	3	59	4	15	5	76	6	9	7	55	8	98	9	59	
	0	5	1	59	2	47	3	23	4	60	5	49	6	33	7	42	8	97	9	36	
	0	32	1	23	2	56	3	48	4	76	5	23	6	38	7	79	8	84	9	42	
	0	20	1	29	2	80	3	72	4	81	5	29	6	41	7	48	8	34	9	87	
	0	69	1	60	2	35	3	64	4	4	5	80	6	72	7	96	8	13	9	14	
	0	81	1	47	2	23	3	67	4	4	5	19	6	41	7	75	8	38	9	25	
	0	24	1	79	2	29	3	8	4	28	5	92	6	53	7	67	8	53	9	25	
	0	77	1	39	2	53	3	9	4	45	5	48	6	3	7	19	8	75	9	9	
	0	34	1	35	2	18	3	72	4	53	5	26	6	43	7	57	8	7	9	83	
	0	31	1	70	2	56	3	72	4	83	5	31	6	51	7	36	8	100	9	11	
	0	70	1	22	2	34	3	27	4	52	5	24	6	40	7	17	8	49	9	11	
	0	12	1	50	2	5	3	14	4	81	5	98	6	63	7	79	8	71	9	72	
	0	60	1	5	2	76	3	92	4	81	5	60	6	13	7	12	8	86	9	15	
	0	59	1	3	2	89	3	84	4	53	5	67	6	23	7	31	8	3	9	79	
	0	34	1	77	2	9	3	73	4	4	5	12	6	17	7	1	8	48	9	27	
	0	98	1	21	2	23	3	6	4	38	5	45	6	6	7	96	8	69	9	32	
	0	15	1	75	2	54	3	42	4	86	5	11	6	53	7	74	8	87	9	24	
	0	18	1	68	2	49	3	88	4	72	5	35	6	9	7	55	8	7	9	41	
	0	73	1	21	2	89	3	51	4	72	5	51	6	72	7	56	8	68	9	12	
	0	33	1	91	2	92	3	91	4	52	5	33	6	60	7	22	8	4	9	65	
	0	99	1	1	2	82	3	98	4	47	5	25	6	66	7	23	8	63	9	48	
	0	34	1	30	2	30	3	73	4	24	5	8	6	48	7	87	8	51	9	46	
	0	35	1	15	2	14	3	56	4	44	5	63	6	85	7	14	8	44	9	49	
	0	57	1	72	2	63	3	100	4	78	5	56	6	20	7	63	8	99	9	48	
	0	78	1	100	2	99	3	69	4	6	5	29	6	15	7	26	8	17	9	77	
	0	5	1	42	2	3	3	29	4	72	5	73	6	47	7	75	8	26	9	79	
	0	78	1	57	2	83	3	71	4	35	5	39	6	79	7	83	8	51	9	47	
	0	7	1	61	2	38	3	57	4	44	5	97	6	14	7	50	8	66	9	46	
	0	21	1	31	2	81	3	12	4	23	5	63	6	99	7	76	8	94	9	83	
	0	10	1	56	2	53	3	50	4	79	5	29	6	51	7	72	8	68	9	13	
	0	85	1	100	2	26	3	87	4	80	5	25	6	32	7	39	8	22	9	83	
	0	37	1	44	2	35	3	71	4	4	5	72	6	23	7	53	8	99	9	10	
	0	63	1	87	2	33	3	59	4	22	5	99	6	22	7	51	8	39	9	54	
	0	41	1	72	2	45	3	27	4	64	5	66	6	26	7	66	8	24	9	94	
	0	37	1	78	2	80	3	8	4	55	5	51	6	93	7	31	8	9	9	38	
	0	84	1	11	2	4	3	63	4	60	5	50	6	77	7	48	8	22	9	9	
	0	24	1	100	2	67	3	60	4	40	5	31	6	85	7	45	8	98	9	66	
	0	18	1	70	2	96	3	79	4	90	5	65	6	5	7	30	8	5	9	8	
	0	55	1	39	2	94	3	86	4	56	5	43	6	58	7	36	8	1	9	26	
	0	56	1	3	2	48	3	24	4	93	5	71	6	30	7	57	8	9	9	2	
	0	27	1	40	2	86	3	27	4	23	5	43	6	1	7	56	8	17	9	60	
	0	27	1	83	2	85	3	35	4	40	5	56	6	83	7	55	8	28	9	10	
	0	87	1	93	2	36	3	77	4	5	5	61	6	92	7	59	8	87	9	68	
	0	31	1	7	2	97	3	39	4	71	5	97	6	17	7	53	8	7	9	65	
	0	67	1	64	2	27	3	68	4	85	5	42	6	40	7	49	8	53	9	44	
	0	89	1	70	2	63	3	60	4	94	5	50	6	26	7	71	8	71	9	51	
	0	62	1	9	2	97	3	57	4	40	5	41	6	77	7	77	8	23	9	78	
	0	50	1	44	2	64	3	24	4	70	5	12	6	5	7	90	8	56	9	9	
	0	82	1	32	2	25	3	78	4	100	5	12	6	30	7	7	8	67	9	33	
	0	14	1	84	2	36	3	24	4	41	5	67	6	100	7	65	8	29	9	42	
	0	97	1	22	2	92	3	49	4	79	5	23	6	47	7	38	8	97	9	36	
	0	34	1	52	2	58	3	80	4	61	5	49	6	39	7	72	8	7	9	64	
	0	81	1	57	2	30	3	92	4	88	5	68	6	45	7	39	8	18	9	14	
	0	74	1	77	2	66	3	60	4	26	5	47	6	56	7	93	8	58	9	98	
	0	43	1	99	2	40	3	29	4	46	5	4	6	53	7	20	8	16	9	89	
	0	51	1	65	2	14	3	50	4	42	5	93	6	55	7	9	8	55	9	91	
	0	21	1	54	2	44	3	92	4	63	5	84	6	56	7	75	8	55	9	2	
	0	8	1	65	2	21	3	69	4	3	5	1	6	73	7	49	8	19	9	18	
	0	78	1	62	2	81	3	93	4	88	5	92	6	39	7	50	8	37	9	68	
	0	12	1	20	2	36	3	40	4	16	5	45	6	55	7	15	8	34	9	33	
	0	52	1	82	2	61	3	98	4	91	5	82	6	7	7	76	8	26	9	41	
	0	89	1	47	2	58	3	92	4	8	5	82	6	82	7	63	8	60	9	84	
	0	54	1	29	2	52	3	18	4	17	5	16	6	33	7	99	8	88	9	37	
	0	76	1	49	2	63	3	9	4	64	5	89	6	47	7	91	8	84	9	30	