100 50 1
50
	0	2	1	87	2	11	3	75	4	45	5	25	6	18	7	85	8	35	9	42	10	84	11	98	12	24	13	78	14	34	15	84	16	8	17	11	18	29	19	55	20	30	21	64	22	98	23	36	24	51	25	96	26	67	27	75	28	39	29	80	30	35	31	89	32	52	33	79	34	23	35	91	36	92	37	15	38	81	39	62	40	96	41	38	42	14	43	8	44	55	45	81	46	29	47	97	48	99	49	26	
	0	67	1	79	2	1	3	97	4	94	5	8	6	40	7	27	8	78	9	21	10	92	11	14	12	18	13	25	14	10	15	37	16	24	17	72	18	43	19	8	20	40	21	90	22	7	23	22	24	11	25	68	26	11	27	83	28	13	29	76	30	38	31	85	32	60	33	66	34	97	35	86	36	80	37	20	38	18	39	27	40	33	41	32	42	96	43	53	44	24	45	25	46	26	47	77	48	7	49	82	
	0	33	1	60	2	19	3	23	4	96	5	96	6	87	7	10	8	11	9	61	10	62	11	79	12	48	13	39	14	33	15	57	16	15	17	37	18	25	19	48	20	47	21	1	22	69	23	47	24	42	25	46	26	65	27	46	28	58	29	11	30	63	31	70	32	95	33	58	34	41	35	86	36	3	37	65	38	8	39	34	40	60	41	94	42	24	43	88	44	33	45	74	46	2	47	58	48	2	49	39	
	0	99	1	35	2	5	3	59	4	62	5	50	6	43	7	45	8	85	9	4	10	20	11	64	12	48	13	95	14	69	15	6	16	52	17	71	18	96	19	86	20	92	21	1	22	42	23	67	24	23	25	80	26	53	27	45	28	78	29	39	30	19	31	19	32	19	33	74	34	71	35	94	36	22	37	77	38	51	39	9	40	52	41	51	42	60	43	18	44	39	45	85	46	43	47	1	48	87	49	69	
	0	4	1	21	2	7	3	70	4	13	5	95	6	43	7	22	8	88	9	8	10	57	11	96	12	74	13	79	14	33	15	5	16	25	17	87	18	84	19	89	20	61	21	18	22	22	23	27	24	100	25	54	26	56	27	36	28	72	29	43	30	25	31	78	32	26	33	88	34	20	35	98	36	36	37	19	38	75	39	12	40	14	41	98	42	63	43	23	44	82	45	59	46	29	47	76	48	4	49	84	
	0	9	1	57	2	90	3	57	4	10	5	67	6	85	7	20	8	30	9	81	10	40	11	99	12	60	13	84	14	65	15	5	16	79	17	35	18	39	19	78	20	21	21	28	22	32	23	29	24	69	25	50	26	28	27	96	28	79	29	10	30	82	31	23	32	15	33	17	34	66	35	30	36	30	37	40	38	4	39	57	40	81	41	79	42	33	43	62	44	26	45	20	46	71	47	69	48	37	49	87	
	0	20	1	1	2	31	3	43	4	92	5	20	6	15	7	28	8	64	9	81	10	63	11	1	12	37	13	30	14	26	15	38	16	8	17	80	18	36	19	38	20	24	21	95	22	93	23	22	24	17	25	79	26	20	27	94	28	28	29	5	30	45	31	54	32	33	33	28	34	50	35	81	36	32	37	43	38	16	39	26	40	61	41	79	42	24	43	43	44	91	45	11	46	96	47	63	48	73	49	32	
	0	49	1	61	2	81	3	48	4	56	5	35	6	65	7	55	8	18	9	93	10	74	11	80	12	3	13	54	14	11	15	2	16	75	17	42	18	99	19	10	20	68	21	2	22	89	23	62	24	20	25	65	26	50	27	12	28	60	29	100	30	29	31	73	32	21	33	44	34	55	35	54	36	95	37	49	38	48	39	65	40	80	41	26	42	90	43	93	44	68	45	21	46	37	47	83	48	44	49	25	
	0	1	1	21	2	35	3	66	4	9	5	73	6	81	7	79	8	69	9	31	10	47	11	97	12	39	13	20	14	92	15	24	16	42	17	91	18	16	19	72	20	31	21	46	22	58	23	74	24	21	25	86	26	79	27	90	28	80	29	36	30	50	31	63	32	39	33	52	34	90	35	10	36	84	37	72	38	29	39	28	40	52	41	86	42	75	43	23	44	100	45	28	46	70	47	61	48	98	49	41	
	0	46	1	48	2	70	3	37	4	88	5	18	6	42	7	9	8	41	9	93	10	96	11	97	12	77	13	20	14	39	15	11	16	37	17	48	18	64	19	12	20	98	21	41	22	28	23	99	24	68	25	65	26	27	27	22	28	75	29	87	30	96	31	46	32	98	33	10	34	68	35	59	36	50	37	57	38	73	39	44	40	9	41	99	42	84	43	5	44	12	45	20	46	67	47	30	48	75	49	18	
	0	29	1	49	2	21	3	78	4	31	5	37	6	44	7	91	8	78	9	33	10	47	11	70	12	51	13	36	14	55	15	5	16	86	17	43	18	79	19	37	20	50	21	94	22	52	23	27	24	17	25	16	26	49	27	14	28	58	29	25	30	68	31	79	32	61	33	70	34	14	35	15	36	91	37	44	38	26	39	86	40	86	41	54	42	62	43	97	44	10	45	21	46	93	47	69	48	56	49	86	
	0	81	1	4	2	77	3	55	4	5	5	37	6	15	7	88	8	87	9	87	10	23	11	32	12	33	13	48	14	74	15	60	16	25	17	76	18	79	19	11	20	19	21	93	22	46	23	37	24	19	25	29	26	55	27	56	28	85	29	11	30	61	31	27	32	30	33	44	34	83	35	98	36	100	37	50	38	97	39	30	40	41	41	67	42	49	43	79	44	41	45	55	46	20	47	54	48	90	49	32	
	0	11	1	76	2	29	3	20	4	44	5	89	6	32	7	70	8	70	9	92	10	22	11	26	12	54	13	75	14	68	15	89	16	18	17	21	18	98	19	88	20	44	21	93	22	49	23	54	24	53	25	31	26	48	27	98	28	60	29	1	30	33	31	68	32	67	33	2	34	32	35	79	36	29	37	74	38	43	39	64	40	25	41	43	42	85	43	26	44	94	45	22	46	93	47	53	48	64	49	91	
	0	82	1	17	2	8	3	66	4	69	5	92	6	40	7	50	8	75	9	28	10	54	11	80	12	98	13	48	14	63	15	93	16	35	17	27	18	100	19	41	20	42	21	42	22	29	23	92	24	9	25	47	26	43	27	15	28	2	29	34	30	64	31	20	32	61	33	81	34	52	35	12	36	55	37	8	38	15	39	53	40	65	41	66	42	14	43	76	44	8	45	12	46	88	47	49	48	42	49	15	
	0	35	1	2	2	59	3	18	4	35	5	98	6	27	7	70	8	47	9	95	10	71	11	57	12	70	13	52	14	38	15	54	16	45	17	8	18	45	19	55	20	32	21	84	22	51	23	3	24	87	25	4	26	17	27	19	28	36	29	82	30	10	31	23	32	59	33	16	34	63	35	66	36	78	37	95	38	37	39	26	40	94	41	57	42	24	43	26	44	30	45	35	46	77	47	34	48	7	49	41	
	0	44	1	1	2	81	3	56	4	4	5	43	6	90	7	41	8	79	9	63	10	65	11	48	12	62	13	100	14	35	15	55	16	22	17	59	18	14	19	42	20	6	21	7	22	26	23	69	24	69	25	17	26	16	27	97	28	55	29	96	30	89	31	81	32	16	33	46	34	81	35	39	36	77	37	22	38	87	39	62	40	60	41	46	42	2	43	31	44	94	45	12	46	33	47	57	48	84	49	84	
	0	79	1	83	2	92	3	25	4	36	5	76	6	50	7	25	8	9	9	6	10	35	11	5	12	48	13	72	14	9	15	18	16	17	17	54	18	77	19	17	20	45	21	88	22	78	23	64	24	15	25	83	26	79	27	34	28	50	29	55	30	17	31	63	32	65	33	14	34	3	35	9	36	3	37	98	38	62	39	63	40	68	41	38	42	97	43	55	44	36	45	79	46	6	47	52	48	3	49	66	
	0	60	1	83	2	13	3	75	4	30	5	19	6	81	7	76	8	8	9	11	10	5	11	67	12	60	13	62	14	4	15	63	16	43	17	54	18	45	19	62	20	11	21	11	22	56	23	33	24	30	25	56	26	56	27	93	28	5	29	57	30	12	31	77	32	31	33	36	34	6	35	22	36	48	37	65	38	78	39	58	40	10	41	89	42	39	43	37	44	51	45	42	46	85	47	6	48	13	49	73	
	0	19	1	5	2	8	3	9	4	59	5	99	6	82	7	80	8	25	9	39	10	69	11	49	12	49	13	21	14	13	15	56	16	70	17	21	18	80	19	52	20	84	21	29	22	80	23	63	24	12	25	48	26	45	27	23	28	51	29	55	30	16	31	80	32	37	33	14	34	64	35	13	36	97	37	8	38	76	39	37	40	7	41	85	42	53	43	83	44	81	45	72	46	86	47	40	48	10	49	25	
	0	22	1	94	2	65	3	1	4	91	5	29	6	63	7	41	8	17	9	52	10	6	11	10	12	25	13	97	14	18	15	86	16	36	17	30	18	32	19	96	20	28	21	45	22	93	23	38	24	63	25	57	26	20	27	80	28	43	29	75	30	29	31	10	32	2	33	91	34	55	35	94	36	22	37	75	38	37	39	92	40	17	41	14	42	50	43	27	44	47	45	75	46	79	47	44	48	5	49	33	
	0	33	1	91	2	87	3	11	4	12	5	7	6	29	7	37	8	62	9	35	10	60	11	54	12	57	13	99	14	39	15	85	16	57	17	20	18	13	19	10	20	6	21	59	22	95	23	45	24	99	25	2	26	87	27	87	28	39	29	77	30	5	31	98	32	25	33	70	34	64	35	48	36	87	37	87	38	24	39	96	40	67	41	15	42	79	43	27	44	63	45	32	46	91	47	78	48	95	49	84	
	0	45	1	77	2	97	3	81	4	80	5	69	6	57	7	63	8	28	9	59	10	19	11	53	12	97	13	53	14	31	15	11	16	59	17	70	18	15	19	74	20	32	21	98	22	56	23	43	24	19	25	84	26	26	27	11	28	12	29	87	30	78	31	36	32	81	33	28	34	7	35	48	36	36	37	6	38	25	39	74	40	54	41	1	42	19	43	27	44	45	45	81	46	31	47	99	48	1	49	15	
	0	92	1	58	2	18	3	30	4	43	5	42	6	89	7	20	8	36	9	61	10	80	11	36	12	16	13	97	14	1	15	20	16	76	17	16	18	19	19	91	20	41	21	75	22	38	23	25	24	67	25	59	26	17	27	24	28	97	29	22	30	85	31	43	32	82	33	64	34	3	35	26	36	46	37	2	38	87	39	40	40	94	41	53	42	13	43	73	44	67	45	67	46	82	47	52	48	7	49	58	
	0	57	1	30	2	23	3	51	4	23	5	25	6	10	7	94	8	52	9	16	10	77	11	9	12	8	13	20	14	8	15	3	16	86	17	44	18	68	19	26	20	37	21	46	22	59	23	20	24	64	25	97	26	2	27	19	28	84	29	8	30	41	31	98	32	30	33	45	34	90	35	96	36	14	37	47	38	84	39	8	40	56	41	1	42	87	43	26	44	9	45	24	46	35	47	16	48	70	49	57	
	0	5	1	57	2	21	3	12	4	29	5	29	6	6	7	53	8	77	9	75	10	18	11	81	12	62	13	75	14	86	15	76	16	38	17	27	18	70	19	2	20	7	21	88	22	56	23	25	24	44	25	3	26	72	27	74	28	54	29	10	30	79	31	48	32	53	33	37	34	18	35	30	36	21	37	17	38	73	39	77	40	76	41	69	42	84	43	33	44	85	45	13	46	44	47	13	48	36	49	64	
	0	55	1	35	2	9	3	58	4	87	5	78	6	27	7	14	8	6	9	59	10	26	11	11	12	44	13	59	14	100	15	73	16	93	17	10	18	42	19	23	20	26	21	21	22	31	23	35	24	38	25	54	26	7	27	58	28	34	29	30	30	30	31	24	32	94	33	81	34	43	35	43	36	30	37	58	38	71	39	100	40	46	41	13	42	87	43	87	44	71	45	52	46	99	47	49	48	36	49	58	
	0	57	1	81	2	60	3	21	4	46	5	83	6	65	7	20	8	84	9	55	10	78	11	12	12	78	13	37	14	70	15	76	16	20	17	27	18	98	19	67	20	26	21	50	22	21	23	2	24	29	25	3	26	78	27	8	28	65	29	61	30	39	31	73	32	98	33	11	34	25	35	48	36	34	37	55	38	5	39	5	40	95	41	18	42	66	43	75	44	26	45	8	46	92	47	64	48	89	49	49	
	0	49	1	49	2	20	3	94	4	22	5	13	6	19	7	46	8	15	9	27	10	93	11	65	12	88	13	4	14	56	15	26	16	4	17	55	18	50	19	25	20	56	21	43	22	5	23	31	24	100	25	31	26	32	27	14	28	59	29	97	30	26	31	6	32	76	33	14	34	75	35	42	36	78	37	31	38	1	39	21	40	48	41	68	42	81	43	29	44	14	45	73	46	92	47	73	48	84	49	46	
	0	6	1	15	2	9	3	69	4	90	5	33	6	1	7	40	8	11	9	53	10	23	11	84	12	74	13	77	14	59	15	20	16	72	17	13	18	12	19	55	20	1	21	72	22	90	23	17	24	33	25	29	26	42	27	94	28	58	29	61	30	75	31	53	32	14	33	3	34	93	35	100	36	89	37	1	38	89	39	65	40	40	41	63	42	25	43	44	44	6	45	63	46	26	47	80	48	44	49	58	
	0	80	1	69	2	93	3	26	4	85	5	40	6	39	7	49	8	74	9	11	10	89	11	10	12	75	13	31	14	74	15	15	16	50	17	22	18	79	19	94	20	56	21	27	22	45	23	94	24	4	25	86	26	62	27	47	28	65	29	62	30	90	31	99	32	51	33	65	34	30	35	71	36	33	37	18	38	44	39	41	40	94	41	42	42	26	43	79	44	1	45	13	46	30	47	5	48	32	49	93	
	0	83	1	69	2	30	3	30	4	80	5	68	6	97	7	68	8	29	9	58	10	68	11	2	12	54	13	67	14	56	15	76	16	87	17	84	18	82	19	67	20	29	21	73	22	57	23	89	24	29	25	33	26	94	27	75	28	27	29	48	30	74	31	69	32	91	33	98	34	67	35	1	36	83	37	19	38	7	39	16	40	92	41	79	42	82	43	79	44	92	45	49	46	99	47	1	48	61	49	65	
	0	55	1	66	2	29	3	93	4	91	5	47	6	85	7	87	8	32	9	13	10	88	11	36	12	28	13	32	14	60	15	43	16	2	17	22	18	52	19	89	20	6	21	26	22	75	23	99	24	37	25	2	26	92	27	23	28	81	29	52	30	88	31	5	32	46	33	60	34	24	35	77	36	72	37	81	38	27	39	69	40	16	41	91	42	32	43	56	44	34	45	4	46	37	47	15	48	13	49	43	
	0	26	1	93	2	71	3	80	4	93	5	38	6	91	7	79	8	23	9	76	10	18	11	73	12	23	13	21	14	46	15	97	16	14	17	53	18	6	19	5	20	59	21	29	22	2	23	92	24	77	25	34	26	13	27	96	28	12	29	56	30	46	31	5	32	29	33	34	34	34	35	92	36	15	37	43	38	6	39	46	40	59	41	40	42	44	43	1	44	27	45	28	46	34	47	33	48	63	49	49	
	0	26	1	85	2	16	3	12	4	89	5	93	6	19	7	85	8	13	9	69	10	42	11	18	12	11	13	95	14	98	15	18	16	81	17	17	18	81	19	2	20	20	21	46	22	66	23	54	24	98	25	99	26	16	27	63	28	71	29	96	30	27	31	74	32	26	33	80	34	79	35	37	36	31	37	38	38	100	39	73	40	9	41	5	42	94	43	86	44	30	45	55	46	99	47	84	48	14	49	88	
	0	14	1	24	2	10	3	5	4	19	5	48	6	1	7	59	8	29	9	53	10	82	11	97	12	51	13	62	14	81	15	63	16	72	17	9	18	71	19	35	20	65	21	26	22	41	23	94	24	22	25	16	26	64	27	67	28	86	29	44	30	5	31	75	32	55	33	81	34	16	35	61	36	82	37	73	38	7	39	54	40	51	41	39	42	49	43	1	44	62	45	10	46	12	47	37	48	10	49	23	
	0	76	1	7	2	91	3	16	4	18	5	3	6	7	7	71	8	86	9	60	10	97	11	45	12	13	13	64	14	40	15	28	16	94	17	91	18	15	19	93	20	7	21	35	22	50	23	92	24	5	25	64	26	12	27	82	28	46	29	74	30	26	31	85	32	96	33	76	34	57	35	83	36	47	37	85	38	88	39	4	40	82	41	34	42	42	43	49	44	94	45	10	46	84	47	30	48	64	49	94	
	0	2	1	8	2	2	3	50	4	73	5	89	6	26	7	62	8	77	9	95	10	8	11	42	12	72	13	67	14	93	15	68	16	51	17	35	18	72	19	71	20	51	21	50	22	5	23	45	24	81	25	7	26	93	27	6	28	36	29	58	30	10	31	8	32	44	33	26	34	63	35	52	36	13	37	70	38	20	39	30	40	61	41	75	42	72	43	78	44	67	45	50	46	76	47	40	48	5	49	40	
	0	62	1	25	2	97	3	29	4	54	5	72	6	40	7	71	8	97	9	87	10	59	11	64	12	23	13	3	14	84	15	83	16	43	17	59	18	73	19	2	20	75	21	22	22	44	23	92	24	29	25	73	26	44	27	25	28	53	29	55	30	7	31	90	32	96	33	67	34	93	35	83	36	51	37	44	38	24	39	57	40	78	41	89	42	7	43	62	44	41	45	48	46	45	47	7	48	53	49	29	
	0	15	1	57	2	54	3	100	4	95	5	84	6	68	7	59	8	78	9	9	10	13	11	75	12	21	13	57	14	39	15	50	16	32	17	21	18	95	19	41	20	58	21	25	22	29	23	4	24	61	25	17	26	23	27	99	28	89	29	82	30	33	31	74	32	89	33	8	34	95	35	9	36	72	37	84	38	40	39	32	40	18	41	46	42	49	43	82	44	60	45	77	46	74	47	21	48	38	49	94	
	0	73	1	7	2	76	3	71	4	46	5	69	6	16	7	36	8	76	9	71	10	4	11	92	12	68	13	44	14	51	15	99	16	48	17	36	18	41	19	53	20	66	21	97	22	64	23	35	24	12	25	77	26	67	27	18	28	30	29	24	30	22	31	19	32	91	33	37	34	56	35	91	36	71	37	23	38	38	39	28	40	81	41	74	42	56	43	82	44	13	45	45	46	86	47	1	48	87	49	39	
	0	29	1	5	2	24	3	1	4	20	5	49	6	37	7	83	8	66	9	32	10	2	11	3	12	81	13	59	14	3	15	37	16	77	17	49	18	51	19	2	20	96	21	32	22	6	23	34	24	66	25	50	26	85	27	80	28	86	29	70	30	46	31	20	32	4	33	98	34	57	35	9	36	65	37	59	38	68	39	70	40	5	41	39	42	30	43	31	44	59	45	80	46	75	47	49	48	88	49	69	
	0	15	1	66	2	49	3	14	4	16	5	36	6	7	7	89	8	67	9	25	10	91	11	11	12	78	13	24	14	30	15	63	16	86	17	63	18	40	19	21	20	48	21	88	22	72	23	96	24	63	25	39	26	48	27	58	28	89	29	82	30	47	31	35	32	9	33	56	34	75	35	26	36	73	37	36	38	66	39	75	40	4	41	25	42	4	43	72	44	60	45	23	46	52	47	43	48	46	49	9	
	0	56	1	64	2	59	3	62	4	63	5	45	6	32	7	84	8	35	9	94	10	90	11	39	12	7	13	99	14	24	15	63	16	71	17	45	18	94	19	61	20	43	21	97	22	42	23	79	24	50	25	8	26	26	27	12	28	52	29	32	30	38	31	34	32	74	33	24	34	23	35	44	36	63	37	51	38	13	39	8	40	12	41	55	42	62	43	42	44	65	45	26	46	89	47	23	48	4	49	54	
	0	42	1	20	2	10	3	85	4	96	5	39	6	12	7	76	8	93	9	33	10	44	11	65	12	1	13	15	14	38	15	100	16	6	17	98	18	22	19	14	20	47	21	89	22	29	23	6	24	49	25	29	26	96	27	74	28	11	29	85	30	60	31	34	32	67	33	57	34	31	35	40	36	91	37	54	38	23	39	91	40	5	41	68	42	35	43	9	44	39	45	70	46	44	47	53	48	42	49	67	
	0	70	1	67	2	90	3	26	4	32	5	23	6	59	7	29	8	92	9	64	10	71	11	92	12	12	13	13	14	80	15	56	16	34	17	47	18	73	19	27	20	63	21	78	22	85	23	66	24	25	25	10	26	85	27	85	28	15	29	62	30	40	31	36	32	2	33	68	34	33	35	76	36	29	37	1	38	67	39	98	40	93	41	40	42	28	43	60	44	83	45	94	46	96	47	97	48	20	49	92	
	0	58	1	10	2	32	3	64	4	47	5	74	6	74	7	31	8	50	9	68	10	52	11	80	12	32	13	29	14	54	15	51	16	56	17	74	18	29	19	88	20	99	21	19	22	83	23	71	24	66	25	37	26	14	27	2	28	97	29	11	30	68	31	16	32	65	33	79	34	25	35	34	36	54	37	62	38	99	39	60	40	83	41	53	42	46	43	67	44	38	45	38	46	70	47	38	48	83	49	44	
	0	96	1	14	2	97	3	94	4	11	5	43	6	14	7	80	8	57	9	92	10	5	11	43	12	45	13	36	14	90	15	71	16	71	17	15	18	13	19	60	20	50	21	53	22	99	23	90	24	18	25	37	26	78	27	3	28	83	29	14	30	39	31	54	32	98	33	44	34	91	35	69	36	15	37	21	38	95	39	16	40	87	41	16	42	42	43	49	44	5	45	26	46	58	47	77	48	37	49	84	
	0	57	1	9	2	77	3	81	4	10	5	90	6	16	7	61	8	64	9	11	10	56	11	96	12	92	13	60	14	98	15	36	16	91	17	61	18	81	19	42	20	10	21	1	22	10	23	88	24	42	25	61	26	40	27	32	28	12	29	29	30	84	31	1	32	83	33	61	34	91	35	90	36	5	37	46	38	35	39	25	40	7	41	7	42	28	43	19	44	12	45	95	46	65	47	62	48	82	49	89	
	0	88	1	48	2	90	3	88	4	95	5	17	6	94	7	90	8	8	9	100	10	44	11	4	12	4	13	5	14	25	15	35	16	36	17	55	18	7	19	8	20	56	21	81	22	33	23	67	24	29	25	30	26	14	27	38	28	7	29	41	30	49	31	75	32	44	33	45	34	36	35	20	36	37	37	17	38	2	39	30	40	94	41	28	42	55	43	16	44	96	45	56	46	64	47	77	48	28	49	28	
	0	81	1	54	2	7	3	82	4	60	5	31	6	86	7	99	8	95	9	34	10	75	11	30	12	38	13	57	14	73	15	83	16	38	17	89	18	2	19	80	20	62	21	23	22	35	23	79	24	93	25	71	26	25	27	71	28	40	29	41	30	55	31	53	32	78	33	100	34	31	35	76	36	74	37	2	38	3	39	8	40	93	41	54	42	58	43	80	44	18	45	92	46	76	47	84	48	23	49	39	
	0	42	1	50	2	62	3	14	4	2	5	32	6	52	7	85	8	23	9	62	10	65	11	60	12	86	13	30	14	26	15	80	16	85	17	62	18	13	19	9	20	45	21	87	22	60	23	94	24	24	25	96	26	21	27	4	28	91	29	50	30	68	31	11	32	67	33	53	34	1	35	50	36	79	37	41	38	70	39	16	40	70	41	24	42	43	43	25	44	23	45	59	46	62	47	24	48	97	49	45	
	0	18	1	80	2	78	3	79	4	63	5	54	6	20	7	22	8	66	9	65	10	96	11	75	12	71	13	84	14	67	15	48	16	77	17	5	18	94	19	13	20	3	21	62	22	21	23	18	24	74	25	86	26	12	27	24	28	50	29	75	30	94	31	84	32	77	33	19	34	72	35	71	36	62	37	34	38	15	39	68	40	91	41	42	42	90	43	73	44	20	45	66	46	82	47	33	48	97	49	73	
	0	31	1	67	2	38	3	43	4	64	5	59	6	85	7	41	8	12	9	46	10	92	11	14	12	53	13	31	14	90	15	74	16	10	17	1	18	49	19	43	20	84	21	73	22	99	23	12	24	25	25	30	26	62	27	38	28	6	29	44	30	96	31	79	32	7	33	49	34	91	35	97	36	69	37	39	38	94	39	87	40	43	41	99	42	42	43	99	44	22	45	80	46	81	47	28	48	8	49	32	
	0	25	1	20	2	16	3	47	4	13	5	43	6	81	7	1	8	89	9	87	10	49	11	42	12	3	13	99	14	72	15	86	16	43	17	38	18	62	19	72	20	19	21	40	22	17	23	32	24	96	25	32	26	84	27	48	28	70	29	90	30	94	31	84	32	34	33	22	34	99	35	54	36	55	37	59	38	62	39	89	40	22	41	29	42	63	43	39	44	83	45	48	46	92	47	42	48	61	49	89	
	0	7	1	59	2	14	3	36	4	55	5	93	6	77	7	88	8	36	9	62	10	9	11	16	12	40	13	33	14	87	15	35	16	5	17	43	18	27	19	39	20	57	21	32	22	92	23	56	24	21	25	78	26	50	27	15	28	78	29	57	30	46	31	6	32	50	33	75	34	73	35	14	36	99	37	42	38	73	39	64	40	34	41	35	42	9	43	26	44	11	45	87	46	88	47	49	48	93	49	38	
	0	14	1	85	2	72	3	49	4	83	5	49	6	91	7	43	8	1	9	49	10	58	11	99	12	25	13	70	14	25	15	94	16	13	17	95	18	3	19	32	20	5	21	83	22	49	23	62	24	48	25	100	26	65	27	26	28	62	29	80	30	40	31	38	32	88	33	63	34	61	35	64	36	28	37	3	38	81	39	71	40	8	41	75	42	24	43	92	44	34	45	56	46	80	47	60	48	50	49	59	
	0	94	1	29	2	32	3	1	4	14	5	60	6	12	7	17	8	20	9	25	10	68	11	42	12	85	13	96	14	1	15	89	16	39	17	24	18	10	19	2	20	74	21	2	22	59	23	16	24	16	25	16	26	18	27	96	28	40	29	22	30	56	31	42	32	60	33	42	34	70	35	86	36	100	37	68	38	62	39	30	40	75	41	22	42	70	43	57	44	21	45	27	46	57	47	29	48	54	49	3	
	0	14	1	86	2	95	3	11	4	22	5	35	6	27	7	15	8	28	9	46	10	69	11	43	12	51	13	87	14	85	15	56	16	80	17	91	18	13	19	8	20	91	21	79	22	38	23	52	24	13	25	36	26	76	27	15	28	76	29	61	30	23	31	4	32	31	33	64	34	92	35	63	36	80	37	3	38	32	39	93	40	61	41	59	42	59	43	80	44	71	45	40	46	21	47	1	48	54	49	11	
	0	51	1	32	2	57	3	91	4	65	5	80	6	69	7	91	8	57	9	94	10	10	11	15	12	76	13	83	14	78	15	75	16	64	17	21	18	95	19	61	20	22	21	14	22	68	23	6	24	53	25	53	26	92	27	71	28	89	29	51	30	94	31	62	32	78	33	49	34	9	35	72	36	13	37	48	38	20	39	43	40	89	41	73	42	66	43	73	44	38	45	84	46	54	47	100	48	20	49	26	
	0	69	1	29	2	95	3	86	4	57	5	59	6	20	7	9	8	17	9	81	10	11	11	92	12	42	13	16	14	39	15	83	16	27	17	24	18	88	19	33	20	52	21	55	22	44	23	95	24	62	25	95	26	42	27	95	28	67	29	65	30	59	31	57	32	52	33	62	34	71	35	13	36	37	37	63	38	48	39	48	40	44	41	37	42	53	43	66	44	30	45	46	46	2	47	9	48	15	49	68	
	0	68	1	59	2	25	3	87	4	34	5	77	6	72	7	19	8	91	9	4	10	6	11	44	12	30	13	35	14	46	15	65	16	68	17	99	18	79	19	33	20	40	21	27	22	51	23	89	24	74	25	63	26	49	27	31	28	59	29	67	30	53	31	96	32	76	33	10	34	14	35	100	36	94	37	50	38	6	39	55	40	13	41	39	42	66	43	12	44	89	45	71	46	100	47	55	48	71	49	60	
	0	36	1	77	2	85	3	90	4	79	5	19	6	66	7	1	8	23	9	72	10	17	11	58	12	12	13	47	14	8	15	22	16	35	17	45	18	20	19	16	20	34	21	88	22	36	23	100	24	35	25	94	26	16	27	54	28	55	29	17	30	9	31	12	32	27	33	51	34	78	35	60	36	5	37	80	38	58	39	22	40	73	41	7	42	29	43	78	44	18	45	2	46	84	47	51	48	21	49	54	
	0	2	1	55	2	49	3	6	4	81	5	27	6	30	7	48	8	74	9	31	10	65	11	74	12	41	13	24	14	24	15	48	16	61	17	22	18	87	19	40	20	72	21	36	22	70	23	14	24	70	25	62	26	17	27	85	28	85	29	86	30	95	31	55	32	54	33	16	34	59	35	37	36	22	37	65	38	79	39	68	40	100	41	35	42	7	43	33	44	95	45	94	46	56	47	35	48	15	49	19	
	0	82	1	46	2	70	3	14	4	31	5	28	6	49	7	79	8	27	9	68	10	29	11	81	12	50	13	41	14	52	15	42	16	80	17	20	18	5	19	56	20	77	21	74	22	73	23	98	24	24	25	17	26	99	27	47	28	18	29	24	30	31	31	71	32	98	33	83	34	18	35	83	36	3	37	66	38	38	39	88	40	6	41	15	42	78	43	93	44	4	45	78	46	70	47	30	48	60	49	24	
	0	37	1	81	2	76	3	32	4	58	5	63	6	22	7	59	8	41	9	60	10	51	11	60	12	27	13	76	14	15	15	96	16	90	17	81	18	42	19	26	20	53	21	50	22	59	23	57	24	15	25	67	26	36	27	97	28	2	29	28	30	87	31	65	32	82	33	36	34	44	35	52	36	43	37	30	38	16	39	75	40	69	41	79	42	14	43	38	44	36	45	63	46	24	47	54	48	41	49	99	
	0	97	1	66	2	73	3	84	4	90	5	56	6	84	7	41	8	88	9	35	10	100	11	15	12	9	13	59	14	84	15	1	16	18	17	13	18	40	19	8	20	5	21	68	22	28	23	57	24	35	25	54	26	97	27	59	28	75	29	100	30	4	31	37	32	43	33	30	34	70	35	39	36	7	37	62	38	37	39	9	40	36	41	10	42	10	43	84	44	98	45	22	46	47	47	93	48	14	49	36	
	0	88	1	89	2	63	3	56	4	53	5	51	6	7	7	84	8	79	9	34	10	51	11	77	12	81	13	2	14	69	15	88	16	2	17	66	18	98	19	47	20	78	21	33	22	48	23	93	24	42	25	34	26	57	27	17	28	84	29	10	30	95	31	12	32	63	33	36	34	96	35	9	36	51	37	51	38	62	39	89	40	78	41	48	42	67	43	68	44	37	45	80	46	42	47	94	48	27	49	42	
	0	99	1	93	2	87	3	22	4	49	5	16	6	56	7	69	8	16	9	41	10	21	11	69	12	89	13	21	14	91	15	6	16	86	17	88	18	44	19	23	20	82	21	36	22	22	23	70	24	9	25	66	26	53	27	70	28	70	29	91	30	38	31	11	32	74	33	42	34	29	35	61	36	19	37	76	38	89	39	74	40	5	41	62	42	88	43	31	44	8	45	99	46	18	47	46	48	79	49	41	
	0	80	1	77	2	49	3	33	4	2	5	7	6	15	7	63	8	68	9	8	10	58	11	76	12	70	13	60	14	15	15	75	16	43	17	9	18	9	19	68	20	41	21	81	22	85	23	36	24	96	25	54	26	85	27	6	28	93	29	21	30	64	31	71	32	25	33	3	34	71	35	96	36	39	37	64	38	38	39	22	40	34	41	74	42	93	43	91	44	8	45	25	46	77	47	24	48	25	49	41	
	0	31	1	76	2	88	3	69	4	48	5	34	6	5	7	56	8	96	9	39	10	39	11	94	12	9	13	3	14	72	15	16	16	7	17	82	18	36	19	37	20	18	21	49	22	79	23	52	24	100	25	98	26	40	27	23	28	38	29	77	30	27	31	11	32	25	33	48	34	73	35	99	36	18	37	62	38	91	39	99	40	48	41	81	42	97	43	30	44	26	45	97	46	18	47	55	48	13	49	78	
	0	82	1	61	2	87	3	66	4	3	5	98	6	98	7	41	8	45	9	18	10	56	11	73	12	17	13	61	14	92	15	93	16	81	17	38	18	83	19	2	20	38	21	81	22	21	23	69	24	71	25	12	26	95	27	5	28	66	29	58	30	86	31	85	32	69	33	48	34	17	35	98	36	3	37	52	38	87	39	86	40	84	41	65	42	96	43	30	44	87	45	5	46	4	47	62	48	8	49	71	
	0	23	1	86	2	31	3	84	4	60	5	94	6	72	7	89	8	71	9	39	10	48	11	95	12	33	13	53	14	16	15	92	16	8	17	56	18	13	19	10	20	96	21	11	22	81	23	84	24	38	25	62	26	82	27	46	28	32	29	67	30	41	31	90	32	14	33	72	34	85	35	62	36	72	37	95	38	77	39	64	40	48	41	38	42	68	43	100	44	82	45	88	46	76	47	90	48	36	49	94	
	0	51	1	92	2	48	3	63	4	87	5	16	6	83	7	77	8	29	9	31	10	12	11	89	12	89	13	78	14	96	15	98	16	16	17	61	18	81	19	67	20	82	21	86	22	53	23	83	24	18	25	84	26	78	27	89	28	17	29	4	30	12	31	54	32	100	33	54	34	44	35	7	36	63	37	57	38	17	39	89	40	27	41	34	42	56	43	39	44	99	45	75	46	88	47	9	48	48	49	79	
	0	80	1	47	2	78	3	74	4	97	5	54	6	67	7	7	8	13	9	5	10	2	11	82	12	14	13	73	14	68	15	32	16	11	17	65	18	21	19	66	20	28	21	72	22	10	23	70	24	22	25	89	26	84	27	42	28	40	29	41	30	17	31	27	32	92	33	9	34	66	35	81	36	13	37	3	38	5	39	85	40	81	41	79	42	8	43	7	44	52	45	11	46	75	47	91	48	14	49	75	
	0	88	1	68	2	54	3	4	4	86	5	59	6	15	7	67	8	44	9	82	10	30	11	34	12	11	13	9	14	86	15	48	16	82	17	67	18	2	19	62	20	46	21	9	22	45	23	19	24	31	25	28	26	16	27	4	28	54	29	21	30	91	31	4	32	97	33	22	34	90	35	98	36	65	37	89	38	57	39	74	40	95	41	28	42	84	43	60	44	47	45	12	46	97	47	29	48	37	49	91	
	0	98	1	14	2	53	3	37	4	58	5	53	6	54	7	92	8	16	9	63	10	15	11	55	12	53	13	33	14	80	15	25	16	16	17	21	18	88	19	56	20	35	21	57	22	80	23	52	24	4	25	66	26	35	27	18	28	89	29	50	30	52	31	21	32	2	33	4	34	78	35	100	36	94	37	38	38	50	39	32	40	1	41	45	42	88	43	57	44	45	45	69	46	40	47	96	48	59	49	100	
	0	12	1	43	2	54	3	52	4	52	5	65	6	63	7	49	8	5	9	70	10	95	11	41	12	98	13	59	14	6	15	64	16	93	17	42	18	49	19	32	20	23	21	43	22	55	23	98	24	84	25	44	26	30	27	16	28	42	29	92	30	93	31	62	32	92	33	72	34	53	35	3	36	42	37	96	38	17	39	85	40	92	41	12	42	87	43	73	44	57	45	34	46	54	47	10	48	62	49	63	
	0	33	1	18	2	12	3	18	4	6	5	10	6	15	7	78	8	33	9	54	10	17	11	49	12	64	13	72	14	100	15	50	16	36	17	23	18	23	19	20	20	18	21	81	22	84	23	36	24	67	25	99	26	58	27	16	28	94	29	77	30	18	31	3	32	52	33	21	34	82	35	25	36	74	37	64	38	45	39	92	40	20	41	72	42	31	43	98	44	49	45	94	46	76	47	37	48	88	49	99	
	0	39	1	6	2	58	3	7	4	45	5	97	6	97	7	10	8	16	9	97	10	97	11	26	12	80	13	78	14	14	15	39	16	97	17	83	18	35	19	94	20	63	21	39	22	58	23	29	24	85	25	83	26	56	27	11	28	4	29	17	30	53	31	88	32	69	33	13	34	8	35	77	36	44	37	97	38	9	39	18	40	21	41	76	42	93	43	13	44	71	45	48	46	78	47	75	48	16	49	40	
	0	81	1	62	2	47	3	69	4	80	5	37	6	70	7	33	8	81	9	5	10	88	11	63	12	41	13	48	14	98	15	69	16	34	17	72	18	7	19	67	20	30	21	55	22	78	23	38	24	76	25	50	26	77	27	45	28	44	29	17	30	60	31	45	32	19	33	16	34	39	35	80	36	93	37	60	38	96	39	80	40	92	41	94	42	89	43	37	44	18	45	73	46	82	47	92	48	23	49	60	
	0	28	1	83	2	52	3	50	4	79	5	70	6	32	7	33	8	54	9	37	10	13	11	30	12	28	13	78	14	43	15	38	16	69	17	98	18	10	19	59	20	92	21	95	22	89	23	7	24	78	25	76	26	40	27	99	28	69	29	76	30	70	31	96	32	46	33	29	34	24	35	26	36	39	37	73	38	79	39	93	40	36	41	49	42	93	43	40	44	30	45	10	46	31	47	19	48	79	49	85	
	0	46	1	49	2	70	3	66	4	96	5	40	6	31	7	44	8	42	9	20	10	14	11	93	12	29	13	50	14	33	15	45	16	21	17	67	18	31	19	14	20	94	21	83	22	80	23	7	24	94	25	38	26	31	27	89	28	73	29	2	30	45	31	23	32	89	33	83	34	97	35	54	36	1	37	44	38	52	39	45	40	72	41	82	42	97	43	52	44	78	45	80	46	17	47	15	48	100	49	13	
	0	90	1	70	2	81	3	23	4	23	5	60	6	42	7	65	8	14	9	48	10	19	11	36	12	21	13	66	14	24	15	19	16	70	17	15	18	7	19	16	20	97	21	83	22	83	23	28	24	88	25	28	26	54	27	95	28	86	29	84	30	72	31	17	32	49	33	25	34	48	35	41	36	60	37	12	38	5	39	71	40	89	41	79	42	2	43	80	44	12	45	45	46	30	47	67	48	56	49	68	
	0	80	1	21	2	46	3	99	4	98	5	70	6	9	7	34	8	37	9	30	10	41	11	90	12	21	13	86	14	68	15	30	16	59	17	68	18	99	19	83	20	13	21	67	22	33	23	93	24	50	25	20	26	67	27	55	28	4	29	34	30	56	31	42	32	18	33	40	34	60	35	91	36	50	37	73	38	8	39	21	40	59	41	91	42	41	43	2	44	84	45	84	46	19	47	1	48	46	49	74	
	0	88	1	90	2	21	3	33	4	74	5	95	6	99	7	22	8	13	9	74	10	81	11	89	12	90	13	88	14	70	15	28	16	5	17	68	18	58	19	100	20	11	21	38	22	76	23	8	24	21	25	80	26	24	27	12	28	77	29	67	30	61	31	73	32	95	33	79	34	94	35	25	36	99	37	88	38	17	39	31	40	49	41	5	42	37	43	70	44	37	45	35	46	13	47	88	48	91	49	39	
	0	94	1	79	2	44	3	33	4	48	5	78	6	31	7	96	8	22	9	61	10	79	11	84	12	72	13	53	14	92	15	71	16	30	17	92	18	24	19	45	20	60	21	31	22	90	23	87	24	1	25	79	26	15	27	26	28	81	29	3	30	17	31	78	32	15	33	86	34	39	35	1	36	35	37	65	38	31	39	67	40	53	41	35	42	60	43	27	44	98	45	36	46	32	47	31	48	37	49	93	
	0	19	1	9	2	3	3	42	4	5	5	10	6	40	7	100	8	93	9	74	10	15	11	34	12	3	13	38	14	24	15	46	16	10	17	55	18	8	19	56	20	99	21	55	22	93	23	42	24	89	25	96	26	57	27	48	28	6	29	33	30	58	31	65	32	94	33	13	34	52	35	23	36	35	37	9	38	98	39	59	40	30	41	6	42	3	43	76	44	25	45	72	46	41	47	86	48	43	49	34	
	0	77	1	16	2	16	3	29	4	55	5	23	6	2	7	84	8	35	9	91	10	25	11	95	12	21	13	50	14	58	15	33	16	17	17	4	18	21	19	88	20	68	21	30	22	4	23	83	24	97	25	87	26	16	27	14	28	75	29	66	30	26	31	14	32	12	33	86	34	11	35	6	36	94	37	25	38	2	39	75	40	17	41	6	42	31	43	75	44	51	45	22	46	30	47	48	48	36	49	63	
	0	77	1	31	2	22	3	96	4	91	5	1	6	16	7	13	8	98	9	74	10	74	11	83	12	5	13	81	14	15	15	60	16	63	17	68	18	7	19	76	20	18	21	36	22	8	23	4	24	48	25	51	26	23	27	13	28	11	29	42	30	39	31	68	32	33	33	18	34	99	35	30	36	97	37	78	38	22	39	95	40	21	41	78	42	1	43	68	44	85	45	4	46	64	47	82	48	72	49	96	
	0	97	1	65	2	50	3	4	4	90	5	24	6	94	7	49	8	93	9	1	10	81	11	64	12	83	13	29	14	4	15	81	16	27	17	22	18	92	19	53	20	94	21	73	22	4	23	36	24	32	25	21	26	1	27	45	28	4	29	62	30	58	31	23	32	28	33	43	34	89	35	26	36	92	37	53	38	34	39	19	40	90	41	96	42	40	43	21	44	16	45	36	46	94	47	44	48	7	49	86	
	0	53	1	40	2	15	3	15	4	35	5	87	6	67	7	98	8	19	9	4	10	79	11	6	12	57	13	23	14	5	15	6	16	84	17	11	18	86	19	56	20	81	21	12	22	54	23	81	24	23	25	94	26	66	27	75	28	16	29	19	30	46	31	6	32	83	33	87	34	66	35	92	36	50	37	34	38	95	39	24	40	100	41	85	42	93	43	67	44	93	45	18	46	75	47	98	48	71	49	10	
	0	44	1	85	2	34	3	35	4	51	5	52	6	22	7	75	8	97	9	99	10	52	11	98	12	84	13	100	14	79	15	44	16	76	17	90	18	78	19	75	20	24	21	10	22	4	23	26	24	70	25	17	26	7	27	78	28	75	29	24	30	45	31	68	32	65	33	56	34	69	35	74	36	79	37	26	38	31	39	71	40	57	41	83	42	84	43	13	44	70	45	50	46	93	47	64	48	19	49	55	
	0	49	1	33	2	5	3	48	4	90	5	98	6	94	7	91	8	57	9	61	10	40	11	51	12	55	13	68	14	91	15	16	16	86	17	92	18	14	19	74	20	72	21	55	22	94	23	70	24	94	25	76	26	51	27	75	28	84	29	49	30	40	31	88	32	5	33	51	34	66	35	59	36	95	37	83	38	92	39	43	40	85	41	2	42	2	43	67	44	33	45	23	46	8	47	18	48	85	49	40	
	0	75	1	40	2	25	3	54	4	44	5	35	6	16	7	35	8	48	9	40	10	77	11	63	12	67	13	4	14	73	15	55	16	64	17	26	18	58	19	5	20	54	21	71	22	98	23	60	24	14	25	81	26	6	27	21	28	2	29	82	30	47	31	44	32	42	33	37	34	96	35	53	36	46	37	47	38	93	39	78	40	28	41	87	42	36	43	65	44	100	45	61	46	53	47	56	48	74	49	13	
	0	8	1	41	2	94	3	64	4	96	5	57	6	55	7	24	8	87	9	81	10	11	11	80	12	10	13	67	14	4	15	19	16	35	17	83	18	46	19	94	20	10	21	97	22	3	23	66	24	8	25	4	26	83	27	45	28	97	29	26	30	96	31	88	32	41	33	10	34	98	35	25	36	100	37	44	38	14	39	80	40	92	41	87	42	5	43	47	44	48	45	25	46	36	47	32	48	98	49	61	
	0	58	1	59	2	77	3	73	4	90	5	96	6	50	7	3	8	55	9	13	10	65	11	73	12	23	13	28	14	41	15	66	16	56	17	48	18	16	19	64	20	46	21	97	22	44	23	92	24	38	25	5	26	76	27	42	28	67	29	44	30	51	31	86	32	63	33	8	34	72	35	16	36	97	37	98	38	97	39	15	40	50	41	20	42	30	43	73	44	94	45	4	46	27	47	98	48	37	49	75	
	0	74	1	59	2	20	3	64	4	4	5	72	6	67	7	84	8	82	9	18	10	28	11	97	12	24	13	23	14	33	15	23	16	61	17	51	18	10	19	35	20	27	21	67	22	3	23	76	24	46	25	21	26	78	27	84	28	60	29	8	30	58	31	15	32	33	33	48	34	87	35	48	36	88	37	70	38	92	39	49	40	74	41	13	42	7	43	57	44	17	45	99	46	68	47	61	48	54	49	94	
	0	67	1	71	2	14	3	76	4	9	5	47	6	23	7	79	8	50	9	53	10	87	11	80	12	25	13	96	14	53	15	15	16	75	17	29	18	3	19	90	20	9	21	15	22	100	23	6	24	45	25	59	26	20	27	79	28	92	29	50	30	82	31	62	32	76	33	62	34	78	35	1	36	57	37	98	38	12	39	86	40	30	41	86	42	57	43	69	44	83	45	6	46	70	47	32	48	77	49	83	
	0	30	1	14	2	45	3	20	4	41	5	31	6	69	7	20	8	27	9	10	10	73	11	53	12	57	13	93	14	24	15	1	16	32	17	15	18	44	19	13	20	93	21	22	22	11	23	51	24	2	25	8	26	39	27	92	28	4	29	3	30	100	31	3	32	20	33	87	34	50	35	54	36	20	37	20	38	72	39	95	40	2	41	97	42	27	43	31	44	8	45	9	46	27	47	67	48	16	49	30	
	0	72	1	60	2	82	3	91	4	81	5	72	6	62	7	60	8	31	9	51	10	71	11	76	12	52	13	32	14	39	15	28	16	23	17	26	18	40	19	75	20	97	21	80	22	14	23	48	24	46	25	25	26	29	27	44	28	66	29	40	30	70	31	69	32	90	33	38	34	92	35	49	36	54	37	6	38	60	39	2	40	78	41	43	42	12	43	19	44	66	45	23	46	76	47	34	48	39	49	84	