200 40 1
40
	0	12	1	54	2	72	3	43	4	58	5	4	6	51	7	8	8	80	9	66	10	38	11	77	12	33	13	6	14	96	15	20	16	73	17	43	18	54	19	79	20	28	21	23	22	55	23	43	24	20	25	7	26	28	27	98	28	17	29	27	30	1	31	92	32	93	33	14	34	40	35	66	36	61	37	43	38	46	39	62	
	0	77	1	98	2	8	3	19	4	72	5	100	6	11	7	64	8	81	9	41	10	72	11	59	12	78	13	16	14	96	15	32	16	58	17	42	18	15	19	93	20	26	21	61	22	76	23	48	24	68	25	60	26	85	27	67	28	56	29	20	30	21	31	97	32	80	33	9	34	53	35	95	36	48	37	11	38	7	39	92	
	0	55	1	60	2	86	3	62	4	46	5	46	6	70	7	7	8	95	9	67	10	39	11	91	12	38	13	77	14	38	15	5	16	39	17	53	18	16	19	10	20	3	21	99	22	28	23	95	24	81	25	67	26	4	27	25	28	57	29	76	30	84	31	2	32	33	33	59	34	67	35	80	36	36	37	64	38	94	39	95	
	0	17	1	60	2	3	3	66	4	8	5	22	6	39	7	78	8	24	9	27	10	20	11	85	12	25	13	1	14	59	15	42	16	52	17	13	18	34	19	38	20	42	21	13	22	54	23	19	24	34	25	5	26	23	27	10	28	8	29	27	30	73	31	22	32	35	33	34	34	79	35	85	36	61	37	72	38	59	39	48	
	0	62	1	43	2	82	3	98	4	47	5	34	6	58	7	90	8	90	9	9	10	2	11	73	12	80	13	66	14	36	15	3	16	42	17	4	18	35	19	11	20	45	21	98	22	41	23	22	24	65	25	50	26	56	27	57	28	76	29	84	30	21	31	83	32	81	33	1	34	93	35	8	36	68	37	65	38	96	39	97	
	0	25	1	57	2	92	3	62	4	86	5	31	6	96	7	62	8	73	9	83	10	62	11	67	12	95	13	46	14	99	15	17	16	39	17	78	18	37	19	17	20	87	21	2	22	39	23	78	24	41	25	62	26	73	27	4	28	53	29	94	30	23	31	13	32	7	33	71	34	85	35	37	36	41	37	98	38	45	39	67	
	0	52	1	30	2	65	3	59	4	60	5	90	6	23	7	83	8	5	9	84	10	83	11	9	12	52	13	45	14	52	15	22	16	91	17	36	18	39	19	45	20	10	21	59	22	81	23	79	24	59	25	44	26	20	27	71	28	45	29	34	30	78	31	32	32	77	33	69	34	95	35	94	36	30	37	19	38	100	39	74	
	0	55	1	34	2	45	3	81	4	7	5	82	6	95	7	36	8	21	9	88	10	26	11	23	12	58	13	89	14	99	15	79	16	49	17	73	18	26	19	79	20	81	21	61	22	29	23	99	24	18	25	64	26	96	27	48	28	66	29	5	30	68	31	4	32	46	33	66	34	67	35	73	36	86	37	88	38	73	39	9	
	0	73	1	99	2	23	3	6	4	54	5	46	6	42	7	69	8	45	9	97	10	18	11	25	12	47	13	39	14	16	15	16	16	30	17	94	18	37	19	69	20	15	21	11	22	62	23	42	24	37	25	14	26	58	27	82	28	15	29	91	30	95	31	88	32	58	33	7	34	5	35	86	36	66	37	18	38	96	39	29	
	0	79	1	75	2	85	3	86	4	76	5	1	6	84	7	49	8	97	9	5	10	85	11	86	12	22	13	77	14	13	15	32	16	32	17	28	18	37	19	79	20	94	21	53	22	27	23	100	24	96	25	94	26	68	27	72	28	33	29	40	30	6	31	10	32	88	33	21	34	70	35	8	36	67	37	67	38	13	39	68	
	0	67	1	4	2	25	3	74	4	39	5	88	6	7	7	50	8	91	9	74	10	57	11	17	12	32	13	39	14	18	15	68	16	75	17	2	18	25	19	83	20	36	21	21	22	56	23	29	24	19	25	53	26	73	27	21	28	10	29	36	30	15	31	15	32	40	33	43	34	72	35	93	36	81	37	20	38	10	39	55	
	0	34	1	18	2	41	3	15	4	29	5	72	6	12	7	89	8	60	9	5	10	44	11	80	12	59	13	56	14	37	15	6	16	71	17	37	18	99	19	65	20	89	21	100	22	30	23	59	24	57	25	78	26	62	27	68	28	53	29	64	30	84	31	29	32	17	33	99	34	5	35	9	36	5	37	74	38	5	39	79	
	0	85	1	97	2	7	3	53	4	93	5	34	6	75	7	68	8	98	9	24	10	83	11	50	12	50	13	76	14	86	15	35	16	52	17	65	18	64	19	94	20	7	21	28	22	71	23	90	24	9	25	20	26	94	27	63	28	91	29	81	30	93	31	33	32	44	33	48	34	60	35	8	36	99	37	31	38	37	39	41	
	0	75	1	73	2	13	3	94	4	59	5	68	6	99	7	50	8	87	9	9	10	42	11	39	12	98	13	82	14	36	15	15	16	33	17	39	18	83	19	1	20	52	21	78	22	43	23	69	24	16	25	68	26	23	27	37	28	65	29	62	30	38	31	47	32	99	33	98	34	78	35	45	36	1	37	55	38	32	39	79	
	0	13	1	12	2	94	3	19	4	27	5	63	6	3	7	27	8	60	9	27	10	81	11	8	12	19	13	20	14	33	15	65	16	77	17	35	18	43	19	94	20	38	21	47	22	52	23	95	24	60	25	14	26	94	27	61	28	59	29	42	30	39	31	7	32	66	33	87	34	18	35	67	36	94	37	77	38	76	39	95	
	0	24	1	28	2	15	3	79	4	26	5	44	6	81	7	2	8	63	9	4	10	24	11	29	12	99	13	59	14	97	15	85	16	28	17	85	18	91	19	100	20	94	21	88	22	86	23	70	24	18	25	6	26	18	27	74	28	14	29	72	30	26	31	44	32	25	33	77	34	25	35	11	36	30	37	18	38	33	39	83	
	0	6	1	98	2	43	3	93	4	92	5	21	6	94	7	96	8	9	9	15	10	7	11	57	12	46	13	26	14	99	15	7	16	94	17	65	18	5	19	36	20	12	21	91	22	31	23	80	24	13	25	32	26	16	27	34	28	2	29	61	30	51	31	10	32	35	33	51	34	19	35	67	36	20	37	82	38	88	39	94	
	0	81	1	71	2	94	3	8	4	74	5	71	6	68	7	80	8	20	9	33	10	95	11	13	12	24	13	59	14	34	15	27	16	61	17	8	18	23	19	30	20	36	21	25	22	36	23	1	24	36	25	82	26	44	27	69	28	88	29	10	30	37	31	57	32	47	33	83	34	23	35	50	36	51	37	40	38	74	39	75	
	0	42	1	72	2	29	3	34	4	81	5	3	6	38	7	31	8	70	9	13	10	67	11	3	12	5	13	43	14	48	15	45	16	83	17	3	18	71	19	65	20	96	21	44	22	38	23	2	24	4	25	2	26	22	27	2	28	16	29	60	30	29	31	45	32	39	33	95	34	18	35	86	36	44	37	80	38	33	39	10	
	0	55	1	63	2	27	3	71	4	56	5	71	6	91	7	14	8	31	9	90	10	43	11	30	12	55	13	25	14	50	15	4	16	42	17	76	18	4	19	12	20	95	21	84	22	49	23	14	24	87	25	91	26	38	27	86	28	24	29	74	30	5	31	49	32	64	33	82	34	28	35	72	36	70	37	56	38	29	39	100	
	0	76	1	54	2	45	3	57	4	94	5	32	6	7	7	13	8	62	9	21	10	64	11	4	12	78	13	52	14	14	15	85	16	34	17	18	18	14	19	36	20	59	21	80	22	83	23	68	24	89	25	22	26	61	27	37	28	59	29	19	30	82	31	70	32	79	33	53	34	84	35	97	36	28	37	54	38	76	39	35	
	0	61	1	85	2	39	3	43	4	57	5	90	6	32	7	19	8	16	9	49	10	41	11	70	12	58	13	50	14	48	15	35	16	50	17	91	18	22	19	78	20	11	21	75	22	26	23	85	24	98	25	82	26	49	27	70	28	83	29	50	30	69	31	47	32	42	33	96	34	16	35	44	36	94	37	37	38	47	39	88	
	0	42	1	77	2	4	3	71	4	24	5	57	6	58	7	77	8	19	9	37	10	80	11	96	12	53	13	49	14	65	15	53	16	59	17	9	18	11	19	56	20	69	21	8	22	37	23	81	24	93	25	22	26	19	27	83	28	14	29	23	30	62	31	80	32	3	33	36	34	38	35	44	36	39	37	33	38	18	39	3	
	0	81	1	80	2	98	3	94	4	85	5	16	6	62	7	26	8	100	9	66	10	34	11	44	12	70	13	54	14	70	15	28	16	42	17	72	18	41	19	77	20	56	21	4	22	3	23	7	24	18	25	28	26	76	27	92	28	12	29	49	30	15	31	45	32	19	33	28	34	56	35	68	36	49	37	41	38	79	39	92	
	0	35	1	37	2	27	3	9	4	87	5	26	6	82	7	34	8	29	9	84	10	41	11	45	12	90	13	42	14	80	15	72	16	65	17	99	18	37	19	19	20	99	21	9	22	11	23	7	24	41	25	22	26	75	27	55	28	47	29	39	30	38	31	66	32	75	33	42	34	73	35	67	36	72	37	72	38	46	39	1	
	0	47	1	19	2	4	3	87	4	89	5	70	6	19	7	9	8	55	9	15	10	65	11	25	12	51	13	2	14	81	15	36	16	35	17	56	18	23	19	57	20	28	21	35	22	48	23	65	24	12	25	5	26	32	27	98	28	93	29	73	30	30	31	30	32	58	33	97	34	9	35	63	36	21	37	34	38	62	39	36	
	0	81	1	42	2	5	3	67	4	60	5	44	6	28	7	90	8	69	9	99	10	34	11	65	12	43	13	48	14	30	15	37	16	87	17	59	18	85	19	35	20	77	21	16	22	6	23	80	24	92	25	74	26	57	27	26	28	93	29	6	30	54	31	65	32	45	33	22	34	60	35	88	36	96	37	86	38	38	39	83	
	0	55	1	35	2	70	3	64	4	29	5	79	6	26	7	78	8	86	9	94	10	40	11	81	12	37	13	42	14	34	15	9	16	32	17	23	18	6	19	55	20	22	21	61	22	3	23	38	24	69	25	10	26	11	27	80	28	93	29	33	30	1	31	32	32	66	33	37	34	87	35	100	36	26	37	64	38	49	39	91	
	0	59	1	95	2	35	3	4	4	80	5	19	6	14	7	71	8	66	9	2	10	35	11	90	12	99	13	44	14	61	15	21	16	19	17	5	18	5	19	95	20	60	21	96	22	39	23	80	24	32	25	79	26	76	27	3	28	45	29	22	30	75	31	97	32	29	33	18	34	5	35	89	36	91	37	22	38	2	39	71	
	0	22	1	24	2	33	3	32	4	33	5	50	6	36	7	23	8	69	9	41	10	54	11	82	12	16	13	28	14	86	15	17	16	7	17	86	18	89	19	92	20	39	21	49	22	59	23	88	24	92	25	47	26	87	27	75	28	46	29	83	30	53	31	65	32	53	33	66	34	86	35	84	36	40	37	28	38	28	39	100	
	0	94	1	17	2	71	3	96	4	38	5	80	6	79	7	73	8	38	9	99	10	75	11	80	12	76	13	34	14	19	15	60	16	20	17	15	18	7	19	10	20	68	21	15	22	81	23	57	24	17	25	34	26	50	27	94	28	12	29	69	30	40	31	20	32	19	33	41	34	83	35	25	36	74	37	57	38	10	39	69	
	0	5	1	92	2	45	3	9	4	51	5	65	6	18	7	60	8	73	9	72	10	29	11	74	12	50	13	38	14	89	15	98	16	4	17	61	18	88	19	18	20	28	21	98	22	70	23	2	24	82	25	69	26	3	27	62	28	24	29	74	30	23	31	33	32	57	33	15	34	60	35	86	36	9	37	25	38	67	39	22	
	0	48	1	95	2	7	3	36	4	68	5	95	6	12	7	85	8	9	9	60	10	32	11	17	12	1	13	10	14	76	15	40	16	36	17	52	18	94	19	86	20	7	21	28	22	86	23	84	24	60	25	10	26	35	27	3	28	9	29	71	30	12	31	28	32	63	33	41	34	96	35	59	36	66	37	7	38	99	39	22	
	0	56	1	65	2	35	3	66	4	50	5	14	6	8	7	92	8	14	9	76	10	4	11	81	12	11	13	59	14	51	15	63	16	8	17	83	18	78	19	53	20	45	21	98	22	35	23	91	24	80	25	64	26	5	27	15	28	31	29	81	30	34	31	53	32	5	33	78	34	48	35	65	36	92	37	18	38	32	39	22	
	0	83	1	60	2	22	3	19	4	54	5	77	6	89	7	43	8	95	9	80	10	46	11	75	12	7	13	95	14	81	15	71	16	34	17	17	18	20	19	29	20	91	21	45	22	14	23	29	24	24	25	94	26	47	27	10	28	75	29	13	30	73	31	16	32	19	33	4	34	51	35	41	36	26	37	5	38	18	39	49	
	0	27	1	27	2	10	3	17	4	47	5	25	6	86	7	67	8	29	9	89	10	17	11	28	12	52	13	37	14	9	15	52	16	46	17	48	18	37	19	58	20	82	21	3	22	75	23	16	24	22	25	88	26	84	27	30	28	16	29	41	30	48	31	76	32	27	33	26	34	27	35	99	36	54	37	61	38	79	39	36	
	0	37	1	34	2	91	3	48	4	4	5	34	6	75	7	20	8	62	9	26	10	37	11	92	12	14	13	5	14	58	15	11	16	80	17	24	18	20	19	94	20	63	21	70	22	29	23	43	24	7	25	99	26	92	27	58	28	4	29	86	30	86	31	78	32	91	33	94	34	70	35	61	36	63	37	67	38	10	39	89	
	0	91	1	50	2	60	3	9	4	51	5	59	6	74	7	33	8	2	9	64	10	23	11	66	12	12	13	35	14	47	15	89	16	88	17	13	18	1	19	53	20	81	21	97	22	59	23	85	24	57	25	43	26	62	27	36	28	11	29	42	30	49	31	73	32	11	33	86	34	77	35	87	36	12	37	20	38	15	39	58	
	0	35	1	44	2	14	3	57	4	91	5	12	6	7	7	43	8	48	9	83	10	11	11	32	12	92	13	77	14	16	15	61	16	5	17	7	18	37	19	8	20	26	21	35	22	16	23	87	24	65	25	17	26	5	27	20	28	90	29	33	30	77	31	18	32	46	33	4	34	76	35	63	36	67	37	42	38	33	39	5	
	0	57	1	63	2	33	3	72	4	26	5	27	6	80	7	65	8	58	9	21	10	4	11	73	12	36	13	95	14	6	15	58	16	90	17	91	18	47	19	7	20	33	21	65	22	64	23	56	24	53	25	88	26	18	27	4	28	57	29	57	30	5	31	38	32	38	33	20	34	56	35	32	36	66	37	58	38	54	39	70	
	0	52	1	80	2	69	3	20	4	27	5	33	6	29	7	19	8	12	9	87	10	3	11	85	12	65	13	76	14	55	15	17	16	55	17	9	18	63	19	45	20	65	21	80	22	47	23	76	24	15	25	38	26	23	27	12	28	10	29	99	30	100	31	40	32	63	33	38	34	75	35	4	36	45	37	6	38	19	39	73	
	0	73	1	59	2	82	3	73	4	73	5	96	6	16	7	1	8	73	9	53	10	52	11	97	12	74	13	4	14	7	15	81	16	64	17	52	18	46	19	4	20	60	21	50	22	16	23	75	24	91	25	14	26	7	27	77	28	10	29	34	30	85	31	86	32	67	33	78	34	23	35	15	36	61	37	94	38	61	39	75	
	0	25	1	5	2	63	3	60	4	89	5	8	6	65	7	90	8	53	9	32	10	98	11	69	12	8	13	66	14	60	15	78	16	25	17	91	18	44	19	15	20	92	21	28	22	55	23	88	24	56	25	84	26	91	27	31	28	66	29	9	30	19	31	89	32	36	33	57	34	99	35	50	36	49	37	93	38	40	39	46	
	0	71	1	21	2	3	3	78	4	31	5	99	6	2	7	51	8	95	9	91	10	74	11	27	12	37	13	84	14	58	15	84	16	95	17	61	18	61	19	18	20	80	21	62	22	50	23	93	24	19	25	78	26	33	27	56	28	60	29	10	30	46	31	11	32	44	33	31	34	31	35	19	36	49	37	82	38	15	39	72	
	0	35	1	53	2	54	3	84	4	41	5	55	6	8	7	6	8	57	9	21	10	33	11	2	12	83	13	80	14	2	15	72	16	69	17	78	18	88	19	81	20	44	21	52	22	69	23	27	24	62	25	70	26	92	27	60	28	93	29	99	30	67	31	50	32	48	33	37	34	80	35	18	36	45	37	73	38	37	39	6	
	0	80	1	92	2	96	3	50	4	98	5	57	6	51	7	29	8	66	9	90	10	13	11	82	12	53	13	43	14	47	15	7	16	80	17	30	18	62	19	10	20	5	21	1	22	30	23	88	24	58	25	27	26	6	27	57	28	77	29	53	30	15	31	71	32	45	33	26	34	53	35	79	36	2	37	81	38	37	39	78	
	0	82	1	79	2	42	3	13	4	24	5	41	6	90	7	27	8	10	9	87	10	32	11	88	12	98	13	41	14	52	15	20	16	57	17	75	18	74	19	62	20	45	21	8	22	57	23	23	24	29	25	31	26	65	27	71	28	95	29	93	30	20	31	89	32	66	33	27	34	58	35	44	36	57	37	37	38	95	39	71	
	0	77	1	9	2	82	3	83	4	67	5	58	6	89	7	16	8	78	9	68	10	100	11	92	12	48	13	33	14	54	15	20	16	95	17	23	18	39	19	41	20	88	21	100	22	68	23	47	24	68	25	55	26	34	27	82	28	56	29	65	30	78	31	22	32	43	33	24	34	65	35	49	36	34	37	93	38	12	39	97	
	0	31	1	60	2	39	3	4	4	31	5	5	6	60	7	62	8	7	9	98	10	47	11	9	12	94	13	35	14	96	15	12	16	90	17	56	18	81	19	36	20	64	21	13	22	39	23	73	24	25	25	36	26	36	27	40	28	16	29	41	30	15	31	46	32	2	33	66	34	47	35	4	36	57	37	3	38	53	39	3	
	0	65	1	24	2	34	3	80	4	93	5	30	6	86	7	32	8	99	9	8	10	68	11	77	12	26	13	46	14	70	15	88	16	36	17	13	18	79	19	55	20	24	21	91	22	88	23	49	24	18	25	66	26	9	27	98	28	24	29	92	30	31	31	85	32	5	33	53	34	7	35	8	36	100	37	56	38	12	39	22	
	0	31	1	85	2	6	3	65	4	5	5	20	6	83	7	47	8	71	9	20	10	83	11	35	12	67	13	46	14	61	15	88	16	79	17	37	18	36	19	25	20	85	21	27	22	48	23	17	24	80	25	9	26	15	27	44	28	96	29	54	30	52	31	95	32	26	33	6	34	55	35	72	36	51	37	66	38	37	39	77	
	0	66	1	67	2	12	3	95	4	61	5	87	6	56	7	36	8	53	9	33	10	77	11	10	12	99	13	25	14	1	15	63	16	96	17	37	18	57	19	9	20	72	21	71	22	32	23	47	24	76	25	50	26	36	27	99	28	29	29	17	30	18	31	80	32	1	33	19	34	20	35	11	36	73	37	21	38	50	39	81	
	0	84	1	91	2	63	3	43	4	100	5	46	6	66	7	7	8	47	9	31	10	81	11	85	12	93	13	79	14	33	15	46	16	61	17	23	18	68	19	41	20	90	21	56	22	36	23	78	24	77	25	8	26	89	27	79	28	84	29	13	30	59	31	99	32	73	33	39	34	18	35	18	36	1	37	8	38	59	39	45	
	0	88	1	24	2	68	3	63	4	47	5	76	6	91	7	40	8	18	9	3	10	75	11	34	12	36	13	40	14	33	15	72	16	88	17	95	18	19	19	80	20	34	21	51	22	83	23	77	24	59	25	37	26	79	27	19	28	93	29	54	30	20	31	56	32	3	33	64	34	53	35	75	36	2	37	31	38	98	39	60	
	0	14	1	88	2	46	3	6	4	20	5	68	6	71	7	65	8	64	9	58	10	13	11	69	12	74	13	6	14	6	15	29	16	89	17	17	18	1	19	36	20	2	21	46	22	17	23	1	24	92	25	40	26	69	27	5	28	21	29	3	30	10	31	27	32	25	33	73	34	77	35	66	36	1	37	61	38	15	39	95	
	0	8	1	82	2	23	3	30	4	77	5	74	6	20	7	89	8	73	9	35	10	45	11	11	12	41	13	60	14	61	15	28	16	64	17	42	18	95	19	34	20	85	21	17	22	95	23	85	24	23	25	54	26	71	27	85	28	76	29	42	30	97	31	28	32	60	33	40	34	78	35	43	36	19	37	96	38	61	39	77	
	0	83	1	56	2	34	3	39	4	37	5	33	6	54	7	72	8	13	9	35	10	27	11	41	12	49	13	88	14	48	15	58	16	56	17	70	18	48	19	15	20	33	21	76	22	45	23	25	24	8	25	10	26	17	27	69	28	99	29	36	30	4	31	35	32	89	33	78	34	52	35	13	36	48	37	81	38	46	39	27	
	0	29	1	20	2	38	3	67	4	74	5	46	6	47	7	97	8	84	9	55	10	96	11	73	12	51	13	50	14	71	15	6	16	48	17	30	18	17	19	3	20	26	21	13	22	23	23	17	24	40	25	90	26	64	27	16	28	95	29	79	30	63	31	87	32	43	33	83	34	19	35	26	36	64	37	47	38	55	39	63	
	0	68	1	28	2	56	3	82	4	60	5	89	6	63	7	38	8	40	9	66	10	85	11	77	12	20	13	100	14	64	15	20	16	89	17	45	18	9	19	56	20	33	21	72	22	15	23	13	24	79	25	98	26	67	27	68	28	19	29	64	30	79	31	24	32	10	33	5	34	56	35	90	36	9	37	36	38	37	39	35	
	0	73	1	44	2	13	3	68	4	12	5	40	6	89	7	64	8	35	9	73	10	40	11	13	12	15	13	79	14	55	15	80	16	9	17	75	18	93	19	97	20	46	21	72	22	40	23	48	24	4	25	94	26	23	27	9	28	73	29	28	30	45	31	59	32	26	33	78	34	18	35	63	36	91	37	6	38	72	39	9	
	0	86	1	92	2	72	3	15	4	57	5	53	6	35	7	46	8	41	9	4	10	30	11	87	12	37	13	52	14	26	15	75	16	73	17	47	18	61	19	12	20	10	21	89	22	86	23	7	24	71	25	22	26	3	27	50	28	48	29	45	30	10	31	18	32	86	33	100	34	33	35	23	36	66	37	57	38	43	39	97	
	0	12	1	40	2	57	3	68	4	6	5	76	6	2	7	16	8	73	9	76	10	99	11	46	12	88	13	58	14	90	15	30	16	44	17	58	18	93	19	33	20	29	21	10	22	63	23	73	24	7	25	63	26	68	27	100	28	23	29	64	30	55	31	10	32	13	33	86	34	38	35	47	36	39	37	95	38	82	39	88	
	0	45	1	1	2	84	3	87	4	49	5	3	6	79	7	98	8	65	9	72	10	27	11	81	12	19	13	72	14	83	15	12	16	53	17	91	18	88	19	99	20	64	21	17	22	19	23	17	24	91	25	76	26	18	27	36	28	49	29	73	30	82	31	83	32	67	33	66	34	80	35	88	36	59	37	57	38	74	39	45	
	0	74	1	7	2	1	3	89	4	53	5	76	6	26	7	91	8	33	9	98	10	2	11	22	12	36	13	17	14	27	15	98	16	8	17	89	18	16	19	48	20	3	21	35	22	96	23	49	24	61	25	51	26	36	27	36	28	62	29	80	30	24	31	52	32	72	33	94	34	4	35	53	36	45	37	81	38	68	39	16	
	0	89	1	6	2	61	3	3	4	24	5	11	6	7	7	52	8	31	9	84	10	4	11	66	12	62	13	41	14	51	15	37	16	6	17	76	18	19	19	75	20	64	21	15	22	15	23	79	24	74	25	35	26	7	27	18	28	92	29	84	30	41	31	77	32	15	33	89	34	45	35	10	36	80	37	68	38	74	39	100	
	0	45	1	99	2	71	3	6	4	22	5	26	6	35	7	45	8	41	9	25	10	66	11	41	12	31	13	15	14	76	15	21	16	15	17	93	18	95	19	31	20	62	21	28	22	20	23	76	24	50	25	49	26	83	27	21	28	55	29	60	30	18	31	42	32	72	33	25	34	69	35	97	36	18	37	79	38	51	39	19	
	0	93	1	14	2	52	3	95	4	51	5	91	6	95	7	8	8	25	9	44	10	99	11	12	12	90	13	2	14	43	15	51	16	78	17	96	18	78	19	70	20	94	21	6	22	41	23	70	24	34	25	54	26	52	27	77	28	7	29	23	30	5	31	16	32	27	33	47	34	73	35	80	36	18	37	16	38	39	39	38	
	0	52	1	75	2	71	3	57	4	21	5	74	6	28	7	38	8	68	9	97	10	47	11	72	12	81	13	50	14	32	15	20	16	65	17	85	18	39	19	12	20	37	21	99	22	3	23	11	24	80	25	53	26	94	27	68	28	90	29	25	30	98	31	64	32	2	33	16	34	76	35	31	36	94	37	11	38	100	39	39	
	0	26	1	84	2	49	3	8	4	83	5	37	6	51	7	87	8	71	9	20	10	19	11	30	12	55	13	90	14	94	15	86	16	73	17	94	18	74	19	43	20	99	21	75	22	99	23	86	24	28	25	94	26	46	27	97	28	46	29	33	30	64	31	8	32	90	33	88	34	85	35	44	36	69	37	79	38	82	39	32	
	0	27	1	6	2	98	3	37	4	50	5	49	6	75	7	39	8	92	9	43	10	42	11	18	12	98	13	21	14	21	15	19	16	91	17	29	18	19	19	99	20	41	21	58	22	86	23	74	24	3	25	67	26	38	27	14	28	14	29	59	30	17	31	43	32	70	33	71	34	15	35	31	36	34	37	27	38	20	39	87	
	0	11	1	17	2	49	3	28	4	63	5	60	6	38	7	24	8	18	9	65	10	57	11	70	12	10	13	23	14	3	15	5	16	81	17	28	18	72	19	85	20	76	21	29	22	92	23	40	24	14	25	19	26	7	27	15	28	58	29	41	30	10	31	41	32	73	33	90	34	40	35	78	36	70	37	91	38	28	39	29	
	0	77	1	18	2	8	3	97	4	3	5	58	6	35	7	21	8	32	9	19	10	44	11	78	12	5	13	67	14	19	15	38	16	68	17	42	18	5	19	58	20	71	21	55	22	93	23	19	24	70	25	35	26	26	27	94	28	34	29	7	30	92	31	50	32	52	33	36	34	35	35	60	36	9	37	75	38	2	39	45	
	0	88	1	44	2	93	3	72	4	93	5	38	6	2	7	6	8	45	9	56	10	66	11	26	12	57	13	40	14	24	15	39	16	35	17	49	18	51	19	46	20	24	21	12	22	78	23	35	24	91	25	7	26	66	27	27	28	63	29	13	30	43	31	2	32	61	33	83	34	75	35	31	36	41	37	96	38	8	39	80	
	0	28	1	25	2	33	3	53	4	11	5	8	6	37	7	90	8	66	9	82	10	48	11	73	12	88	13	33	14	10	15	3	16	42	17	31	18	18	19	31	20	67	21	57	22	88	23	16	24	60	25	76	26	59	27	7	28	69	29	89	30	31	31	20	32	17	33	13	34	98	35	11	36	66	37	68	38	15	39	40	
	0	29	1	80	2	16	3	64	4	53	5	90	6	72	7	27	8	26	9	4	10	98	11	87	12	38	13	98	14	4	15	91	16	64	17	23	18	13	19	41	20	93	21	72	22	97	23	22	24	88	25	56	26	82	27	54	28	33	29	4	30	81	31	13	32	91	33	61	34	91	35	58	36	92	37	16	38	64	39	87	
	0	30	1	98	2	22	3	7	4	39	5	73	6	6	7	94	8	85	9	52	10	59	11	72	12	92	13	18	14	68	15	21	16	37	17	71	18	4	19	44	20	93	21	27	22	21	23	72	24	68	25	63	26	90	27	43	28	4	29	43	30	42	31	83	32	6	33	62	34	11	35	3	36	19	37	53	38	75	39	75	
	0	11	1	99	2	23	3	36	4	59	5	7	6	86	7	18	8	77	9	44	10	53	11	40	12	30	13	5	14	61	15	54	16	24	17	72	18	9	19	79	20	66	21	26	22	90	23	59	24	82	25	70	26	1	27	20	28	90	29	3	30	96	31	40	32	98	33	96	34	97	35	61	36	69	37	21	38	16	39	29	
	0	70	1	48	2	12	3	87	4	36	5	67	6	58	7	15	8	19	9	78	10	67	11	15	12	6	13	42	14	23	15	98	16	74	17	39	18	86	19	33	20	23	21	91	22	43	23	10	24	98	25	39	26	40	27	64	28	99	29	27	30	38	31	50	32	34	33	15	34	6	35	19	36	62	37	17	38	24	39	75	
	0	14	1	99	2	20	3	26	4	84	5	26	6	79	7	73	8	14	9	89	10	84	11	6	12	19	13	71	14	9	15	80	16	36	17	96	18	12	19	40	20	97	21	91	22	12	23	60	24	48	25	93	26	1	27	94	28	57	29	90	30	15	31	26	32	63	33	49	34	52	35	48	36	59	37	22	38	80	39	52	
	0	87	1	85	2	63	3	24	4	58	5	66	6	14	7	16	8	50	9	7	10	18	11	1	12	71	13	57	14	74	15	52	16	8	17	23	18	12	19	60	20	92	21	71	22	15	23	47	24	96	25	11	26	72	27	97	28	4	29	36	30	88	31	94	32	71	33	49	34	6	35	82	36	63	37	70	38	58	39	48	
	0	66	1	72	2	5	3	64	4	68	5	98	6	88	7	26	8	82	9	11	10	80	11	87	12	21	13	91	14	12	15	19	16	100	17	53	18	20	19	10	20	2	21	41	22	41	23	17	24	36	25	82	26	89	27	40	28	3	29	55	30	5	31	61	32	67	33	28	34	26	35	28	36	69	37	22	38	25	39	62	
	0	3	1	23	2	59	3	53	4	25	5	95	6	50	7	54	8	7	9	14	10	14	11	86	12	6	13	52	14	8	15	19	16	17	17	41	18	85	19	15	20	54	21	98	22	62	23	27	24	77	25	69	26	76	27	9	28	45	29	52	30	15	31	24	32	9	33	81	34	49	35	29	36	51	37	34	38	53	39	28	
	0	85	1	72	2	93	3	5	4	24	5	71	6	53	7	37	8	62	9	60	10	85	11	45	12	47	13	55	14	7	15	21	16	93	17	44	18	23	19	15	20	45	21	36	22	52	23	79	24	42	25	54	26	1	27	12	28	25	29	33	30	76	31	60	32	30	33	82	34	30	35	76	36	51	37	38	38	48	39	19	
	0	39	1	64	2	58	3	24	4	35	5	65	6	71	7	13	8	73	9	62	10	16	11	19	12	17	13	56	14	98	15	8	16	77	17	3	18	87	19	80	20	28	21	28	22	81	23	19	24	67	25	92	26	75	27	30	28	100	29	82	30	97	31	24	32	93	33	50	34	15	35	4	36	38	37	93	38	1	39	1	
	0	7	1	13	2	98	3	80	4	20	5	53	6	71	7	71	8	50	9	90	10	20	11	19	12	15	13	29	14	34	15	17	16	31	17	90	18	92	19	35	20	79	21	22	22	75	23	26	24	70	25	60	26	48	27	39	28	3	29	2	30	82	31	46	32	89	33	10	34	86	35	10	36	43	37	41	38	40	39	12	
	0	53	1	45	2	39	3	48	4	27	5	15	6	100	7	70	8	41	9	80	10	79	11	15	12	92	13	99	14	60	15	15	16	96	17	80	18	70	19	91	20	3	21	33	22	7	23	55	24	61	25	86	26	99	27	46	28	82	29	20	30	49	31	31	32	86	33	46	34	48	35	44	36	32	37	32	38	28	39	62	
	0	79	1	17	2	59	3	35	4	2	5	65	6	31	7	100	8	62	9	89	10	24	11	99	12	97	13	85	14	90	15	90	16	18	17	51	18	81	19	95	20	72	21	57	22	10	23	43	24	50	25	23	26	88	27	18	28	49	29	32	30	96	31	8	32	17	33	47	34	13	35	22	36	37	37	79	38	75	39	28	
	0	32	1	10	2	27	3	68	4	75	5	23	6	56	7	93	8	85	9	87	10	49	11	65	12	74	13	97	14	7	15	45	16	48	17	47	18	27	19	14	20	88	21	40	22	61	23	97	24	53	25	49	26	11	27	36	28	27	29	69	30	93	31	5	32	86	33	85	34	34	35	8	36	67	37	30	38	33	39	85	
	0	96	1	20	2	70	3	52	4	20	5	71	6	84	7	21	8	7	9	61	10	59	11	28	12	22	13	72	14	47	15	9	16	92	17	64	18	85	19	6	20	90	21	28	22	78	23	49	24	93	25	40	26	5	27	65	28	81	29	31	30	77	31	26	32	5	33	4	34	17	35	9	36	10	37	100	38	37	39	22	
	0	89	1	15	2	30	3	13	4	62	5	43	6	45	7	68	8	95	9	58	10	30	11	19	12	18	13	84	14	68	15	37	16	27	17	21	18	41	19	55	20	26	21	81	22	19	23	7	24	50	25	65	26	1	27	83	28	67	29	36	30	89	31	62	32	37	33	92	34	80	35	64	36	58	37	58	38	9	39	25	
	0	53	1	92	2	70	3	75	4	93	5	56	6	60	7	77	8	18	9	83	10	33	11	92	12	42	13	53	14	89	15	94	16	33	17	57	18	43	19	74	20	43	21	33	22	30	23	47	24	40	25	23	26	8	27	73	28	34	29	44	30	54	31	74	32	42	33	38	34	94	35	42	36	57	37	41	38	74	39	81	
	0	65	1	34	2	42	3	82	4	13	5	94	6	38	7	53	8	21	9	3	10	9	11	15	12	99	13	58	14	18	15	30	16	24	17	10	18	86	19	72	20	32	21	94	22	7	23	97	24	14	25	68	26	93	27	93	28	70	29	22	30	62	31	20	32	60	33	41	34	47	35	80	36	98	37	37	38	21	39	41	
	0	2	1	10	2	38	3	33	4	59	5	17	6	23	7	83	8	51	9	40	10	39	11	98	12	50	13	59	14	54	15	98	16	97	17	54	18	39	19	63	20	66	21	72	22	56	23	63	24	35	25	50	26	24	27	51	28	58	29	90	30	16	31	62	32	77	33	52	34	43	35	16	36	95	37	2	38	3	39	1	
	0	59	1	37	2	26	3	86	4	20	5	67	6	41	7	7	8	43	9	68	10	9	11	12	12	90	13	62	14	91	15	14	16	38	17	52	18	86	19	69	20	24	21	60	22	73	23	3	24	28	25	8	26	90	27	20	28	62	29	78	30	47	31	34	32	98	33	69	34	44	35	88	36	28	37	32	38	34	39	18	
	0	37	1	95	2	86	3	56	4	49	5	81	6	57	7	77	8	46	9	55	10	1	11	16	12	17	13	59	14	61	15	25	16	5	17	70	18	59	19	82	20	85	21	37	22	95	23	88	24	15	25	96	26	88	27	41	28	48	29	60	30	7	31	25	32	94	33	21	34	71	35	96	36	33	37	60	38	41	39	11	
	0	13	1	91	2	95	3	47	4	77	5	21	6	52	7	28	8	74	9	69	10	81	11	65	12	48	13	74	14	51	15	96	16	87	17	66	18	62	19	24	20	48	21	3	22	13	23	54	24	22	25	59	26	19	27	15	28	95	29	36	30	98	31	73	32	9	33	40	34	2	35	27	36	76	37	7	38	82	39	96	
	0	69	1	3	2	12	3	25	4	54	5	42	6	67	7	81	8	92	9	55	10	71	11	89	12	50	13	78	14	24	15	21	16	33	17	90	18	35	19	26	20	71	21	100	22	97	23	55	24	25	25	50	26	14	27	87	28	45	29	55	30	71	31	37	32	85	33	43	34	21	35	42	36	68	37	100	38	27	39	81	
	0	39	1	47	2	94	3	77	4	96	5	48	6	100	7	88	8	7	9	36	10	90	11	95	12	36	13	61	14	19	15	1	16	77	17	85	18	30	19	27	20	92	21	65	22	63	23	66	24	59	25	97	26	75	27	37	28	42	29	1	30	75	31	2	32	29	33	78	34	52	35	98	36	94	37	50	38	84	39	57	
	0	4	1	10	2	96	3	4	4	15	5	15	6	62	7	7	8	37	9	57	10	50	11	15	12	67	13	52	14	62	15	96	16	33	17	37	18	91	19	41	20	67	21	80	22	50	23	93	24	25	25	48	26	100	27	14	28	9	29	24	30	18	31	9	32	89	33	97	34	18	35	40	36	75	37	5	38	99	39	72	
	0	6	1	42	2	75	3	20	4	40	5	69	6	56	7	99	8	25	9	87	10	15	11	59	12	12	13	25	14	82	15	10	16	67	17	49	18	14	19	21	20	73	21	77	22	49	23	8	24	92	25	47	26	23	27	80	28	74	29	7	30	50	31	85	32	2	33	76	34	88	35	37	36	56	37	79	38	36	39	79	
	0	21	1	91	2	50	3	81	4	84	5	6	6	37	7	32	8	19	9	37	10	63	11	37	12	6	13	21	14	40	15	50	16	95	17	66	18	23	19	3	20	82	21	6	22	11	23	34	24	11	25	91	26	53	27	54	28	18	29	99	30	88	31	32	32	15	33	21	34	30	35	49	36	80	37	21	38	41	39	33	
	0	41	1	88	2	54	3	36	4	99	5	89	6	29	7	30	8	97	9	64	10	67	11	85	12	71	13	30	14	33	15	23	16	36	17	15	18	95	19	67	20	39	21	88	22	34	23	5	24	50	25	25	26	55	27	54	28	60	29	58	30	64	31	39	32	18	33	10	34	28	35	57	36	13	37	53	38	94	39	53	
	0	50	1	43	2	59	3	38	4	30	5	90	6	66	7	60	8	17	9	93	10	90	11	65	12	23	13	75	14	15	15	87	16	75	17	67	18	93	19	97	20	4	21	42	22	91	23	7	24	24	25	99	26	28	27	37	28	71	29	96	30	8	31	67	32	82	33	2	34	81	35	27	36	27	37	78	38	57	39	92	
	0	50	1	91	2	96	3	35	4	65	5	64	6	56	7	66	8	60	9	51	10	97	11	28	12	7	13	16	14	90	15	84	16	5	17	84	18	22	19	66	20	3	21	79	22	15	23	36	24	42	25	80	26	51	27	63	28	22	29	64	30	5	31	80	32	72	33	26	34	84	35	78	36	78	37	78	38	15	39	50	
	0	50	1	37	2	31	3	14	4	90	5	25	6	77	7	76	8	28	9	23	10	31	11	90	12	95	13	57	14	88	15	32	16	72	17	67	18	85	19	54	20	6	21	45	22	72	23	8	24	49	25	6	26	11	27	40	28	10	29	97	30	33	31	10	32	58	33	41	34	37	35	8	36	4	37	93	38	12	39	73	
	0	5	1	49	2	26	3	28	4	7	5	51	6	36	7	78	8	58	9	94	10	22	11	60	12	59	13	71	14	52	15	68	16	83	17	16	18	63	19	23	20	40	21	66	22	62	23	99	24	83	25	44	26	30	27	63	28	58	29	27	30	15	31	4	32	84	33	51	34	28	35	13	36	16	37	48	38	42	39	47	
	0	15	1	44	2	74	3	22	4	23	5	42	6	58	7	55	8	5	9	10	10	7	11	34	12	17	13	12	14	93	15	77	16	41	17	8	18	19	19	8	20	84	21	35	22	49	23	73	24	22	25	3	26	76	27	76	28	82	29	81	30	61	31	67	32	83	33	11	34	46	35	71	36	88	37	86	38	42	39	38	
	0	55	1	86	2	80	3	26	4	97	5	73	6	48	7	64	8	76	9	10	10	94	11	34	12	21	13	22	14	28	15	7	16	65	17	50	18	98	19	97	20	80	21	25	22	45	23	94	24	22	25	54	26	61	27	83	28	63	29	25	30	96	31	13	32	57	33	34	34	1	35	46	36	75	37	26	38	98	39	8	
	0	56	1	50	2	83	3	90	4	51	5	84	6	30	7	92	8	63	9	25	10	47	11	40	12	40	13	13	14	69	15	63	16	61	17	57	18	4	19	71	20	91	21	74	22	48	23	52	24	47	25	23	26	95	27	90	28	88	29	49	30	30	31	80	32	14	33	5	34	80	35	43	36	31	37	32	38	1	39	82	
	0	43	1	66	2	47	3	62	4	39	5	96	6	39	7	35	8	98	9	43	10	46	11	86	12	9	13	43	14	66	15	43	16	73	17	74	18	97	19	38	20	80	21	82	22	38	23	17	24	32	25	65	26	60	27	21	28	48	29	86	30	59	31	74	32	65	33	31	34	92	35	6	36	36	37	51	38	77	39	58	
	0	11	1	82	2	63	3	88	4	53	5	8	6	26	7	5	8	92	9	1	10	79	11	98	12	6	13	36	14	20	15	19	16	60	17	20	18	68	19	80	20	20	21	32	22	33	23	68	24	37	25	10	26	72	27	12	28	25	29	77	30	85	31	32	32	3	33	65	34	96	35	73	36	46	37	34	38	79	39	51	
	0	35	1	14	2	6	3	67	4	47	5	40	6	93	7	70	8	77	9	68	10	98	11	28	12	99	13	39	14	63	15	51	16	71	17	77	18	39	19	21	20	87	21	15	22	21	23	73	24	70	25	12	26	48	27	58	28	93	29	32	30	27	31	85	32	70	33	68	34	93	35	52	36	19	37	29	38	69	39	21	
	0	91	1	34	2	86	3	90	4	87	5	10	6	69	7	52	8	88	9	86	10	52	11	99	12	33	13	33	14	22	15	96	16	8	17	47	18	84	19	70	20	10	21	7	22	17	23	43	24	45	25	30	26	65	27	62	28	33	29	100	30	1	31	69	32	30	33	15	34	86	35	77	36	50	37	30	38	99	39	24	
	0	55	1	79	2	11	3	84	4	72	5	94	6	80	7	94	8	33	9	10	10	11	11	61	12	48	13	23	14	16	15	56	16	56	17	98	18	57	19	24	20	98	21	76	22	26	23	2	24	27	25	13	26	45	27	46	28	5	29	58	30	29	31	4	32	43	33	15	34	85	35	72	36	80	37	47	38	75	39	83	
	0	86	1	45	2	98	3	60	4	60	5	11	6	33	7	69	8	63	9	82	10	77	11	46	12	85	13	42	14	47	15	28	16	36	17	66	18	64	19	12	20	35	21	100	22	63	23	39	24	62	25	57	26	5	27	21	28	36	29	27	30	39	31	39	32	65	33	52	34	59	35	6	36	22	37	88	38	100	39	34	
	0	75	1	48	2	46	3	68	4	27	5	25	6	99	7	7	8	91	9	9	10	45	11	98	12	33	13	88	14	60	15	55	16	51	17	71	18	11	19	53	20	65	21	54	22	47	23	61	24	40	25	35	26	97	27	27	28	17	29	81	30	13	31	3	32	34	33	99	34	55	35	2	36	36	37	46	38	6	39	70	
	0	19	1	77	2	8	3	51	4	95	5	3	6	78	7	30	8	55	9	76	10	76	11	48	12	7	13	29	14	93	15	74	16	78	17	59	18	17	19	35	20	6	21	6	22	28	23	44	24	18	25	91	26	1	27	69	28	44	29	37	30	31	31	38	32	16	33	12	34	36	35	76	36	8	37	16	38	43	39	58	
	0	64	1	96	2	16	3	60	4	33	5	28	6	12	7	94	8	67	9	46	10	53	11	79	12	97	13	97	14	9	15	4	16	38	17	43	18	95	19	24	20	26	21	1	22	4	23	71	24	90	25	77	26	17	27	3	28	13	29	56	30	81	31	27	32	36	33	54	34	89	35	27	36	24	37	94	38	23	39	1	
	0	3	1	45	2	73	3	98	4	97	5	47	6	48	7	64	8	70	9	49	10	90	11	16	12	35	13	10	14	47	15	41	16	21	17	47	18	88	19	11	20	57	21	91	22	74	23	43	24	17	25	4	26	74	27	76	28	24	29	36	30	7	31	71	32	15	33	20	34	80	35	8	36	27	37	99	38	21	39	24	
	0	55	1	68	2	28	3	47	4	22	5	37	6	38	7	3	8	86	9	52	10	36	11	41	12	66	13	24	14	79	15	88	16	13	17	33	18	40	19	51	20	92	21	9	22	89	23	3	24	53	25	31	26	6	27	69	28	95	29	42	30	75	31	72	32	55	33	44	34	36	35	71	36	36	37	22	38	55	39	63	
	0	95	1	99	2	41	3	67	4	98	5	11	6	88	7	3	8	55	9	69	10	97	11	73	12	69	13	10	14	71	15	66	16	71	17	79	18	96	19	34	20	8	21	67	22	100	23	3	24	28	25	17	26	91	27	28	28	21	29	76	30	63	31	83	32	50	33	40	34	56	35	95	36	33	37	85	38	17	39	8	
	0	8	1	72	2	81	3	77	4	67	5	19	6	74	7	100	8	20	9	74	10	25	11	46	12	39	13	20	14	26	15	63	16	93	17	59	18	71	19	72	20	69	21	75	22	2	23	96	24	58	25	18	26	96	27	36	28	52	29	22	30	18	31	23	32	82	33	2	34	82	35	19	36	1	37	70	38	62	39	5	
	0	40	1	49	2	33	3	46	4	8	5	65	6	63	7	94	8	66	9	46	10	84	11	45	12	83	13	36	14	36	15	45	16	15	17	31	18	66	19	47	20	19	21	45	22	55	23	39	24	82	25	35	26	55	27	31	28	100	29	10	30	47	31	25	32	55	33	85	34	13	35	96	36	42	37	55	38	13	39	52	
	0	59	1	14	2	85	3	30	4	12	5	71	6	21	7	76	8	61	9	38	10	77	11	43	12	74	13	63	14	4	15	38	16	17	17	71	18	97	19	78	20	76	21	13	22	5	23	39	24	13	25	64	26	25	27	10	28	46	29	97	30	69	31	79	32	28	33	99	34	70	35	63	36	15	37	47	38	29	39	23	
	0	89	1	3	2	26	3	40	4	36	5	75	6	64	7	78	8	82	9	2	10	50	11	23	12	92	13	71	14	39	15	56	16	47	17	100	18	83	19	35	20	95	21	84	22	51	23	41	24	77	25	5	26	88	27	57	28	53	29	17	30	51	31	47	32	73	33	42	34	64	35	62	36	2	37	90	38	57	39	95	
	0	65	1	52	2	98	3	38	4	65	5	73	6	47	7	32	8	67	9	7	10	89	11	4	12	51	13	76	14	11	15	80	16	39	17	60	18	70	19	7	20	90	21	40	22	45	23	44	24	63	25	87	26	91	27	18	28	8	29	7	30	25	31	47	32	78	33	93	34	71	35	72	36	58	37	91	38	83	39	63	
	0	75	1	75	2	7	3	92	4	75	5	80	6	85	7	82	8	97	9	4	10	100	11	37	12	93	13	37	14	5	15	25	16	54	17	62	18	28	19	59	20	45	21	35	22	57	23	24	24	49	25	69	26	36	27	84	28	5	29	92	30	29	31	24	32	58	33	86	34	84	35	35	36	90	37	48	38	13	39	91	
	0	19	1	5	2	75	3	44	4	35	5	87	6	5	7	27	8	90	9	27	10	74	11	49	12	74	13	45	14	50	15	27	16	95	17	57	18	6	19	98	20	20	21	84	22	59	23	20	24	12	25	10	26	100	27	57	28	30	29	78	30	59	31	17	32	9	33	20	34	87	35	23	36	28	37	55	38	79	39	59	
	0	23	1	30	2	82	3	20	4	66	5	26	6	50	7	88	8	58	9	27	10	11	11	6	12	3	13	33	14	62	15	39	16	50	17	61	18	28	19	51	20	88	21	99	22	94	23	66	24	59	25	71	26	18	27	34	28	87	29	9	30	48	31	62	32	54	33	31	34	74	35	81	36	18	37	81	38	62	39	47	
	0	76	1	4	2	75	3	73	4	79	5	32	6	59	7	17	8	6	9	49	10	63	11	84	12	3	13	41	14	24	15	79	16	9	17	71	18	23	19	85	20	17	21	68	22	80	23	47	24	57	25	34	26	89	27	71	28	50	29	7	30	94	31	71	32	4	33	16	34	1	35	98	36	68	37	35	38	24	39	9	
	0	74	1	41	2	70	3	44	4	37	5	92	6	95	7	84	8	28	9	80	10	15	11	49	12	62	13	44	14	35	15	36	16	18	17	92	18	33	19	10	20	97	21	32	22	86	23	42	24	30	25	84	26	25	27	81	28	98	29	22	30	10	31	57	32	4	33	64	34	48	35	59	36	3	37	11	38	36	39	53	
	0	82	1	31	2	48	3	40	4	45	5	14	6	17	7	35	8	24	9	55	10	46	11	95	12	9	13	79	14	1	15	6	16	42	17	78	18	27	19	83	20	48	21	68	22	16	23	27	24	94	25	28	26	45	27	70	28	36	29	3	30	24	31	97	32	33	33	50	34	5	35	29	36	23	37	34	38	26	39	22	
	0	35	1	68	2	72	3	97	4	99	5	36	6	1	7	24	8	81	9	43	10	100	11	55	12	95	13	14	14	64	15	92	16	55	17	20	18	26	19	72	20	46	21	87	22	37	23	37	24	84	25	18	26	11	27	25	28	20	29	23	30	54	31	5	32	63	33	43	34	68	35	4	36	14	37	4	38	65	39	31	
	0	1	1	88	2	24	3	97	4	70	5	83	6	29	7	83	8	39	9	91	10	62	11	93	12	78	13	84	14	96	15	77	16	87	17	88	18	25	19	38	20	27	21	61	22	8	23	42	24	12	25	85	26	34	27	60	28	40	29	59	30	12	31	20	32	76	33	15	34	66	35	5	36	38	37	4	38	99	39	38	
	0	23	1	51	2	78	3	66	4	55	5	6	6	77	7	49	8	6	9	18	10	100	11	39	12	97	13	49	14	78	15	95	16	94	17	36	18	37	19	98	20	38	21	24	22	8	23	4	24	37	25	90	26	26	27	80	28	67	29	65	30	25	31	99	32	33	33	51	34	33	35	74	36	70	37	75	38	8	39	5	
	0	50	1	10	2	23	3	100	4	78	5	67	6	46	7	33	8	46	9	37	10	97	11	25	12	51	13	68	14	75	15	9	16	24	17	67	18	1	19	29	20	36	21	77	22	76	23	91	24	47	25	95	26	87	27	85	28	23	29	98	30	12	31	52	32	45	33	2	34	58	35	46	36	65	37	54	38	74	39	24	
	0	75	1	57	2	18	3	57	4	60	5	26	6	42	7	83	8	81	9	52	10	50	11	88	12	87	13	100	14	85	15	34	16	60	17	15	18	37	19	79	20	85	21	93	22	59	23	63	24	81	25	76	26	98	27	68	28	35	29	7	30	92	31	28	32	61	33	62	34	29	35	39	36	1	37	15	38	41	39	84	
	0	28	1	11	2	93	3	73	4	41	5	35	6	66	7	19	8	40	9	91	10	2	11	93	12	37	13	4	14	67	15	82	16	69	17	66	18	94	19	2	20	92	21	21	22	65	23	73	24	28	25	50	26	82	27	22	28	81	29	46	30	96	31	46	32	66	33	82	34	31	35	65	36	89	37	49	38	8	39	96	
	0	19	1	31	2	83	3	14	4	15	5	8	6	38	7	65	8	93	9	82	10	51	11	88	12	99	13	49	14	5	15	94	16	72	17	75	18	44	19	90	20	5	21	80	22	11	23	18	24	85	25	72	26	68	27	63	28	21	29	72	30	91	31	55	32	29	33	91	34	55	35	2	36	74	37	85	38	2	39	11	
	0	77	1	83	2	12	3	75	4	81	5	90	6	16	7	40	8	73	9	19	10	51	11	19	12	53	13	64	14	50	15	24	16	11	17	56	18	58	19	24	20	93	21	53	22	35	23	81	24	63	25	59	26	94	27	46	28	91	29	74	30	29	31	29	32	74	33	68	34	93	35	50	36	49	37	5	38	38	39	47	
	0	48	1	4	2	16	3	6	4	76	5	31	6	5	7	52	8	7	9	24	10	47	11	82	12	87	13	82	14	68	15	50	16	63	17	83	18	1	19	9	20	46	21	67	22	93	23	39	24	38	25	63	26	15	27	93	28	97	29	21	30	55	31	98	32	36	33	76	34	86	35	10	36	71	37	68	38	27	39	77	
	0	9	1	11	2	39	3	91	4	89	5	67	6	78	7	41	8	83	9	51	10	79	11	7	12	18	13	70	14	79	15	21	16	83	17	83	18	77	19	25	20	90	21	39	22	79	23	67	24	45	25	9	26	61	27	43	28	54	29	48	30	34	31	88	32	38	33	36	34	5	35	38	36	36	37	11	38	28	39	51	
	0	38	1	27	2	17	3	8	4	12	5	96	6	79	7	39	8	24	9	80	10	96	11	97	12	95	13	99	14	37	15	76	16	59	17	61	18	10	19	94	20	80	21	39	22	16	23	9	24	48	25	89	26	73	27	16	28	59	29	47	30	16	31	16	32	64	33	39	34	66	35	1	36	72	37	3	38	61	39	60	
	0	45	1	69	2	71	3	25	4	26	5	100	6	19	7	26	8	58	9	3	10	92	11	58	12	38	13	8	14	99	15	40	16	53	17	37	18	12	19	72	20	11	21	46	22	36	23	40	24	81	25	8	26	7	27	1	28	9	29	87	30	73	31	65	32	22	33	4	34	15	35	9	36	20	37	58	38	51	39	88	
	0	70	1	58	2	84	3	23	4	84	5	27	6	85	7	21	8	67	9	16	10	81	11	42	12	24	13	57	14	94	15	23	16	2	17	44	18	43	19	32	20	48	21	31	22	26	23	34	24	55	25	56	26	18	27	42	28	32	29	86	30	66	31	32	32	11	33	68	34	65	35	77	36	37	37	17	38	95	39	67	
	0	8	1	30	2	49	3	74	4	65	5	19	6	76	7	64	8	1	9	36	10	74	11	70	12	37	13	8	14	74	15	31	16	97	17	61	18	27	19	15	20	12	21	24	22	61	23	40	24	26	25	48	26	92	27	45	28	82	29	70	30	17	31	91	32	47	33	23	34	3	35	93	36	75	37	89	38	3	39	100	
	0	28	1	92	2	5	3	32	4	35	5	42	6	99	7	75	8	62	9	67	10	47	11	16	12	97	13	99	14	34	15	89	16	46	17	26	18	99	19	38	20	27	21	89	22	27	23	41	24	96	25	78	26	87	27	93	28	41	29	94	30	59	31	63	32	86	33	33	34	11	35	85	36	11	37	15	38	11	39	92	
	0	76	1	38	2	24	3	53	4	34	5	67	6	26	7	91	8	15	9	94	10	37	11	40	12	59	13	46	14	21	15	16	16	56	17	33	18	50	19	65	20	9	21	79	22	48	23	37	24	51	25	41	26	76	27	62	28	5	29	94	30	44	31	12	32	50	33	34	34	90	35	95	36	25	37	1	38	85	39	14	
	0	85	1	71	2	15	3	91	4	75	5	54	6	87	7	54	8	89	9	59	10	31	11	78	12	25	13	91	14	78	15	82	16	43	17	57	18	93	19	89	20	76	21	97	22	75	23	44	24	36	25	11	26	40	27	73	28	99	29	9	30	79	31	69	32	60	33	75	34	12	35	28	36	38	37	9	38	25	39	57	
	0	61	1	72	2	39	3	30	4	81	5	19	6	57	7	41	8	15	9	78	10	37	11	20	12	97	13	24	14	89	15	11	16	34	17	33	18	26	19	48	20	51	21	86	22	43	23	61	24	37	25	13	26	73	27	58	28	25	29	46	30	50	31	18	32	11	33	13	34	61	35	36	36	83	37	39	38	37	39	47	
	0	69	1	10	2	93	3	78	4	31	5	92	6	92	7	87	8	65	9	80	10	73	11	98	12	18	13	5	14	15	15	70	16	58	17	45	18	24	19	90	20	48	21	70	22	60	23	57	24	35	25	32	26	61	27	20	28	8	29	42	30	21	31	80	32	7	33	71	34	68	35	64	36	75	37	17	38	61	39	6	
	0	31	1	76	2	76	3	25	4	68	5	49	6	14	7	28	8	1	9	91	10	84	11	58	12	99	13	44	14	25	15	89	16	97	17	22	18	60	19	23	20	99	21	80	22	39	23	31	24	51	25	91	26	47	27	21	28	17	29	10	30	24	31	89	32	18	33	21	34	7	35	61	36	16	37	23	38	95	39	50	
	0	5	1	79	2	30	3	44	4	49	5	57	6	94	7	16	8	5	9	95	10	41	11	95	12	6	13	94	14	21	15	38	16	95	17	84	18	45	19	49	20	13	21	79	22	52	23	15	24	21	25	71	26	63	27	60	28	67	29	2	30	67	31	98	32	34	33	81	34	25	35	99	36	47	37	93	38	76	39	96	
	0	64	1	47	2	77	3	71	4	46	5	52	6	28	7	99	8	83	9	28	10	90	11	4	12	74	13	21	14	71	15	82	16	64	17	51	18	64	19	44	20	41	21	11	22	15	23	42	24	96	25	81	26	38	27	52	28	32	29	78	30	81	31	30	32	92	33	30	34	87	35	4	36	63	37	73	38	13	39	27	
	0	13	1	61	2	15	3	71	4	1	5	40	6	68	7	96	8	91	9	87	10	44	11	12	12	93	13	10	14	41	15	19	16	31	17	99	18	28	19	29	20	86	21	55	22	98	23	90	24	23	25	13	26	31	27	52	28	24	29	66	30	14	31	30	32	26	33	6	34	15	35	85	36	45	37	3	38	54	39	10	
	0	59	1	44	2	54	3	32	4	4	5	90	6	74	7	76	8	4	9	36	10	71	11	61	12	14	13	50	14	19	15	43	16	16	17	90	18	58	19	78	20	50	21	54	22	12	23	19	24	11	25	66	26	75	27	78	28	19	29	55	30	6	31	40	32	86	33	30	34	39	35	25	36	2	37	75	38	38	39	27	
	0	78	1	22	2	60	3	41	4	67	5	19	6	60	7	46	8	35	9	30	10	3	11	82	12	28	13	6	14	35	15	8	16	3	17	19	18	66	19	58	20	59	21	51	22	29	23	78	24	70	25	34	26	93	27	86	28	82	29	94	30	29	31	22	32	36	33	42	34	38	35	78	36	15	37	27	38	72	39	7	
	0	20	1	33	2	59	3	60	4	71	5	5	6	7	7	83	8	33	9	92	10	52	11	42	12	69	13	20	14	57	15	87	16	10	17	50	18	31	19	55	20	45	21	11	22	11	23	46	24	40	25	68	26	50	27	5	28	91	29	70	30	9	31	90	32	100	33	64	34	5	35	1	36	59	37	88	38	3	39	13	
	0	40	1	80	2	70	3	37	4	16	5	57	6	47	7	36	8	25	9	47	10	34	11	68	12	15	13	9	14	31	15	31	16	81	17	53	18	35	19	13	20	26	21	75	22	18	23	67	24	53	25	49	26	33	27	40	28	60	29	2	30	69	31	37	32	29	33	17	34	19	35	95	36	8	37	3	38	39	39	69	
	0	10	1	90	2	29	3	6	4	11	5	92	6	35	7	36	8	4	9	99	10	41	11	11	12	1	13	18	14	94	15	25	16	25	17	62	18	56	19	18	20	53	21	88	22	56	23	81	24	29	25	46	26	76	27	33	28	39	29	93	30	5	31	14	32	62	33	77	34	65	35	32	36	30	37	57	38	6	39	7	
	0	7	1	27	2	29	3	6	4	56	5	64	6	27	7	33	8	15	9	49	10	10	11	93	12	83	13	49	14	47	15	63	16	61	17	99	18	60	19	30	20	35	21	92	22	77	23	35	24	6	25	98	26	45	27	74	28	20	29	56	30	63	31	74	32	88	33	74	34	34	35	54	36	26	37	9	38	83	39	31	
	0	51	1	8	2	73	3	55	4	33	5	70	6	56	7	76	8	99	9	8	10	39	11	74	12	93	13	12	14	19	15	63	16	95	17	59	18	1	19	89	20	88	21	84	22	75	23	22	24	26	25	90	26	33	27	39	28	88	29	60	30	39	31	3	32	13	33	65	34	91	35	44	36	72	37	83	38	97	39	44	
	0	45	1	53	2	86	3	45	4	20	5	96	6	66	7	67	8	44	9	22	10	22	11	72	12	43	13	78	14	35	15	18	16	52	17	64	18	21	19	61	20	98	21	62	22	63	23	20	24	97	25	82	26	72	27	66	28	52	29	39	30	31	31	26	32	98	33	26	34	48	35	64	36	49	37	4	38	52	39	71	
	0	53	1	97	2	19	3	11	4	57	5	69	6	97	7	12	8	69	9	9	10	26	11	13	12	44	13	10	14	79	15	60	16	36	17	25	18	75	19	83	20	64	21	66	22	46	23	88	24	26	25	19	26	94	27	90	28	72	29	61	30	71	31	95	32	54	33	94	34	97	35	82	36	37	37	50	38	90	39	66	
	0	46	1	99	2	1	3	62	4	5	5	13	6	43	7	5	8	4	9	76	10	80	11	66	12	21	13	45	14	2	15	16	16	98	17	4	18	79	19	55	20	84	21	83	22	69	23	90	24	11	25	28	26	23	27	74	28	44	29	60	30	18	31	25	32	68	33	40	34	45	35	21	36	9	37	90	38	47	39	4	
	0	31	1	74	2	52	3	3	4	39	5	8	6	11	7	47	8	100	9	69	10	59	11	80	12	10	13	57	14	20	15	70	16	24	17	90	18	45	19	66	20	69	21	72	22	9	23	1	24	24	25	46	26	99	27	77	28	10	29	74	30	75	31	80	32	4	33	82	34	70	35	11	36	89	37	66	38	37	39	48	
	0	90	1	6	2	95	3	56	4	78	5	11	6	29	7	61	8	2	9	74	10	48	11	90	12	50	13	93	14	42	15	74	16	68	17	23	18	30	19	45	20	38	21	85	22	10	23	43	24	11	25	14	26	19	27	45	28	96	29	47	30	76	31	69	32	6	33	47	34	54	35	51	36	87	37	14	38	24	39	59	
	0	87	1	99	2	67	3	43	4	36	5	72	6	63	7	15	8	42	9	82	10	90	11	12	12	9	13	61	14	26	15	79	16	97	17	41	18	41	19	13	20	28	21	81	22	59	23	16	24	74	25	100	26	89	27	13	28	22	29	54	30	25	31	18	32	37	33	21	34	55	35	72	36	62	37	33	38	3	39	25	
	0	77	1	98	2	96	3	67	4	37	5	41	6	73	7	37	8	48	9	15	10	47	11	4	12	17	13	85	14	36	15	34	16	33	17	49	18	27	19	27	20	95	21	38	22	48	23	8	24	71	25	3	26	75	27	17	28	66	29	55	30	65	31	40	32	37	33	5	34	4	35	36	36	83	37	15	38	21	39	13	
	0	86	1	51	2	31	3	48	4	2	5	29	6	77	7	35	8	84	9	90	10	88	11	96	12	5	13	91	14	93	15	50	16	73	17	55	18	64	19	38	20	49	21	18	22	15	23	24	24	99	25	82	26	48	27	26	28	98	29	31	30	88	31	74	32	53	33	15	34	13	35	51	36	3	37	93	38	60	39	95	
	0	29	1	87	2	49	3	24	4	65	5	12	6	8	7	96	8	8	9	20	10	80	11	88	12	51	13	7	14	47	15	40	16	37	17	20	18	70	19	90	20	32	21	6	22	7	23	53	24	87	25	34	26	69	27	77	28	21	29	12	30	71	31	93	32	78	33	1	34	90	35	63	36	43	37	38	38	36	39	26	
	0	22	1	70	2	14	3	10	4	63	5	86	6	10	7	50	8	21	9	1	10	26	11	14	12	26	13	96	14	6	15	31	16	7	17	20	18	96	19	20	20	36	21	35	22	47	23	22	24	37	25	54	26	5	27	6	28	86	29	96	30	11	31	72	32	53	33	13	34	19	35	100	36	41	37	22	38	92	39	16	
	0	86	1	36	2	55	3	32	4	44	5	44	6	9	7	13	8	81	9	81	10	14	11	98	12	36	13	70	14	36	15	50	16	16	17	75	18	28	19	12	20	35	21	39	22	51	23	73	24	40	25	13	26	25	27	39	28	23	29	31	30	73	31	30	32	60	33	61	34	5	35	11	36	21	37	3	38	12	39	74	
	0	54	1	29	2	41	3	94	4	28	5	88	6	74	7	29	8	30	9	1	10	71	11	18	12	41	13	7	14	78	15	38	16	87	17	6	18	68	19	82	20	91	21	71	22	85	23	22	24	15	25	20	26	21	27	96	28	10	29	96	30	15	31	89	32	56	33	36	34	84	35	41	36	65	37	13	38	5	39	22	
	0	15	1	82	2	89	3	78	4	74	5	11	6	26	7	75	8	6	9	80	10	43	11	21	12	90	13	15	14	100	15	10	16	27	17	37	18	58	19	98	20	91	21	31	22	93	23	9	24	17	25	86	26	24	27	22	28	55	29	82	30	69	31	39	32	72	33	83	34	94	35	98	36	8	37	23	38	68	39	19	
	0	93	1	19	2	82	3	60	4	31	5	65	6	62	7	56	8	96	9	19	10	88	11	85	12	71	13	14	14	68	15	15	16	32	17	15	18	71	19	77	20	17	21	26	22	66	23	62	24	43	25	1	26	59	27	97	28	27	29	56	30	48	31	96	32	92	33	39	34	54	35	8	36	63	37	93	38	3	39	46	
	0	55	1	16	2	28	3	17	4	15	5	18	6	11	7	35	8	57	9	59	10	37	11	90	12	80	13	70	14	39	15	40	16	22	17	14	18	71	19	4	20	100	21	13	22	66	23	68	24	84	25	4	26	94	27	84	28	34	29	86	30	94	31	40	32	99	33	47	34	90	35	19	36	54	37	98	38	65	39	92	
	0	20	1	78	2	44	3	9	4	48	5	22	6	50	7	44	8	16	9	44	10	55	11	42	12	67	13	88	14	26	15	84	16	20	17	82	18	30	19	92	20	43	21	5	22	53	23	96	24	84	25	36	26	20	27	14	28	73	29	96	30	31	31	83	32	13	33	4	34	83	35	47	36	72	37	21	38	17	39	20	
	0	21	1	25	2	66	3	95	4	100	5	10	6	84	7	96	8	23	9	65	10	27	11	12	12	67	13	42	14	66	15	40	16	46	17	23	18	77	19	2	20	88	21	84	22	34	23	17	24	41	25	6	26	83	27	51	28	45	29	20	30	86	31	94	32	97	33	15	34	100	35	59	36	30	37	17	38	67	39	23	
	0	47	1	46	2	57	3	49	4	54	5	19	6	58	7	89	8	61	9	29	10	54	11	75	12	39	13	63	14	36	15	100	16	2	17	66	18	38	19	58	20	50	21	22	22	15	23	47	24	32	25	61	26	66	27	79	28	38	29	1	30	29	31	66	32	52	33	11	34	70	35	62	36	44	37	59	38	18	39	19	
	0	9	1	36	2	69	3	90	4	81	5	32	6	6	7	72	8	38	9	1	10	12	11	78	12	72	13	23	14	57	15	91	16	82	17	62	18	31	19	22	20	75	21	49	22	80	23	25	24	56	25	77	26	41	27	91	28	20	29	4	30	28	31	54	32	55	33	89	34	17	35	34	36	83	37	20	38	68	39	95	
	0	12	1	75	2	20	3	57	4	71	5	97	6	48	7	89	8	44	9	52	10	19	11	76	12	86	13	90	14	70	15	48	16	97	17	48	18	63	19	17	20	74	21	62	22	65	23	81	24	49	25	56	26	91	27	43	28	92	29	51	30	58	31	87	32	84	33	53	34	10	35	55	36	71	37	25	38	80	39	10	
	0	33	1	62	2	51	3	45	4	63	5	99	6	25	7	35	8	9	9	25	10	38	11	31	12	16	13	98	14	69	15	89	16	81	17	1	18	54	19	98	20	37	21	100	22	63	23	61	24	90	25	65	26	19	27	22	28	7	29	33	30	1	31	55	32	81	33	91	34	71	35	30	36	13	37	9	38	38	39	89	
	0	82	1	22	2	89	3	9	4	16	5	4	6	59	7	6	8	18	9	28	10	75	11	54	12	46	13	43	14	17	15	9	16	67	17	100	18	70	19	44	20	84	21	17	22	39	23	73	24	64	25	89	26	10	27	74	28	42	29	63	30	38	31	12	32	15	33	40	34	73	35	24	36	30	37	55	38	41	39	32	
	0	88	1	30	2	97	3	71	4	26	5	17	6	35	7	94	8	65	9	55	10	99	11	8	12	1	13	81	14	97	15	3	16	90	17	79	18	64	19	13	20	59	21	2	22	75	23	82	24	96	25	16	26	49	27	94	28	43	29	7	30	34	31	15	32	87	33	61	34	84	35	37	36	35	37	26	38	36	39	86	
	0	66	1	20	2	27	3	59	4	83	5	55	6	37	7	100	8	7	9	37	10	29	11	56	12	51	13	61	14	61	15	63	16	69	17	92	18	86	19	41	20	79	21	81	22	69	23	14	24	56	25	66	26	61	27	1	28	62	29	45	30	25	31	91	32	45	33	81	34	53	35	83	36	26	37	38	38	25	39	47	
	0	28	1	23	2	14	3	50	4	68	5	21	6	86	7	69	8	31	9	34	10	27	11	9	12	58	13	25	14	40	15	74	16	66	17	86	18	99	19	78	20	86	21	30	22	7	23	6	24	22	25	28	26	50	27	62	28	58	29	4	30	11	31	33	32	92	33	56	34	59	35	15	36	83	37	25	38	45	39	90	
	0	24	1	80	2	88	3	48	4	95	5	14	6	73	7	27	8	64	9	51	10	71	11	36	12	45	13	87	14	8	15	91	16	25	17	59	18	25	19	7	20	58	21	93	22	33	23	90	24	58	25	62	26	31	27	95	28	23	29	26	30	34	31	39	32	86	33	68	34	26	35	28	36	11	37	57	38	61	39	93	
	0	4	1	27	2	4	3	96	4	7	5	61	6	69	7	65	8	78	9	80	10	38	11	27	12	82	13	78	14	100	15	73	16	16	17	48	18	78	19	55	20	57	21	20	22	44	23	100	24	20	25	40	26	28	27	52	28	26	29	93	30	56	31	23	32	13	33	40	34	26	35	1	36	74	37	59	38	18	39	41	
	0	10	1	45	2	90	3	29	4	68	5	31	6	40	7	64	8	29	9	90	10	60	11	46	12	17	13	54	14	65	15	97	16	18	17	50	18	75	19	93	20	19	21	35	22	35	23	99	24	99	25	88	26	46	27	19	28	32	29	18	30	51	31	75	32	83	33	100	34	97	35	21	36	74	37	55	38	89	39	73	
	0	54	1	76	2	78	3	36	4	66	5	64	6	47	7	25	8	32	9	81	10	26	11	93	12	79	13	90	14	59	15	7	16	63	17	1	18	44	19	62	20	38	21	57	22	88	23	83	24	47	25	63	26	5	27	35	28	65	29	42	30	47	31	85	32	93	33	2	34	92	35	34	36	61	37	52	38	67	39	90	
	0	27	1	56	2	29	3	90	4	58	5	67	6	35	7	63	8	15	9	37	10	10	11	23	12	75	13	26	14	49	15	5	16	5	17	13	18	49	19	88	20	28	21	97	22	58	23	95	24	12	25	48	26	41	27	31	28	14	29	71	30	6	31	66	32	65	33	97	34	9	35	36	36	63	37	73	38	30	39	97	
	0	33	1	14	2	54	3	93	4	100	5	57	6	93	7	24	8	65	9	1	10	18	11	95	12	16	13	56	14	74	15	61	16	2	17	94	18	25	19	63	20	76	21	19	22	78	23	57	24	32	25	27	26	57	27	9	28	71	29	41	30	20	31	3	32	56	33	30	34	92	35	36	36	13	37	39	38	94	39	22	
	0	4	1	41	2	90	3	52	4	9	5	90	6	39	7	93	8	51	9	93	10	33	11	62	12	44	13	40	14	80	15	85	16	31	17	53	18	26	19	71	20	9	21	7	22	40	23	58	24	16	25	83	26	19	27	61	28	57	29	3	30	10	31	4	32	96	33	56	34	28	35	7	36	14	37	84	38	100	39	76	
	0	7	1	91	2	44	3	29	4	82	5	13	6	20	7	76	8	78	9	93	10	15	11	49	12	74	13	50	14	44	15	22	16	69	17	19	18	51	19	39	20	9	21	86	22	55	23	1	24	31	25	62	26	81	27	89	28	8	29	33	30	47	31	30	32	66	33	9	34	78	35	23	36	5	37	75	38	93	39	68	
	0	69	1	14	2	9	3	32	4	66	5	42	6	90	7	31	8	3	9	17	10	57	11	62	12	44	13	44	14	51	15	52	16	31	17	7	18	88	19	37	20	63	21	70	22	22	23	31	24	28	25	59	26	56	27	88	28	2	29	13	30	77	31	30	32	40	33	28	34	3	35	38	36	97	37	16	38	24	39	49	
	0	51	1	85	2	12	3	6	4	76	5	8	6	87	7	44	8	66	9	87	10	66	11	43	12	10	13	58	14	62	15	38	16	94	17	81	18	65	19	12	20	92	21	4	22	11	23	45	24	52	25	95	26	1	27	33	28	70	29	40	30	48	31	35	32	72	33	62	34	80	35	40	36	31	37	78	38	31	39	58	
	0	63	1	37	2	82	3	84	4	86	5	10	6	67	7	88	8	79	9	68	10	6	11	36	12	41	13	59	14	58	15	44	16	7	17	43	18	75	19	84	20	6	21	93	22	27	23	42	24	5	25	42	26	34	27	31	28	17	29	71	30	3	31	58	32	50	33	87	34	48	35	23	36	27	37	93	38	37	39	21	
	0	62	1	2	2	46	3	19	4	3	5	23	6	12	7	26	8	71	9	80	10	59	11	4	12	4	13	31	14	29	15	74	16	80	17	60	18	93	19	43	20	48	21	87	22	87	23	76	24	76	25	32	26	89	27	40	28	32	29	28	30	88	31	97	32	61	33	28	34	38	35	18	36	14	37	35	38	7	39	68	
	0	3	1	22	2	62	3	4	4	69	5	72	6	66	7	14	8	40	9	40	10	46	11	36	12	69	13	93	14	47	15	11	16	43	17	44	18	36	19	52	20	86	21	7	22	100	23	79	24	24	25	55	26	21	27	79	28	39	29	84	30	92	31	58	32	79	33	37	34	50	35	100	36	37	37	33	38	10	39	76	