200 50 1
50
	0	76	1	29	2	9	3	17	4	43	5	67	6	68	7	59	8	61	9	16	10	66	11	92	12	54	13	40	14	96	15	58	16	6	17	89	18	47	19	17	20	12	21	34	22	40	23	22	24	73	25	22	26	21	27	61	28	13	29	58	30	89	31	47	32	86	33	5	34	29	35	29	36	10	37	85	38	63	39	60	40	26	41	64	42	40	43	42	44	73	45	67	46	63	47	55	48	73	49	28	
	0	49	1	77	2	47	3	51	4	68	5	34	6	98	7	9	8	52	9	47	10	58	11	16	12	4	13	83	14	72	15	67	16	66	17	22	18	73	19	62	20	42	21	24	22	13	23	68	24	69	25	26	26	17	27	21	28	67	29	98	30	48	31	19	32	94	33	12	34	59	35	60	36	2	37	62	38	72	39	17	40	75	41	26	42	34	43	99	44	54	45	59	46	64	47	31	48	45	49	4	
	0	31	1	46	2	1	3	37	4	70	5	70	6	61	7	72	8	61	9	91	10	28	11	85	12	70	13	25	14	19	15	15	16	41	17	63	18	71	19	74	20	65	21	91	22	63	23	93	24	72	25	28	26	75	27	72	28	64	29	89	30	1	31	32	32	45	33	16	34	55	35	24	36	29	37	23	38	42	39	88	40	74	41	84	42	98	43	94	44	19	45	64	46	16	47	52	48	52	49	1	
	0	13	1	61	2	23	3	97	4	32	5	48	6	77	7	83	8	51	9	90	10	42	11	46	12	98	13	37	14	43	15	44	16	54	17	81	18	46	19	100	20	6	21	63	22	68	23	73	24	73	25	66	26	91	27	79	28	32	29	73	30	17	31	69	32	81	33	36	34	97	35	100	36	44	37	59	38	21	39	71	40	94	41	41	42	22	43	84	44	85	45	23	46	65	47	43	48	97	49	23	
	0	18	1	35	2	53	3	36	4	99	5	73	6	13	7	92	8	66	9	78	10	19	11	58	12	36	13	49	14	71	15	15	16	59	17	61	18	6	19	23	20	15	21	32	22	80	23	41	24	98	25	92	26	62	27	86	28	82	29	57	30	95	31	32	32	60	33	86	34	50	35	64	36	82	37	93	38	57	39	54	40	88	41	16	42	13	43	57	44	64	45	77	46	31	47	86	48	6	49	70	
	0	51	1	19	2	68	3	67	4	40	5	69	6	15	7	90	8	56	9	15	10	54	11	97	12	74	13	90	14	15	15	19	16	5	17	61	18	61	19	96	20	11	21	34	22	26	23	83	24	63	25	60	26	46	27	38	28	49	29	24	30	72	31	21	32	45	33	95	34	4	35	16	36	32	37	46	38	66	39	51	40	95	41	37	42	59	43	16	44	80	45	86	46	77	47	95	48	43	49	49	
	0	66	1	51	2	93	3	13	4	74	5	38	6	45	7	94	8	54	9	43	10	93	11	87	12	15	13	8	14	16	15	8	16	58	17	66	18	6	19	88	20	38	21	5	22	83	23	28	24	11	25	37	26	18	27	100	28	90	29	15	30	55	31	68	32	43	33	50	34	80	35	95	36	66	37	9	38	82	39	16	40	43	41	37	42	2	43	1	44	49	45	21	46	82	47	81	48	55	49	2	
	0	47	1	71	2	3	3	26	4	94	5	5	6	99	7	1	8	96	9	7	10	16	11	82	12	85	13	80	14	29	15	48	16	61	17	8	18	17	19	20	20	26	21	88	22	79	23	36	24	94	25	27	26	84	27	98	28	10	29	34	30	99	31	79	32	83	33	26	34	81	35	72	36	93	37	11	38	22	39	31	40	62	41	8	42	72	43	43	44	2	45	83	46	27	47	85	48	34	49	7	
	0	7	1	99	2	73	3	28	4	31	5	87	6	71	7	85	8	91	9	93	10	17	11	31	12	57	13	98	14	86	15	94	16	24	17	57	18	46	19	18	20	33	21	24	22	24	23	44	24	95	25	56	26	17	27	32	28	34	29	62	30	56	31	85	32	73	33	66	34	32	35	60	36	34	37	14	38	87	39	34	40	50	41	44	42	29	43	17	44	86	45	58	46	20	47	55	48	8	49	59	
	0	4	1	54	2	44	3	43	4	30	5	16	6	24	7	95	8	23	9	95	10	50	11	19	12	91	13	30	14	97	15	81	16	11	17	82	18	18	19	54	20	72	21	75	22	34	23	53	24	38	25	71	26	25	27	96	28	13	29	69	30	38	31	28	32	8	33	52	34	66	35	97	36	88	37	59	38	51	39	30	40	23	41	41	42	82	43	7	44	74	45	2	46	53	47	44	48	21	49	84	
	0	11	1	3	2	19	3	64	4	29	5	31	6	38	7	17	8	64	9	7	10	33	11	48	12	25	13	70	14	37	15	7	16	44	17	13	18	77	19	63	20	48	21	64	22	42	23	49	24	63	25	62	26	3	27	56	28	56	29	43	30	50	31	41	32	55	33	4	34	68	35	25	36	85	37	30	38	44	39	4	40	40	41	72	42	40	43	83	44	20	45	75	46	23	47	79	48	46	49	52	
	0	3	1	34	2	63	3	5	4	43	5	99	6	1	7	78	8	97	9	81	10	1	11	62	12	7	13	42	14	32	15	58	16	51	17	98	18	45	19	9	20	17	21	55	22	60	23	39	24	33	25	7	26	77	27	98	28	63	29	61	30	55	31	21	32	4	33	78	34	37	35	48	36	94	37	96	38	3	39	68	40	47	41	37	42	27	43	77	44	63	45	57	46	78	47	80	48	44	49	34	
	0	73	1	86	2	31	3	70	4	78	5	67	6	90	7	52	8	60	9	50	10	28	11	92	12	92	13	69	14	2	15	11	16	44	17	31	18	52	19	14	20	58	21	95	22	39	23	4	24	15	25	21	26	90	27	84	28	50	29	63	30	39	31	54	32	97	33	20	34	42	35	17	36	35	37	96	38	25	39	54	40	35	41	13	42	43	43	36	44	92	45	40	46	87	47	95	48	98	49	21	
	0	60	1	27	2	34	3	76	4	87	5	82	6	46	7	32	8	81	9	90	10	68	11	90	12	44	13	78	14	53	15	71	16	93	17	13	18	78	19	7	20	20	21	52	22	63	23	10	24	3	25	57	26	57	27	85	28	4	29	84	30	90	31	42	32	51	33	3	34	74	35	10	36	9	37	2	38	9	39	23	40	19	41	20	42	12	43	14	44	22	45	10	46	54	47	55	48	96	49	45	
	0	45	1	56	2	1	3	76	4	21	5	92	6	9	7	60	8	33	9	73	10	97	11	75	12	84	13	62	14	64	15	48	16	39	17	82	18	31	19	49	20	62	21	34	22	93	23	53	24	61	25	26	26	71	27	33	28	90	29	68	30	76	31	81	32	85	33	10	34	49	35	84	36	76	37	53	38	95	39	76	40	76	41	31	42	70	43	8	44	44	45	17	46	11	47	12	48	57	49	87	
	0	94	1	23	2	55	3	50	4	30	5	93	6	84	7	99	8	53	9	37	10	71	11	10	12	36	13	26	14	49	15	61	16	8	17	37	18	24	19	28	20	16	21	53	22	52	23	31	24	67	25	3	26	86	27	35	28	29	29	30	30	95	31	75	32	74	33	76	34	87	35	65	36	15	37	92	38	97	39	60	40	6	41	68	42	40	43	21	44	12	45	62	46	51	47	83	48	62	49	82	
	0	61	1	41	2	46	3	71	4	94	5	26	6	88	7	63	8	31	9	96	10	57	11	87	12	90	13	30	14	83	15	96	16	79	17	44	18	43	19	51	20	43	21	2	22	36	23	98	24	41	25	21	26	81	27	40	28	8	29	1	30	31	31	57	32	47	33	88	34	57	35	43	36	85	37	60	38	92	39	73	40	2	41	56	42	7	43	13	44	86	45	17	46	88	47	94	48	45	49	100	
	0	18	1	65	2	99	3	57	4	32	5	97	6	47	7	66	8	2	9	49	10	55	11	41	12	66	13	8	14	98	15	57	16	37	17	8	18	7	19	96	20	13	21	49	22	34	23	35	24	68	25	66	26	42	27	39	28	79	29	63	30	70	31	7	32	65	33	98	34	80	35	16	36	86	37	15	38	36	39	44	40	32	41	39	42	25	43	71	44	77	45	92	46	43	47	92	48	31	49	35	
	0	41	1	67	2	2	3	75	4	45	5	97	6	48	7	78	8	43	9	49	10	27	11	23	12	83	13	75	14	75	15	46	16	40	17	27	18	18	19	98	20	54	21	63	22	10	23	21	24	74	25	2	26	59	27	29	28	85	29	41	30	54	31	10	32	91	33	76	34	74	35	15	36	55	37	26	38	94	39	83	40	33	41	59	42	51	43	85	44	95	45	66	46	24	47	82	48	52	49	11	
	0	56	1	32	2	95	3	3	4	13	5	71	6	1	7	23	8	83	9	90	10	48	11	52	12	95	13	83	14	80	15	40	16	50	17	48	18	86	19	78	20	6	21	35	22	47	23	72	24	41	25	75	26	14	27	86	28	53	29	29	30	55	31	72	32	80	33	41	34	33	35	68	36	36	37	69	38	27	39	18	40	15	41	36	42	12	43	93	44	45	45	5	46	37	47	70	48	91	49	31	
	0	27	1	25	2	33	3	85	4	18	5	61	6	23	7	95	8	100	9	93	10	2	11	84	12	23	13	77	14	65	15	55	16	27	17	62	18	47	19	24	20	12	21	65	22	29	23	51	24	85	25	28	26	53	27	53	28	9	29	51	30	67	31	84	32	39	33	40	34	46	35	10	36	85	37	1	38	70	39	70	40	89	41	37	42	89	43	9	44	33	45	70	46	89	47	84	48	65	49	46	
	0	71	1	51	2	79	3	87	4	38	5	11	6	83	7	69	8	10	9	73	10	5	11	63	12	99	13	47	14	45	15	65	16	17	17	44	18	25	19	76	20	38	21	20	22	38	23	37	24	73	25	18	26	36	27	69	28	90	29	5	30	36	31	90	32	27	33	78	34	89	35	66	36	62	37	4	38	71	39	80	40	20	41	7	42	77	43	89	44	59	45	23	46	81	47	9	48	11	49	13	
	0	82	1	28	2	24	3	60	4	65	5	16	6	63	7	46	8	6	9	31	10	46	11	70	12	38	13	95	14	59	15	2	16	54	17	22	18	13	19	97	20	71	21	9	22	40	23	11	24	21	25	17	26	95	27	86	28	91	29	100	30	75	31	73	32	20	33	94	34	41	35	12	36	48	37	32	38	21	39	2	40	88	41	19	42	31	43	19	44	37	45	5	46	24	47	78	48	13	49	92	
	0	47	1	88	2	45	3	13	4	53	5	39	6	8	7	96	8	38	9	70	10	63	11	15	12	10	13	50	14	30	15	13	16	44	17	30	18	14	19	64	20	47	21	96	22	1	23	70	24	74	25	3	26	68	27	1	28	74	29	58	30	7	31	36	32	32	33	55	34	72	35	70	36	28	37	5	38	14	39	62	40	46	41	75	42	57	43	84	44	83	45	42	46	9	47	66	48	4	49	51	
	0	3	1	99	2	15	3	78	4	63	5	67	6	24	7	31	8	67	9	73	10	24	11	11	12	84	13	89	14	12	15	6	16	12	17	45	18	40	19	100	20	9	21	74	22	14	23	67	24	98	25	9	26	62	27	12	28	40	29	12	30	77	31	82	32	55	33	79	34	100	35	84	36	75	37	79	38	19	39	67	40	54	41	87	42	42	43	91	44	79	45	83	46	70	47	11	48	70	49	66	
	0	89	1	17	2	39	3	96	4	49	5	72	6	41	7	56	8	52	9	37	10	88	11	37	12	86	13	53	14	26	15	79	16	35	17	20	18	88	19	85	20	28	21	3	22	73	23	69	24	12	25	96	26	25	27	32	28	12	29	88	30	32	31	26	32	40	33	95	34	81	35	97	36	76	37	36	38	5	39	14	40	4	41	19	42	61	43	41	44	93	45	70	46	41	47	59	48	34	49	56	
	0	27	1	79	2	14	3	27	4	36	5	33	6	63	7	62	8	30	9	65	10	96	11	30	12	16	13	35	14	36	15	42	16	90	17	25	18	60	19	13	20	84	21	84	22	67	23	92	24	27	25	25	26	36	27	34	28	55	29	55	30	77	31	19	32	44	33	93	34	15	35	26	36	92	37	97	38	39	39	47	40	81	41	92	42	12	43	17	44	88	45	94	46	58	47	82	48	63	49	39	
	0	27	1	23	2	18	3	24	4	64	5	27	6	93	7	80	8	45	9	13	10	15	11	31	12	6	13	46	14	62	15	20	16	6	17	77	18	32	19	63	20	2	21	25	22	23	23	5	24	74	25	41	26	34	27	96	28	85	29	63	30	92	31	76	32	94	33	12	34	5	35	76	36	80	37	13	38	15	39	23	40	82	41	6	42	27	43	67	44	8	45	7	46	42	47	51	48	38	49	28	
	0	72	1	93	2	75	3	35	4	60	5	63	6	27	7	58	8	65	9	3	10	65	11	54	12	48	13	63	14	81	15	78	16	6	17	15	18	94	19	53	20	83	21	26	22	12	23	95	24	75	25	67	26	92	27	80	28	40	29	51	30	89	31	11	32	40	33	77	34	79	35	10	36	87	37	75	38	31	39	87	40	66	41	93	42	95	43	86	44	92	45	61	46	72	47	46	48	54	49	52	
	0	86	1	7	2	3	3	56	4	99	5	62	6	33	7	59	8	44	9	89	10	15	11	52	12	41	13	49	14	68	15	9	16	8	17	64	18	89	19	96	20	74	21	13	22	31	23	12	24	38	25	60	26	16	27	25	28	19	29	8	30	56	31	81	32	57	33	51	34	68	35	97	36	23	37	60	38	50	39	95	40	52	41	36	42	88	43	49	44	63	45	99	46	36	47	19	48	34	49	99	
	0	65	1	43	2	48	3	24	4	46	5	90	6	59	7	18	8	75	9	72	10	42	11	28	12	80	13	29	14	94	15	18	16	61	17	98	18	28	19	41	20	67	21	11	22	83	23	27	24	15	25	99	26	48	27	29	28	49	29	82	30	20	31	75	32	89	33	56	34	85	35	39	36	93	37	85	38	57	39	2	40	78	41	85	42	76	43	37	44	66	45	75	46	53	47	67	48	43	49	31	
	0	41	1	36	2	99	3	79	4	41	5	17	6	47	7	17	8	50	9	35	10	90	11	94	12	58	13	38	14	66	15	81	16	4	17	48	18	78	19	71	20	64	21	24	22	85	23	9	24	59	25	96	26	98	27	61	28	15	29	26	30	34	31	75	32	76	33	50	34	10	35	71	36	94	37	51	38	29	39	51	40	2	41	49	42	10	43	58	44	48	45	90	46	59	47	73	48	87	49	65	
	0	56	1	11	2	25	3	50	4	19	5	92	6	61	7	41	8	9	9	50	10	28	11	83	12	29	13	55	14	52	15	55	16	4	17	63	18	44	19	27	20	57	21	31	22	8	23	82	24	67	25	88	26	71	27	86	28	30	29	34	30	88	31	15	32	35	33	68	34	4	35	34	36	13	37	65	38	72	39	36	40	41	41	14	42	74	43	19	44	97	45	94	46	44	47	95	48	53	49	55	
	0	92	1	15	2	54	3	94	4	27	5	47	6	61	7	87	8	59	9	35	10	20	11	84	12	45	13	25	14	48	15	20	16	35	17	43	18	31	19	16	20	18	21	24	22	48	23	92	24	56	25	9	26	18	27	9	28	17	29	46	30	41	31	28	32	56	33	86	34	17	35	63	36	81	37	92	38	50	39	79	40	75	41	91	42	48	43	44	44	64	45	45	46	65	47	90	48	24	49	26	
	0	88	1	14	2	32	3	87	4	1	5	22	6	63	7	65	8	15	9	63	10	68	11	31	12	53	13	12	14	51	15	89	16	34	17	11	18	1	19	41	20	7	21	60	22	19	23	24	24	76	25	62	26	58	27	73	28	60	29	86	30	15	31	37	32	77	33	7	34	22	35	87	36	72	37	35	38	41	39	44	40	13	41	49	42	7	43	91	44	64	45	4	46	50	47	15	48	56	49	13	
	0	46	1	45	2	1	3	30	4	64	5	89	6	13	7	13	8	12	9	70	10	3	11	67	12	47	13	58	14	46	15	82	16	16	17	33	18	97	19	79	20	25	21	1	22	36	23	58	24	11	25	18	26	38	27	84	28	92	29	88	30	64	31	19	32	30	33	14	34	15	35	77	36	93	37	91	38	82	39	14	40	36	41	80	42	48	43	15	44	76	45	96	46	90	47	4	48	26	49	20	
	0	40	1	6	2	24	3	40	4	99	5	87	6	12	7	36	8	79	9	49	10	78	11	40	12	14	13	1	14	31	15	78	16	53	17	65	18	46	19	33	20	69	21	40	22	23	23	11	24	63	25	17	26	99	27	20	28	94	29	56	30	40	31	46	32	6	33	84	34	37	35	86	36	23	37	16	38	86	39	44	40	79	41	13	42	22	43	32	44	1	45	12	46	50	47	6	48	23	49	78	
	0	48	1	55	2	35	3	3	4	16	5	14	6	42	7	69	8	27	9	45	10	29	11	62	12	65	13	1	14	42	15	29	16	1	17	45	18	59	19	68	20	53	21	68	22	18	23	50	24	67	25	43	26	86	27	71	28	35	29	41	30	57	31	92	32	90	33	69	34	71	35	1	36	1	37	98	38	22	39	51	40	12	41	51	42	5	43	24	44	15	45	38	46	47	47	5	48	27	49	19	
	0	17	1	75	2	20	3	58	4	29	5	66	6	14	7	57	8	92	9	35	10	87	11	89	12	71	13	71	14	69	15	80	16	58	17	67	18	57	19	83	20	20	21	39	22	43	23	86	24	39	25	55	26	89	27	61	28	15	29	92	30	63	31	36	32	19	33	38	34	29	35	59	36	42	37	70	38	42	39	86	40	76	41	8	42	19	43	76	44	98	45	59	46	60	47	55	48	20	49	36	
	0	3	1	69	2	30	3	69	4	76	5	7	6	10	7	70	8	50	9	89	10	34	11	42	12	66	13	62	14	1	15	41	16	50	17	70	18	63	19	15	20	8	21	55	22	62	23	1	24	66	25	23	26	53	27	92	28	96	29	66	30	76	31	13	32	97	33	23	34	98	35	81	36	69	37	89	38	88	39	58	40	91	41	8	42	30	43	72	44	31	45	43	46	40	47	55	48	37	49	69	
	0	19	1	67	2	94	3	3	4	82	5	19	6	11	7	77	8	56	9	2	10	88	11	97	12	99	13	77	14	53	15	31	16	35	17	51	18	53	19	56	20	6	21	86	22	60	23	76	24	44	25	68	26	71	27	30	28	84	29	52	30	68	31	2	32	94	33	100	34	7	35	99	36	63	37	77	38	6	39	4	40	7	41	5	42	56	43	77	44	69	45	62	46	61	47	23	48	34	49	23	
	0	53	1	80	2	51	3	76	4	10	5	22	6	33	7	75	8	77	9	55	10	41	11	61	12	52	13	58	14	24	15	25	16	40	17	41	18	6	19	83	20	18	21	2	22	62	23	14	24	93	25	1	26	74	27	24	28	47	29	20	30	9	31	65	32	19	33	70	34	89	35	36	36	7	37	14	38	36	39	77	40	22	41	91	42	42	43	22	44	82	45	21	46	42	47	21	48	72	49	7	
	0	42	1	34	2	9	3	60	4	41	5	91	6	82	7	58	8	17	9	12	10	48	11	37	12	85	13	77	14	18	15	1	16	69	17	19	18	88	19	99	20	9	21	91	22	84	23	17	24	8	25	90	26	76	27	14	28	82	29	42	30	4	31	68	32	64	33	46	34	49	35	10	36	25	37	29	38	15	39	30	40	14	41	49	42	64	43	32	44	35	45	84	46	55	47	1	48	74	49	44	
	0	36	1	70	2	48	3	87	4	78	5	85	6	74	7	86	8	47	9	63	10	70	11	83	12	87	13	57	14	12	15	14	16	16	17	56	18	16	19	24	20	65	21	47	22	99	23	24	24	11	25	83	26	34	27	64	28	89	29	75	30	66	31	88	32	93	33	67	34	1	35	14	36	89	37	8	38	89	39	53	40	87	41	46	42	41	43	91	44	53	45	100	46	42	47	47	48	12	49	41	
	0	60	1	65	2	28	3	76	4	18	5	93	6	37	7	75	8	30	9	74	10	1	11	42	12	58	13	91	14	26	15	82	16	92	17	69	18	83	19	5	20	69	21	4	22	95	23	84	24	31	25	4	26	71	27	11	28	45	29	44	30	82	31	18	32	28	33	78	34	51	35	6	36	87	37	51	38	17	39	32	40	31	41	54	42	26	43	42	44	25	45	84	46	14	47	15	48	86	49	62	
	0	20	1	20	2	2	3	70	4	13	5	88	6	48	7	89	8	8	9	38	10	6	11	90	12	2	13	87	14	52	15	81	16	30	17	60	18	95	19	94	20	37	21	17	22	49	23	37	24	28	25	23	26	24	27	72	28	67	29	85	30	82	31	74	32	7	33	69	34	91	35	96	36	96	37	68	38	25	39	46	40	21	41	15	42	16	43	85	44	56	45	80	46	76	47	88	48	69	49	66	
	0	38	1	84	2	63	3	76	4	85	5	21	6	32	7	98	8	31	9	10	10	99	11	29	12	83	13	70	14	60	15	9	16	81	17	37	18	59	19	6	20	40	21	11	22	5	23	4	24	100	25	99	26	84	27	89	28	49	29	40	30	33	31	60	32	84	33	58	34	17	35	11	36	77	37	67	38	17	39	62	40	61	41	66	42	32	43	15	44	39	45	40	46	68	47	43	48	19	49	62	
	0	3	1	3	2	75	3	47	4	60	5	92	6	78	7	19	8	78	9	65	10	66	11	22	12	98	13	78	14	8	15	78	16	53	17	7	18	35	19	52	20	56	21	7	22	76	23	70	24	64	25	43	26	98	27	2	28	70	29	47	30	10	31	31	32	5	33	35	34	45	35	52	36	79	37	64	38	25	39	11	40	97	41	33	42	54	43	53	44	98	45	41	46	3	47	72	48	72	49	63	
	0	66	1	26	2	8	3	26	4	5	5	71	6	16	7	8	8	98	9	90	10	46	11	90	12	50	13	47	14	95	15	5	16	58	17	17	18	93	19	66	20	74	21	71	22	31	23	57	24	99	25	72	26	76	27	84	28	13	29	27	30	31	31	93	32	26	33	23	34	26	35	22	36	23	37	31	38	80	39	52	40	56	41	2	42	13	43	2	44	58	45	46	46	58	47	15	48	2	49	22	
	0	47	1	92	2	9	3	4	4	14	5	81	6	92	7	5	8	25	9	20	10	37	11	84	12	16	13	91	14	91	15	73	16	52	17	55	18	32	19	54	20	56	21	77	22	53	23	65	24	43	25	57	26	75	27	85	28	2	29	27	30	5	31	3	32	80	33	82	34	41	35	78	36	68	37	72	38	65	39	54	40	83	41	96	42	76	43	38	44	96	45	34	46	86	47	98	48	37	49	53	
	0	40	1	8	2	44	3	44	4	24	5	82	6	14	7	7	8	29	9	76	10	23	11	46	12	36	13	60	14	72	15	10	16	63	17	72	18	79	19	35	20	27	21	81	22	74	23	100	24	26	25	54	26	11	27	74	28	29	29	56	30	86	31	1	32	21	33	51	34	75	35	40	36	25	37	95	38	12	39	10	40	4	41	30	42	61	43	3	44	61	45	13	46	24	47	58	48	47	49	79	
	0	44	1	90	2	92	3	21	4	41	5	40	6	14	7	96	8	8	9	31	10	90	11	65	12	45	13	82	14	89	15	94	16	87	17	31	18	16	19	63	20	1	21	20	22	75	23	36	24	32	25	48	26	54	27	22	28	24	29	29	30	80	31	18	32	75	33	45	34	54	35	21	36	36	37	28	38	9	39	6	40	61	41	20	42	76	43	27	44	10	45	28	46	76	47	95	48	87	49	71	
	0	81	1	13	2	96	3	33	4	6	5	45	6	75	7	39	8	54	9	96	10	14	11	32	12	63	13	53	14	56	15	8	16	20	17	79	18	55	19	5	20	50	21	71	22	25	23	42	24	59	25	68	26	96	27	52	28	76	29	14	30	78	31	5	32	45	33	19	34	45	35	23	36	11	37	1	38	40	39	49	40	89	41	17	42	100	43	17	44	68	45	62	46	7	47	94	48	50	49	2	
	0	67	1	46	2	50	3	5	4	31	5	45	6	51	7	7	8	79	9	81	10	19	11	48	12	13	13	93	14	34	15	96	16	81	17	100	18	24	19	86	20	89	21	26	22	31	23	98	24	90	25	78	26	34	27	54	28	56	29	48	30	20	31	94	32	44	33	20	34	81	35	96	36	81	37	41	38	52	39	67	40	76	41	43	42	77	43	9	44	5	45	50	46	42	47	8	48	27	49	99	
	0	21	1	21	2	32	3	62	4	77	5	15	6	87	7	62	8	58	9	60	10	27	11	82	12	74	13	39	14	41	15	25	16	19	17	25	18	61	19	69	20	55	21	70	22	22	23	98	24	67	25	48	26	12	27	17	28	84	29	55	30	12	31	96	32	84	33	77	34	31	35	4	36	57	37	68	38	63	39	86	40	72	41	61	42	67	43	80	44	1	45	17	46	18	47	27	48	27	49	60	
	0	52	1	51	2	34	3	87	4	21	5	7	6	57	7	73	8	51	9	19	10	48	11	81	12	95	13	8	14	39	15	76	16	35	17	45	18	73	19	14	20	43	21	17	22	79	23	80	24	50	25	50	26	3	27	88	28	12	29	42	30	10	31	8	32	46	33	77	34	75	35	94	36	94	37	13	38	71	39	61	40	22	41	65	42	42	43	2	44	12	45	10	46	86	47	26	48	52	49	57	
	0	20	1	35	2	50	3	55	4	56	5	26	6	70	7	7	8	2	9	71	10	14	11	80	12	95	13	94	14	15	15	63	16	41	17	14	18	16	19	56	20	20	21	92	22	1	23	70	24	46	25	94	26	16	27	42	28	70	29	4	30	10	31	24	32	10	33	68	34	76	35	36	36	34	37	46	38	60	39	12	40	13	41	60	42	80	43	83	44	71	45	13	46	51	47	27	48	84	49	57	
	0	28	1	96	2	65	3	13	4	12	5	61	6	49	7	13	8	34	9	84	10	83	11	61	12	1	13	49	14	11	15	86	16	70	17	89	18	91	19	74	20	97	21	17	22	20	23	10	24	59	25	42	26	30	27	97	28	74	29	15	30	41	31	70	32	41	33	22	34	6	35	5	36	50	37	25	38	86	39	39	40	99	41	73	42	13	43	6	44	37	45	6	46	27	47	79	48	24	49	45	
	0	5	1	98	2	87	3	77	4	23	5	62	6	91	7	57	8	51	9	40	10	48	11	37	12	74	13	69	14	8	15	21	16	62	17	19	18	57	19	43	20	20	21	76	22	6	23	80	24	55	25	75	26	42	27	45	28	47	29	29	30	56	31	24	32	92	33	15	34	35	35	86	36	79	37	10	38	86	39	5	40	43	41	15	42	56	43	71	44	100	45	22	46	20	47	78	48	14	49	44	
	0	75	1	23	2	85	3	80	4	79	5	81	6	46	7	91	8	19	9	23	10	13	11	54	12	36	13	6	14	97	15	57	16	45	17	2	18	14	19	31	20	70	21	17	22	82	23	5	24	100	25	29	26	12	27	1	28	93	29	39	30	53	31	71	32	6	33	84	34	97	35	15	36	47	37	5	38	6	39	90	40	90	41	15	42	31	43	40	44	32	45	96	46	64	47	11	48	53	49	58	
	0	34	1	21	2	11	3	29	4	88	5	67	6	58	7	69	8	81	9	38	10	84	11	62	12	28	13	45	14	68	15	3	16	34	17	65	18	65	19	91	20	82	21	85	22	13	23	47	24	60	25	25	26	83	27	9	28	17	29	1	30	39	31	26	32	2	33	96	34	52	35	46	36	24	37	92	38	96	39	33	40	15	41	73	42	76	43	18	44	63	45	13	46	38	47	29	48	5	49	82	
	0	90	1	51	2	15	3	80	4	69	5	37	6	4	7	43	8	85	9	94	10	11	11	72	12	30	13	33	14	18	15	32	16	81	17	23	18	18	19	2	20	68	21	46	22	38	23	78	24	97	25	32	26	10	27	60	28	45	29	91	30	19	31	30	32	45	33	1	34	68	35	78	36	47	37	86	38	72	39	16	40	27	41	57	42	3	43	72	44	24	45	12	46	66	47	45	48	31	49	56	
	0	60	1	61	2	43	3	4	4	27	5	25	6	24	7	38	8	76	9	97	10	3	11	24	12	91	13	42	14	30	15	2	16	63	17	52	18	65	19	78	20	18	21	94	22	76	23	100	24	40	25	52	26	3	27	51	28	59	29	92	30	77	31	53	32	24	33	14	34	89	35	3	36	28	37	11	38	53	39	14	40	98	41	29	42	45	43	7	44	1	45	44	46	6	47	13	48	25	49	97	
	0	20	1	32	2	8	3	52	4	93	5	46	6	19	7	61	8	29	9	54	10	55	11	59	12	76	13	51	14	66	15	60	16	26	17	58	18	15	19	82	20	15	21	68	22	19	23	76	24	46	25	91	26	1	27	93	28	20	29	90	30	1	31	45	32	8	33	69	34	68	35	33	36	45	37	64	38	100	39	54	40	72	41	21	42	68	43	43	44	26	45	16	46	88	47	16	48	34	49	38	
	0	39	1	43	2	54	3	26	4	84	5	25	6	4	7	61	8	67	9	70	10	73	11	38	12	73	13	22	14	65	15	82	16	4	17	3	18	12	19	12	20	63	21	44	22	57	23	87	24	49	25	49	26	54	27	99	28	40	29	14	30	85	31	11	32	24	33	26	34	46	35	18	36	65	37	92	38	86	39	89	40	91	41	33	42	44	43	76	44	58	45	49	46	2	47	56	48	99	49	41	
	0	79	1	28	2	7	3	18	4	20	5	82	6	70	7	83	8	98	9	13	10	82	11	29	12	23	13	9	14	30	15	7	16	48	17	55	18	34	19	6	20	3	21	2	22	82	23	59	24	45	25	36	26	39	27	1	28	1	29	6	30	98	31	3	32	77	33	92	34	88	35	53	36	21	37	76	38	75	39	23	40	6	41	72	42	84	43	62	44	88	45	32	46	97	47	11	48	12	49	54	
	0	38	1	47	2	9	3	46	4	91	5	93	6	25	7	38	8	33	9	12	10	37	11	59	12	55	13	64	14	7	15	26	16	56	17	44	18	100	19	85	20	20	21	19	22	74	23	47	24	92	25	80	26	3	27	35	28	26	29	12	30	41	31	10	32	81	33	78	34	54	35	43	36	17	37	25	38	72	39	7	40	60	41	22	42	29	43	54	44	71	45	34	46	12	47	48	48	29	49	24	
	0	69	1	95	2	1	3	40	4	19	5	38	6	18	7	71	8	38	9	23	10	55	11	7	12	71	13	27	14	81	15	12	16	68	17	10	18	22	19	85	20	40	21	82	22	76	23	36	24	35	25	40	26	55	27	52	28	88	29	25	30	24	31	1	32	28	33	12	34	15	35	91	36	77	37	18	38	59	39	68	40	75	41	76	42	82	43	5	44	86	45	69	46	36	47	24	48	13	49	15	
	0	22	1	7	2	47	3	55	4	16	5	65	6	73	7	85	8	2	9	62	10	40	11	46	12	4	13	46	14	61	15	41	16	37	17	59	18	11	19	78	20	35	21	7	22	83	23	34	24	50	25	24	26	51	27	92	28	7	29	15	30	58	31	49	32	99	33	17	34	53	35	90	36	53	37	26	38	88	39	40	40	28	41	4	42	23	43	97	44	6	45	83	46	83	47	10	48	19	49	15	
	0	69	1	54	2	14	3	91	4	30	5	64	6	11	7	54	8	38	9	49	10	45	11	44	12	59	13	29	14	34	15	34	16	73	17	56	18	62	19	43	20	76	21	59	22	33	23	46	24	86	25	60	26	70	27	85	28	48	29	55	30	33	31	69	32	27	33	10	34	35	35	61	36	76	37	24	38	1	39	93	40	10	41	95	42	31	43	88	44	32	45	75	46	68	47	53	48	87	49	12	
	0	8	1	91	2	41	3	28	4	9	5	80	6	36	7	51	8	51	9	36	10	94	11	83	12	19	13	31	14	94	15	87	16	43	17	32	18	61	19	16	20	20	21	83	22	67	23	99	24	73	25	54	26	73	27	59	28	68	29	96	30	80	31	91	32	79	33	82	34	31	35	92	36	97	37	54	38	25	39	28	40	38	41	67	42	30	43	84	44	13	45	99	46	6	47	72	48	62	49	93	
	0	25	1	48	2	37	3	70	4	38	5	96	6	42	7	27	8	13	9	81	10	34	11	13	12	55	13	47	14	98	15	74	16	42	17	2	18	51	19	76	20	46	21	17	22	55	23	42	24	52	25	68	26	64	27	68	28	18	29	85	30	63	31	60	32	72	33	26	34	59	35	24	36	74	37	81	38	95	39	10	40	38	41	72	42	62	43	94	44	52	45	42	46	86	47	40	48	58	49	12	
	0	9	1	94	2	46	3	77	4	61	5	58	6	77	7	91	8	15	9	89	10	54	11	23	12	7	13	100	14	26	15	92	16	10	17	79	18	7	19	69	20	68	21	8	22	27	23	73	24	84	25	58	26	40	27	47	28	87	29	34	30	2	31	24	32	98	33	8	34	70	35	53	36	37	37	27	38	27	39	35	40	45	41	8	42	82	43	25	44	45	45	45	46	6	47	11	48	34	49	81	
	0	98	1	29	2	4	3	68	4	7	5	84	6	81	7	41	8	43	9	47	10	64	11	4	12	92	13	99	14	70	15	2	16	41	17	51	18	27	19	88	20	38	21	50	22	76	23	72	24	76	25	55	26	22	27	16	28	26	29	95	30	51	31	49	32	54	33	31	34	16	35	79	36	39	37	41	38	67	39	99	40	55	41	37	42	46	43	49	44	74	45	85	46	61	47	61	48	92	49	65	
	0	6	1	58	2	4	3	6	4	20	5	93	6	21	7	45	8	70	9	32	10	88	11	32	12	89	13	7	14	92	15	78	16	20	17	49	18	12	19	24	20	40	21	71	22	51	23	81	24	93	25	42	26	46	27	18	28	32	29	3	30	33	31	74	32	63	33	100	34	96	35	16	36	55	37	15	38	31	39	64	40	53	41	14	42	6	43	46	44	21	45	78	46	99	47	3	48	15	49	97	
	0	64	1	24	2	59	3	27	4	56	5	27	6	24	7	18	8	38	9	69	10	77	11	1	12	67	13	79	14	2	15	31	16	22	17	63	18	50	19	54	20	45	21	87	22	30	23	30	24	78	25	4	26	29	27	92	28	63	29	84	30	74	31	63	32	64	33	58	34	40	35	74	36	28	37	24	38	52	39	14	40	27	41	71	42	26	43	71	44	39	45	83	46	10	47	98	48	61	49	50	
	0	2	1	73	2	40	3	90	4	74	5	95	6	93	7	83	8	27	9	52	10	97	11	47	12	84	13	89	14	80	15	90	16	71	17	44	18	67	19	74	20	33	21	41	22	97	23	56	24	58	25	98	26	24	27	34	28	48	29	98	30	43	31	44	32	22	33	38	34	31	35	21	36	4	37	62	38	31	39	51	40	38	41	22	42	21	43	71	44	51	45	100	46	44	47	32	48	56	49	89	
	0	35	1	20	2	30	3	16	4	72	5	64	6	57	7	20	8	79	9	32	10	3	11	23	12	38	13	66	14	98	15	16	16	62	17	13	18	93	19	86	20	32	21	23	22	10	23	30	24	41	25	29	26	48	27	30	28	60	29	79	30	72	31	9	32	18	33	11	34	36	35	47	36	48	37	90	38	23	39	62	40	2	41	90	42	65	43	76	44	55	45	44	46	94	47	83	48	74	49	29	
	0	93	1	80	2	36	3	85	4	27	5	27	6	43	7	96	8	38	9	39	10	11	11	12	12	54	13	44	14	56	15	81	16	55	17	5	18	81	19	92	20	49	21	29	22	64	23	3	24	15	25	25	26	98	27	33	28	42	29	51	30	31	31	18	32	11	33	67	34	74	35	83	36	90	37	23	38	39	39	24	40	27	41	66	42	11	43	23	44	89	45	94	46	60	47	29	48	2	49	50	
	0	55	1	16	2	25	3	39	4	66	5	35	6	92	7	95	8	27	9	59	10	42	11	41	12	71	13	42	14	16	15	91	16	92	17	90	18	69	19	25	20	100	21	5	22	48	23	96	24	38	25	68	26	3	27	39	28	86	29	55	30	18	31	59	32	81	33	62	34	21	35	66	36	83	37	14	38	14	39	22	40	74	41	44	42	79	43	23	44	48	45	11	46	12	47	54	48	61	49	78	
	0	14	1	89	2	26	3	36	4	33	5	72	6	34	7	99	8	48	9	63	10	59	11	44	12	30	13	52	14	25	15	24	16	51	17	28	18	72	19	25	20	30	21	41	22	79	23	81	24	96	25	98	26	78	27	41	28	11	29	94	30	76	31	74	32	80	33	51	34	38	35	24	36	45	37	23	38	81	39	75	40	66	41	63	42	27	43	10	44	92	45	52	46	45	47	65	48	5	49	39	
	0	100	1	75	2	84	3	24	4	10	5	90	6	13	7	14	8	8	9	18	10	40	11	91	12	3	13	76	14	79	15	55	16	43	17	97	18	77	19	100	20	32	21	77	22	90	23	53	24	44	25	40	26	73	27	19	28	75	29	68	30	31	31	97	32	67	33	65	34	95	35	72	36	15	37	66	38	38	39	19	40	70	41	40	42	67	43	30	44	48	45	34	46	75	47	9	48	42	49	3	
	0	36	1	80	2	87	3	25	4	41	5	82	6	48	7	83	8	76	9	66	10	69	11	30	12	99	13	88	14	82	15	17	16	60	17	97	18	17	19	58	20	43	21	73	22	53	23	18	24	10	25	10	26	80	27	65	28	16	29	46	30	54	31	11	32	99	33	3	34	2	35	3	36	10	37	70	38	27	39	69	40	39	41	69	42	80	43	22	44	10	45	27	46	16	47	17	48	22	49	34	
	0	18	1	95	2	88	3	85	4	88	5	96	6	3	7	96	8	31	9	72	10	23	11	96	12	83	13	64	14	74	15	52	16	9	17	14	18	17	19	57	20	3	21	89	22	31	23	47	24	64	25	2	26	57	27	17	28	18	29	60	30	14	31	92	32	64	33	34	34	70	35	37	36	28	37	23	38	66	39	43	40	45	41	89	42	35	43	40	44	98	45	18	46	1	47	23	48	16	49	12	
	0	78	1	100	2	75	3	19	4	36	5	13	6	57	7	28	8	35	9	100	10	83	11	67	12	52	13	14	14	60	15	22	16	63	17	26	18	16	19	70	20	13	21	72	22	54	23	94	24	83	25	10	26	58	27	34	28	79	29	45	30	15	31	7	32	49	33	45	34	16	35	79	36	61	37	2	38	75	39	37	40	15	41	59	42	15	43	40	44	23	45	37	46	55	47	66	48	93	49	25	
	0	68	1	33	2	70	3	67	4	54	5	36	6	25	7	62	8	100	9	71	10	37	11	34	12	78	13	47	14	50	15	77	16	4	17	42	18	50	19	71	20	98	21	81	22	52	23	73	24	35	25	53	26	65	27	68	28	67	29	9	30	35	31	72	32	97	33	68	34	29	35	63	36	57	37	95	38	85	39	9	40	71	41	65	42	14	43	41	44	40	45	22	46	42	47	33	48	79	49	47	
	0	65	1	67	2	29	3	4	4	15	5	32	6	6	7	30	8	83	9	100	10	85	11	92	12	53	13	52	14	18	15	36	16	76	17	33	18	42	19	42	20	77	21	73	22	79	23	68	24	87	25	50	26	47	27	94	28	40	29	27	30	80	31	35	32	72	33	39	34	22	35	97	36	57	37	39	38	40	39	1	40	28	41	52	42	5	43	50	44	27	45	62	46	87	47	72	48	37	49	40	
	0	95	1	34	2	26	3	47	4	81	5	29	6	24	7	54	8	73	9	61	10	91	11	77	12	51	13	52	14	48	15	39	16	87	17	94	18	95	19	30	20	54	21	52	22	90	23	41	24	3	25	45	26	2	27	44	28	49	29	52	30	100	31	88	32	26	33	16	34	17	35	80	36	40	37	15	38	68	39	45	40	7	41	24	42	81	43	5	44	33	45	48	46	40	47	34	48	34	49	81	
	0	31	1	25	2	8	3	90	4	13	5	83	6	26	7	35	8	32	9	24	10	12	11	1	12	67	13	59	14	33	15	54	16	97	17	2	18	73	19	86	20	48	21	18	22	70	23	62	24	94	25	9	26	93	27	39	28	97	29	60	30	21	31	54	32	47	33	56	34	45	35	76	36	87	37	68	38	40	39	93	40	55	41	64	42	51	43	42	44	71	45	82	46	10	47	20	48	98	49	2	
	0	15	1	23	2	76	3	94	4	20	5	50	6	72	7	7	8	31	9	3	10	99	11	78	12	53	13	7	14	18	15	75	16	57	17	4	18	78	19	35	20	28	21	95	22	98	23	62	24	22	25	31	26	31	27	87	28	74	29	20	30	88	31	37	32	26	33	89	34	75	35	68	36	30	37	71	38	68	39	97	40	40	41	58	42	14	43	27	44	82	45	82	46	76	47	82	48	65	49	100	
	0	23	1	98	2	97	3	61	4	65	5	65	6	21	7	88	8	65	9	58	10	57	11	8	12	55	13	17	14	67	15	96	16	82	17	9	18	72	19	46	20	35	21	94	22	32	23	11	24	61	25	72	26	52	27	77	28	22	29	81	30	24	31	72	32	93	33	77	34	12	35	78	36	64	37	48	38	37	39	18	40	42	41	47	42	63	43	61	44	43	45	56	46	9	47	72	48	85	49	96	
	0	82	1	3	2	36	3	29	4	57	5	46	6	72	7	9	8	11	9	65	10	38	11	16	12	18	13	78	14	69	15	46	16	98	17	60	18	24	19	89	20	98	21	24	22	98	23	48	24	28	25	83	26	77	27	36	28	17	29	14	30	43	31	2	32	43	33	38	34	71	35	76	36	13	37	72	38	93	39	9	40	99	41	61	42	66	43	35	44	12	45	52	46	51	47	6	48	85	49	93	
	0	71	1	51	2	31	3	98	4	80	5	100	6	60	7	49	8	59	9	39	10	74	11	49	12	81	13	66	14	29	15	46	16	72	17	98	18	36	19	72	20	70	21	21	22	72	23	8	24	68	25	26	26	29	27	77	28	6	29	59	30	46	31	30	32	67	33	89	34	8	35	33	36	69	37	21	38	22	39	69	40	87	41	80	42	16	43	85	44	23	45	61	46	34	47	36	48	87	49	10	
	0	17	1	14	2	63	3	12	4	78	5	89	6	66	7	85	8	34	9	38	10	27	11	89	12	89	13	2	14	19	15	45	16	90	17	88	18	20	19	27	20	8	21	57	22	36	23	70	24	20	25	11	26	96	27	47	28	8	29	4	30	9	31	62	32	24	33	99	34	62	35	19	36	96	37	53	38	47	39	96	40	38	41	21	42	10	43	83	44	10	45	43	46	15	47	62	48	20	49	71	
	0	82	1	59	2	92	3	86	4	38	5	87	6	45	7	2	8	29	9	27	10	65	11	2	12	96	13	53	14	94	15	21	16	33	17	85	18	60	19	20	20	16	21	67	22	69	23	76	24	54	25	82	26	65	27	79	28	11	29	4	30	26	31	50	32	91	33	100	34	32	35	51	36	62	37	6	38	76	39	50	40	14	41	37	42	19	43	61	44	6	45	51	46	10	47	94	48	44	49	55	
	0	92	1	25	2	7	3	11	4	20	5	34	6	20	7	17	8	61	9	71	10	83	11	87	12	93	13	22	14	31	15	40	16	58	17	2	18	14	19	54	20	76	21	75	22	14	23	38	24	76	25	63	26	54	27	44	28	25	29	6	30	89	31	68	32	41	33	94	34	34	35	78	36	39	37	92	38	15	39	57	40	20	41	86	42	36	43	7	44	16	45	34	46	77	47	16	48	39	49	49	
	0	100	1	17	2	82	3	46	4	42	5	34	6	57	7	10	8	88	9	4	10	58	11	83	12	98	13	41	14	7	15	85	16	15	17	41	18	64	19	5	20	1	21	57	22	21	23	14	24	12	25	39	26	76	27	50	28	18	29	82	30	4	31	81	32	7	33	26	34	29	35	74	36	78	37	100	38	90	39	51	40	36	41	79	42	41	43	87	44	19	45	13	46	90	47	91	48	72	49	40	
	0	93	1	81	2	44	3	78	4	67	5	61	6	25	7	37	8	36	9	55	10	37	11	46	12	31	13	18	14	39	15	89	16	41	17	47	18	57	19	88	20	63	21	41	22	30	23	100	24	31	25	21	26	62	27	77	28	62	29	40	30	64	31	64	32	66	33	96	34	76	35	83	36	71	37	44	38	90	39	100	40	100	41	92	42	79	43	95	44	57	45	56	46	40	47	10	48	67	49	61	
	0	100	1	44	2	51	3	38	4	3	5	13	6	75	7	66	8	53	9	68	10	15	11	55	12	87	13	95	14	54	15	63	16	82	17	13	18	14	19	59	20	71	21	24	22	69	23	9	24	44	25	58	26	85	27	58	28	50	29	41	30	34	31	93	32	58	33	37	34	76	35	92	36	34	37	74	38	2	39	17	40	48	41	95	42	93	43	21	44	22	45	7	46	25	47	5	48	30	49	8	
	0	46	1	6	2	72	3	97	4	47	5	18	6	88	7	6	8	17	9	53	10	65	11	86	12	34	13	74	14	65	15	18	16	61	17	52	18	50	19	73	20	51	21	18	22	20	23	26	24	36	25	71	26	79	27	98	28	76	29	50	30	12	31	35	32	20	33	72	34	58	35	15	36	28	37	32	38	26	39	84	40	96	41	41	42	70	43	41	44	44	45	21	46	34	47	36	48	73	49	10	
	0	25	1	71	2	86	3	49	4	85	5	64	6	63	7	86	8	4	9	54	10	74	11	26	12	3	13	62	14	52	15	86	16	71	17	91	18	10	19	6	20	30	21	39	22	61	23	46	24	76	25	54	26	12	27	40	28	20	29	30	30	82	31	93	32	7	33	16	34	52	35	30	36	19	37	33	38	72	39	17	40	32	41	77	42	72	43	22	44	92	45	2	46	18	47	88	48	53	49	87	
	0	77	1	44	2	78	3	64	4	74	5	56	6	87	7	57	8	92	9	5	10	89	11	73	12	86	13	79	14	10	15	76	16	48	17	50	18	9	19	2	20	73	21	50	22	95	23	9	24	88	25	97	26	70	27	55	28	81	29	46	30	43	31	36	32	52	33	30	34	4	35	10	36	89	37	2	38	15	39	62	40	90	41	63	42	82	43	8	44	58	45	70	46	95	47	83	48	7	49	40	
	0	44	1	63	2	92	3	75	4	81	5	60	6	97	7	68	8	59	9	44	10	51	11	47	12	61	13	98	14	79	15	73	16	36	17	46	18	63	19	65	20	84	21	5	22	46	23	47	24	43	25	25	26	62	27	15	28	99	29	13	30	48	31	53	32	88	33	7	34	99	35	74	36	42	37	80	38	1	39	85	40	72	41	30	42	75	43	53	44	23	45	45	46	27	47	8	48	64	49	35	
	0	61	1	9	2	14	3	30	4	99	5	31	6	3	7	72	8	94	9	85	10	61	11	79	12	67	13	87	14	88	15	51	16	23	17	47	18	75	19	7	20	96	21	42	22	40	23	8	24	12	25	18	26	94	27	30	28	7	29	27	30	58	31	90	32	25	33	42	34	10	35	61	36	73	37	86	38	22	39	34	40	74	41	2	42	85	43	39	44	65	45	40	46	33	47	54	48	32	49	76	
	0	14	1	75	2	78	3	10	4	57	5	71	6	44	7	51	8	68	9	79	10	24	11	63	12	91	13	51	14	16	15	95	16	82	17	62	18	53	19	25	20	70	21	14	22	94	23	56	24	15	25	90	26	13	27	76	28	82	29	45	30	34	31	43	32	25	33	67	34	56	35	78	36	32	37	26	38	5	39	71	40	43	41	1	42	97	43	51	44	14	45	61	46	66	47	53	48	4	49	37	
	0	74	1	61	2	37	3	5	4	90	5	76	6	95	7	65	8	92	9	33	10	44	11	87	12	81	13	77	14	7	15	90	16	70	17	52	18	88	19	62	20	12	21	8	22	70	23	29	24	6	25	95	26	16	27	88	28	87	29	84	30	67	31	27	32	9	33	43	34	88	35	99	36	22	37	70	38	81	39	58	40	77	41	5	42	31	43	57	44	13	45	74	46	36	47	26	48	94	49	66	
	0	38	1	82	2	61	3	56	4	37	5	89	6	44	7	12	8	56	9	53	10	2	11	4	12	75	13	26	14	17	15	50	16	62	17	51	18	53	19	34	20	90	21	78	22	12	23	7	24	59	25	98	26	5	27	6	28	28	29	50	30	51	31	100	32	70	33	75	34	16	35	12	36	36	37	78	38	78	39	72	40	16	41	28	42	85	43	93	44	25	45	59	46	82	47	39	48	100	49	70	
	0	61	1	83	2	12	3	58	4	6	5	56	6	31	7	99	8	23	9	64	10	27	11	94	12	30	13	100	14	64	15	56	16	25	17	68	18	27	19	85	20	36	21	37	22	34	23	44	24	18	25	2	26	67	27	90	28	33	29	65	30	14	31	11	32	48	33	78	34	49	35	40	36	75	37	98	38	59	39	47	40	78	41	14	42	38	43	18	44	45	45	84	46	19	47	6	48	68	49	55	
	0	66	1	28	2	11	3	75	4	6	5	53	6	3	7	4	8	91	9	16	10	81	11	28	12	60	13	66	14	99	15	99	16	16	17	98	18	65	19	43	20	69	21	3	22	65	23	70	24	52	25	26	26	40	27	71	28	91	29	68	30	49	31	18	32	26	33	9	34	59	35	76	36	78	37	65	38	50	39	87	40	3	41	47	42	47	43	96	44	25	45	28	46	91	47	70	48	82	49	38	
	0	58	1	54	2	51	3	7	4	89	5	100	6	100	7	45	8	58	9	54	10	18	11	39	12	39	13	38	14	54	15	62	16	31	17	58	18	72	19	21	20	68	21	47	22	89	23	93	24	6	25	89	26	61	27	17	28	22	29	90	30	49	31	30	32	78	33	32	34	30	35	37	36	98	37	66	38	28	39	89	40	59	41	95	42	94	43	91	44	100	45	28	46	66	47	65	48	71	49	60	
	0	96	1	64	2	74	3	11	4	28	5	24	6	30	7	48	8	42	9	36	10	69	11	97	12	98	13	96	14	52	15	12	16	49	17	20	18	5	19	50	20	100	21	85	22	55	23	80	24	71	25	59	26	86	27	87	28	54	29	61	30	55	31	79	32	27	33	35	34	14	35	84	36	29	37	66	38	92	39	56	40	42	41	30	42	60	43	57	44	58	45	22	46	48	47	62	48	61	49	94	
	0	32	1	45	2	90	3	5	4	11	5	81	6	83	7	27	8	31	9	66	10	6	11	29	12	76	13	41	14	89	15	57	16	53	17	94	18	82	19	9	20	55	21	10	22	65	23	19	24	14	25	35	26	92	27	55	28	7	29	26	30	78	31	60	32	27	33	47	34	23	35	93	36	27	37	12	38	24	39	32	40	65	41	40	42	42	43	87	44	22	45	80	46	66	47	7	48	67	49	81	
	0	24	1	75	2	44	3	85	4	89	5	49	6	61	7	18	8	56	9	90	10	40	11	89	12	51	13	85	14	20	15	16	16	44	17	37	18	98	19	27	20	59	21	94	22	65	23	66	24	87	25	66	26	20	27	28	28	61	29	72	30	63	31	33	32	64	33	50	34	90	35	100	36	40	37	63	38	12	39	100	40	86	41	17	42	43	43	18	44	81	45	61	46	82	47	76	48	96	49	66	
	0	100	1	49	2	91	3	48	4	87	5	72	6	71	7	73	8	50	9	35	10	63	11	46	12	95	13	61	14	81	15	40	16	10	17	74	18	14	19	31	20	22	21	3	22	42	23	95	24	9	25	89	26	28	27	5	28	33	29	38	30	47	31	18	32	30	33	27	34	13	35	23	36	83	37	41	38	88	39	50	40	93	41	91	42	59	43	9	44	62	45	74	46	83	47	72	48	63	49	32	
	0	9	1	1	2	53	3	100	4	41	5	44	6	66	7	30	8	47	9	13	10	8	11	63	12	33	13	38	14	19	15	27	16	56	17	82	18	97	19	71	20	1	21	40	22	36	23	19	24	91	25	94	26	59	27	92	28	82	29	81	30	29	31	16	32	95	33	22	34	75	35	2	36	41	37	7	38	9	39	14	40	15	41	52	42	69	43	47	44	30	45	54	46	55	47	27	48	22	49	18	
	0	41	1	88	2	66	3	11	4	55	5	36	6	20	7	29	8	40	9	7	10	38	11	45	12	32	13	73	14	24	15	86	16	13	17	83	18	24	19	78	20	6	21	52	22	48	23	15	24	66	25	1	26	62	27	26	28	83	29	70	30	77	31	2	32	15	33	89	34	68	35	47	36	39	37	72	38	89	39	93	40	95	41	30	42	56	43	47	44	82	45	24	46	10	47	64	48	96	49	53	
	0	13	1	20	2	5	3	84	4	97	5	65	6	4	7	3	8	62	9	79	10	66	11	17	12	69	13	87	14	86	15	61	16	45	17	27	18	55	19	25	20	80	21	74	22	57	23	7	24	11	25	82	26	40	27	31	28	34	29	52	30	86	31	85	32	44	33	17	34	11	35	47	36	87	37	35	38	8	39	23	40	49	41	3	42	57	43	35	44	8	45	60	46	32	47	22	48	59	49	93	
	0	64	1	46	2	66	3	41	4	90	5	28	6	30	7	12	8	72	9	20	10	7	11	91	12	20	13	55	14	49	15	89	16	8	17	60	18	46	19	65	20	88	21	2	22	42	23	87	24	99	25	60	26	7	27	70	28	35	29	54	30	73	31	88	32	85	33	80	34	38	35	34	36	26	37	50	38	3	39	40	40	89	41	98	42	23	43	33	44	82	45	55	46	48	47	48	48	58	49	3	
	0	9	1	49	2	5	3	96	4	87	5	75	6	81	7	8	8	25	9	80	10	85	11	14	12	47	13	92	14	62	15	94	16	93	17	96	18	33	19	92	20	81	21	38	22	44	23	46	24	31	25	61	26	71	27	80	28	74	29	34	30	52	31	57	32	73	33	78	34	46	35	96	36	32	37	60	38	70	39	52	40	20	41	99	42	80	43	54	44	85	45	25	46	76	47	80	48	55	49	100	
	0	79	1	40	2	17	3	74	4	80	5	55	6	63	7	80	8	85	9	4	10	74	11	67	12	19	13	88	14	78	15	26	16	41	17	59	18	51	19	80	20	50	21	59	22	81	23	11	24	65	25	50	26	39	27	47	28	39	29	82	30	72	31	93	32	24	33	80	34	57	35	92	36	90	37	5	38	50	39	81	40	7	41	13	42	63	43	35	44	53	45	2	46	79	47	89	48	77	49	77	
	0	33	1	21	2	90	3	85	4	88	5	51	6	84	7	97	8	85	9	90	10	69	11	29	12	83	13	96	14	11	15	93	16	11	17	76	18	21	19	92	20	77	21	57	22	36	23	79	24	75	25	78	26	46	27	27	28	13	29	80	30	74	31	18	32	63	33	29	34	9	35	74	36	56	37	99	38	25	39	72	40	36	41	55	42	32	43	28	44	12	45	76	46	42	47	30	48	57	49	22	
	0	45	1	57	2	55	3	59	4	18	5	40	6	57	7	68	8	76	9	21	10	28	11	3	12	63	13	22	14	100	15	46	16	35	17	79	18	42	19	72	20	8	21	47	22	43	23	68	24	48	25	91	26	89	27	14	28	35	29	37	30	53	31	10	32	71	33	47	34	30	35	96	36	7	37	82	38	58	39	85	40	22	41	74	42	87	43	45	44	50	45	88	46	24	47	86	48	1	49	31	
	0	77	1	18	2	73	3	22	4	13	5	46	6	92	7	15	8	76	9	49	10	84	11	24	12	30	13	16	14	18	15	98	16	23	17	63	18	48	19	18	20	20	21	34	22	61	23	65	24	19	25	10	26	93	27	2	28	75	29	31	30	87	31	71	32	54	33	72	34	43	35	24	36	93	37	73	38	84	39	26	40	10	41	66	42	43	43	76	44	17	45	60	46	90	47	86	48	57	49	49	
	0	9	1	64	2	65	3	69	4	63	5	67	6	39	7	96	8	33	9	69	10	97	11	95	12	91	13	49	14	53	15	59	16	32	17	15	18	96	19	69	20	93	21	6	22	70	23	72	24	61	25	57	26	72	27	98	28	64	29	8	30	94	31	37	32	22	33	24	34	20	35	51	36	8	37	70	38	36	39	28	40	62	41	60	42	83	43	84	44	72	45	67	46	58	47	14	48	7	49	61	
	0	51	1	91	2	30	3	7	4	57	5	48	6	90	7	63	8	88	9	98	10	8	11	71	12	27	13	88	14	47	15	18	16	45	17	4	18	43	19	84	20	2	21	92	22	4	23	14	24	71	25	17	26	39	27	100	28	68	29	89	30	71	31	59	32	63	33	65	34	80	35	55	36	71	37	94	38	2	39	61	40	6	41	8	42	36	43	19	44	43	45	90	46	96	47	13	48	64	49	21	
	0	32	1	72	2	1	3	52	4	95	5	86	6	3	7	25	8	78	9	13	10	64	11	86	12	93	13	100	14	6	15	52	16	2	17	68	18	91	19	61	20	77	21	85	22	45	23	13	24	39	25	25	26	55	27	22	28	45	29	50	30	69	31	12	32	75	33	11	34	80	35	35	36	11	37	25	38	18	39	38	40	40	41	36	42	41	43	70	44	97	45	14	46	14	47	57	48	8	49	21	
	0	98	1	21	2	35	3	57	4	49	5	27	6	86	7	44	8	91	9	84	10	46	11	85	12	4	13	46	14	30	15	80	16	48	17	54	18	96	19	71	20	20	21	39	22	26	23	15	24	12	25	16	26	56	27	39	28	94	29	42	30	51	31	3	32	100	33	59	34	60	35	17	36	50	37	87	38	75	39	12	40	83	41	9	42	30	43	5	44	10	45	100	46	58	47	79	48	60	49	81	
	0	42	1	4	2	73	3	40	4	31	5	58	6	89	7	33	8	52	9	20	10	30	11	16	12	6	13	65	14	56	15	23	16	12	17	99	18	32	19	21	20	38	21	49	22	14	23	9	24	99	25	24	26	1	27	72	28	57	29	20	30	89	31	66	32	32	33	7	34	82	35	4	36	52	37	43	38	11	39	16	40	30	41	41	42	18	43	60	44	5	45	51	46	3	47	40	48	14	49	33	
	0	40	1	66	2	93	3	88	4	20	5	27	6	31	7	52	8	47	9	92	10	34	11	8	12	19	13	16	14	56	15	69	16	33	17	73	18	12	19	32	20	67	21	79	22	73	23	45	24	27	25	76	26	9	27	89	28	80	29	83	30	8	31	60	32	68	33	64	34	19	35	24	36	3	37	32	38	7	39	86	40	99	41	22	42	62	43	34	44	30	45	9	46	60	47	18	48	28	49	86	
	0	55	1	68	2	9	3	74	4	27	5	50	6	59	7	38	8	86	9	99	10	49	11	63	12	60	13	80	14	46	15	60	16	57	17	97	18	45	19	91	20	48	21	85	22	14	23	44	24	64	25	14	26	41	27	9	28	73	29	34	30	94	31	7	32	10	33	88	34	61	35	30	36	79	37	86	38	84	39	8	40	35	41	58	42	16	43	68	44	87	45	97	46	13	47	87	48	49	49	80	
	0	19	1	49	2	40	3	11	4	18	5	16	6	96	7	93	8	52	9	45	10	96	11	41	12	63	13	16	14	61	15	94	16	18	17	75	18	52	19	46	20	57	21	92	22	12	23	54	24	5	25	28	26	5	27	62	28	21	29	27	30	99	31	4	32	28	33	97	34	60	35	94	36	76	37	44	38	3	39	81	40	13	41	57	42	83	43	42	44	35	45	25	46	38	47	92	48	40	49	96	
	0	52	1	85	2	74	3	77	4	89	5	17	6	81	7	68	8	18	9	53	10	58	11	26	12	10	13	85	14	25	15	24	16	88	17	35	18	49	19	86	20	73	21	77	22	98	23	84	24	43	25	70	26	66	27	22	28	39	29	26	30	97	31	65	32	17	33	65	34	55	35	58	36	35	37	17	38	64	39	7	40	46	41	48	42	21	43	2	44	10	45	59	46	58	47	77	48	71	49	78	
	0	8	1	8	2	56	3	98	4	80	5	2	6	64	7	29	8	85	9	51	10	88	11	38	12	35	13	59	14	88	15	12	16	21	17	37	18	70	19	77	20	62	21	79	22	5	23	7	24	12	25	65	26	99	27	43	28	6	29	97	30	31	31	91	32	77	33	73	34	99	35	65	36	42	37	56	38	61	39	15	40	90	41	44	42	44	43	18	44	62	45	98	46	74	47	91	48	98	49	65	
	0	37	1	85	2	74	3	100	4	91	5	24	6	57	7	13	8	34	9	60	10	82	11	7	12	11	13	49	14	96	15	53	16	27	17	47	18	85	19	10	20	12	21	75	22	67	23	69	24	47	25	37	26	60	27	17	28	21	29	50	30	100	31	5	32	52	33	13	34	73	35	67	36	44	37	97	38	19	39	36	40	75	41	2	42	34	43	52	44	18	45	77	46	53	47	3	48	58	49	36	
	0	45	1	55	2	60	3	31	4	39	5	66	6	5	7	68	8	95	9	25	10	58	11	100	12	10	13	99	14	28	15	98	16	63	17	95	18	19	19	76	20	58	21	33	22	37	23	98	24	57	25	47	26	82	27	71	28	93	29	61	30	47	31	66	32	21	33	68	34	40	35	49	36	50	37	32	38	80	39	33	40	67	41	85	42	33	43	55	44	76	45	42	46	16	47	87	48	59	49	89	
	0	22	1	55	2	14	3	99	4	92	5	15	6	8	7	61	8	13	9	91	10	34	11	66	12	19	13	83	14	90	15	72	16	86	17	90	18	4	19	21	20	97	21	94	22	66	23	18	24	1	25	73	26	14	27	58	28	20	29	13	30	90	31	1	32	47	33	70	34	47	35	16	36	29	37	25	38	27	39	14	40	100	41	33	42	82	43	46	44	1	45	70	46	96	47	32	48	72	49	81	
	0	18	1	94	2	70	3	22	4	46	5	11	6	4	7	23	8	20	9	47	10	49	11	59	12	31	13	22	14	48	15	35	16	70	17	71	18	63	19	8	20	9	21	73	22	36	23	28	24	36	25	81	26	2	27	35	28	26	29	15	30	8	31	84	32	58	33	51	34	50	35	6	36	27	37	29	38	1	39	13	40	35	41	80	42	6	43	72	44	3	45	72	46	11	47	60	48	85	49	28	
	0	2	1	45	2	91	3	46	4	71	5	13	6	76	7	74	8	29	9	83	10	41	11	42	12	28	13	81	14	46	15	97	16	74	17	41	18	2	19	19	20	15	21	66	22	81	23	59	24	56	25	19	26	54	27	56	28	81	29	38	30	74	31	18	32	23	33	31	34	40	35	71	36	46	37	28	38	90	39	23	40	94	41	61	42	25	43	84	44	57	45	41	46	13	47	26	48	97	49	51	
	0	67	1	42	2	96	3	87	4	44	5	23	6	50	7	13	8	11	9	74	10	86	11	93	12	8	13	51	14	38	15	2	16	50	17	69	18	36	19	85	20	94	21	63	22	86	23	85	24	29	25	10	26	39	27	39	28	43	29	39	30	31	31	56	32	78	33	85	34	58	35	8	36	75	37	84	38	36	39	8	40	4	41	57	42	78	43	65	44	59	45	70	46	73	47	98	48	75	49	94	
	0	11	1	15	2	89	3	82	4	4	5	3	6	94	7	95	8	54	9	81	10	44	11	37	12	9	13	9	14	62	15	9	16	18	17	25	18	34	19	86	20	91	21	59	22	18	23	38	24	77	25	37	26	99	27	51	28	6	29	84	30	7	31	62	32	38	33	51	34	34	35	72	36	57	37	20	38	83	39	4	40	53	41	21	42	48	43	26	44	3	45	81	46	60	47	10	48	57	49	34	
	0	25	1	69	2	67	3	54	4	72	5	28	6	54	7	6	8	89	9	86	10	57	11	55	12	71	13	76	14	9	15	5	16	52	17	17	18	56	19	7	20	66	21	93	22	74	23	64	24	80	25	35	26	67	27	20	28	68	29	74	30	53	31	26	32	45	33	89	34	22	35	98	36	68	37	40	38	43	39	64	40	59	41	3	42	61	43	52	44	95	45	9	46	43	47	17	48	85	49	38	
	0	41	1	60	2	29	3	49	4	84	5	42	6	10	7	17	8	52	9	98	10	25	11	68	12	67	13	10	14	84	15	98	16	6	17	18	18	7	19	49	20	3	21	87	22	75	23	86	24	82	25	5	26	83	27	40	28	65	29	75	30	44	31	25	32	1	33	92	34	80	35	44	36	90	37	79	38	40	39	6	40	75	41	4	42	40	43	38	44	46	45	82	46	56	47	33	48	3	49	98	
	0	100	1	88	2	57	3	10	4	100	5	23	6	57	7	8	8	42	9	42	10	80	11	14	12	66	13	31	14	55	15	2	16	84	17	55	18	34	19	78	20	53	21	44	22	10	23	93	24	64	25	9	26	68	27	66	28	52	29	100	30	48	31	59	32	88	33	20	34	83	35	11	36	90	37	2	38	37	39	92	40	13	41	50	42	42	43	95	44	37	45	32	46	4	47	38	48	1	49	26	
	0	14	1	52	2	1	3	78	4	100	5	58	6	54	7	100	8	56	9	66	10	96	11	52	12	17	13	68	14	83	15	22	16	75	17	24	18	41	19	83	20	15	21	2	22	67	23	69	24	80	25	42	26	63	27	12	28	35	29	4	30	79	31	84	32	71	33	77	34	21	35	43	36	30	37	97	38	74	39	31	40	85	41	29	42	12	43	17	44	51	45	53	46	44	47	65	48	62	49	46	
	0	54	1	30	2	66	3	8	4	89	5	91	6	98	7	79	8	27	9	31	10	28	11	41	12	73	13	50	14	17	15	77	16	15	17	69	18	19	19	52	20	4	21	4	22	29	23	76	24	5	25	100	26	73	27	98	28	80	29	78	30	56	31	48	32	19	33	11	34	78	35	81	36	39	37	35	38	44	39	13	40	97	41	82	42	52	43	92	44	20	45	99	46	77	47	44	48	33	49	2	
	0	76	1	54	2	31	3	4	4	62	5	35	6	33	7	83	8	76	9	40	10	59	11	1	12	81	13	36	14	66	15	7	16	68	17	98	18	49	19	45	20	46	21	81	22	37	23	3	24	82	25	81	26	19	27	68	28	56	29	89	30	1	31	80	32	28	33	8	34	36	35	53	36	74	37	1	38	14	39	31	40	23	41	85	42	64	43	17	44	9	45	64	46	70	47	80	48	47	49	60	
	0	42	1	22	2	68	3	23	4	91	5	87	6	63	7	89	8	87	9	64	10	49	11	21	12	53	13	54	14	7	15	84	16	70	17	23	18	95	19	44	20	22	21	20	22	82	23	52	24	52	25	26	26	68	27	9	28	31	29	83	30	7	31	44	32	91	33	98	34	93	35	79	36	55	37	79	38	98	39	91	40	60	41	24	42	3	43	64	44	28	45	8	46	14	47	60	48	86	49	85	
	0	66	1	90	2	95	3	51	4	86	5	62	6	11	7	57	8	94	9	27	10	13	11	88	12	49	13	57	14	99	15	52	16	19	17	73	18	98	19	65	20	36	21	39	22	26	23	15	24	22	25	98	26	6	27	49	28	84	29	80	30	92	31	96	32	39	33	64	34	9	35	46	36	90	37	5	38	68	39	58	40	78	41	33	42	56	43	28	44	25	45	96	46	75	47	32	48	21	49	48	
	0	66	1	27	2	91	3	53	4	48	5	86	6	45	7	82	8	44	9	71	10	42	11	14	12	27	13	4	14	98	15	90	16	6	17	79	18	99	19	84	20	84	21	80	22	86	23	33	24	48	25	61	26	14	27	84	28	67	29	95	30	94	31	57	32	5	33	19	34	78	35	10	36	15	37	80	38	98	39	73	40	80	41	45	42	87	43	44	44	48	45	88	46	79	47	3	48	79	49	88	
	0	55	1	91	2	75	3	44	4	88	5	73	6	54	7	84	8	80	9	77	10	6	11	65	12	55	13	52	14	10	15	3	16	14	17	45	18	2	19	22	20	59	21	47	22	80	23	91	24	47	25	89	26	39	27	32	28	10	29	89	30	17	31	75	32	21	33	43	34	4	35	41	36	54	37	2	38	29	39	26	40	12	41	51	42	97	43	57	44	24	45	17	46	33	47	29	48	37	49	98	
	0	86	1	32	2	38	3	36	4	79	5	77	6	43	7	54	8	39	9	21	10	38	11	14	12	15	13	22	14	59	15	91	16	92	17	79	18	58	19	27	20	21	21	37	22	33	23	42	24	68	25	20	26	18	27	64	28	83	29	7	30	7	31	61	32	79	33	57	34	25	35	16	36	45	37	91	38	58	39	85	40	29	41	22	42	49	43	87	44	81	45	71	46	49	47	79	48	10	49	48	
	0	53	1	54	2	22	3	23	4	47	5	39	6	86	7	53	8	55	9	60	10	66	11	71	12	55	13	47	14	16	15	85	16	21	17	50	18	26	19	85	20	61	21	32	22	61	23	96	24	37	25	19	26	15	27	56	28	43	29	99	30	52	31	41	32	51	33	77	34	96	35	98	36	63	37	9	38	64	39	29	40	15	41	26	42	84	43	51	44	53	45	87	46	22	47	25	48	10	49	99	
	0	70	1	11	2	51	3	71	4	23	5	83	6	52	7	8	8	85	9	35	10	51	11	16	12	7	13	45	14	24	15	65	16	59	17	56	18	40	19	85	20	26	21	83	22	72	23	22	24	24	25	34	26	42	27	42	28	17	29	65	30	16	31	15	32	14	33	65	34	100	35	84	36	94	37	26	38	80	39	80	40	19	41	47	42	42	43	61	44	98	45	82	46	64	47	38	48	88	49	99	
	0	79	1	90	2	83	3	36	4	77	5	83	6	34	7	55	8	65	9	82	10	57	11	96	12	35	13	22	14	68	15	27	16	97	17	9	18	14	19	14	20	10	21	92	22	2	23	15	24	98	25	42	26	95	27	16	28	11	29	79	30	82	31	89	32	75	33	16	34	72	35	71	36	6	37	15	38	66	39	20	40	59	41	37	42	13	43	30	44	50	45	23	46	22	47	9	48	74	49	89	
	0	65	1	22	2	26	3	48	4	36	5	13	6	42	7	68	8	91	9	32	10	84	11	22	12	100	13	4	14	8	15	95	16	77	17	25	18	66	19	80	20	96	21	84	22	71	23	90	24	81	25	61	26	67	27	92	28	59	29	43	30	61	31	77	32	29	33	54	34	28	35	40	36	3	37	80	38	87	39	34	40	42	41	1	42	41	43	81	44	52	45	14	46	67	47	67	48	73	49	14	
	0	91	1	35	2	48	3	98	4	65	5	82	6	47	7	26	8	21	9	95	10	87	11	89	12	76	13	15	14	54	15	52	16	60	17	19	18	98	19	64	20	72	21	28	22	19	23	80	24	88	25	29	26	22	27	74	28	39	29	49	30	81	31	1	32	35	33	20	34	19	35	4	36	14	37	56	38	13	39	28	40	11	41	84	42	98	43	31	44	3	45	65	46	53	47	45	48	78	49	26	
	0	49	1	49	2	97	3	6	4	47	5	65	6	11	7	78	8	32	9	23	10	89	11	92	12	65	13	10	14	95	15	6	16	40	17	9	18	69	19	80	20	31	21	32	22	30	23	57	24	61	25	22	26	93	27	94	28	50	29	64	30	94	31	41	32	25	33	2	34	55	35	25	36	69	37	95	38	68	39	83	40	95	41	55	42	20	43	57	44	32	45	30	46	67	47	31	48	91	49	17	
	0	26	1	42	2	67	3	85	4	87	5	40	6	78	7	48	8	2	9	75	10	69	11	6	12	63	13	24	14	20	15	89	16	21	17	52	18	82	19	90	20	44	21	13	22	68	23	49	24	5	25	2	26	59	27	13	28	44	29	81	30	60	31	56	32	66	33	27	34	95	35	20	36	28	37	15	38	39	39	26	40	75	41	99	42	69	43	58	44	99	45	2	46	36	47	73	48	68	49	19	
	0	34	1	75	2	68	3	92	4	74	5	17	6	95	7	5	8	58	9	58	10	55	11	49	12	47	13	38	14	45	15	21	16	87	17	68	18	30	19	72	20	39	21	9	22	51	23	42	24	59	25	70	26	12	27	32	28	28	29	90	30	11	31	30	32	25	33	82	34	50	35	64	36	41	37	66	38	22	39	1	40	92	41	97	42	23	43	10	44	20	45	39	46	49	47	3	48	40	49	3	
	0	69	1	47	2	10	3	55	4	34	5	44	6	83	7	82	8	40	9	18	10	52	11	32	12	15	13	86	14	98	15	54	16	23	17	65	18	9	19	22	20	67	21	47	22	18	23	72	24	27	25	18	26	56	27	91	28	9	29	90	30	30	31	53	32	9	33	38	34	80	35	21	36	41	37	50	38	12	39	27	40	61	41	36	42	84	43	75	44	30	45	26	46	85	47	20	48	58	49	26	
	0	34	1	12	2	57	3	2	4	15	5	40	6	99	7	99	8	89	9	6	10	78	11	92	12	69	13	3	14	74	15	47	16	45	17	92	18	51	19	99	20	71	21	92	22	84	23	90	24	80	25	31	26	59	27	87	28	60	29	19	30	29	31	41	32	41	33	32	34	4	35	82	36	81	37	43	38	86	39	38	40	49	41	68	42	10	43	16	44	28	45	96	46	95	47	75	48	66	49	82	
	0	33	1	95	2	59	3	98	4	21	5	59	6	72	7	96	8	75	9	67	10	13	11	96	12	7	13	47	14	100	15	2	16	9	17	39	18	22	19	53	20	78	21	27	22	51	23	29	24	65	25	82	26	72	27	77	28	30	29	10	30	22	31	57	32	30	33	58	34	22	35	65	36	100	37	21	38	33	39	62	40	37	41	80	42	13	43	98	44	55	45	35	46	61	47	54	48	99	49	14	
	0	66	1	66	2	65	3	45	4	75	5	53	6	53	7	27	8	5	9	50	10	57	11	44	12	52	13	43	14	23	15	13	16	5	17	100	18	49	19	33	20	2	21	34	22	54	23	98	24	39	25	46	26	99	27	24	28	7	29	24	30	99	31	54	32	18	33	88	34	1	35	18	36	2	37	64	38	69	39	21	40	78	41	18	42	54	43	80	44	54	45	62	46	43	47	19	48	59	49	79	
	0	12	1	86	2	54	3	10	4	100	5	23	6	76	7	99	8	37	9	97	10	74	11	72	12	76	13	55	14	18	15	70	16	48	17	40	18	74	19	62	20	94	21	95	22	60	23	86	24	47	25	95	26	3	27	80	28	74	29	69	30	34	31	36	32	68	33	47	34	51	35	7	36	26	37	77	38	60	39	2	40	6	41	19	42	82	43	94	44	67	45	85	46	74	47	10	48	87	49	80	
	0	85	1	16	2	6	3	98	4	14	5	93	6	33	7	73	8	32	9	55	10	49	11	41	12	67	13	60	14	51	15	91	16	93	17	69	18	57	19	55	20	10	21	18	22	63	23	18	24	83	25	22	26	83	27	65	28	21	29	40	30	94	31	25	32	86	33	76	34	13	35	40	36	54	37	71	38	81	39	30	40	67	41	33	42	27	43	17	44	69	45	41	46	79	47	31	48	50	49	100	
	0	64	1	85	2	71	3	4	4	14	5	82	6	30	7	17	8	92	9	30	10	20	11	9	12	45	13	61	14	56	15	63	16	18	17	4	18	33	19	26	20	13	21	2	22	70	23	52	24	29	25	100	26	90	27	83	28	94	29	11	30	63	31	37	32	48	33	24	34	63	35	12	36	40	37	74	38	37	39	45	40	83	41	16	42	82	43	48	44	32	45	78	46	58	47	14	48	33	49	94	
	0	74	1	27	2	98	3	92	4	60	5	99	6	46	7	7	8	99	9	1	10	6	11	75	12	41	13	2	14	64	15	39	16	57	17	81	18	97	19	35	20	50	21	55	22	59	23	12	24	68	25	50	26	3	27	53	28	49	29	3	30	59	31	55	32	43	33	9	34	47	35	65	36	76	37	2	38	14	39	56	40	35	41	48	42	44	43	70	44	7	45	40	46	48	47	98	48	22	49	23	
	0	65	1	69	2	28	3	27	4	9	5	29	6	34	7	7	8	17	9	6	10	34	11	47	12	23	13	77	14	45	15	37	16	54	17	61	18	4	19	100	20	50	21	21	22	20	23	19	24	20	25	49	26	85	27	48	28	33	29	69	30	54	31	83	32	79	33	36	34	87	35	81	36	4	37	59	38	87	39	78	40	84	41	29	42	14	43	7	44	33	45	26	46	67	47	66	48	34	49	52	
	0	36	1	91	2	5	3	46	4	47	5	47	6	90	7	56	8	55	9	8	10	78	11	5	12	80	13	37	14	57	15	32	16	68	17	2	18	84	19	38	20	96	21	67	22	46	23	41	24	27	25	85	26	82	27	42	28	10	29	62	30	27	31	13	32	2	33	50	34	44	35	13	36	83	37	7	38	78	39	43	40	61	41	94	42	76	43	69	44	73	45	36	46	1	47	68	48	65	49	76	
	0	14	1	51	2	1	3	24	4	61	5	23	6	55	7	71	8	69	9	91	10	50	11	85	12	32	13	53	14	92	15	81	16	26	17	28	18	89	19	72	20	12	21	30	22	28	23	28	24	30	25	89	26	5	27	25	28	57	29	89	30	68	31	96	32	61	33	21	34	42	35	50	36	31	37	23	38	41	39	75	40	79	41	19	42	83	43	32	44	66	45	40	46	44	47	44	48	67	49	58	
	0	61	1	34	2	8	3	4	4	86	5	36	6	56	7	42	8	27	9	3	10	43	11	83	12	64	13	83	14	34	15	76	16	82	17	39	18	17	19	89	20	45	21	67	22	23	23	94	24	28	25	54	26	6	27	46	28	8	29	3	30	8	31	36	32	86	33	12	34	14	35	10	36	21	37	32	38	3	39	15	40	100	41	71	42	84	43	46	44	28	45	59	46	4	47	37	48	89	49	19	
	0	55	1	68	2	60	3	57	4	46	5	34	6	90	7	96	8	82	9	87	10	3	11	9	12	4	13	72	14	69	15	34	16	17	17	12	18	48	19	94	20	58	21	76	22	83	23	12	24	69	25	29	26	38	27	50	28	99	29	55	30	29	31	29	32	65	33	6	34	96	35	63	36	74	37	1	38	76	39	66	40	87	41	78	42	81	43	4	44	80	45	12	46	30	47	17	48	7	49	62	
	0	31	1	96	2	54	3	85	4	74	5	7	6	8	7	85	8	2	9	90	10	100	11	14	12	48	13	90	14	63	15	81	16	3	17	39	18	2	19	34	20	47	21	23	22	69	23	92	24	31	25	59	26	7	27	40	28	60	29	41	30	26	31	91	32	86	33	68	34	70	35	23	36	75	37	91	38	74	39	6	40	6	41	53	42	74	43	10	44	86	45	65	46	41	47	9	48	88	49	43	
	0	15	1	49	2	51	3	91	4	40	5	25	6	63	7	22	8	77	9	86	10	8	11	93	12	15	13	56	14	62	15	37	16	50	17	93	18	42	19	97	20	83	21	12	22	64	23	33	24	86	25	36	26	77	27	75	28	35	29	40	30	35	31	34	32	32	33	79	34	43	35	87	36	20	37	9	38	59	39	22	40	27	41	56	42	22	43	9	44	83	45	1	46	9	47	98	48	31	49	87	
	0	60	1	72	2	58	3	23	4	98	5	8	6	47	7	19	8	99	9	88	10	93	11	36	12	68	13	51	14	62	15	35	16	52	17	47	18	45	19	51	20	61	21	13	22	44	23	17	24	73	25	79	26	44	27	74	28	77	29	85	30	60	31	62	32	25	33	5	34	45	35	82	36	30	37	44	38	22	39	91	40	8	41	67	42	18	43	43	44	99	45	100	46	15	47	93	48	22	49	90	
	0	74	1	60	2	83	3	80	4	69	5	78	6	86	7	80	8	71	9	79	10	57	11	41	12	78	13	85	14	73	15	7	16	51	17	74	18	75	19	87	20	93	21	69	22	50	23	44	24	44	25	11	26	4	27	52	28	26	29	26	30	100	31	97	32	89	33	40	34	92	35	91	36	33	37	61	38	97	39	10	40	43	41	7	42	89	43	18	44	76	45	100	46	11	47	11	48	75	49	27	
	0	17	1	100	2	83	3	32	4	87	5	12	6	61	7	12	8	100	9	51	10	88	11	80	12	99	13	19	14	4	15	87	16	37	17	6	18	45	19	44	20	17	21	81	22	10	23	11	24	29	25	4	26	70	27	55	28	100	29	33	30	95	31	77	32	93	33	83	34	9	35	80	36	87	37	22	38	74	39	72	40	14	41	85	42	96	43	77	44	71	45	53	46	73	47	37	48	36	49	85	
	0	71	1	46	2	79	3	92	4	59	5	23	6	21	7	46	8	13	9	39	10	83	11	88	12	65	13	52	14	89	15	35	16	25	17	13	18	12	19	64	20	27	21	21	22	58	23	33	24	55	25	45	26	27	27	2	28	46	29	85	30	47	31	41	32	98	33	100	34	39	35	4	36	82	37	95	38	30	39	46	40	12	41	99	42	9	43	24	44	14	45	23	46	55	47	6	48	91	49	80	
	0	56	1	3	2	44	3	92	4	88	5	45	6	36	7	18	8	96	9	39	10	80	11	44	12	24	13	8	14	91	15	49	16	56	17	17	18	74	19	46	20	34	21	35	22	32	23	11	24	66	25	6	26	98	27	35	28	82	29	91	30	6	31	60	32	3	33	89	34	53	35	65	36	72	37	60	38	63	39	90	40	70	41	79	42	99	43	22	44	89	45	99	46	93	47	37	48	87	49	45	
	0	9	1	30	2	75	3	45	4	60	5	20	6	6	7	30	8	61	9	84	10	98	11	94	12	94	13	1	14	78	15	30	16	6	17	68	18	42	19	82	20	89	21	52	22	76	23	23	24	7	25	47	26	33	27	31	28	21	29	40	30	44	31	67	32	37	33	1	34	64	35	4	36	5	37	97	38	72	39	79	40	59	41	49	42	79	43	19	44	100	45	87	46	65	47	37	48	39	49	68	
	0	3	1	99	2	97	3	13	4	55	5	91	6	96	7	55	8	8	9	22	10	1	11	55	12	78	13	1	14	47	15	63	16	53	17	68	18	61	19	70	20	72	21	2	22	60	23	48	24	65	25	57	26	83	27	35	28	20	29	83	30	48	31	75	32	73	33	95	34	4	35	52	36	3	37	58	38	10	39	81	40	79	41	81	42	36	43	57	44	30	45	15	46	19	47	14	48	62	49	77	
	0	51	1	95	2	16	3	42	4	84	5	51	6	60	7	2	8	63	9	100	10	38	11	27	12	28	13	83	14	50	15	46	16	77	17	77	18	23	19	76	20	16	21	10	22	60	23	13	24	27	25	18	26	35	27	26	28	49	29	56	30	12	31	59	32	32	33	77	34	70	35	52	36	86	37	43	38	25	39	69	40	25	41	63	42	96	43	18	44	85	45	24	46	81	47	48	48	16	49	92	
	0	96	1	78	2	8	3	26	4	85	5	96	6	33	7	66	8	26	9	50	10	21	11	83	12	17	13	58	14	39	15	83	16	51	17	31	18	80	19	12	20	7	21	38	22	77	23	78	24	77	25	91	26	69	27	64	28	70	29	86	30	78	31	73	32	1	33	32	34	33	35	85	36	97	37	4	38	19	39	86	40	19	41	70	42	35	43	53	44	95	45	43	46	33	47	77	48	86	49	60	
	0	80	1	45	2	13	3	53	4	61	5	67	6	11	7	67	8	30	9	45	10	98	11	54	12	42	13	29	14	56	15	33	16	50	17	66	18	68	19	35	20	44	21	97	22	98	23	46	24	63	25	2	26	73	27	52	28	48	29	71	30	48	31	74	32	68	33	23	34	22	35	38	36	72	37	5	38	75	39	33	40	34	41	96	42	71	43	77	44	49	45	83	46	74	47	29	48	56	49	10	
	0	42	1	31	2	52	3	64	4	38	5	47	6	21	7	8	8	55	9	30	10	19	11	46	12	65	13	10	14	54	15	91	16	31	17	81	18	67	19	97	20	92	21	14	22	6	23	21	24	35	25	11	26	90	27	48	28	22	29	49	30	100	31	41	32	67	33	15	34	96	35	97	36	84	37	65	38	100	39	9	40	61	41	25	42	91	43	81	44	4	45	3	46	19	47	34	48	5	49	79	
	0	8	1	74	2	32	3	1	4	42	5	100	6	61	7	56	8	13	9	62	10	94	11	65	12	52	13	63	14	95	15	66	16	43	17	90	18	3	19	51	20	62	21	2	22	7	23	49	24	87	25	60	26	86	27	62	28	19	29	47	30	57	31	90	32	67	33	8	34	92	35	7	36	42	37	40	38	48	39	57	40	31	41	67	42	99	43	80	44	29	45	39	46	11	47	2	48	45	49	34	
	0	52	1	6	2	57	3	87	4	58	5	43	6	4	7	28	8	7	9	27	10	78	11	5	12	9	13	23	14	74	15	99	16	43	17	24	18	58	19	75	20	67	21	44	22	59	23	7	24	17	25	39	26	11	27	7	28	34	29	65	30	83	31	18	32	63	33	9	34	15	35	88	36	25	37	37	38	93	39	72	40	14	41	73	42	84	43	3	44	23	45	6	46	47	47	39	48	18	49	11	
	0	10	1	59	2	95	3	34	4	30	5	8	6	95	7	9	8	18	9	73	10	68	11	13	12	65	13	72	14	52	15	77	16	58	17	28	18	91	19	4	20	38	21	24	22	64	23	48	24	65	25	22	26	82	27	7	28	38	29	41	30	37	31	96	32	37	33	29	34	1	35	64	36	15	37	40	38	85	39	31	40	37	41	86	42	49	43	89	44	42	45	82	46	86	47	57	48	59	49	72	
	0	22	1	77	2	88	3	73	4	5	5	37	6	1	7	13	8	54	9	87	10	14	11	48	12	96	13	100	14	1	15	84	16	30	17	68	18	47	19	90	20	17	21	12	22	34	23	93	24	41	25	85	26	50	27	56	28	82	29	78	30	30	31	72	32	14	33	58	34	30	35	33	36	36	37	76	38	32	39	94	40	99	41	36	42	19	43	1	44	2	45	55	46	8	47	58	48	20	49	76	
	0	68	1	91	2	1	3	13	4	100	5	32	6	4	7	9	8	21	9	48	10	11	11	23	12	75	13	92	14	65	15	69	16	13	17	50	18	30	19	88	20	37	21	19	22	18	23	71	24	22	25	47	26	24	27	80	28	76	29	1	30	41	31	62	32	85	33	9	34	86	35	89	36	6	37	49	38	91	39	52	40	36	41	56	42	26	43	33	44	66	45	84	46	92	47	16	48	20	49	56	
	0	99	1	22	2	90	3	22	4	85	5	89	6	70	7	6	8	93	9	84	10	87	11	42	12	100	13	35	14	15	15	6	16	75	17	37	18	98	19	45	20	16	21	60	22	79	23	59	24	67	25	84	26	42	27	27	28	28	29	57	30	43	31	41	32	10	33	9	34	97	35	16	36	82	37	92	38	4	39	14	40	66	41	14	42	82	43	32	44	65	45	40	46	25	47	57	48	61	49	65	
	0	14	1	68	2	9	3	96	4	73	5	34	6	53	7	7	8	9	9	74	10	100	11	86	12	91	13	99	14	52	15	22	16	31	17	80	18	60	19	85	20	23	21	87	22	79	23	2	24	73	25	1	26	29	27	84	28	100	29	59	30	76	31	40	32	75	33	65	34	37	35	80	36	18	37	11	38	41	39	74	40	98	41	41	42	88	43	13	44	15	45	89	46	5	47	60	48	60	49	97	
	0	99	1	9	2	44	3	62	4	27	5	6	6	68	7	51	8	6	9	74	10	98	11	95	12	80	13	70	14	5	15	42	16	16	17	92	18	67	19	8	20	7	21	22	22	28	23	56	24	84	25	64	26	68	27	48	28	48	29	72	30	44	31	14	32	3	33	26	34	41	35	50	36	83	37	19	38	63	39	67	40	6	41	88	42	90	43	21	44	52	45	40	46	20	47	25	48	91	49	72	
	0	79	1	69	2	74	3	55	4	48	5	22	6	8	7	33	8	9	9	90	10	30	11	69	12	47	13	40	14	37	15	38	16	57	17	72	18	79	19	12	20	74	21	57	22	64	23	4	24	37	25	73	26	48	27	34	28	56	29	35	30	100	31	76	32	90	33	44	34	95	35	80	36	35	37	20	38	36	39	91	40	74	41	49	42	30	43	68	44	57	45	83	46	7	47	87	48	93	49	59	
	0	46	1	31	2	57	3	65	4	8	5	64	6	98	7	64	8	10	9	23	10	57	11	12	12	1	13	28	14	57	15	67	16	10	17	9	18	15	19	14	20	93	21	57	22	28	23	69	24	73	25	76	26	74	27	34	28	79	29	11	30	43	31	31	32	53	33	4	34	27	35	10	36	34	37	87	38	82	39	93	40	60	41	44	42	55	43	99	44	53	45	80	46	91	47	97	48	62	49	15	
	0	33	1	40	2	33	3	77	4	66	5	16	6	43	7	62	8	18	9	47	10	28	11	21	12	35	13	88	14	52	15	96	16	38	17	5	18	14	19	77	20	24	21	52	22	66	23	20	24	61	25	33	26	96	27	68	28	57	29	11	30	52	31	38	32	73	33	54	34	10	35	46	36	21	37	48	38	88	39	53	40	80	41	52	42	94	43	84	44	12	45	42	46	90	47	90	48	12	49	90	
	0	16	1	85	2	52	3	49	4	22	5	95	6	49	7	94	8	30	9	25	10	26	11	75	12	84	13	45	14	3	15	71	16	27	17	72	18	60	19	80	20	91	21	38	22	18	23	34	24	13	25	34	26	50	27	42	28	8	29	23	30	75	31	49	32	49	33	1	34	3	35	61	36	38	37	55	38	37	39	6	40	3	41	37	42	6	43	43	44	53	45	13	46	55	47	48	48	68	49	54	
	0	87	1	9	2	21	3	81	4	26	5	76	6	49	7	22	8	90	9	51	10	14	11	59	12	77	13	2	14	32	15	52	16	84	17	67	18	86	19	97	20	91	21	41	22	3	23	17	24	46	25	10	26	28	27	37	28	36	29	9	30	14	31	66	32	83	33	25	34	9	35	93	36	10	37	36	38	63	39	15	40	59	41	74	42	95	43	61	44	63	45	68	46	29	47	42	48	75	49	55	
	0	72	1	60	2	49	3	94	4	95	5	9	6	78	7	21	8	37	9	70	10	28	11	86	12	3	13	99	14	59	15	70	16	40	17	78	18	40	19	12	20	14	21	27	22	21	23	69	24	4	25	37	26	85	27	8	28	60	29	43	30	69	31	70	32	2	33	34	34	68	35	6	36	10	37	22	38	60	39	43	40	71	41	95	42	98	43	78	44	5	45	53	46	40	47	19	48	74	49	21	
	0	89	1	17	2	9	3	37	4	93	5	22	6	28	7	8	8	55	9	86	10	29	11	19	12	18	13	23	14	76	15	39	16	72	17	33	18	95	19	74	20	62	21	4	22	63	23	77	24	73	25	23	26	47	27	60	28	5	29	33	30	47	31	10	32	33	33	91	34	94	35	1	36	62	37	12	38	93	39	42	40	5	41	14	42	32	43	14	44	65	45	38	46	32	47	92	48	81	49	39	