200 50 1
50
	0	47	1	81	2	31	3	82	4	49	5	23	6	10	7	67	8	67	9	73	10	65	11	96	12	64	13	5	14	7	15	55	16	20	17	90	18	17	19	78	20	63	21	38	22	22	23	10	24	95	25	18	26	43	27	5	28	36	29	70	30	16	31	55	32	52	33	81	34	43	35	45	36	40	37	26	38	37	39	73	40	64	41	49	42	51	43	66	44	47	45	91	46	70	47	19	48	16	49	4	
	0	43	1	18	2	9	3	19	4	59	5	35	6	13	7	49	8	42	9	64	10	57	11	12	12	75	13	63	14	15	15	31	16	64	17	30	18	75	19	75	20	92	21	40	22	39	23	72	24	52	25	30	26	31	27	34	28	26	29	19	30	6	31	15	32	81	33	89	34	17	35	97	36	41	37	46	38	90	39	82	40	74	41	98	42	53	43	48	44	57	45	76	46	42	47	100	48	39	49	1	
	0	98	1	2	2	47	3	34	4	92	5	30	6	79	7	8	8	80	9	27	10	63	11	9	12	88	13	10	14	78	15	83	16	35	17	67	18	89	19	98	20	36	21	39	22	10	23	33	24	3	25	5	26	82	27	69	28	79	29	22	30	15	31	48	32	40	33	44	34	82	35	69	36	27	37	32	38	13	39	77	40	73	41	88	42	45	43	70	44	17	45	32	46	34	47	41	48	39	49	22	
	0	28	1	45	2	94	3	13	4	10	5	76	6	80	7	79	8	70	9	67	10	49	11	58	12	9	13	17	14	54	15	17	16	97	17	73	18	37	19	48	20	25	21	16	22	91	23	57	24	67	25	54	26	29	27	7	28	46	29	62	30	100	31	9	32	36	33	89	34	92	35	1	36	67	37	28	38	27	39	43	40	52	41	34	42	96	43	48	44	8	45	55	46	31	47	92	48	87	49	64	
	0	64	1	76	2	99	3	41	4	77	5	66	6	35	7	9	8	8	9	74	10	53	11	10	12	66	13	65	14	70	15	12	16	30	17	45	18	60	19	100	20	10	21	5	22	70	23	49	24	60	25	89	26	100	27	79	28	48	29	65	30	46	31	56	32	46	33	30	34	68	35	12	36	100	37	89	38	24	39	90	40	67	41	73	42	20	43	46	44	15	45	33	46	86	47	50	48	4	49	23	
	0	42	1	12	2	43	3	84	4	59	5	33	6	82	7	67	8	34	9	20	10	1	11	62	12	32	13	94	14	54	15	39	16	3	17	22	18	24	19	17	20	5	21	39	22	64	23	84	24	14	25	93	26	25	27	62	28	67	29	9	30	18	31	69	32	28	33	32	34	78	35	49	36	14	37	27	38	28	39	67	40	53	41	38	42	1	43	44	44	50	45	54	46	84	47	36	48	25	49	50	
	0	60	1	92	2	68	3	66	4	45	5	11	6	23	7	43	8	69	9	76	10	71	11	43	12	9	13	73	14	38	15	60	16	41	17	15	18	76	19	44	20	16	21	90	22	18	23	61	24	77	25	5	26	69	27	88	28	40	29	36	30	65	31	24	32	58	33	38	34	39	35	35	36	9	37	21	38	64	39	100	40	70	41	90	42	13	43	61	44	84	45	17	46	85	47	1	48	66	49	94	
	0	6	1	35	2	21	3	30	4	96	5	37	6	89	7	53	8	43	9	60	10	14	11	66	12	100	13	21	14	67	15	44	16	55	17	20	18	4	19	92	20	40	21	45	22	73	23	36	24	28	25	87	26	19	27	43	28	52	29	74	30	81	31	32	32	42	33	87	34	79	35	25	36	91	37	71	38	28	39	83	40	5	41	97	42	71	43	4	44	69	45	31	46	74	47	82	48	100	49	91	
	0	10	1	7	2	24	3	49	4	46	5	39	6	26	7	25	8	10	9	1	10	84	11	24	12	39	13	10	14	65	15	19	16	22	17	61	18	44	19	74	20	51	21	68	22	95	23	40	24	6	25	28	26	48	27	28	28	21	29	95	30	58	31	38	32	79	33	82	34	95	35	8	36	36	37	51	38	61	39	2	40	81	41	41	42	56	43	10	44	56	45	23	46	87	47	76	48	27	49	52	
	0	75	1	91	2	42	3	3	4	80	5	25	6	82	7	4	8	30	9	84	10	20	11	11	12	61	13	70	14	72	15	93	16	25	17	31	18	8	19	39	20	7	21	60	22	16	23	22	24	60	25	96	26	88	27	97	28	72	29	2	30	56	31	80	32	30	33	96	34	48	35	73	36	78	37	39	38	85	39	79	40	10	41	37	42	57	43	83	44	1	45	54	46	11	47	96	48	31	49	89	
	0	78	1	79	2	82	3	77	4	24	5	67	6	81	7	22	8	62	9	80	10	16	11	28	12	3	13	91	14	91	15	63	16	66	17	46	18	68	19	60	20	46	21	52	22	52	23	25	24	10	25	39	26	74	27	73	28	18	29	48	30	97	31	70	32	49	33	53	34	99	35	30	36	44	37	90	38	10	39	80	40	67	41	45	42	50	43	92	44	63	45	15	46	82	47	52	48	32	49	17	
	0	49	1	58	2	34	3	65	4	41	5	64	6	44	7	26	8	35	9	74	10	20	11	43	12	61	13	2	14	78	15	50	16	50	17	34	18	75	19	74	20	32	21	19	22	74	23	47	24	84	25	44	26	96	27	98	28	22	29	81	30	13	31	86	32	43	33	34	34	79	35	17	36	9	37	68	38	42	39	13	40	14	41	54	42	93	43	34	44	25	45	26	46	97	47	80	48	19	49	98	
	0	3	1	3	2	30	3	38	4	25	5	3	6	40	7	21	8	94	9	55	10	59	11	100	12	78	13	94	14	40	15	72	16	7	17	36	18	70	19	51	20	81	21	67	22	9	23	61	24	81	25	25	26	73	27	37	28	65	29	31	30	85	31	79	32	44	33	12	34	8	35	82	36	5	37	61	38	80	39	86	40	13	41	9	42	78	43	60	44	31	45	32	46	97	47	79	48	4	49	42	
	0	66	1	52	2	41	3	21	4	98	5	82	6	85	7	84	8	56	9	23	10	75	11	86	12	46	13	55	14	36	15	39	16	7	17	77	18	77	19	12	20	58	21	37	22	74	23	94	24	26	25	82	26	47	27	57	28	63	29	41	30	48	31	62	32	17	33	87	34	33	35	86	36	51	37	79	38	83	39	100	40	6	41	32	42	99	43	98	44	33	45	74	46	12	47	31	48	66	49	93	
	0	55	1	28	2	83	3	36	4	71	5	17	6	95	7	20	8	23	9	89	10	76	11	8	12	50	13	74	14	34	15	37	16	54	17	63	18	85	19	74	20	45	21	47	22	48	23	77	24	68	25	66	26	13	27	38	28	93	29	68	30	38	31	10	32	92	33	46	34	91	35	56	36	58	37	26	38	54	39	72	40	27	41	11	42	73	43	1	44	99	45	25	46	57	47	53	48	87	49	15	
	0	76	1	4	2	34	3	46	4	41	5	21	6	19	7	19	8	52	9	29	10	38	11	86	12	86	13	26	14	39	15	30	16	82	17	1	18	42	19	25	20	34	21	85	22	50	23	56	24	25	25	51	26	81	27	3	28	23	29	47	30	18	31	71	32	72	33	21	34	38	35	82	36	81	37	1	38	3	39	49	40	84	41	28	42	59	43	17	44	55	45	91	46	45	47	27	48	84	49	35	
	0	31	1	97	2	68	3	16	4	73	5	87	6	50	7	56	8	25	9	60	10	27	11	15	12	69	13	87	14	49	15	96	16	29	17	61	18	33	19	31	20	66	21	59	22	50	23	51	24	76	25	21	26	60	27	4	28	66	29	42	30	49	31	93	32	26	33	64	34	39	35	28	36	27	37	17	38	67	39	62	40	12	41	64	42	66	43	26	44	80	45	5	46	31	47	58	48	39	49	92	
	0	48	1	5	2	49	3	49	4	23	5	2	6	61	7	50	8	1	9	81	10	94	11	30	12	57	13	100	14	37	15	81	16	80	17	45	18	78	19	81	20	100	21	30	22	9	23	15	24	15	25	99	26	81	27	20	28	2	29	83	30	37	31	48	32	87	33	6	34	51	35	36	36	57	37	40	38	6	39	48	40	11	41	23	42	84	43	96	44	32	45	16	46	62	47	20	48	18	49	47	
	0	92	1	79	2	44	3	20	4	80	5	49	6	50	7	58	8	33	9	14	10	65	11	63	12	2	13	39	14	81	15	83	16	70	17	88	18	33	19	50	20	32	21	19	22	93	23	73	24	84	25	35	26	73	27	93	28	35	29	9	30	49	31	11	32	81	33	45	34	45	35	47	36	1	37	79	38	32	39	12	40	31	41	35	42	74	43	58	44	53	45	35	46	75	47	79	48	47	49	56	
	0	78	1	84	2	78	3	51	4	31	5	67	6	48	7	80	8	54	9	63	10	26	11	72	12	78	13	52	14	38	15	69	16	37	17	73	18	24	19	47	20	64	21	8	22	21	23	85	24	31	25	59	26	36	27	46	28	20	29	78	30	98	31	20	32	62	33	10	34	76	35	57	36	74	37	74	38	14	39	54	40	21	41	73	42	30	43	65	44	56	45	62	46	27	47	47	48	93	49	56	
	0	30	1	6	2	39	3	78	4	12	5	29	6	70	7	80	8	2	9	94	10	12	11	8	12	90	13	33	14	92	15	27	16	58	17	51	18	26	19	68	20	31	21	86	22	31	23	24	24	83	25	40	26	27	27	45	28	48	29	100	30	89	31	57	32	33	33	20	34	60	35	2	36	92	37	89	38	13	39	19	40	52	41	93	42	64	43	98	44	11	45	27	46	63	47	45	48	52	49	62	
	0	89	1	8	2	22	3	47	4	17	5	36	6	94	7	50	8	76	9	50	10	32	11	43	12	81	13	27	14	83	15	21	16	76	17	49	18	40	19	5	20	57	21	8	22	64	23	81	24	19	25	47	26	39	27	5	28	81	29	22	30	6	31	26	32	5	33	95	34	12	35	74	36	53	37	21	38	89	39	53	40	87	41	44	42	8	43	53	44	29	45	16	46	3	47	66	48	65	49	6	
	0	29	1	16	2	26	3	1	4	4	5	49	6	14	7	15	8	36	9	24	10	68	11	67	12	41	13	16	14	26	15	27	16	53	17	39	18	8	19	98	20	66	21	42	22	86	23	43	24	23	25	14	26	1	27	14	28	93	29	77	30	82	31	17	32	62	33	75	34	56	35	28	36	2	37	76	38	72	39	98	40	11	41	87	42	2	43	99	44	51	45	50	46	63	47	34	48	28	49	41	
	0	22	1	40	2	24	3	73	4	20	5	36	6	66	7	17	8	41	9	54	10	57	11	83	12	72	13	79	14	40	15	25	16	11	17	46	18	68	19	72	20	5	21	41	22	95	23	31	24	85	25	36	26	34	27	37	28	56	29	79	30	90	31	100	32	98	33	87	34	3	35	82	36	54	37	50	38	93	39	2	40	12	41	16	42	96	43	21	44	93	45	83	46	79	47	15	48	15	49	55	
	0	73	1	56	2	30	3	39	4	53	5	91	6	46	7	28	8	37	9	50	10	58	11	63	12	19	13	69	14	2	15	79	16	31	17	90	18	10	19	69	20	15	21	82	22	100	23	64	24	80	25	45	26	89	27	13	28	51	29	68	30	63	31	15	32	66	33	48	34	62	35	12	36	85	37	96	38	89	39	56	40	20	41	83	42	56	43	56	44	46	45	100	46	81	47	99	48	4	49	83	
	0	24	1	53	2	45	3	29	4	4	5	13	6	35	7	36	8	35	9	53	10	71	11	93	12	17	13	29	14	73	15	60	16	14	17	25	18	67	19	29	20	34	21	8	22	20	23	54	24	51	25	93	26	64	27	24	28	90	29	9	30	11	31	14	32	30	33	95	34	87	35	18	36	71	37	16	38	12	39	47	40	87	41	84	42	16	43	61	44	59	45	15	46	3	47	43	48	69	49	85	
	0	2	1	95	2	97	3	99	4	71	5	65	6	74	7	82	8	8	9	50	10	39	11	19	12	90	13	12	14	91	15	74	16	85	17	62	18	30	19	69	20	51	21	40	22	46	23	97	24	89	25	53	26	43	27	3	28	17	29	27	30	63	31	84	32	46	33	42	34	46	35	18	36	95	37	30	38	61	39	28	40	8	41	61	42	90	43	58	44	39	45	47	46	84	47	70	48	46	49	88	
	0	69	1	60	2	8	3	97	4	79	5	52	6	51	7	37	8	99	9	25	10	26	11	67	12	93	13	50	14	41	15	80	16	36	17	26	18	34	19	91	20	69	21	30	22	62	23	82	24	92	25	94	26	97	27	32	28	43	29	16	30	38	31	48	32	1	33	76	34	7	35	33	36	94	37	97	38	18	39	60	40	88	41	67	42	70	43	95	44	86	45	32	46	73	47	24	48	89	49	76	
	0	66	1	18	2	37	3	28	4	2	5	8	6	53	7	82	8	88	9	60	10	100	11	87	12	71	13	48	14	84	15	91	16	57	17	47	18	48	19	33	20	13	21	82	22	14	23	31	24	81	25	15	26	31	27	1	28	3	29	60	30	87	31	91	32	50	33	45	34	10	35	90	36	61	37	84	38	90	39	83	40	80	41	29	42	78	43	55	44	11	45	17	46	78	47	83	48	1	49	81	
	0	32	1	39	2	89	3	8	4	13	5	46	6	51	7	11	8	39	9	57	10	50	11	49	12	16	13	58	14	2	15	78	16	87	17	41	18	79	19	5	20	85	21	85	22	66	23	21	24	5	25	36	26	70	27	94	28	61	29	20	30	18	31	61	32	99	33	40	34	54	35	70	36	85	37	88	38	57	39	43	40	58	41	65	42	63	43	62	44	30	45	28	46	71	47	4	48	36	49	68	
	0	76	1	32	2	70	3	16	4	40	5	50	6	57	7	71	8	42	9	29	10	60	11	28	12	74	13	97	14	28	15	94	16	63	17	55	18	78	19	13	20	86	21	7	22	61	23	60	24	94	25	43	26	6	27	90	28	79	29	58	30	62	31	47	32	7	33	100	34	55	35	12	36	20	37	14	38	36	39	23	40	85	41	34	42	63	43	22	44	12	45	60	46	16	47	15	48	77	49	84	
	0	24	1	81	2	9	3	91	4	47	5	10	6	2	7	45	8	16	9	92	10	4	11	54	12	88	13	71	14	37	15	10	16	79	17	52	18	49	19	76	20	7	21	52	22	31	23	50	24	93	25	77	26	93	27	82	28	10	29	70	30	72	31	92	32	19	33	3	34	76	35	83	36	65	37	99	38	12	39	4	40	8	41	41	42	1	43	63	44	79	45	59	46	85	47	13	48	81	49	33	
	0	95	1	39	2	48	3	55	4	34	5	8	6	60	7	70	8	31	9	70	10	26	11	52	12	20	13	3	14	66	15	92	16	26	17	84	18	46	19	100	20	56	21	91	22	90	23	59	24	98	25	65	26	30	27	71	28	5	29	70	30	19	31	23	32	42	33	21	34	94	35	99	36	76	37	37	38	22	39	36	40	32	41	46	42	5	43	36	44	76	45	3	46	11	47	8	48	44	49	60	
	0	7	1	20	2	69	3	95	4	10	5	92	6	83	7	95	8	21	9	95	10	83	11	65	12	15	13	34	14	10	15	45	16	90	17	28	18	37	19	77	20	20	21	69	22	10	23	97	24	42	25	58	26	80	27	13	28	80	29	14	30	36	31	72	32	70	33	11	34	16	35	27	36	24	37	97	38	68	39	99	40	61	41	40	42	51	43	25	44	15	45	13	46	80	47	86	48	47	49	10	
	0	11	1	91	2	42	3	75	4	79	5	67	6	70	7	34	8	25	9	68	10	66	11	8	12	23	13	80	14	2	15	73	16	76	17	76	18	39	19	41	20	46	21	4	22	82	23	9	24	2	25	62	26	97	27	6	28	46	29	62	30	45	31	42	32	88	33	31	34	89	35	71	36	62	37	44	38	56	39	89	40	27	41	21	42	29	43	80	44	90	45	17	46	8	47	27	48	3	49	9	
	0	33	1	94	2	63	3	50	4	26	5	22	6	92	7	77	8	62	9	79	10	18	11	92	12	61	13	71	14	76	15	94	16	23	17	1	18	8	19	88	20	4	21	81	22	10	23	87	24	77	25	99	26	20	27	97	28	11	29	56	30	47	31	43	32	64	33	62	34	57	35	5	36	47	37	23	38	100	39	54	40	22	41	17	42	99	43	68	44	27	45	57	46	100	47	56	48	36	49	17	
	0	15	1	11	2	87	3	97	4	5	5	36	6	62	7	44	8	53	9	53	10	80	11	33	12	100	13	10	14	70	15	2	16	47	17	25	18	33	19	37	20	44	21	92	22	13	23	51	24	29	25	94	26	49	27	40	28	36	29	8	30	78	31	58	32	32	33	1	34	52	35	18	36	25	37	72	38	28	39	49	40	33	41	46	42	37	43	28	44	7	45	24	46	29	47	34	48	69	49	38	
	0	7	1	51	2	21	3	84	4	67	5	79	6	36	7	86	8	45	9	93	10	16	11	99	12	20	13	34	14	28	15	42	16	24	17	86	18	14	19	100	20	47	21	100	22	9	23	94	24	25	25	19	26	44	27	28	28	18	29	86	30	56	31	16	32	45	33	2	34	38	35	9	36	92	37	35	38	9	39	91	40	19	41	79	42	71	43	88	44	65	45	39	46	74	47	70	48	94	49	68	
	0	51	1	35	2	75	3	90	4	91	5	50	6	41	7	9	8	71	9	96	10	61	11	65	12	82	13	75	14	20	15	48	16	93	17	32	18	79	19	44	20	30	21	19	22	38	23	3	24	58	25	20	26	7	27	1	28	62	29	93	30	38	31	84	32	85	33	62	34	35	35	27	36	65	37	79	38	88	39	59	40	91	41	52	42	74	43	44	44	56	45	7	46	23	47	87	48	99	49	72	
	0	10	1	37	2	25	3	77	4	34	5	15	6	64	7	82	8	32	9	46	10	40	11	39	12	69	13	23	14	56	15	53	16	29	17	11	18	98	19	83	20	3	21	72	22	33	23	93	24	97	25	55	26	43	27	4	28	46	29	50	30	31	31	34	32	35	33	92	34	85	35	89	36	44	37	53	38	27	39	43	40	62	41	32	42	8	43	12	44	38	45	27	46	99	47	23	48	23	49	41	
	0	50	1	92	2	29	3	96	4	68	5	51	6	98	7	42	8	66	9	63	10	50	11	14	12	82	13	33	14	60	15	31	16	86	17	68	18	95	19	88	20	20	21	2	22	95	23	80	24	3	25	80	26	98	27	75	28	39	29	41	30	7	31	18	32	45	33	89	34	22	35	27	36	14	37	21	38	12	39	36	40	53	41	54	42	91	43	18	44	20	45	2	46	51	47	3	48	48	49	92	
	0	20	1	17	2	78	3	64	4	92	5	2	6	35	7	28	8	28	9	56	10	27	11	30	12	39	13	58	14	35	15	45	16	27	17	34	18	80	19	100	20	25	21	43	22	96	23	10	24	39	25	54	26	32	27	96	28	49	29	72	30	79	31	22	32	54	33	46	34	87	35	29	36	57	37	34	38	18	39	30	40	24	41	72	42	8	43	34	44	96	45	57	46	28	47	14	48	51	49	28	
	0	77	1	75	2	63	3	25	4	28	5	59	6	4	7	82	8	39	9	20	10	58	11	30	12	16	13	50	14	45	15	81	16	32	17	35	18	58	19	12	20	99	21	51	22	31	23	18	24	22	25	59	26	82	27	23	28	53	29	14	30	22	31	1	32	35	33	55	34	100	35	71	36	43	37	66	38	86	39	87	40	41	41	50	42	22	43	28	44	6	45	48	46	70	47	58	48	40	49	1	
	0	7	1	99	2	74	3	3	4	16	5	34	6	53	7	90	8	77	9	47	10	41	11	67	12	9	13	33	14	55	15	79	16	54	17	20	18	35	19	53	20	4	21	76	22	65	23	85	24	53	25	80	26	64	27	48	28	96	29	67	30	45	31	49	32	4	33	84	34	63	35	43	36	68	37	96	38	100	39	26	40	85	41	2	42	52	43	48	44	52	45	77	46	60	47	8	48	10	49	30	
	0	3	1	33	2	2	3	73	4	28	5	41	6	27	7	24	8	96	9	6	10	60	11	90	12	32	13	71	14	20	15	87	16	27	17	17	18	34	19	25	20	48	21	96	22	58	23	24	24	58	25	69	26	14	27	44	28	83	29	41	30	92	31	91	32	35	33	67	34	57	35	98	36	74	37	31	38	40	39	20	40	30	41	75	42	89	43	10	44	28	45	48	46	81	47	11	48	76	49	94	
	0	98	1	36	2	80	3	95	4	75	5	33	6	79	7	85	8	51	9	66	10	16	11	19	12	88	13	24	14	95	15	1	16	88	17	44	18	34	19	23	20	43	21	98	22	20	23	37	24	27	25	96	26	99	27	48	28	81	29	10	30	32	31	67	32	97	33	50	34	97	35	93	36	30	37	8	38	63	39	34	40	99	41	88	42	62	43	49	44	86	45	5	46	27	47	93	48	16	49	74	
	0	65	1	92	2	6	3	88	4	63	5	61	6	27	7	59	8	50	9	82	10	58	11	78	12	78	13	62	14	98	15	49	16	63	17	14	18	10	19	38	20	27	21	87	22	23	23	5	24	39	25	64	26	74	27	53	28	99	29	69	30	8	31	96	32	15	33	11	34	39	35	67	36	28	37	72	38	80	39	67	40	88	41	31	42	6	43	76	44	62	45	85	46	42	47	99	48	62	49	55	
	0	78	1	63	2	1	3	100	4	35	5	25	6	8	7	67	8	80	9	26	10	84	11	59	12	32	13	43	14	51	15	59	16	88	17	67	18	98	19	64	20	15	21	68	22	30	23	42	24	26	25	19	26	48	27	26	28	56	29	60	30	97	31	55	32	19	33	63	34	75	35	69	36	22	37	68	38	72	39	39	40	44	41	22	42	57	43	77	44	61	45	14	46	70	47	1	48	75	49	12	
	0	85	1	15	2	39	3	38	4	36	5	36	6	38	7	1	8	48	9	95	10	5	11	14	12	28	13	51	14	5	15	90	16	84	17	30	18	12	19	59	20	37	21	100	22	17	23	22	24	62	25	65	26	66	27	41	28	39	29	56	30	25	31	21	32	9	33	75	34	36	35	90	36	65	37	92	38	22	39	84	40	79	41	7	42	76	43	35	44	9	45	63	46	9	47	3	48	64	49	19	
	0	78	1	89	2	87	3	77	4	1	5	53	6	23	7	97	8	4	9	72	10	4	11	5	12	78	13	20	14	34	15	58	16	83	17	75	18	78	19	43	20	54	21	21	22	80	23	25	24	1	25	70	26	26	27	38	28	17	29	67	30	64	31	24	32	35	33	74	34	48	35	14	36	10	37	1	38	12	39	35	40	22	41	16	42	62	43	31	44	50	45	95	46	72	47	66	48	39	49	34	
	0	3	1	32	2	62	3	4	4	62	5	83	6	13	7	67	8	16	9	80	10	37	11	62	12	26	13	53	14	23	15	47	16	42	17	72	18	21	19	12	20	45	21	46	22	40	23	48	24	80	25	95	26	21	27	34	28	64	29	45	30	29	31	49	32	99	33	8	34	30	35	29	36	23	37	8	38	43	39	11	40	46	41	46	42	23	43	20	44	16	45	86	46	95	47	23	48	81	49	27	
	0	15	1	27	2	67	3	77	4	43	5	88	6	76	7	4	8	15	9	27	10	100	11	97	12	88	13	26	14	35	15	6	16	98	17	95	18	30	19	95	20	35	21	13	22	33	23	20	24	86	25	68	26	65	27	3	28	38	29	14	30	67	31	86	32	22	33	58	34	57	35	42	36	10	37	49	38	67	39	55	40	76	41	84	42	38	43	64	44	52	45	49	46	11	47	31	48	65	49	71	
	0	92	1	18	2	82	3	1	4	1	5	57	6	10	7	28	8	44	9	24	10	29	11	24	12	22	13	54	14	39	15	88	16	78	17	60	18	10	19	38	20	61	21	31	22	63	23	27	24	57	25	68	26	22	27	8	28	50	29	31	30	69	31	49	32	19	33	92	34	48	35	60	36	37	37	58	38	14	39	54	40	20	41	5	42	47	43	18	44	66	45	94	46	38	47	39	48	12	49	3	
	0	18	1	35	2	53	3	9	4	66	5	6	6	41	7	27	8	45	9	89	10	85	11	45	12	32	13	53	14	45	15	81	16	19	17	40	18	66	19	6	20	92	21	67	22	74	23	82	24	64	25	91	26	89	27	19	28	42	29	41	30	27	31	2	32	62	33	32	34	60	35	33	36	19	37	9	38	35	39	60	40	42	41	7	42	4	43	81	44	79	45	99	46	32	47	96	48	66	49	43	
	0	24	1	38	2	6	3	42	4	75	5	8	6	93	7	59	8	13	9	4	10	57	11	19	12	61	13	71	14	35	15	90	16	73	17	46	18	95	19	38	20	37	21	47	22	8	23	83	24	2	25	48	26	78	27	6	28	30	29	99	30	2	31	93	32	10	33	37	34	25	35	5	36	48	37	13	38	5	39	94	40	58	41	86	42	54	43	97	44	75	45	69	46	81	47	8	48	89	49	80	
	0	99	1	91	2	45	3	59	4	36	5	19	6	40	7	54	8	85	9	99	10	30	11	37	12	21	13	80	14	89	15	92	16	90	17	46	18	95	19	34	20	57	21	93	22	81	23	40	24	72	25	98	26	10	27	88	28	62	29	10	30	8	31	17	32	29	33	81	34	82	35	38	36	81	37	33	38	9	39	30	40	92	41	74	42	5	43	86	44	22	45	78	46	13	47	34	48	39	49	14	
	0	82	1	44	2	8	3	67	4	78	5	39	6	13	7	91	8	29	9	88	10	80	11	5	12	13	13	94	14	62	15	60	16	12	17	67	18	39	19	8	20	47	21	20	22	43	23	59	24	69	25	82	26	70	27	58	28	97	29	8	30	77	31	96	32	8	33	17	34	15	35	41	36	17	37	34	38	51	39	56	40	16	41	49	42	99	43	48	44	74	45	41	46	38	47	16	48	59	49	22	
	0	19	1	33	2	4	3	82	4	34	5	61	6	55	7	57	8	40	9	13	10	70	11	46	12	56	13	34	14	93	15	66	16	85	17	53	18	73	19	30	20	55	21	53	22	87	23	19	24	58	25	79	26	68	27	62	28	57	29	44	30	91	31	19	32	88	33	51	34	92	35	13	36	65	37	45	38	64	39	3	40	5	41	61	42	64	43	35	44	95	45	6	46	62	47	32	48	14	49	33	
	0	43	1	27	2	5	3	14	4	38	5	90	6	85	7	74	8	42	9	80	10	58	11	29	12	76	13	46	14	90	15	78	16	52	17	35	18	75	19	31	20	43	21	48	22	92	23	88	24	94	25	91	26	16	27	61	28	29	29	41	30	11	31	68	32	23	33	48	34	29	35	46	36	85	37	50	38	17	39	66	40	22	41	8	42	95	43	51	44	43	45	47	46	58	47	14	48	56	49	8	
	0	98	1	3	2	64	3	76	4	97	5	18	6	77	7	27	8	6	9	67	10	92	11	15	12	75	13	95	14	8	15	45	16	35	17	42	18	37	19	83	20	1	21	62	22	25	23	61	24	23	25	10	26	67	27	18	28	84	29	44	30	100	31	51	32	60	33	33	34	55	35	31	36	9	37	93	38	28	39	67	40	60	41	100	42	70	43	92	44	50	45	89	46	55	47	87	48	59	49	2	
	0	89	1	89	2	1	3	62	4	22	5	44	6	65	7	17	8	16	9	31	10	90	11	39	12	55	13	85	14	3	15	72	16	20	17	78	18	39	19	55	20	56	21	14	22	8	23	55	24	47	25	22	26	37	27	22	28	15	29	26	30	73	31	90	32	13	33	41	34	18	35	6	36	50	37	84	38	78	39	58	40	62	41	2	42	18	43	67	44	78	45	90	46	13	47	29	48	64	49	99	
	0	84	1	95	2	85	3	16	4	40	5	9	6	31	7	47	8	32	9	30	10	37	11	89	12	33	13	58	14	37	15	81	16	80	17	19	18	73	19	2	20	43	21	71	22	57	23	95	24	48	25	76	26	28	27	36	28	67	29	24	30	49	31	7	32	55	33	30	34	71	35	78	36	37	37	38	38	82	39	57	40	74	41	30	42	41	43	9	44	58	45	37	46	81	47	34	48	93	49	88	
	0	82	1	14	2	98	3	97	4	21	5	26	6	43	7	3	8	78	9	22	10	73	11	49	12	13	13	18	14	73	15	54	16	89	17	72	18	15	19	86	20	41	21	66	22	11	23	13	24	99	25	81	26	94	27	92	28	17	29	80	30	3	31	45	32	18	33	14	34	68	35	3	36	11	37	27	38	79	39	51	40	48	41	94	42	95	43	79	44	27	45	4	46	68	47	41	48	96	49	49	
	0	94	1	9	2	10	3	20	4	79	5	23	6	46	7	45	8	3	9	35	10	22	11	76	12	30	13	75	14	17	15	61	16	29	17	63	18	77	19	98	20	61	21	88	22	82	23	64	24	37	25	87	26	95	27	26	28	91	29	35	30	23	31	2	32	42	33	94	34	79	35	38	36	15	37	72	38	55	39	3	40	47	41	1	42	98	43	92	44	25	45	77	46	82	47	29	48	45	49	15	
	0	61	1	95	2	92	3	27	4	35	5	73	6	51	7	1	8	65	9	10	10	87	11	58	12	16	13	58	14	7	15	26	16	19	17	60	18	3	19	97	20	21	21	64	22	88	23	36	24	99	25	61	26	100	27	3	28	26	29	10	30	72	31	88	32	38	33	99	34	53	35	11	36	16	37	33	38	12	39	25	40	14	41	70	42	26	43	72	44	56	45	10	46	53	47	61	48	62	49	97	
	0	25	1	37	2	89	3	19	4	87	5	58	6	16	7	72	8	32	9	6	10	41	11	1	12	77	13	50	14	100	15	96	16	39	17	40	18	36	19	75	20	30	21	39	22	48	23	88	24	100	25	40	26	18	27	97	28	100	29	63	30	48	31	87	32	4	33	48	34	63	35	2	36	64	37	64	38	25	39	31	40	92	41	8	42	90	43	66	44	62	45	64	46	16	47	67	48	38	49	2	
	0	60	1	39	2	87	3	70	4	41	5	73	6	20	7	79	8	72	9	76	10	11	11	87	12	61	13	41	14	13	15	19	16	62	17	65	18	71	19	10	20	34	21	31	22	37	23	75	24	82	25	96	26	6	27	76	28	96	29	1	30	27	31	94	32	16	33	99	34	13	35	3	36	20	37	26	38	34	39	43	40	55	41	7	42	76	43	26	44	82	45	7	46	18	47	1	48	47	49	49	
	0	60	1	7	2	52	3	77	4	90	5	75	6	1	7	4	8	68	9	60	10	94	11	60	12	57	13	91	14	15	15	28	16	2	17	42	18	97	19	45	20	3	21	82	22	58	23	72	24	65	25	64	26	26	27	69	28	75	29	26	30	26	31	33	32	70	33	69	34	5	35	19	36	27	37	78	38	90	39	49	40	65	41	93	42	92	43	73	44	17	45	65	46	66	47	68	48	27	49	27	
	0	100	1	84	2	30	3	75	4	14	5	10	6	55	7	81	8	52	9	15	10	90	11	74	12	87	13	2	14	15	15	78	16	71	17	43	18	57	19	50	20	26	21	52	22	46	23	94	24	36	25	81	26	18	27	5	28	49	29	91	30	100	31	38	32	41	33	41	34	3	35	47	36	15	37	75	38	35	39	69	40	10	41	84	42	10	43	10	44	41	45	4	46	26	47	23	48	9	49	64	
	0	43	1	82	2	48	3	96	4	41	5	33	6	45	7	46	8	64	9	70	10	11	11	76	12	21	13	70	14	97	15	10	16	63	17	13	18	16	19	75	20	87	21	47	22	4	23	46	24	60	25	61	26	80	27	82	28	14	29	75	30	67	31	45	32	90	33	67	34	90	35	10	36	67	37	44	38	84	39	98	40	52	41	56	42	85	43	28	44	30	45	44	46	19	47	70	48	54	49	1	
	0	79	1	71	2	40	3	100	4	32	5	48	6	26	7	67	8	22	9	48	10	20	11	12	12	81	13	8	14	53	15	7	16	46	17	1	18	60	19	48	20	99	21	7	22	97	23	99	24	99	25	34	26	95	27	8	28	50	29	16	30	58	31	43	32	53	33	71	34	62	35	44	36	71	37	47	38	20	39	49	40	85	41	15	42	93	43	64	44	100	45	3	46	72	47	80	48	60	49	54	
	0	48	1	89	2	24	3	55	4	36	5	28	6	65	7	55	8	8	9	73	10	80	11	94	12	77	13	20	14	41	15	26	16	4	17	87	18	18	19	9	20	89	21	14	22	85	23	31	24	55	25	12	26	90	27	40	28	40	29	18	30	93	31	24	32	14	33	34	34	93	35	52	36	68	37	14	38	86	39	35	40	4	41	57	42	64	43	75	44	31	45	47	46	53	47	9	48	100	49	56	
	0	72	1	47	2	77	3	82	4	44	5	79	6	47	7	16	8	37	9	86	10	8	11	63	12	53	13	32	14	100	15	77	16	28	17	20	18	66	19	73	20	70	21	64	22	53	23	14	24	7	25	22	26	67	27	84	28	49	29	23	30	65	31	69	32	37	33	33	34	9	35	89	36	16	37	56	38	53	39	32	40	28	41	53	42	21	43	29	44	64	45	69	46	89	47	100	48	28	49	98	
	0	20	1	50	2	42	3	81	4	17	5	85	6	27	7	65	8	69	9	71	10	63	11	21	12	90	13	24	14	9	15	15	16	84	17	60	18	89	19	1	20	13	21	19	22	3	23	60	24	54	25	75	26	97	27	52	28	88	29	20	30	89	31	5	32	61	33	24	34	66	35	68	36	30	37	78	38	46	39	11	40	46	41	97	42	65	43	10	44	49	45	25	46	32	47	57	48	54	49	34	
	0	93	1	23	2	11	3	78	4	14	5	41	6	51	7	70	8	37	9	17	10	95	11	1	12	32	13	15	14	10	15	83	16	22	17	33	18	90	19	68	20	26	21	96	22	9	23	41	24	71	25	74	26	96	27	10	28	38	29	51	30	36	31	67	32	41	33	85	34	54	35	89	36	41	37	23	38	65	39	28	40	59	41	43	42	100	43	22	44	35	45	3	46	65	47	23	48	89	49	93	
	0	42	1	29	2	17	3	48	4	31	5	99	6	75	7	15	8	65	9	69	10	64	11	2	12	77	13	11	14	24	15	4	16	72	17	24	18	21	19	50	20	68	21	67	22	52	23	62	24	28	25	92	26	4	27	57	28	2	29	69	30	36	31	48	32	50	33	27	34	82	35	27	36	91	37	40	38	71	39	31	40	26	41	32	42	45	43	56	44	62	45	51	46	36	47	35	48	12	49	2	
	0	32	1	18	2	58	3	78	4	40	5	12	6	31	7	95	8	37	9	84	10	68	11	12	12	11	13	37	14	66	15	59	16	82	17	29	18	5	19	23	20	75	21	6	22	92	23	61	24	77	25	86	26	98	27	94	28	2	29	35	30	57	31	92	32	88	33	31	34	17	35	46	36	95	37	66	38	89	39	43	40	16	41	18	42	7	43	80	44	97	45	1	46	98	47	100	48	95	49	14	
	0	2	1	68	2	65	3	81	4	15	5	48	6	32	7	69	8	6	9	25	10	98	11	3	12	24	13	86	14	40	15	45	16	93	17	70	18	20	19	2	20	86	21	72	22	4	23	50	24	40	25	21	26	63	27	35	28	70	29	88	30	2	31	6	32	13	33	84	34	67	35	39	36	3	37	75	38	14	39	71	40	97	41	74	42	63	43	56	44	62	45	16	46	88	47	28	48	21	49	14	
	0	59	1	16	2	98	3	13	4	22	5	52	6	6	7	16	8	77	9	20	10	18	11	65	12	48	13	61	14	19	15	37	16	85	17	81	18	15	19	8	20	79	21	97	22	91	23	79	24	46	25	38	26	97	27	70	28	52	29	92	30	49	31	2	32	26	33	55	34	33	35	39	36	68	37	4	38	66	39	100	40	70	41	59	42	53	43	68	44	52	45	51	46	11	47	45	48	56	49	3	
	0	85	1	88	2	56	3	8	4	77	5	27	6	14	7	88	8	10	9	31	10	53	11	57	12	94	13	3	14	63	15	4	16	99	17	26	18	32	19	86	20	74	21	74	22	67	23	8	24	97	25	29	26	82	27	36	28	69	29	100	30	44	31	64	32	8	33	31	34	7	35	82	36	18	37	43	38	41	39	14	40	93	41	60	42	45	43	91	44	27	45	52	46	67	47	98	48	23	49	30	
	0	40	1	86	2	13	3	24	4	51	5	93	6	64	7	55	8	2	9	72	10	30	11	56	12	29	13	20	14	23	15	77	16	66	17	45	18	42	19	42	20	81	21	85	22	30	23	65	24	70	25	6	26	68	27	29	28	49	29	66	30	3	31	39	32	50	33	68	34	17	35	76	36	11	37	16	38	60	39	80	40	84	41	95	42	41	43	27	44	22	45	40	46	12	47	61	48	52	49	15	
	0	26	1	36	2	58	3	1	4	84	5	10	6	7	7	6	8	66	9	6	10	10	11	83	12	85	13	84	14	33	15	16	16	50	17	1	18	23	19	61	20	99	21	42	22	97	23	53	24	3	25	76	26	76	27	84	28	61	29	20	30	5	31	2	32	26	33	9	34	37	35	45	36	33	37	63	38	36	39	52	40	41	41	100	42	2	43	78	44	58	45	38	46	86	47	22	48	64	49	68	
	0	99	1	41	2	30	3	50	4	67	5	30	6	39	7	60	8	30	9	51	10	27	11	30	12	61	13	57	14	92	15	46	16	78	17	13	18	72	19	23	20	69	21	18	22	59	23	14	24	44	25	55	26	59	27	57	28	47	29	58	30	20	31	3	32	34	33	83	34	49	35	99	36	68	37	43	38	9	39	37	40	38	41	82	42	50	43	75	44	45	45	11	46	86	47	26	48	45	49	87	
	0	12	1	91	2	75	3	33	4	27	5	13	6	89	7	77	8	78	9	21	10	97	11	100	12	98	13	73	14	65	15	60	16	72	17	39	18	99	19	22	20	2	21	65	22	42	23	88	24	67	25	47	26	95	27	42	28	76	29	9	30	65	31	12	32	3	33	91	34	16	35	97	36	2	37	47	38	41	39	60	40	12	41	61	42	53	43	28	44	92	45	43	46	35	47	68	48	31	49	40	
	0	36	1	72	2	69	3	7	4	66	5	50	6	31	7	17	8	61	9	9	10	29	11	59	12	10	13	78	14	91	15	95	16	62	17	35	18	82	19	70	20	7	21	77	22	81	23	34	24	34	25	23	26	69	27	58	28	57	29	78	30	82	31	15	32	3	33	46	34	39	35	100	36	71	37	7	38	73	39	18	40	38	41	75	42	53	43	61	44	38	45	25	46	61	47	78	48	36	49	45	
	0	22	1	29	2	80	3	79	4	12	5	52	6	4	7	43	8	66	9	95	10	91	11	58	12	96	13	84	14	57	15	26	16	19	17	63	18	29	19	32	20	24	21	70	22	22	23	2	24	65	25	86	26	27	27	9	28	57	29	21	30	30	31	49	32	71	33	17	34	36	35	68	36	91	37	23	38	63	39	9	40	29	41	77	42	20	43	61	44	7	45	42	46	56	47	9	48	77	49	8	
	0	83	1	40	2	28	3	21	4	37	5	57	6	16	7	42	8	38	9	28	10	79	11	36	12	96	13	13	14	16	15	9	16	50	17	81	18	61	19	87	20	59	21	1	22	98	23	33	24	86	25	31	26	93	27	87	28	34	29	20	30	74	31	79	32	55	33	100	34	20	35	34	36	56	37	36	38	51	39	66	40	38	41	13	42	83	43	55	44	10	45	70	46	26	47	29	48	11	49	4	
	0	57	1	87	2	25	3	28	4	99	5	2	6	82	7	23	8	60	9	25	10	22	11	89	12	62	13	5	14	90	15	35	16	90	17	2	18	33	19	6	20	1	21	81	22	52	23	38	24	85	25	62	26	84	27	53	28	100	29	73	30	83	31	69	32	37	33	44	34	7	35	48	36	15	37	80	38	43	39	85	40	58	41	97	42	52	43	6	44	83	45	89	46	23	47	90	48	56	49	93	
	0	22	1	85	2	38	3	59	4	80	5	83	6	77	7	20	8	55	9	84	10	90	11	13	12	9	13	83	14	31	15	14	16	95	17	19	18	15	19	83	20	7	21	83	22	64	23	51	24	72	25	89	26	39	27	87	28	44	29	32	30	36	31	19	32	70	33	100	34	55	35	56	36	69	37	13	38	94	39	82	40	54	41	69	42	61	43	98	44	34	45	7	46	56	47	1	48	68	49	99	
	0	81	1	23	2	14	3	6	4	90	5	2	6	2	7	28	8	70	9	40	10	58	11	2	12	76	13	56	14	89	15	3	16	87	17	89	18	76	19	31	20	42	21	84	22	21	23	3	24	44	25	87	26	98	27	8	28	100	29	60	30	10	31	65	32	61	33	73	34	22	35	73	36	92	37	63	38	43	39	97	40	83	41	58	42	8	43	76	44	65	45	19	46	55	47	42	48	87	49	29	
	0	81	1	78	2	88	3	86	4	36	5	41	6	100	7	33	8	56	9	51	10	100	11	84	12	41	13	10	14	89	15	36	16	25	17	25	18	74	19	7	20	58	21	42	22	2	23	71	24	63	25	9	26	23	27	1	28	36	29	77	30	78	31	16	32	19	33	2	34	43	35	87	36	55	37	61	38	24	39	99	40	85	41	31	42	53	43	5	44	54	45	28	46	56	47	5	48	80	49	25	
	0	40	1	83	2	82	3	22	4	36	5	59	6	67	7	38	8	18	9	2	10	97	11	12	12	61	13	11	14	51	15	2	16	72	17	48	18	58	19	97	20	44	21	25	22	36	23	41	24	38	25	63	26	31	27	89	28	87	29	23	30	86	31	27	32	34	33	54	34	9	35	100	36	72	37	60	38	95	39	78	40	46	41	86	42	20	43	7	44	54	45	33	46	69	47	19	48	39	49	25	
	0	6	1	79	2	29	3	75	4	98	5	8	6	86	7	6	8	58	9	8	10	60	11	37	12	20	13	51	14	79	15	94	16	82	17	78	18	30	19	12	20	32	21	25	22	10	23	76	24	83	25	10	26	76	27	26	28	100	29	88	30	32	31	70	32	93	33	74	34	26	35	29	36	51	37	57	38	85	39	33	40	74	41	92	42	55	43	10	44	22	45	58	46	65	47	33	48	18	49	59	
	0	79	1	67	2	2	3	4	4	4	5	17	6	81	7	86	8	68	9	70	10	65	11	33	12	27	13	95	14	85	15	42	16	68	17	20	18	19	19	4	20	82	21	85	22	15	23	47	24	27	25	59	26	3	27	3	28	70	29	53	30	47	31	91	32	99	33	31	34	68	35	99	36	31	37	41	38	46	39	93	40	28	41	14	42	4	43	36	44	72	45	87	46	89	47	98	48	10	49	7	
	0	29	1	44	2	55	3	82	4	89	5	100	6	56	7	66	8	92	9	31	10	84	11	30	12	87	13	69	14	32	15	98	16	87	17	65	18	94	19	36	20	90	21	8	22	96	23	57	24	16	25	30	26	11	27	59	28	53	29	32	30	29	31	43	32	70	33	73	34	54	35	52	36	4	37	22	38	87	39	62	40	44	41	30	42	29	43	42	44	60	45	63	46	13	47	43	48	83	49	7	
	0	30	1	30	2	22	3	71	4	71	5	51	6	38	7	50	8	92	9	35	10	2	11	35	12	51	13	18	14	85	15	40	16	37	17	98	18	25	19	47	20	87	21	24	22	57	23	55	24	22	25	99	26	20	27	64	28	27	29	98	30	23	31	76	32	88	33	66	34	44	35	14	36	45	37	52	38	18	39	61	40	54	41	71	42	6	43	35	44	7	45	78	46	35	47	1	48	46	49	18	
	0	78	1	14	2	36	3	66	4	85	5	66	6	23	7	6	8	62	9	52	10	24	11	68	12	72	13	9	14	10	15	5	16	30	17	46	18	99	19	41	20	15	21	30	22	95	23	26	24	99	25	40	26	98	27	91	28	48	29	75	30	22	31	62	32	89	33	67	34	99	35	22	36	20	37	48	38	100	39	95	40	87	41	87	42	4	43	16	44	86	45	14	46	29	47	67	48	23	49	37	
	0	60	1	37	2	22	3	71	4	25	5	54	6	88	7	94	8	50	9	35	10	24	11	42	12	49	13	43	14	13	15	25	16	79	17	75	18	27	19	9	20	61	21	86	22	57	23	13	24	81	25	22	26	36	27	53	28	93	29	84	30	67	31	20	32	84	33	5	34	51	35	60	36	50	37	93	38	9	39	81	40	79	41	72	42	30	43	67	44	55	45	24	46	18	47	6	48	37	49	98	
	0	66	1	60	2	6	3	18	4	49	5	90	6	54	7	26	8	87	9	45	10	6	11	64	12	10	13	16	14	52	15	19	16	89	17	6	18	88	19	99	20	98	21	45	22	72	23	49	24	7	25	6	26	80	27	23	28	76	29	37	30	4	31	70	32	53	33	86	34	55	35	17	36	12	37	94	38	40	39	13	40	47	41	24	42	16	43	6	44	100	45	95	46	36	47	97	48	21	49	64	
	0	16	1	46	2	15	3	66	4	21	5	2	6	74	7	10	8	48	9	86	10	84	11	38	12	69	13	59	14	39	15	6	16	35	17	69	18	49	19	89	20	61	21	86	22	99	23	42	24	10	25	75	26	82	27	7	28	22	29	90	30	70	31	19	32	58	33	84	34	80	35	44	36	99	37	100	38	64	39	8	40	18	41	22	42	40	43	81	44	47	45	37	46	33	47	45	48	48	49	46	
	0	76	1	63	2	5	3	73	4	44	5	36	6	42	7	79	8	98	9	34	10	56	11	75	12	62	13	19	14	38	15	83	16	66	17	39	18	21	19	74	20	45	21	83	22	40	23	35	24	38	25	46	26	10	27	53	28	91	29	62	30	44	31	74	32	5	33	96	34	74	35	11	36	53	37	22	38	86	39	10	40	2	41	90	42	70	43	67	44	42	45	51	46	32	47	93	48	8	49	23	
	0	23	1	44	2	92	3	24	4	68	5	72	6	81	7	45	8	83	9	98	10	52	11	66	12	92	13	11	14	76	15	80	16	23	17	91	18	80	19	7	20	24	21	31	22	1	23	17	24	39	25	82	26	89	27	43	28	40	29	26	30	54	31	88	32	34	33	79	34	62	35	18	36	96	37	58	38	45	39	22	40	25	41	12	42	41	43	24	44	25	45	66	46	90	47	40	48	77	49	17	
	0	35	1	31	2	82	3	79	4	31	5	45	6	43	7	72	8	9	9	57	10	6	11	96	12	48	13	55	14	82	15	54	16	23	17	86	18	10	19	34	20	26	21	53	22	33	23	99	24	57	25	17	26	57	27	23	28	45	29	86	30	38	31	97	32	78	33	84	34	37	35	74	36	9	37	32	38	79	39	50	40	87	41	86	42	93	43	61	44	94	45	10	46	17	47	49	48	6	49	92	
	0	39	1	13	2	45	3	22	4	77	5	40	6	49	7	80	8	73	9	74	10	47	11	23	12	82	13	68	14	18	15	79	16	2	17	20	18	49	19	36	20	78	21	47	22	18	23	68	24	27	25	50	26	64	27	22	28	18	29	28	30	60	31	47	32	39	33	22	34	64	35	97	36	20	37	78	38	57	39	86	40	81	41	74	42	95	43	55	44	72	45	37	46	19	47	86	48	75	49	84	
	0	37	1	8	2	13	3	55	4	48	5	35	6	90	7	35	8	79	9	95	10	50	11	72	12	85	13	47	14	22	15	95	16	69	17	91	18	8	19	41	20	56	21	87	22	41	23	37	24	33	25	79	26	32	27	52	28	77	29	89	30	37	31	20	32	91	33	59	34	7	35	6	36	34	37	42	38	11	39	20	40	17	41	6	42	39	43	99	44	80	45	49	46	8	47	98	48	71	49	6	
	0	97	1	74	2	48	3	18	4	4	5	93	6	77	7	25	8	42	9	26	10	59	11	11	12	47	13	42	14	89	15	23	16	56	17	37	18	79	19	78	20	39	21	88	22	84	23	69	24	100	25	16	26	50	27	81	28	41	29	1	30	74	31	35	32	3	33	88	34	74	35	27	36	84	37	75	38	16	39	94	40	67	41	94	42	98	43	45	44	51	45	23	46	42	47	7	48	85	49	27	
	0	25	1	98	2	44	3	32	4	87	5	41	6	66	7	76	8	31	9	78	10	17	11	56	12	50	13	30	14	35	15	59	16	77	17	19	18	92	19	30	20	20	21	51	22	27	23	48	24	49	25	98	26	64	27	30	28	22	29	74	30	49	31	92	32	73	33	43	34	55	35	68	36	2	37	51	38	20	39	65	40	2	41	32	42	71	43	13	44	83	45	80	46	9	47	7	48	55	49	62	
	0	83	1	59	2	95	3	38	4	49	5	52	6	17	7	31	8	38	9	85	10	98	11	38	12	73	13	37	14	18	15	41	16	28	17	80	18	37	19	73	20	59	21	30	22	12	23	48	24	41	25	6	26	29	27	7	28	76	29	89	30	49	31	71	32	43	33	87	34	28	35	65	36	57	37	87	38	86	39	8	40	100	41	58	42	52	43	2	44	36	45	17	46	45	47	82	48	39	49	28	
	0	13	1	21	2	26	3	11	4	37	5	50	6	69	7	32	8	97	9	20	10	12	11	32	12	54	13	51	14	70	15	80	16	27	17	14	18	96	19	72	20	59	21	60	22	19	23	94	24	38	25	14	26	90	27	64	28	62	29	73	30	23	31	7	32	84	33	85	34	25	35	97	36	4	37	73	38	53	39	75	40	78	41	8	42	41	43	56	44	19	45	9	46	49	47	78	48	28	49	23	
	0	93	1	51	2	34	3	7	4	48	5	29	6	95	7	90	8	32	9	62	10	20	11	32	12	38	13	82	14	48	15	51	16	41	17	31	18	6	19	94	20	75	21	59	22	56	23	45	24	88	25	18	26	20	27	38	28	24	29	75	30	11	31	22	32	48	33	44	34	44	35	14	36	33	37	58	38	59	39	46	40	13	41	52	42	48	43	47	44	6	45	25	46	76	47	37	48	97	49	53	
	0	67	1	40	2	16	3	16	4	27	5	29	6	61	7	61	8	20	9	9	10	11	11	85	12	53	13	69	14	66	15	76	16	20	17	40	18	19	19	35	20	38	21	62	22	26	23	17	24	46	25	83	26	45	27	20	28	92	29	97	30	34	31	43	32	2	33	88	34	84	35	25	36	83	37	66	38	7	39	65	40	48	41	95	42	70	43	25	44	44	45	27	46	71	47	38	48	56	49	67	
	0	62	1	98	2	20	3	14	4	58	5	1	6	57	7	96	8	33	9	34	10	28	11	14	12	51	13	90	14	44	15	1	16	87	17	35	18	60	19	74	20	10	21	38	22	32	23	95	24	89	25	39	26	70	27	19	28	57	29	23	30	80	31	28	32	22	33	68	34	18	35	2	36	21	37	81	38	58	39	5	40	96	41	40	42	9	43	11	44	36	45	9	46	44	47	100	48	89	49	14	
	0	7	1	11	2	51	3	57	4	83	5	90	6	4	7	75	8	82	9	83	10	82	11	89	12	70	13	97	14	91	15	57	16	62	17	30	18	16	19	44	20	5	21	66	22	36	23	62	24	37	25	34	26	54	27	4	28	44	29	68	30	74	31	25	32	63	33	3	34	61	35	57	36	30	37	51	38	30	39	56	40	72	41	94	42	74	43	62	44	24	45	6	46	33	47	68	48	62	49	86	
	0	62	1	74	2	65	3	97	4	34	5	84	6	82	7	58	8	68	9	68	10	29	11	50	12	18	13	18	14	48	15	92	16	44	17	62	18	89	19	91	20	13	21	23	22	73	23	3	24	52	25	49	26	55	27	78	28	59	29	22	30	61	31	30	32	92	33	55	34	55	35	67	36	2	37	10	38	43	39	87	40	23	41	60	42	10	43	30	44	80	45	79	46	86	47	4	48	93	49	25	
	0	87	1	98	2	99	3	40	4	39	5	76	6	56	7	95	8	98	9	10	10	87	11	15	12	91	13	22	14	61	15	80	16	47	17	82	18	88	19	99	20	4	21	88	22	70	23	8	24	57	25	43	26	50	27	25	28	57	29	18	30	7	31	93	32	49	33	67	34	78	35	43	36	88	37	100	38	43	39	3	40	66	41	29	42	99	43	63	44	84	45	19	46	74	47	68	48	48	49	86	
	0	96	1	60	2	61	3	55	4	90	5	52	6	83	7	29	8	26	9	27	10	17	11	13	12	75	13	54	14	39	15	82	16	40	17	96	18	62	19	27	20	72	21	57	22	87	23	88	24	53	25	66	26	85	27	55	28	82	29	39	30	3	31	42	32	9	33	49	34	98	35	95	36	5	37	37	38	39	39	81	40	81	41	7	42	74	43	75	44	52	45	88	46	100	47	72	48	14	49	90	
	0	27	1	65	2	84	3	93	4	76	5	66	6	7	7	71	8	20	9	87	10	97	11	5	12	92	13	7	14	21	15	2	16	76	17	24	18	74	19	38	20	43	21	51	22	68	23	91	24	29	25	59	26	47	27	4	28	61	29	81	30	64	31	6	32	70	33	62	34	54	35	20	36	54	37	8	38	78	39	51	40	11	41	83	42	8	43	67	44	78	45	77	46	74	47	98	48	85	49	14	
	0	22	1	23	2	60	3	26	4	13	5	88	6	45	7	81	8	58	9	93	10	46	11	60	12	58	13	96	14	87	15	97	16	90	17	60	18	96	19	29	20	58	21	74	22	1	23	76	24	38	25	16	26	50	27	6	28	54	29	71	30	91	31	97	32	39	33	24	34	93	35	14	36	53	37	42	38	14	39	9	40	20	41	59	42	22	43	21	44	4	45	15	46	31	47	44	48	13	49	76	
	0	60	1	42	2	35	3	100	4	66	5	44	6	43	7	57	8	96	9	17	10	95	11	99	12	69	13	89	14	73	15	30	16	64	17	92	18	48	19	45	20	8	21	82	22	50	23	14	24	82	25	57	26	74	27	1	28	84	29	62	30	10	31	1	32	72	33	18	34	9	35	5	36	10	37	72	38	52	39	80	40	27	41	88	42	38	43	39	44	3	45	6	46	43	47	84	48	90	49	52	
	0	2	1	76	2	63	3	34	4	47	5	51	6	17	7	44	8	16	9	92	10	4	11	39	12	6	13	93	14	76	15	10	16	12	17	56	18	26	19	45	20	100	21	43	22	100	23	67	24	52	25	98	26	41	27	8	28	5	29	51	30	26	31	77	32	50	33	100	34	80	35	84	36	48	37	85	38	36	39	37	40	65	41	21	42	42	43	88	44	72	45	71	46	46	47	98	48	80	49	86	
	0	36	1	49	2	96	3	73	4	22	5	63	6	99	7	34	8	76	9	19	10	100	11	61	12	89	13	72	14	50	15	1	16	77	17	44	18	39	19	21	20	59	21	57	22	7	23	80	24	18	25	71	26	72	27	51	28	39	29	25	30	16	31	83	32	18	33	30	34	43	35	67	36	62	37	80	38	28	39	5	40	90	41	95	42	59	43	8	44	35	45	40	46	61	47	15	48	20	49	30	
	0	67	1	33	2	6	3	75	4	16	5	64	6	44	7	41	8	47	9	18	10	62	11	39	12	30	13	78	14	98	15	34	16	38	17	4	18	36	19	9	20	3	21	52	22	33	23	20	24	14	25	12	26	51	27	2	28	46	29	93	30	12	31	62	32	61	33	43	34	40	35	32	36	69	37	83	38	92	39	62	40	28	41	6	42	81	43	17	44	44	45	1	46	90	47	87	48	80	49	68	
	0	56	1	78	2	59	3	18	4	20	5	22	6	82	7	7	8	22	9	41	10	90	11	89	12	97	13	44	14	96	15	78	16	22	17	8	18	19	19	63	20	3	21	22	22	88	23	26	24	9	25	11	26	75	27	34	28	78	29	27	30	97	31	39	32	57	33	60	34	98	35	5	36	71	37	90	38	27	39	87	40	20	41	90	42	74	43	49	44	31	45	88	46	29	47	39	48	23	49	21	
	0	36	1	1	2	47	3	65	4	78	5	3	6	54	7	12	8	12	9	66	10	16	11	36	12	90	13	74	14	80	15	15	16	55	17	71	18	42	19	14	20	47	21	75	22	72	23	5	24	12	25	34	26	66	27	90	28	71	29	20	30	29	31	94	32	41	33	69	34	30	35	92	36	2	37	11	38	59	39	53	40	85	41	25	42	21	43	37	44	94	45	20	46	36	47	66	48	9	49	9	
	0	18	1	67	2	21	3	47	4	99	5	17	6	73	7	11	8	59	9	11	10	22	11	16	12	13	13	29	14	78	15	26	16	51	17	25	18	77	19	69	20	49	21	69	22	99	23	86	24	30	25	65	26	2	27	69	28	14	29	58	30	69	31	79	32	69	33	97	34	94	35	80	36	85	37	38	38	73	39	2	40	73	41	45	42	19	43	68	44	10	45	10	46	79	47	13	48	34	49	1	
	0	18	1	33	2	23	3	33	4	62	5	75	6	38	7	82	8	61	9	29	10	2	11	38	12	92	13	53	14	13	15	93	16	80	17	69	18	53	19	73	20	84	21	65	22	19	23	29	24	61	25	89	26	2	27	62	28	39	29	18	30	95	31	32	32	26	33	95	34	34	35	84	36	58	37	74	38	8	39	91	40	27	41	9	42	20	43	75	44	36	45	18	46	33	47	81	48	78	49	50	
	0	52	1	10	2	10	3	33	4	47	5	31	6	73	7	100	8	42	9	41	10	60	11	73	12	63	13	95	14	44	15	32	16	66	17	99	18	82	19	52	20	87	21	3	22	5	23	56	24	15	25	40	26	50	27	11	28	56	29	58	30	29	31	39	32	18	33	48	34	54	35	82	36	8	37	44	38	94	39	28	40	61	41	74	42	69	43	70	44	76	45	68	46	8	47	67	48	11	49	13	
	0	24	1	36	2	44	3	68	4	22	5	10	6	55	7	2	8	78	9	92	10	53	11	65	12	28	13	57	14	54	15	51	16	90	17	3	18	79	19	54	20	88	21	10	22	52	23	85	24	53	25	4	26	68	27	65	28	91	29	13	30	44	31	3	32	47	33	36	34	48	35	33	36	55	37	4	38	2	39	60	40	76	41	93	42	61	43	20	44	20	45	87	46	13	47	72	48	45	49	74	
	0	6	1	62	2	48	3	29	4	83	5	27	6	18	7	100	8	42	9	76	10	5	11	4	12	14	13	44	14	10	15	46	16	76	17	26	18	47	19	45	20	74	21	43	22	72	23	30	24	21	25	17	26	72	27	25	28	55	29	7	30	54	31	1	32	55	33	25	34	17	35	57	36	93	37	84	38	6	39	90	40	46	41	31	42	72	43	42	44	40	45	93	46	31	47	79	48	34	49	31	
	0	54	1	33	2	76	3	67	4	46	5	26	6	14	7	22	8	96	9	88	10	35	11	95	12	66	13	85	14	37	15	9	16	44	17	86	18	75	19	35	20	98	21	54	22	100	23	80	24	58	25	31	26	91	27	42	28	88	29	75	30	64	31	8	32	1	33	52	34	99	35	79	36	65	37	90	38	7	39	93	40	29	41	31	42	18	43	57	44	26	45	53	46	39	47	15	48	64	49	24	
	0	29	1	49	2	30	3	43	4	8	5	57	6	99	7	25	8	83	9	2	10	26	11	49	12	29	13	85	14	15	15	27	16	20	17	75	18	67	19	78	20	16	21	84	22	98	23	90	24	52	25	100	26	64	27	63	28	88	29	4	30	17	31	60	32	43	33	33	34	66	35	19	36	83	37	92	38	10	39	82	40	95	41	53	42	93	43	75	44	33	45	26	46	61	47	13	48	47	49	20	
	0	70	1	82	2	13	3	37	4	100	5	85	6	88	7	97	8	89	9	21	10	45	11	2	12	84	13	1	14	28	15	60	16	14	17	32	18	95	19	23	20	91	21	65	22	96	23	16	24	69	25	75	26	41	27	75	28	6	29	78	30	59	31	14	32	60	33	73	34	66	35	3	36	54	37	89	38	55	39	47	40	73	41	20	42	55	43	3	44	12	45	100	46	100	47	97	48	94	49	99	
	0	90	1	45	2	99	3	98	4	74	5	67	6	10	7	82	8	15	9	80	10	86	11	23	12	37	13	60	14	67	15	81	16	51	17	41	18	32	19	65	20	28	21	87	22	12	23	4	24	39	25	5	26	58	27	68	28	29	29	25	30	82	31	3	32	87	33	9	34	69	35	74	36	92	37	41	38	40	39	43	40	97	41	89	42	66	43	23	44	81	45	62	46	80	47	36	48	21	49	13	
	0	15	1	69	2	93	3	72	4	85	5	37	6	43	7	42	8	77	9	100	10	77	11	48	12	25	13	54	14	30	15	77	16	18	17	16	18	43	19	50	20	35	21	88	22	37	23	34	24	29	25	10	26	30	27	45	28	71	29	86	30	78	31	2	32	50	33	66	34	71	35	55	36	54	37	58	38	33	39	49	40	21	41	91	42	12	43	96	44	77	45	90	46	32	47	96	48	28	49	4	
	0	67	1	88	2	26	3	43	4	33	5	67	6	72	7	96	8	81	9	5	10	76	11	77	12	60	13	64	14	18	15	63	16	41	17	100	18	30	19	92	20	20	21	13	22	31	23	46	24	64	25	32	26	40	27	48	28	71	29	46	30	78	31	79	32	48	33	36	34	79	35	65	36	20	37	60	38	26	39	22	40	22	41	45	42	95	43	19	44	42	45	14	46	30	47	60	48	93	49	70	
	0	64	1	83	2	76	3	80	4	7	5	43	6	34	7	66	8	4	9	8	10	81	11	14	12	46	13	27	14	97	15	24	16	48	17	78	18	15	19	93	20	35	21	99	22	100	23	38	24	84	25	61	26	20	27	54	28	95	29	13	30	8	31	21	32	50	33	47	34	2	35	81	36	91	37	89	38	29	39	62	40	71	41	17	42	76	43	30	44	4	45	2	46	14	47	80	48	19	49	54	
	0	52	1	46	2	72	3	19	4	44	5	19	6	7	7	35	8	99	9	59	10	7	11	71	12	26	13	66	14	18	15	3	16	60	17	55	18	57	19	29	20	75	21	93	22	34	23	32	24	46	25	77	26	100	27	56	28	60	29	35	30	2	31	72	32	41	33	8	34	81	35	26	36	10	37	1	38	7	39	37	40	33	41	85	42	61	43	61	44	94	45	33	46	25	47	1	48	84	49	24	
	0	5	1	33	2	57	3	71	4	41	5	98	6	74	7	19	8	71	9	15	10	83	11	74	12	26	13	65	14	8	15	61	16	40	17	93	18	45	19	39	20	66	21	63	22	80	23	12	24	34	25	63	26	8	27	97	28	35	29	39	30	85	31	83	32	90	33	15	34	3	35	83	36	16	37	28	38	60	39	56	40	93	41	81	42	71	43	89	44	95	45	33	46	3	47	38	48	31	49	7	
	0	66	1	2	2	42	3	8	4	27	5	72	6	52	7	30	8	58	9	30	10	72	11	41	12	43	13	96	14	100	15	62	16	28	17	22	18	15	19	5	20	5	21	96	22	16	23	1	24	39	25	75	26	33	27	52	28	1	29	28	30	90	31	73	32	12	33	42	34	45	35	33	36	86	37	9	38	11	39	37	40	42	41	90	42	84	43	9	44	46	45	79	46	80	47	91	48	37	49	43	
	0	70	1	96	2	7	3	39	4	91	5	28	6	68	7	80	8	76	9	13	10	58	11	21	12	4	13	61	14	13	15	78	16	81	17	38	18	53	19	19	20	34	21	36	22	97	23	86	24	79	25	81	26	54	27	72	28	61	29	69	30	78	31	38	32	52	33	96	34	40	35	49	36	63	37	53	38	70	39	97	40	36	41	82	42	23	43	26	44	45	45	33	46	71	47	78	48	51	49	46	
	0	24	1	30	2	9	3	39	4	94	5	8	6	49	7	27	8	75	9	90	10	3	11	72	12	98	13	25	14	7	15	70	16	3	17	78	18	78	19	68	20	28	21	21	22	45	23	53	24	6	25	16	26	14	27	8	28	70	29	99	30	11	31	63	32	11	33	6	34	69	35	55	36	10	37	60	38	46	39	89	40	10	41	39	42	35	43	4	44	18	45	45	46	42	47	26	48	88	49	78	
	0	96	1	5	2	59	3	21	4	54	5	79	6	25	7	93	8	90	9	15	10	95	11	80	12	73	13	83	14	31	15	43	16	33	17	43	18	85	19	45	20	33	21	79	22	50	23	82	24	49	25	86	26	93	27	13	28	8	29	59	30	63	31	17	32	67	33	48	34	71	35	57	36	97	37	23	38	95	39	3	40	62	41	9	42	70	43	47	44	41	45	67	46	91	47	89	48	41	49	99	
	0	86	1	44	2	84	3	91	4	11	5	83	6	39	7	73	8	4	9	23	10	30	11	78	12	88	13	79	14	66	15	50	16	39	17	100	18	36	19	71	20	32	21	40	22	17	23	10	24	71	25	1	26	75	27	83	28	38	29	60	30	78	31	79	32	70	33	61	34	61	35	43	36	57	37	70	38	28	39	45	40	79	41	43	42	73	43	56	44	48	45	77	46	34	47	78	48	52	49	87	
	0	73	1	85	2	32	3	18	4	55	5	38	6	49	7	48	8	82	9	58	10	26	11	17	12	60	13	16	14	37	15	18	16	37	17	32	18	12	19	88	20	45	21	18	22	42	23	66	24	19	25	99	26	1	27	33	28	41	29	1	30	49	31	97	32	54	33	70	34	43	35	32	36	1	37	62	38	81	39	96	40	60	41	37	42	67	43	6	44	1	45	33	46	3	47	38	48	13	49	54	
	0	76	1	43	2	16	3	17	4	44	5	67	6	61	7	99	8	57	9	44	10	99	11	85	12	51	13	98	14	72	15	58	16	45	17	77	18	62	19	5	20	22	21	32	22	91	23	72	24	19	25	48	26	4	27	38	28	35	29	3	30	55	31	53	32	98	33	44	34	52	35	37	36	78	37	63	38	27	39	54	40	19	41	54	42	35	43	88	44	62	45	24	46	87	47	80	48	79	49	75	
	0	70	1	71	2	49	3	37	4	53	5	95	6	16	7	47	8	10	9	64	10	89	11	57	12	40	13	28	14	28	15	71	16	42	17	18	18	27	19	38	20	73	21	70	22	55	23	100	24	85	25	22	26	78	27	12	28	75	29	9	30	28	31	85	32	18	33	12	34	54	35	78	36	80	37	86	38	60	39	44	40	45	41	2	42	95	43	45	44	32	45	20	46	88	47	40	48	61	49	41	
	0	76	1	39	2	22	3	36	4	33	5	20	6	86	7	37	8	66	9	40	10	88	11	54	12	4	13	34	14	50	15	73	16	56	17	76	18	37	19	28	20	29	21	89	22	12	23	20	24	75	25	27	26	38	27	9	28	81	29	51	30	2	31	1	32	81	33	2	34	64	35	20	36	82	37	15	38	81	39	3	40	39	41	100	42	26	43	100	44	35	45	40	46	57	47	33	48	97	49	54	
	0	89	1	39	2	78	3	67	4	28	5	31	6	45	7	50	8	68	9	87	10	95	11	89	12	8	13	46	14	41	15	8	16	90	17	97	18	20	19	82	20	46	21	95	22	20	23	84	24	40	25	86	26	49	27	90	28	67	29	16	30	42	31	73	32	98	33	9	34	19	35	83	36	24	37	33	38	26	39	26	40	73	41	34	42	58	43	40	44	63	45	88	46	78	47	13	48	11	49	49	
	0	13	1	7	2	14	3	38	4	26	5	2	6	96	7	43	8	82	9	64	10	80	11	3	12	46	13	92	14	8	15	10	16	40	17	47	18	65	19	72	20	94	21	84	22	76	23	45	24	59	25	81	26	72	27	56	28	13	29	84	30	48	31	34	32	88	33	64	34	60	35	34	36	65	37	29	38	44	39	82	40	3	41	70	42	21	43	13	44	51	45	52	46	1	47	56	48	2	49	89	
	0	2	1	60	2	41	3	64	4	39	5	37	6	85	7	69	8	62	9	77	10	73	11	5	12	86	13	49	14	37	15	27	16	1	17	33	18	45	19	63	20	34	21	68	22	83	23	23	24	70	25	30	26	94	27	48	28	40	29	81	30	23	31	51	32	35	33	7	34	70	35	89	36	64	37	6	38	71	39	54	40	30	41	31	42	20	43	62	44	99	45	90	46	28	47	70	48	12	49	54	
	0	93	1	100	2	68	3	89	4	21	5	89	6	2	7	50	8	78	9	85	10	5	11	86	12	97	13	15	14	17	15	95	16	10	17	96	18	4	19	88	20	71	21	62	22	43	23	43	24	6	25	20	26	100	27	64	28	45	29	19	30	85	31	62	32	85	33	25	34	91	35	64	36	23	37	51	38	41	39	46	40	20	41	3	42	91	43	35	44	43	45	19	46	59	47	71	48	57	49	60	
	0	75	1	86	2	40	3	67	4	41	5	4	6	41	7	54	8	5	9	64	10	93	11	92	12	73	13	4	14	43	15	10	16	39	17	27	18	84	19	65	20	87	21	13	22	16	23	85	24	60	25	32	26	37	27	53	28	70	29	4	30	38	31	62	32	98	33	34	34	26	35	19	36	9	37	74	38	39	39	5	40	62	41	14	42	34	43	43	44	16	45	84	46	33	47	50	48	20	49	28	
	0	13	1	35	2	13	3	55	4	65	5	47	6	50	7	88	8	43	9	28	10	25	11	20	12	6	13	77	14	90	15	6	16	90	17	36	18	79	19	1	20	97	21	96	22	71	23	50	24	30	25	42	26	48	27	66	28	92	29	77	30	74	31	48	32	80	33	69	34	55	35	61	36	32	37	63	38	50	39	21	40	46	41	43	42	88	43	93	44	97	45	70	46	82	47	58	48	70	49	12	
	0	53	1	6	2	66	3	25	4	92	5	20	6	20	7	64	8	64	9	43	10	47	11	80	12	9	13	62	14	43	15	55	16	52	17	54	18	45	19	6	20	21	21	13	22	4	23	32	24	80	25	43	26	70	27	8	28	41	29	48	30	96	31	41	32	81	33	52	34	79	35	60	36	48	37	11	38	16	39	96	40	77	41	54	42	19	43	67	44	57	45	56	46	97	47	21	48	80	49	86	
	0	99	1	86	2	21	3	68	4	63	5	34	6	4	7	72	8	70	9	20	10	55	11	46	12	23	13	45	14	79	15	23	16	40	17	30	18	97	19	1	20	15	21	36	22	65	23	59	24	12	25	33	26	58	27	8	28	58	29	16	30	60	31	5	32	51	33	3	34	63	35	52	36	10	37	8	38	45	39	50	40	68	41	82	42	91	43	93	44	67	45	86	46	18	47	88	48	60	49	34	
	0	93	1	35	2	79	3	35	4	55	5	66	6	37	7	19	8	79	9	71	10	70	11	70	12	31	13	68	14	41	15	32	16	91	17	75	18	9	19	24	20	50	21	64	22	17	23	5	24	7	25	13	26	88	27	66	28	54	29	18	30	56	31	37	32	22	33	84	34	10	35	29	36	28	37	4	38	35	39	36	40	94	41	21	42	41	43	40	44	89	45	34	46	88	47	6	48	4	49	15	
	0	76	1	85	2	20	3	51	4	45	5	97	6	29	7	46	8	98	9	76	10	16	11	57	12	7	13	7	14	42	15	7	16	10	17	78	18	79	19	60	20	18	21	9	22	1	23	86	24	55	25	58	26	99	27	95	28	89	29	100	30	48	31	61	32	31	33	43	34	42	35	21	36	56	37	59	38	95	39	4	40	22	41	64	42	7	43	73	44	55	45	87	46	50	47	23	48	41	49	90	
	0	41	1	18	2	69	3	53	4	61	5	73	6	13	7	88	8	12	9	75	10	55	11	15	12	58	13	64	14	91	15	90	16	20	17	24	18	25	19	75	20	63	21	42	22	83	23	61	24	91	25	19	26	70	27	77	28	86	29	21	30	98	31	96	32	77	33	87	34	49	35	13	36	66	37	55	38	2	39	31	40	61	41	99	42	52	43	42	44	53	45	71	46	38	47	22	48	2	49	63	
	0	97	1	40	2	74	3	97	4	44	5	45	6	57	7	42	8	72	9	38	10	18	11	29	12	93	13	74	14	55	15	6	16	38	17	92	18	24	19	8	20	89	21	25	22	13	23	50	24	6	25	42	26	55	27	37	28	78	29	15	30	18	31	27	32	83	33	54	34	92	35	53	36	87	37	83	38	8	39	26	40	59	41	10	42	38	43	31	44	79	45	7	46	76	47	31	48	99	49	87	
	0	35	1	16	2	48	3	67	4	41	5	57	6	45	7	66	8	46	9	87	10	82	11	49	12	37	13	39	14	4	15	91	16	45	17	65	18	71	19	63	20	41	21	3	22	72	23	48	24	46	25	22	26	26	27	51	28	67	29	39	30	41	31	6	32	27	33	66	34	55	35	62	36	24	37	78	38	94	39	59	40	43	41	5	42	6	43	44	44	5	45	83	46	32	47	4	48	89	49	15	
	0	37	1	85	2	87	3	86	4	6	5	25	6	29	7	43	8	88	9	86	10	25	11	76	12	28	13	59	14	32	15	20	16	20	17	32	18	90	19	47	20	41	21	33	22	30	23	70	24	54	25	60	26	9	27	71	28	46	29	63	30	68	31	21	32	59	33	17	34	7	35	74	36	75	37	4	38	33	39	78	40	20	41	64	42	81	43	16	44	47	45	73	46	70	47	16	48	92	49	95	
	0	48	1	87	2	22	3	19	4	91	5	28	6	71	7	37	8	98	9	56	10	15	11	48	12	25	13	24	14	23	15	3	16	32	17	32	18	36	19	26	20	36	21	87	22	34	23	18	24	19	25	67	26	91	27	78	28	36	29	63	30	48	31	17	32	73	33	71	34	24	35	69	36	58	37	37	38	3	39	27	40	99	41	85	42	95	43	94	44	26	45	96	46	11	47	3	48	70	49	86	
	0	65	1	66	2	8	3	58	4	70	5	42	6	12	7	39	8	15	9	18	10	40	11	100	12	39	13	80	14	69	15	50	16	60	17	64	18	59	19	78	20	84	21	34	22	29	23	34	24	18	25	62	26	41	27	68	28	5	29	37	30	66	31	2	32	37	33	61	34	19	35	86	36	32	37	85	38	3	39	2	40	28	41	39	42	24	43	53	44	97	45	62	46	33	47	40	48	57	49	12	
	0	82	1	79	2	53	3	18	4	58	5	52	6	43	7	4	8	64	9	10	10	52	11	97	12	39	13	71	14	85	15	34	16	46	17	32	18	9	19	39	20	21	21	11	22	30	23	86	24	22	25	52	26	38	27	45	28	49	29	65	30	13	31	28	32	83	33	79	34	42	35	59	36	77	37	69	38	86	39	10	40	53	41	4	42	100	43	19	44	81	45	82	46	60	47	30	48	18	49	100	
	0	51	1	8	2	29	3	75	4	29	5	53	6	80	7	58	8	10	9	43	10	95	11	70	12	69	13	41	14	17	15	8	16	87	17	66	18	92	19	31	20	21	21	99	22	85	23	23	24	98	25	71	26	41	27	58	28	23	29	60	30	5	31	38	32	28	33	88	34	55	35	32	36	44	37	72	38	55	39	51	40	14	41	30	42	14	43	22	44	68	45	30	46	66	47	4	48	72	49	9	
	0	91	1	82	2	62	3	25	4	28	5	74	6	52	7	13	8	15	9	67	10	66	11	69	12	12	13	73	14	63	15	92	16	72	17	80	18	56	19	98	20	99	21	98	22	52	23	5	24	3	25	45	26	48	27	40	28	24	29	67	30	6	31	45	32	38	33	80	34	57	35	96	36	62	37	31	38	60	39	5	40	66	41	97	42	49	43	33	44	6	45	71	46	20	47	2	48	95	49	58	
	0	28	1	68	2	4	3	72	4	58	5	83	6	72	7	3	8	86	9	30	10	41	11	75	12	84	13	23	14	38	15	27	16	80	17	65	18	83	19	52	20	53	21	51	22	6	23	24	24	47	25	91	26	97	27	2	28	27	29	47	30	73	31	35	32	34	33	13	34	90	35	29	36	39	37	18	38	13	39	37	40	93	41	5	42	87	43	39	44	33	45	69	46	71	47	38	48	9	49	4	
	0	3	1	54	2	47	3	32	4	75	5	25	6	96	7	31	8	52	9	66	10	73	11	48	12	21	13	94	14	95	15	78	16	53	17	29	18	23	19	81	20	84	21	78	22	30	23	64	24	39	25	2	26	43	27	52	28	99	29	78	30	76	31	20	32	30	33	29	34	82	35	70	36	42	37	31	38	2	39	74	40	18	41	57	42	60	43	71	44	24	45	71	46	42	47	22	48	48	49	44	
	0	54	1	48	2	84	3	94	4	93	5	92	6	25	7	29	8	34	9	97	10	8	11	2	12	47	13	61	14	43	15	40	16	86	17	14	18	75	19	3	20	91	21	76	22	29	23	29	24	98	25	30	26	92	27	14	28	25	29	38	30	1	31	29	32	37	33	86	34	98	35	82	36	70	37	24	38	21	39	12	40	92	41	58	42	2	43	66	44	60	45	1	46	48	47	89	48	8	49	13	
	0	64	1	68	2	36	3	48	4	67	5	76	6	94	7	27	8	36	9	16	10	89	11	9	12	35	13	94	14	46	15	85	16	8	17	81	18	56	19	93	20	51	21	54	22	10	23	1	24	40	25	74	26	63	27	57	28	35	29	38	30	54	31	25	32	44	33	78	34	64	35	3	36	2	37	28	38	92	39	92	40	85	41	80	42	65	43	56	44	81	45	93	46	19	47	48	48	42	49	75	
	0	95	1	6	2	18	3	92	4	53	5	92	6	82	7	91	8	45	9	7	10	6	11	76	12	98	13	87	14	24	15	17	16	52	17	52	18	96	19	5	20	16	21	11	22	50	23	62	24	74	25	11	26	16	27	59	28	79	29	35	30	86	31	92	32	45	33	52	34	52	35	3	36	48	37	97	38	13	39	35	40	30	41	83	42	11	43	22	44	67	45	48	46	74	47	33	48	88	49	44	
	0	90	1	53	2	38	3	18	4	96	5	43	6	84	7	1	8	20	9	99	10	22	11	94	12	43	13	61	14	40	15	31	16	56	17	8	18	23	19	86	20	96	21	29	22	50	23	52	24	55	25	82	26	1	27	54	28	10	29	91	30	27	31	38	32	88	33	82	34	15	35	7	36	81	37	81	38	34	39	70	40	74	41	46	42	100	43	21	44	14	45	81	46	49	47	26	48	73	49	98	
	0	18	1	93	2	32	3	58	4	88	5	83	6	54	7	90	8	92	9	75	10	87	11	66	12	26	13	31	14	38	15	81	16	1	17	64	18	4	19	35	20	82	21	67	22	100	23	21	24	69	25	40	26	93	27	56	28	75	29	53	30	53	31	72	32	49	33	97	34	8	35	20	36	53	37	51	38	80	39	99	40	21	41	57	42	41	43	67	44	93	45	66	46	48	47	42	48	86	49	24	
	0	6	1	66	2	37	3	56	4	22	5	38	6	17	7	59	8	40	9	31	10	47	11	73	12	22	13	25	14	16	15	37	16	64	17	2	18	25	19	33	20	85	21	69	22	66	23	38	24	92	25	85	26	95	27	48	28	69	29	69	30	45	31	86	32	50	33	88	34	34	35	100	36	78	37	85	38	25	39	66	40	90	41	41	42	57	43	14	44	17	45	78	46	100	47	71	48	77	49	64	
	0	67	1	73	2	21	3	83	4	81	5	76	6	6	7	16	8	69	9	24	10	43	11	65	12	54	13	76	14	81	15	15	16	95	17	84	18	47	19	100	20	92	21	81	22	79	23	18	24	36	25	91	26	30	27	79	28	35	29	46	30	75	31	2	32	32	33	57	34	100	35	83	36	25	37	33	38	32	39	48	40	83	41	99	42	25	43	87	44	54	45	89	46	30	47	10	48	72	49	79	
	0	77	1	53	2	58	3	56	4	76	5	58	6	85	7	81	8	89	9	7	10	23	11	73	12	64	13	61	14	19	15	4	16	41	17	71	18	78	19	44	20	88	21	25	22	20	23	97	24	70	25	83	26	55	27	44	28	49	29	98	30	39	31	65	32	31	33	29	34	39	35	79	36	44	37	6	38	31	39	19	40	82	41	12	42	23	43	26	44	50	45	36	46	73	47	48	48	46	49	32	
	0	48	1	24	2	61	3	32	4	89	5	100	6	99	7	89	8	83	9	31	10	87	11	25	12	50	13	60	14	43	15	92	16	35	17	35	18	55	19	81	20	92	21	14	22	49	23	80	24	79	25	20	26	49	27	100	28	50	29	17	30	77	31	74	32	63	33	19	34	36	35	8	36	78	37	15	38	77	39	80	40	28	41	41	42	35	43	26	44	9	45	13	46	27	47	21	48	43	49	10	
	0	86	1	79	2	74	3	13	4	58	5	4	6	88	7	27	8	8	9	100	10	10	11	88	12	71	13	88	14	16	15	88	16	16	17	62	18	70	19	76	20	50	21	66	22	44	23	6	24	33	25	25	26	54	27	47	28	36	29	34	30	57	31	93	32	16	33	84	34	69	35	33	36	80	37	79	38	80	39	79	40	15	41	67	42	76	43	25	44	85	45	27	46	25	47	31	48	53	49	40	
	0	14	1	56	2	91	3	81	4	86	5	82	6	86	7	79	8	47	9	47	10	71	11	89	12	39	13	8	14	98	15	73	16	95	17	25	18	25	19	95	20	73	21	92	22	54	23	40	24	37	25	59	26	33	27	51	28	76	29	3	30	28	31	36	32	50	33	58	34	12	35	42	36	38	37	21	38	82	39	35	40	36	41	52	42	38	43	75	44	76	45	52	46	7	47	1	48	22	49	66	
	0	15	1	46	2	2	3	34	4	83	5	56	6	100	7	11	8	12	9	48	10	96	11	74	12	93	13	1	14	33	15	50	16	37	17	84	18	65	19	39	20	36	21	13	22	67	23	36	24	62	25	72	26	4	27	27	28	32	29	77	30	2	31	39	32	55	33	69	34	47	35	25	36	11	37	57	38	90	39	36	40	74	41	66	42	29	43	11	44	6	45	44	46	40	47	9	48	74	49	17	
	0	69	1	40	2	76	3	33	4	14	5	43	6	98	7	3	8	19	9	98	10	99	11	11	12	36	13	85	14	18	15	68	16	40	17	13	18	28	19	62	20	59	21	10	22	19	23	16	24	55	25	26	26	81	27	84	28	82	29	75	30	22	31	11	32	84	33	28	34	62	35	56	36	69	37	78	38	52	39	61	40	5	41	18	42	71	43	77	44	28	45	36	46	62	47	19	48	97	49	82	
	0	93	1	60	2	66	3	15	4	42	5	51	6	71	7	35	8	34	9	9	10	33	11	71	12	27	13	15	14	85	15	55	16	95	17	9	18	9	19	80	20	31	21	27	22	63	23	89	24	86	25	14	26	50	27	79	28	48	29	37	30	50	31	64	32	39	33	57	34	56	35	28	36	69	37	55	38	11	39	78	40	84	41	59	42	58	43	22	44	79	45	29	46	64	47	37	48	91	49	88	
	0	90	1	62	2	15	3	98	4	23	5	45	6	84	7	55	8	77	9	6	10	72	11	99	12	44	13	51	14	69	15	47	16	85	17	92	18	63	19	100	20	49	21	63	22	19	23	31	24	44	25	91	26	16	27	68	28	85	29	42	30	73	31	38	32	88	33	32	34	79	35	77	36	43	37	12	38	53	39	59	40	42	41	74	42	82	43	85	44	38	45	71	46	52	47	9	48	85	49	76	
	0	39	1	86	2	92	3	62	4	48	5	12	6	93	7	75	8	96	9	62	10	56	11	46	12	21	13	66	14	38	15	81	16	1	17	18	18	74	19	96	20	18	21	50	22	56	23	31	24	90	25	75	26	15	27	20	28	14	29	92	30	95	31	59	32	14	33	28	34	76	35	39	36	74	37	70	38	18	39	41	40	4	41	41	42	78	43	61	44	23	45	72	46	77	47	50	48	83	49	63	
	0	56	1	51	2	74	3	28	4	40	5	20	6	91	7	12	8	9	9	6	10	38	11	43	12	83	13	75	14	33	15	87	16	85	17	18	18	6	19	37	20	94	21	2	22	61	23	46	24	97	25	28	26	48	27	76	28	64	29	14	30	22	31	70	32	1	33	63	34	18	35	18	36	98	37	73	38	3	39	90	40	28	41	42	42	42	43	34	44	67	45	8	46	90	47	43	48	72	49	35	
	0	39	1	90	2	63	3	38	4	9	5	20	6	11	7	41	8	24	9	99	10	9	11	45	12	30	13	95	14	34	15	31	16	1	17	99	18	26	19	36	20	92	21	31	22	94	23	54	24	70	25	73	26	33	27	19	28	98	29	20	30	11	31	94	32	29	33	84	34	50	35	100	36	25	37	17	38	11	39	37	40	78	41	44	42	90	43	9	44	3	45	44	46	33	47	90	48	56	49	83	
	0	15	1	94	2	68	3	92	4	92	5	7	6	82	7	1	8	13	9	7	10	37	11	33	12	52	13	99	14	29	15	27	16	78	17	24	18	36	19	87	20	65	21	48	22	30	23	43	24	79	25	99	26	41	27	67	28	28	29	10	30	74	31	6	32	62	33	30	34	97	35	32	36	23	37	58	38	79	39	88	40	49	41	5	42	35	43	15	44	46	45	35	46	66	47	96	48	45	49	19	
	0	76	1	87	2	77	3	39	4	61	5	93	6	29	7	98	8	76	9	65	10	94	11	70	12	71	13	73	14	98	15	1	16	40	17	37	18	70	19	53	20	37	21	73	22	15	23	73	24	48	25	50	26	81	27	64	28	93	29	66	30	100	31	65	32	40	33	73	34	48	35	52	36	74	37	5	38	16	39	11	40	44	41	6	42	55	43	97	44	96	45	23	46	36	47	14	48	41	49	9	
	0	17	1	9	2	38	3	77	4	87	5	10	6	31	7	26	8	49	9	7	10	21	11	73	12	86	13	33	14	79	15	57	16	72	17	29	18	89	19	95	20	55	21	9	22	57	23	38	24	35	25	65	26	76	27	92	28	92	29	50	30	80	31	25	32	44	33	11	34	40	35	30	36	11	37	72	38	34	39	71	40	98	41	16	42	78	43	25	44	20	45	63	46	91	47	50	48	7	49	60	
	0	11	1	95	2	12	3	78	4	86	5	76	6	63	7	21	8	68	9	97	10	57	11	52	12	65	13	93	14	51	15	17	16	7	17	67	18	17	19	5	20	44	21	36	22	80	23	68	24	5	25	23	26	50	27	84	28	14	29	65	30	4	31	30	32	55	33	50	34	100	35	42	36	25	37	70	38	77	39	93	40	23	41	69	42	21	43	22	44	64	45	36	46	19	47	25	48	30	49	36	
	0	45	1	82	2	20	3	18	4	92	5	77	6	17	7	58	8	51	9	20	10	50	11	22	12	19	13	68	14	90	15	35	16	10	17	74	18	88	19	6	20	91	21	17	22	33	23	56	24	21	25	48	26	53	27	40	28	10	29	33	30	89	31	82	32	5	33	9	34	11	35	33	36	97	37	65	38	59	39	74	40	84	41	30	42	97	43	37	44	84	45	37	46	23	47	6	48	84	49	13	
	0	64	1	40	2	56	3	53	4	75	5	74	6	96	7	83	8	64	9	43	10	50	11	35	12	85	13	20	14	46	15	46	16	14	17	33	18	51	19	6	20	70	21	68	22	65	23	23	24	64	25	85	26	67	27	68	28	71	29	75	30	67	31	60	32	74	33	66	34	20	35	21	36	40	37	80	38	84	39	67	40	48	41	62	42	30	43	37	44	93	45	10	46	15	47	20	48	11	49	53	
	0	94	1	69	2	62	3	35	4	26	5	70	6	95	7	44	8	85	9	43	10	60	11	71	12	6	13	11	14	72	15	2	16	47	17	1	18	61	19	89	20	5	21	63	22	87	23	68	24	18	25	21	26	82	27	24	28	38	29	72	30	67	31	78	32	14	33	43	34	80	35	79	36	94	37	48	38	70	39	96	40	48	41	20	42	29	43	69	44	70	45	33	46	55	47	25	48	1	49	89	
	0	69	1	69	2	53	3	51	4	19	5	83	6	30	7	33	8	19	9	35	10	12	11	49	12	46	13	72	14	23	15	62	16	39	17	32	18	73	19	100	20	69	21	82	22	26	23	9	24	35	25	6	26	83	27	54	28	27	29	75	30	95	31	1	32	65	33	85	34	2	35	68	36	69	37	21	38	51	39	59	40	41	41	18	42	93	43	16	44	68	45	87	46	94	47	52	48	96	49	27	
	0	33	1	7	2	63	3	53	4	82	5	37	6	37	7	16	8	12	9	43	10	35	11	48	12	83	13	69	14	55	15	96	16	40	17	10	18	41	19	27	20	27	21	74	22	46	23	77	24	84	25	77	26	68	27	75	28	66	29	40	30	46	31	3	32	40	33	85	34	70	35	67	36	76	37	59	38	72	39	9	40	74	41	84	42	65	43	16	44	39	45	61	46	54	47	78	48	21	49	36	
	0	100	1	37	2	56	3	38	4	13	5	25	6	26	7	46	8	80	9	83	10	58	11	25	12	1	13	64	14	70	15	80	16	77	17	94	18	49	19	77	20	54	21	8	22	45	23	52	24	64	25	26	26	78	27	29	28	51	29	47	30	71	31	27	32	96	33	78	34	97	35	18	36	43	37	45	38	30	39	58	40	11	41	20	42	24	43	73	44	90	45	47	46	49	47	71	48	95	49	23	
	0	59	1	82	2	78	3	34	4	96	5	96	6	83	7	43	8	40	9	77	10	48	11	36	12	82	13	42	14	93	15	28	16	70	17	92	18	14	19	97	20	13	21	3	22	60	23	66	24	72	25	58	26	8	27	63	28	19	29	40	30	69	31	6	32	16	33	62	34	81	35	50	36	24	37	55	38	20	39	55	40	85	41	65	42	21	43	48	44	60	45	53	46	73	47	25	48	51	49	87	
	0	82	1	13	2	99	3	57	4	21	5	89	6	60	7	38	8	8	9	56	10	52	11	95	12	16	13	10	14	62	15	45	16	22	17	4	18	13	19	42	20	41	21	29	22	74	23	34	24	21	25	51	26	47	27	6	28	75	29	6	30	24	31	99	32	22	33	34	34	24	35	45	36	72	37	96	38	1	39	32	40	69	41	46	42	17	43	53	44	34	45	32	46	95	47	90	48	66	49	32	
	0	34	1	8	2	44	3	83	4	57	5	58	6	28	7	41	8	3	9	3	10	51	11	94	12	94	13	4	14	74	15	39	16	7	17	83	18	62	19	29	20	80	21	56	22	96	23	86	24	62	25	74	26	16	27	88	28	90	29	27	30	32	31	51	32	36	33	10	34	75	35	3	36	24	37	74	38	91	39	71	40	81	41	36	42	84	43	11	44	63	45	30	46	35	47	16	48	49	49	30	
	0	27	1	10	2	40	3	2	4	92	5	31	6	87	7	37	8	14	9	74	10	11	11	31	12	92	13	23	14	19	15	39	16	91	17	26	18	46	19	42	20	9	21	24	22	81	23	26	24	12	25	35	26	9	27	1	28	52	29	18	30	1	31	39	32	91	33	68	34	81	35	89	36	65	37	5	38	91	39	19	40	32	41	66	42	91	43	6	44	51	45	55	46	38	47	84	48	32	49	68	