200 50 1
50
	0	65	1	82	2	2	3	94	4	56	5	28	6	5	7	76	8	74	9	81	10	63	11	1	12	23	13	17	14	69	15	99	16	83	17	90	18	36	19	38	20	61	21	95	22	57	23	47	24	70	25	15	26	66	27	98	28	58	29	35	30	42	31	64	32	67	33	58	34	58	35	62	36	71	37	18	38	12	39	33	40	3	41	85	42	61	43	91	44	70	45	16	46	28	47	84	48	6	49	81	
	0	38	1	58	2	24	3	36	4	49	5	35	6	27	7	90	8	33	9	28	10	55	11	9	12	97	13	44	14	57	15	48	16	63	17	39	18	26	19	35	20	95	21	9	22	14	23	77	24	34	25	87	26	94	27	46	28	84	29	87	30	13	31	12	32	15	33	65	34	76	35	81	36	27	37	31	38	9	39	98	40	72	41	19	42	71	43	96	44	7	45	92	46	21	47	16	48	82	49	45	
	0	16	1	59	2	46	3	30	4	15	5	43	6	50	7	97	8	50	9	64	10	45	11	86	12	7	13	46	14	84	15	52	16	78	17	20	18	56	19	23	20	54	21	88	22	8	23	74	24	85	25	81	26	88	27	13	28	93	29	2	30	78	31	13	32	34	33	73	34	8	35	65	36	26	37	40	38	31	39	65	40	71	41	45	42	91	43	95	44	16	45	53	46	53	47	29	48	77	49	42	
	0	42	1	78	2	16	3	30	4	37	5	5	6	30	7	76	8	88	9	43	10	55	11	71	12	67	13	46	14	16	15	41	16	39	17	14	18	75	19	97	20	95	21	68	22	13	23	42	24	62	25	95	26	68	27	36	28	61	29	50	30	82	31	50	32	38	33	89	34	86	35	1	36	89	37	96	38	34	39	16	40	63	41	26	42	23	43	13	44	30	45	36	46	46	47	40	48	26	49	4	
	0	59	1	16	2	46	3	97	4	56	5	58	6	10	7	77	8	51	9	71	10	88	11	15	12	97	13	82	14	68	15	8	16	100	17	78	18	15	19	28	20	4	21	25	22	13	23	58	24	71	25	37	26	87	27	19	28	67	29	74	30	48	31	81	32	81	33	23	34	39	35	61	36	19	37	34	38	90	39	79	40	97	41	29	42	26	43	34	44	13	45	90	46	40	47	67	48	55	49	75	
	0	32	1	4	2	17	3	100	4	77	5	98	6	48	7	43	8	13	9	24	10	95	11	26	12	39	13	99	14	92	15	12	16	2	17	82	18	86	19	37	20	52	21	43	22	3	23	84	24	16	25	25	26	3	27	87	28	38	29	93	30	17	31	18	32	58	33	68	34	1	35	33	36	49	37	59	38	39	39	84	40	64	41	90	42	92	43	25	44	73	45	75	46	90	47	76	48	8	49	2	
	0	55	1	84	2	90	3	66	4	15	5	31	6	50	7	43	8	83	9	60	10	50	11	100	12	52	13	89	14	61	15	13	16	23	17	63	18	99	19	49	20	95	21	26	22	4	23	93	24	92	25	74	26	71	27	25	28	91	29	56	30	76	31	81	32	72	33	79	34	97	35	76	36	99	37	34	38	99	39	85	40	44	41	42	42	75	43	74	44	70	45	14	46	87	47	70	48	76	49	39	
	0	64	1	100	2	40	3	87	4	99	5	70	6	80	7	6	8	89	9	60	10	65	11	51	12	14	13	13	14	58	15	41	16	50	17	33	18	90	19	17	20	55	21	53	22	16	23	89	24	11	25	100	26	53	27	87	28	47	29	63	30	12	31	32	32	100	33	47	34	78	35	77	36	38	37	32	38	35	39	88	40	47	41	85	42	69	43	12	44	87	45	80	46	20	47	30	48	67	49	76	
	0	12	1	64	2	22	3	17	4	60	5	44	6	80	7	66	8	28	9	10	10	50	11	16	12	22	13	23	14	43	15	95	16	73	17	14	18	43	19	31	20	70	21	65	22	65	23	37	24	64	25	53	26	78	27	77	28	7	29	27	30	61	31	90	32	86	33	51	34	57	35	5	36	91	37	39	38	36	39	19	40	63	41	89	42	82	43	2	44	27	45	87	46	1	47	96	48	45	49	44	
	0	45	1	79	2	41	3	64	4	79	5	33	6	89	7	12	8	36	9	20	10	91	11	56	12	32	13	11	14	98	15	6	16	92	17	27	18	47	19	23	20	89	21	44	22	99	23	42	24	31	25	68	26	50	27	49	28	30	29	86	30	27	31	33	32	5	33	93	34	31	35	2	36	17	37	68	38	72	39	79	40	48	41	82	42	83	43	8	44	27	45	55	46	70	47	49	48	94	49	41	
	0	44	1	4	2	92	3	41	4	18	5	52	6	71	7	26	8	9	9	100	10	50	11	61	12	34	13	11	14	98	15	72	16	89	17	30	18	10	19	8	20	45	21	89	22	63	23	54	24	56	25	15	26	92	27	37	28	81	29	100	30	43	31	46	32	92	33	49	34	77	35	34	36	2	37	51	38	77	39	9	40	93	41	17	42	13	43	100	44	5	45	4	46	88	47	76	48	19	49	81	
	0	96	1	35	2	4	3	78	4	88	5	80	6	86	7	75	8	26	9	66	10	86	11	23	12	16	13	11	14	25	15	43	16	100	17	71	18	6	19	86	20	46	21	84	22	89	23	56	24	34	25	32	26	66	27	51	28	80	29	2	30	72	31	98	32	33	33	91	34	70	35	33	36	75	37	41	38	80	39	57	40	80	41	22	42	60	43	42	44	36	45	94	46	15	47	81	48	45	49	63	
	0	34	1	19	2	76	3	7	4	71	5	40	6	91	7	41	8	29	9	7	10	41	11	9	12	17	13	18	14	31	15	80	16	69	17	40	18	41	19	35	20	55	21	92	22	28	23	17	24	96	25	30	26	55	27	37	28	79	29	52	30	32	31	51	32	42	33	53	34	75	35	98	36	24	37	25	38	82	39	19	40	92	41	58	42	12	43	33	44	69	45	77	46	8	47	64	48	11	49	62	
	0	25	1	76	2	47	3	17	4	8	5	35	6	23	7	85	8	30	9	3	10	33	11	83	12	97	13	31	14	70	15	8	16	70	17	42	18	75	19	16	20	49	21	21	22	32	23	79	24	48	25	58	26	38	27	30	28	21	29	97	30	7	31	83	32	32	33	72	34	39	35	11	36	42	37	3	38	10	39	76	40	92	41	93	42	37	43	83	44	95	45	87	46	19	47	8	48	89	49	90	
	0	18	1	49	2	14	3	45	4	70	5	41	6	30	7	33	8	66	9	6	10	2	11	40	12	69	13	39	14	57	15	25	16	68	17	43	18	88	19	50	20	27	21	59	22	2	23	2	24	74	25	7	26	4	27	42	28	43	29	69	30	1	31	90	32	98	33	83	34	34	35	29	36	93	37	50	38	64	39	69	40	29	41	40	42	75	43	93	44	1	45	34	46	52	47	41	48	18	49	44	
	0	59	1	32	2	12	3	43	4	99	5	98	6	53	7	40	8	98	9	74	10	4	11	63	12	89	13	75	14	82	15	98	16	57	17	14	18	61	19	69	20	1	21	18	22	1	23	28	24	36	25	52	26	27	27	24	28	18	29	15	30	92	31	16	32	19	33	13	34	88	35	98	36	100	37	9	38	10	39	85	40	11	41	37	42	25	43	62	44	45	45	71	46	40	47	20	48	7	49	87	
	0	54	1	54	2	91	3	8	4	99	5	47	6	65	7	48	8	68	9	73	10	46	11	44	12	95	13	43	14	16	15	97	16	28	17	77	18	24	19	64	20	88	21	63	22	17	23	3	24	10	25	22	26	38	27	21	28	73	29	82	30	20	31	82	32	4	33	89	34	22	35	12	36	70	37	25	38	89	39	98	40	75	41	73	42	24	43	38	44	75	45	46	46	73	47	71	48	34	49	85	
	0	27	1	98	2	48	3	42	4	13	5	6	6	28	7	87	8	99	9	14	10	80	11	70	12	99	13	45	14	75	15	6	16	70	17	33	18	48	19	65	20	38	21	10	22	35	23	96	24	61	25	31	26	19	27	100	28	72	29	56	30	55	31	88	32	62	33	67	34	21	35	57	36	79	37	16	38	29	39	53	40	37	41	8	42	42	43	20	44	86	45	93	46	28	47	1	48	4	49	12	
	0	94	1	92	2	39	3	16	4	66	5	2	6	53	7	39	8	24	9	78	10	56	11	56	12	20	13	4	14	88	15	67	16	1	17	100	18	99	19	55	20	11	21	76	22	75	23	26	24	95	25	19	26	88	27	10	28	34	29	26	30	91	31	63	32	72	33	61	34	63	35	32	36	100	37	83	38	23	39	88	40	30	41	12	42	96	43	78	44	64	45	3	46	73	47	23	48	93	49	48	
	0	1	1	37	2	60	3	100	4	2	5	64	6	94	7	36	8	72	9	35	10	5	11	93	12	60	13	68	14	45	15	45	16	23	17	45	18	15	19	15	20	23	21	80	22	44	23	49	24	70	25	44	26	59	27	7	28	86	29	74	30	40	31	17	32	45	33	26	34	66	35	45	36	13	37	78	38	100	39	91	40	28	41	9	42	97	43	90	44	14	45	18	46	66	47	23	48	48	49	32	
	0	32	1	38	2	94	3	70	4	7	5	98	6	16	7	12	8	57	9	46	10	23	11	33	12	56	13	38	14	66	15	48	16	88	17	39	18	4	19	61	20	97	21	58	22	82	23	44	24	30	25	53	26	2	27	38	28	38	29	96	30	12	31	81	32	28	33	49	34	75	35	95	36	46	37	30	38	7	39	67	40	62	41	2	42	90	43	34	44	90	45	31	46	38	47	5	48	90	49	27	
	0	8	1	64	2	12	3	8	4	95	5	60	6	4	7	82	8	95	9	26	10	6	11	24	12	16	13	60	14	22	15	30	16	34	17	5	18	54	19	33	20	75	21	97	22	91	23	74	24	66	25	27	26	93	27	42	28	19	29	90	30	29	31	11	32	32	33	11	34	86	35	31	36	95	37	89	38	56	39	25	40	5	41	80	42	38	43	18	44	52	45	60	46	78	47	22	48	68	49	98	
	0	75	1	57	2	77	3	41	4	90	5	29	6	64	7	31	8	19	9	16	10	91	11	11	12	43	13	36	14	92	15	99	16	51	17	3	18	50	19	98	20	8	21	22	22	33	23	24	24	26	25	10	26	8	27	43	28	96	29	53	30	88	31	62	32	57	33	55	34	18	35	97	36	9	37	21	38	74	39	95	40	81	41	4	42	20	43	80	44	18	45	94	46	1	47	39	48	90	49	89	
	0	48	1	93	2	2	3	34	4	34	5	80	6	25	7	37	8	43	9	39	10	4	11	52	12	87	13	55	14	51	15	38	16	77	17	63	18	71	19	33	20	12	21	33	22	42	23	91	24	95	25	20	26	49	27	74	28	91	29	99	30	72	31	65	32	65	33	20	34	81	35	47	36	81	37	94	38	71	39	43	40	27	41	4	42	34	43	57	44	56	45	71	46	2	47	63	48	25	49	8	
	0	44	1	12	2	44	3	99	4	44	5	68	6	21	7	24	8	60	9	74	10	93	11	16	12	5	13	2	14	45	15	51	16	49	17	34	18	33	19	37	20	74	21	91	22	87	23	60	24	63	25	34	26	67	27	65	28	9	29	25	30	2	31	47	32	76	33	16	34	25	35	89	36	48	37	12	38	60	39	44	40	35	41	28	42	23	43	20	44	12	45	16	46	43	47	88	48	39	49	47	
	0	58	1	42	2	52	3	9	4	58	5	53	6	82	7	17	8	17	9	22	10	53	11	50	12	99	13	6	14	19	15	92	16	44	17	29	18	93	19	22	20	93	21	64	22	18	23	38	24	89	25	89	26	54	27	17	28	21	29	81	30	41	31	51	32	21	33	96	34	42	35	86	36	13	37	97	38	70	39	27	40	69	41	100	42	70	43	34	44	78	45	59	46	66	47	28	48	3	49	13	
	0	76	1	60	2	31	3	72	4	53	5	98	6	84	7	3	8	87	9	82	10	29	11	7	12	13	13	88	14	93	15	7	16	79	17	46	18	1	19	26	20	69	21	45	22	76	23	53	24	4	25	82	26	49	27	23	28	28	29	48	30	50	31	48	32	97	33	90	34	28	35	11	36	97	37	62	38	36	39	8	40	82	41	29	42	69	43	98	44	89	45	99	46	63	47	11	48	80	49	84	
	0	60	1	96	2	47	3	69	4	41	5	76	6	10	7	41	8	6	9	86	10	84	11	4	12	79	13	7	14	67	15	41	16	19	17	74	18	37	19	72	20	35	21	82	22	52	23	10	24	11	25	94	26	7	27	69	28	2	29	68	30	85	31	21	32	55	33	89	34	10	35	89	36	9	37	82	38	72	39	44	40	47	41	27	42	64	43	72	44	13	45	56	46	55	47	96	48	91	49	73	
	0	13	1	42	2	52	3	72	4	97	5	4	6	80	7	59	8	58	9	64	10	34	11	19	12	93	13	80	14	34	15	55	16	7	17	80	18	51	19	14	20	44	21	87	22	17	23	68	24	40	25	64	26	69	27	69	28	17	29	68	30	86	31	20	32	9	33	14	34	40	35	23	36	88	37	92	38	96	39	80	40	95	41	14	42	8	43	23	44	29	45	74	46	37	47	19	48	47	49	61	
	0	27	1	72	2	28	3	13	4	28	5	31	6	22	7	64	8	33	9	26	10	84	11	93	12	90	13	66	14	89	15	98	16	13	17	69	18	70	19	65	20	95	21	6	22	100	23	81	24	71	25	13	26	25	27	14	28	56	29	85	30	81	31	90	32	42	33	28	34	41	35	42	36	96	37	69	38	15	39	92	40	65	41	93	42	37	43	26	44	96	45	56	46	5	47	40	48	39	49	88	
	0	86	1	20	2	93	3	57	4	35	5	63	6	8	7	23	8	8	9	85	10	31	11	29	12	17	13	66	14	15	15	19	16	18	17	11	18	29	19	86	20	4	21	4	22	40	23	92	24	24	25	40	26	13	27	50	28	10	29	35	30	5	31	20	32	26	33	45	34	26	35	32	36	46	37	94	38	14	39	91	40	43	41	34	42	97	43	6	44	59	45	44	46	26	47	16	48	12	49	88	
	0	54	1	73	2	72	3	56	4	2	5	2	6	8	7	74	8	83	9	48	10	67	11	63	12	67	13	3	14	55	15	86	16	5	17	9	18	19	19	28	20	49	21	29	22	78	23	38	24	28	25	5	26	35	27	54	28	4	29	15	30	11	31	8	32	61	33	7	34	43	35	48	36	35	37	100	38	94	39	8	40	67	41	86	42	91	43	15	44	57	45	79	46	60	47	2	48	76	49	2	
	0	33	1	68	2	22	3	11	4	100	5	25	6	58	7	98	8	54	9	91	10	25	11	72	12	58	13	52	14	81	15	80	16	49	17	52	18	49	19	20	20	6	21	4	22	21	23	35	24	28	25	93	26	36	27	7	28	79	29	59	30	97	31	84	32	96	33	73	34	37	35	11	36	38	37	62	38	21	39	37	40	70	41	27	42	35	43	100	44	54	45	11	46	29	47	68	48	86	49	64	
	0	73	1	76	2	83	3	43	4	92	5	84	6	58	7	52	8	84	9	56	10	45	11	45	12	86	13	90	14	21	15	17	16	96	17	64	18	92	19	37	20	23	21	13	22	25	23	1	24	81	25	58	26	43	27	18	28	90	29	31	30	78	31	17	32	85	33	35	34	14	35	44	36	18	37	1	38	39	39	68	40	48	41	88	42	53	43	53	44	65	45	34	46	94	47	31	48	17	49	47	
	0	33	1	15	2	53	3	64	4	10	5	63	6	76	7	50	8	88	9	20	10	17	11	84	12	94	13	1	14	52	15	6	16	67	17	88	18	30	19	90	20	32	21	1	22	44	23	41	24	29	25	63	26	35	27	38	28	33	29	39	30	76	31	46	32	98	33	56	34	55	35	56	36	53	37	4	38	18	39	33	40	42	41	94	42	4	43	68	44	17	45	29	46	67	47	40	48	49	49	6	
	0	67	1	94	2	26	3	19	4	41	5	54	6	70	7	90	8	61	9	35	10	80	11	16	12	76	13	83	14	7	15	59	16	81	17	18	18	18	19	96	20	34	21	62	22	33	23	67	24	44	25	79	26	3	27	9	28	81	29	77	30	29	31	68	32	51	33	11	34	100	35	82	36	2	37	56	38	19	39	43	40	9	41	53	42	49	43	20	44	25	45	17	46	63	47	57	48	47	49	65	
	0	37	1	15	2	1	3	53	4	64	5	84	6	13	7	53	8	28	9	58	10	31	11	25	12	35	13	18	14	56	15	27	16	42	17	34	18	71	19	94	20	18	21	45	22	56	23	92	24	96	25	18	26	100	27	61	28	31	29	13	30	69	31	71	32	11	33	17	34	66	35	99	36	76	37	29	38	71	39	5	40	88	41	78	42	51	43	77	44	62	45	89	46	55	47	15	48	68	49	99	
	0	65	1	48	2	60	3	16	4	17	5	95	6	83	7	50	8	64	9	42	10	2	11	83	12	74	13	66	14	63	15	2	16	46	17	26	18	68	19	33	20	94	21	33	22	47	23	39	24	84	25	96	26	55	27	84	28	52	29	30	30	54	31	93	32	99	33	86	34	4	35	66	36	30	37	71	38	47	39	32	40	73	41	56	42	38	43	53	44	16	45	91	46	100	47	82	48	12	49	16	
	0	34	1	44	2	29	3	23	4	54	5	35	6	15	7	62	8	1	9	4	10	84	11	94	12	92	13	80	14	70	15	17	16	75	17	44	18	2	19	4	20	41	21	48	22	80	23	71	24	28	25	36	26	26	27	94	28	8	29	41	30	12	31	81	32	4	33	35	34	42	35	48	36	39	37	87	38	87	39	31	40	53	41	49	42	80	43	65	44	15	45	4	46	37	47	68	48	25	49	61	
	0	16	1	54	2	19	3	86	4	45	5	24	6	67	7	47	8	67	9	2	10	95	11	87	12	71	13	83	14	10	15	66	16	7	17	51	18	84	19	4	20	49	21	40	22	55	23	86	24	27	25	40	26	34	27	69	28	97	29	87	30	33	31	54	32	74	33	8	34	71	35	50	36	18	37	18	38	17	39	79	40	32	41	57	42	87	43	53	44	92	45	60	46	5	47	92	48	10	49	66	
	0	80	1	68	2	11	3	36	4	55	5	32	6	84	7	6	8	77	9	71	10	61	11	30	12	64	13	90	14	66	15	80	16	36	17	36	18	90	19	21	20	83	21	19	22	81	23	85	24	61	25	93	26	76	27	19	28	41	29	29	30	97	31	83	32	47	33	77	34	88	35	56	36	16	37	14	38	67	39	21	40	48	41	54	42	25	43	58	44	70	45	43	46	90	47	84	48	63	49	60	
	0	38	1	53	2	4	3	53	4	23	5	35	6	38	7	80	8	30	9	4	10	14	11	98	12	25	13	59	14	97	15	66	16	61	17	74	18	7	19	16	20	83	21	83	22	83	23	55	24	38	25	58	26	91	27	69	28	4	29	25	30	50	31	26	32	40	33	71	34	86	35	69	36	56	37	3	38	53	39	34	40	79	41	52	42	23	43	95	44	63	45	94	46	15	47	6	48	77	49	48	
	0	11	1	15	2	70	3	37	4	14	5	76	6	27	7	59	8	62	9	29	10	69	11	70	12	98	13	22	14	71	15	10	16	46	17	52	18	81	19	72	20	90	21	60	22	29	23	18	24	89	25	79	26	89	27	83	28	23	29	35	30	89	31	85	32	57	33	63	34	2	35	83	36	10	37	54	38	4	39	95	40	15	41	50	42	33	43	25	44	28	45	65	46	32	47	14	48	59	49	57	
	0	77	1	27	2	49	3	20	4	7	5	30	6	31	7	43	8	8	9	32	10	59	11	52	12	32	13	10	14	45	15	43	16	93	17	85	18	5	19	29	20	42	21	4	22	32	23	93	24	96	25	76	26	95	27	33	28	2	29	8	30	23	31	61	32	62	33	100	34	26	35	71	36	46	37	85	38	58	39	98	40	84	41	7	42	10	43	52	44	98	45	53	46	79	47	68	48	61	49	18	
	0	93	1	2	2	25	3	69	4	39	5	90	6	66	7	72	8	11	9	91	10	18	11	39	12	7	13	100	14	63	15	91	16	9	17	14	18	32	19	46	20	78	21	37	22	68	23	17	24	36	25	85	26	56	27	76	28	74	29	37	30	3	31	63	32	89	33	3	34	64	35	43	36	60	37	12	38	14	39	9	40	80	41	43	42	99	43	31	44	30	45	13	46	47	47	8	48	67	49	27	
	0	29	1	5	2	7	3	71	4	38	5	77	6	9	7	34	8	93	9	95	10	27	11	47	12	23	13	8	14	37	15	22	16	47	17	77	18	20	19	51	20	50	21	26	22	90	23	38	24	25	25	20	26	25	27	25	28	44	29	82	30	83	31	59	32	88	33	82	34	52	35	37	36	65	37	49	38	50	39	23	40	30	41	60	42	61	43	62	44	65	45	29	46	29	47	97	48	62	49	83	
	0	43	1	1	2	96	3	1	4	94	5	2	6	69	7	67	8	68	9	55	10	68	11	78	12	24	13	3	14	85	15	90	16	46	17	90	18	60	19	23	20	13	21	64	22	94	23	57	24	25	25	80	26	13	27	18	28	50	29	97	30	30	31	85	32	97	33	11	34	62	35	24	36	26	37	28	38	42	39	71	40	62	41	95	42	81	43	88	44	36	45	81	46	65	47	4	48	4	49	47	
	0	52	1	72	2	80	3	52	4	57	5	5	6	91	7	16	8	83	9	34	10	3	11	95	12	15	13	59	14	93	15	39	16	74	17	28	18	8	19	29	20	73	21	80	22	85	23	63	24	89	25	48	26	47	27	3	28	43	29	20	30	31	31	28	32	82	33	44	34	6	35	85	36	64	37	73	38	18	39	20	40	90	41	62	42	59	43	2	44	75	45	34	46	36	47	77	48	29	49	12	
	0	51	1	51	2	17	3	51	4	66	5	48	6	61	7	93	8	99	9	47	10	63	11	87	12	7	13	4	14	64	15	22	16	59	17	42	18	78	19	51	20	99	21	80	22	56	23	38	24	76	25	57	26	57	27	97	28	18	29	36	30	68	31	50	32	43	33	76	34	47	35	59	36	8	37	52	38	13	39	65	40	1	41	11	42	38	43	19	44	59	45	79	46	59	47	92	48	79	49	63	
	0	8	1	33	2	66	3	49	4	87	5	26	6	53	7	90	8	82	9	25	10	70	11	25	12	41	13	48	14	24	15	94	16	13	17	44	18	25	19	79	20	5	21	14	22	6	23	34	24	60	25	82	26	24	27	90	28	79	29	60	30	22	31	92	32	37	33	15	34	6	35	51	36	1	37	29	38	6	39	63	40	12	41	37	42	97	43	75	44	5	45	3	46	11	47	87	48	94	49	66	
	0	17	1	9	2	29	3	65	4	49	5	83	6	63	7	76	8	54	9	85	10	52	11	79	12	17	13	93	14	21	15	83	16	68	17	73	18	64	19	88	20	64	21	58	22	59	23	45	24	87	25	35	26	32	27	95	28	98	29	85	30	19	31	98	32	30	33	64	34	84	35	17	36	70	37	20	38	73	39	11	40	89	41	11	42	38	43	36	44	70	45	10	46	17	47	35	48	64	49	28	
	0	85	1	15	2	93	3	82	4	46	5	37	6	39	7	13	8	21	9	24	10	11	11	78	12	78	13	71	14	82	15	71	16	8	17	60	18	45	19	28	20	70	21	5	22	92	23	5	24	93	25	89	26	27	27	83	28	5	29	50	30	53	31	7	32	20	33	70	34	59	35	14	36	85	37	17	38	26	39	3	40	38	41	49	42	1	43	52	44	47	45	69	46	45	47	68	48	92	49	24	
	0	2	1	22	2	69	3	18	4	95	5	70	6	92	7	64	8	83	9	53	10	95	11	17	12	32	13	2	14	73	15	69	16	37	17	40	18	64	19	70	20	71	21	92	22	2	23	63	24	4	25	21	26	1	27	13	28	25	29	95	30	7	31	42	32	46	33	64	34	50	35	48	36	64	37	62	38	41	39	10	40	50	41	94	42	93	43	70	44	13	45	27	46	20	47	35	48	27	49	3	
	0	68	1	71	2	3	3	14	4	48	5	66	6	32	7	96	8	60	9	98	10	52	11	89	12	98	13	62	14	7	15	65	16	6	17	81	18	61	19	75	20	94	21	55	22	16	23	67	24	39	25	51	26	43	27	83	28	77	29	85	30	81	31	11	32	29	33	45	34	38	35	69	36	58	37	78	38	17	39	4	40	61	41	20	42	30	43	6	44	54	45	47	46	23	47	37	48	4	49	40	
	0	26	1	6	2	81	3	23	4	26	5	52	6	52	7	3	8	19	9	1	10	36	11	55	12	47	13	4	14	78	15	54	16	80	17	66	18	30	19	54	20	20	21	23	22	95	23	67	24	84	25	49	26	93	27	42	28	29	29	44	30	45	31	41	32	85	33	98	34	20	35	57	36	38	37	57	38	96	39	51	40	45	41	62	42	40	43	61	44	2	45	22	46	95	47	36	48	4	49	1	
	0	93	1	84	2	55	3	32	4	50	5	32	6	74	7	34	8	72	9	28	10	13	11	94	12	48	13	1	14	88	15	9	16	44	17	46	18	18	19	7	20	24	21	70	22	32	23	53	24	43	25	47	26	64	27	89	28	61	29	79	30	7	31	73	32	59	33	86	34	36	35	83	36	15	37	2	38	48	39	50	40	11	41	34	42	67	43	19	44	85	45	95	46	39	47	43	48	25	49	18	
	0	45	1	52	2	15	3	32	4	1	5	51	6	3	7	24	8	55	9	4	10	47	11	29	12	32	13	47	14	60	15	56	16	82	17	71	18	61	19	9	20	73	21	49	22	38	23	95	24	39	25	23	26	25	27	27	28	75	29	13	30	91	31	69	32	7	33	13	34	1	35	45	36	99	37	23	38	41	39	53	40	18	41	85	42	65	43	60	44	24	45	18	46	72	47	4	48	81	49	86	
	0	9	1	69	2	42	3	2	4	5	5	14	6	62	7	2	8	47	9	41	10	56	11	82	12	10	13	66	14	28	15	99	16	99	17	18	18	4	19	35	20	14	21	38	22	53	23	79	24	4	25	15	26	59	27	74	28	39	29	72	30	42	31	67	32	34	33	27	34	27	35	22	36	31	37	18	38	95	39	16	40	12	41	98	42	14	43	63	44	54	45	7	46	96	47	84	48	5	49	22	
	0	30	1	7	2	76	3	2	4	100	5	67	6	80	7	42	8	84	9	21	10	21	11	70	12	27	13	22	14	25	15	86	16	91	17	52	18	46	19	20	20	65	21	21	22	79	23	49	24	80	25	60	26	39	27	78	28	64	29	2	30	17	31	65	32	53	33	80	34	24	35	55	36	44	37	91	38	99	39	74	40	52	41	52	42	85	43	32	44	33	45	19	46	97	47	51	48	99	49	25	
	0	20	1	36	2	42	3	25	4	64	5	54	6	55	7	64	8	40	9	64	10	22	11	75	12	65	13	83	14	70	15	86	16	26	17	31	18	59	19	84	20	79	21	6	22	15	23	70	24	45	25	38	26	69	27	86	28	74	29	96	30	46	31	32	32	15	33	29	34	62	35	48	36	72	37	82	38	99	39	43	40	31	41	84	42	56	43	45	44	69	45	29	46	45	47	64	48	66	49	47	
	0	43	1	6	2	44	3	94	4	57	5	20	6	23	7	14	8	50	9	71	10	97	11	15	12	81	13	26	14	89	15	88	16	59	17	38	18	14	19	20	20	83	21	90	22	54	23	16	24	85	25	18	26	40	27	34	28	62	29	50	30	8	31	55	32	75	33	85	34	37	35	67	36	29	37	25	38	61	39	30	40	8	41	30	42	61	43	15	44	44	45	18	46	35	47	30	48	74	49	67	
	0	79	1	88	2	8	3	53	4	58	5	30	6	5	7	4	8	30	9	15	10	64	11	53	12	87	13	82	14	3	15	77	16	78	17	16	18	79	19	3	20	17	21	43	22	75	23	63	24	98	25	21	26	47	27	13	28	38	29	56	30	80	31	83	32	66	33	6	34	73	35	79	36	28	37	39	38	45	39	49	40	72	41	2	42	80	43	45	44	93	45	9	46	95	47	22	48	4	49	21	
	0	53	1	66	2	52	3	89	4	16	5	74	6	9	7	15	8	29	9	46	10	44	11	73	12	88	13	43	14	67	15	7	16	68	17	45	18	14	19	95	20	15	21	39	22	45	23	25	24	57	25	9	26	84	27	32	28	24	29	69	30	78	31	86	32	61	33	63	34	98	35	56	36	45	37	44	38	6	39	87	40	99	41	58	42	98	43	52	44	54	45	17	46	31	47	70	48	66	49	54	
	0	17	1	37	2	65	3	41	4	18	5	99	6	24	7	30	8	26	9	15	10	88	11	44	12	85	13	52	14	67	15	61	16	79	17	15	18	40	19	67	20	56	21	9	22	92	23	5	24	27	25	32	26	42	27	58	28	61	29	79	30	98	31	6	32	77	33	18	34	37	35	94	36	86	37	81	38	57	39	99	40	73	41	30	42	77	43	92	44	23	45	37	46	77	47	89	48	3	49	39	
	0	32	1	96	2	31	3	27	4	85	5	22	6	49	7	42	8	64	9	99	10	2	11	27	12	58	13	95	14	50	15	19	16	85	17	68	18	45	19	33	20	32	21	33	22	70	23	84	24	50	25	26	26	47	27	60	28	65	29	7	30	58	31	64	32	5	33	71	34	7	35	51	36	66	37	73	38	91	39	62	40	36	41	54	42	9	43	21	44	55	45	22	46	3	47	65	48	72	49	2	
	0	24	1	93	2	20	3	71	4	53	5	87	6	63	7	60	8	19	9	98	10	51	11	22	12	32	13	42	14	19	15	32	16	29	17	24	18	39	19	95	20	4	21	75	22	15	23	16	24	54	25	93	26	48	27	46	28	50	29	19	30	99	31	20	32	30	33	5	34	85	35	50	36	58	37	1	38	76	39	40	40	79	41	45	42	97	43	71	44	89	45	97	46	86	47	72	48	13	49	3	
	0	83	1	84	2	14	3	95	4	92	5	2	6	14	7	19	8	10	9	89	10	34	11	64	12	68	13	65	14	68	15	11	16	21	17	33	18	89	19	34	20	97	21	92	22	99	23	4	24	21	25	13	26	8	27	16	28	15	29	89	30	14	31	79	32	2	33	19	34	19	35	64	36	74	37	78	38	49	39	80	40	49	41	91	42	22	43	47	44	44	45	79	46	25	47	1	48	14	49	25	
	0	50	1	20	2	2	3	65	4	60	5	11	6	35	7	88	8	99	9	44	10	32	11	64	12	44	13	56	14	2	15	93	16	37	17	27	18	23	19	58	20	65	21	35	22	89	23	57	24	96	25	89	26	96	27	85	28	13	29	74	30	81	31	66	32	13	33	25	34	48	35	100	36	30	37	87	38	20	39	81	40	8	41	61	42	55	43	42	44	47	45	62	46	97	47	13	48	90	49	88	
	0	79	1	12	2	60	3	44	4	65	5	6	6	38	7	30	8	55	9	67	10	41	11	55	12	69	13	11	14	70	15	66	16	54	17	76	18	52	19	23	20	16	21	96	22	60	23	55	24	75	25	37	26	84	27	65	28	44	29	16	30	43	31	78	32	84	33	66	34	54	35	55	36	30	37	75	38	81	39	49	40	45	41	65	42	96	43	74	44	27	45	24	46	20	47	35	48	48	49	12	
	0	70	1	59	2	35	3	48	4	51	5	49	6	80	7	39	8	43	9	38	10	78	11	61	12	32	13	62	14	11	15	39	16	54	17	69	18	71	19	56	20	97	21	36	22	74	23	95	24	35	25	9	26	91	27	78	28	81	29	48	30	2	31	74	32	100	33	23	34	44	35	10	36	57	37	17	38	14	39	2	40	47	41	16	42	40	43	21	44	29	45	60	46	21	47	86	48	20	49	89	
	0	49	1	52	2	38	3	21	4	6	5	17	6	17	7	84	8	92	9	61	10	47	11	40	12	96	13	84	14	11	15	80	16	48	17	21	18	58	19	81	20	77	21	32	22	28	23	100	24	26	25	63	26	18	27	8	28	81	29	89	30	37	31	44	32	76	33	11	34	92	35	97	36	94	37	87	38	14	39	69	40	31	41	64	42	55	43	93	44	86	45	8	46	87	47	37	48	59	49	62	
	0	70	1	77	2	10	3	91	4	83	5	13	6	35	7	84	8	2	9	66	10	27	11	26	12	48	13	40	14	31	15	79	16	15	17	19	18	32	19	41	20	83	21	58	22	64	23	71	24	57	25	57	26	65	27	13	28	11	29	2	30	24	31	89	32	57	33	95	34	28	35	29	36	63	37	98	38	76	39	59	40	19	41	93	42	15	43	55	44	9	45	3	46	71	47	77	48	43	49	53	
	0	34	1	51	2	55	3	86	4	26	5	47	6	18	7	40	8	60	9	82	10	15	11	4	12	100	13	17	14	27	15	61	16	95	17	60	18	24	19	26	20	73	21	69	22	32	23	54	24	29	25	87	26	41	27	20	28	60	29	59	30	75	31	65	32	75	33	57	34	95	35	74	36	46	37	36	38	32	39	28	40	62	41	97	42	7	43	82	44	82	45	42	46	71	47	88	48	71	49	66	
	0	91	1	70	2	81	3	93	4	28	5	85	6	74	7	42	8	96	9	48	10	61	11	37	12	89	13	96	14	99	15	79	16	26	17	68	18	52	19	13	20	87	21	87	22	81	23	97	24	85	25	48	26	71	27	89	28	51	29	92	30	28	31	62	32	15	33	16	34	17	35	8	36	68	37	62	38	24	39	24	40	84	41	58	42	83	43	22	44	23	45	18	46	2	47	54	48	65	49	54	
	0	31	1	87	2	69	3	51	4	9	5	42	6	82	7	42	8	51	9	49	10	49	11	17	12	74	13	72	14	29	15	87	16	25	17	18	18	17	19	13	20	13	21	72	22	20	23	2	24	50	25	7	26	47	27	55	28	45	29	100	30	38	31	59	32	20	33	69	34	61	35	13	36	76	37	84	38	100	39	45	40	66	41	19	42	95	43	99	44	50	45	79	46	80	47	96	48	12	49	42	
	0	21	1	81	2	76	3	16	4	53	5	72	6	73	7	59	8	91	9	70	10	2	11	2	12	88	13	44	14	99	15	76	16	23	17	84	18	39	19	95	20	90	21	100	22	27	23	95	24	31	25	29	26	30	27	69	28	40	29	53	30	47	31	80	32	37	33	43	34	77	35	79	36	1	37	9	38	41	39	47	40	24	41	92	42	11	43	40	44	36	45	68	46	11	47	23	48	14	49	7	
	0	63	1	14	2	29	3	67	4	55	5	80	6	70	7	8	8	100	9	69	10	38	11	24	12	85	13	34	14	53	15	27	16	92	17	61	18	44	19	23	20	66	21	70	22	86	23	65	24	95	25	23	26	21	27	3	28	57	29	19	30	72	31	41	32	55	33	23	34	4	35	18	36	85	37	71	38	96	39	36	40	95	41	67	42	42	43	36	44	44	45	1	46	5	47	21	48	85	49	90	
	0	68	1	17	2	47	3	45	4	57	5	33	6	6	7	17	8	32	9	17	10	92	11	32	12	63	13	55	14	35	15	73	16	23	17	26	18	46	19	71	20	41	21	20	22	99	23	23	24	86	25	62	26	25	27	91	28	29	29	44	30	81	31	2	32	7	33	56	34	97	35	32	36	57	37	59	38	4	39	31	40	39	41	59	42	62	43	89	44	68	45	37	46	83	47	24	48	67	49	98	
	0	74	1	1	2	61	3	42	4	16	5	76	6	20	7	85	8	15	9	48	10	24	11	65	12	91	13	77	14	81	15	94	16	68	17	10	18	50	19	77	20	10	21	14	22	65	23	56	24	76	25	50	26	95	27	6	28	15	29	84	30	16	31	87	32	92	33	96	34	91	35	96	36	95	37	84	38	92	39	25	40	64	41	99	42	48	43	12	44	14	45	59	46	61	47	62	48	59	49	55	
	0	64	1	13	2	86	3	76	4	87	5	20	6	89	7	80	8	92	9	4	10	63	11	22	12	16	13	11	14	61	15	68	16	5	17	15	18	42	19	46	20	1	21	42	22	85	23	21	24	3	25	41	26	12	27	80	28	51	29	44	30	71	31	16	32	34	33	51	34	94	35	99	36	4	37	23	38	15	39	59	40	59	41	25	42	64	43	60	44	5	45	92	46	21	47	91	48	38	49	35	
	0	67	1	30	2	99	3	65	4	70	5	13	6	95	7	60	8	9	9	32	10	48	11	69	12	27	13	37	14	74	15	77	16	32	17	61	18	61	19	10	20	79	21	82	22	32	23	98	24	97	25	63	26	59	27	66	28	36	29	39	30	29	31	3	32	21	33	36	34	43	35	29	36	78	37	8	38	90	39	32	40	51	41	28	42	4	43	43	44	1	45	81	46	78	47	6	48	50	49	40	
	0	1	1	96	2	33	3	29	4	11	5	31	6	2	7	99	8	25	9	95	10	29	11	76	12	68	13	93	14	40	15	76	16	56	17	54	18	22	19	21	20	65	21	6	22	51	23	2	24	61	25	13	26	26	27	96	28	48	29	21	30	32	31	6	32	32	33	54	34	32	35	65	36	4	37	59	38	35	39	84	40	11	41	9	42	84	43	79	44	17	45	91	46	48	47	82	48	87	49	84	
	0	13	1	1	2	72	3	74	4	46	5	31	6	29	7	88	8	33	9	87	10	86	11	31	12	76	13	25	14	55	15	26	16	45	17	30	18	26	19	35	20	96	21	14	22	18	23	59	24	79	25	51	26	37	27	50	28	29	29	19	30	35	31	44	32	68	33	12	34	47	35	48	36	27	37	63	38	40	39	58	40	36	41	42	42	21	43	79	44	31	45	96	46	57	47	82	48	19	49	87	
	0	55	1	40	2	9	3	30	4	17	5	29	6	76	7	9	8	76	9	69	10	24	11	5	12	64	13	81	14	55	15	21	16	86	17	15	18	34	19	86	20	100	21	42	22	52	23	80	24	69	25	39	26	82	27	14	28	87	29	5	30	15	31	81	32	41	33	47	34	15	35	6	36	77	37	24	38	63	39	24	40	78	41	82	42	20	43	17	44	35	45	67	46	70	47	12	48	97	49	21	
	0	47	1	45	2	16	3	96	4	45	5	86	6	6	7	5	8	36	9	17	10	28	11	4	12	17	13	43	14	73	15	19	16	60	17	43	18	97	19	19	20	2	21	81	22	7	23	27	24	84	25	35	26	27	27	83	28	36	29	10	30	48	31	24	32	10	33	94	34	61	35	20	36	34	37	59	38	72	39	98	40	12	41	92	42	40	43	81	44	4	45	14	46	20	47	39	48	26	49	66	
	0	29	1	74	2	43	3	40	4	71	5	17	6	82	7	75	8	85	9	68	10	46	11	31	12	63	13	20	14	63	15	22	16	81	17	83	18	7	19	92	20	99	21	10	22	93	23	78	24	44	25	18	26	42	27	49	28	48	29	34	30	24	31	25	32	46	33	65	34	42	35	20	36	26	37	4	38	90	39	58	40	40	41	42	42	27	43	82	44	73	45	63	46	19	47	34	48	76	49	20	
	0	50	1	12	2	26	3	85	4	60	5	33	6	79	7	3	8	44	9	57	10	74	11	81	12	38	13	21	14	63	15	81	16	73	17	78	18	79	19	31	20	42	21	30	22	16	23	45	24	36	25	63	26	92	27	79	28	29	29	12	30	69	31	76	32	89	33	60	34	71	35	70	36	6	37	80	38	61	39	30	40	49	41	73	42	10	43	59	44	92	45	27	46	64	47	33	48	34	49	69	
	0	20	1	91	2	71	3	8	4	70	5	74	6	89	7	39	8	46	9	38	10	52	11	2	12	24	13	57	14	33	15	80	16	44	17	11	18	72	19	31	20	47	21	57	22	67	23	34	24	20	25	78	26	67	27	13	28	50	29	93	30	13	31	49	32	47	33	21	34	50	35	69	36	41	37	44	38	17	39	74	40	56	41	21	42	22	43	58	44	82	45	81	46	53	47	47	48	31	49	6	
	0	12	1	46	2	69	3	79	4	46	5	36	6	27	7	52	8	77	9	93	10	21	11	74	12	52	13	8	14	78	15	75	16	94	17	87	18	58	19	79	20	17	21	47	22	11	23	39	24	99	25	70	26	38	27	36	28	42	29	53	30	50	31	31	32	92	33	97	34	18	35	89	36	4	37	57	38	49	39	70	40	52	41	73	42	72	43	55	44	96	45	83	46	55	47	33	48	39	49	43	
	0	48	1	72	2	1	3	19	4	61	5	7	6	85	7	100	8	8	9	76	10	16	11	27	12	46	13	4	14	7	15	32	16	18	17	73	18	27	19	28	20	9	21	72	22	91	23	95	24	15	25	44	26	64	27	28	28	27	29	53	30	33	31	42	32	95	33	58	34	16	35	77	36	55	37	8	38	17	39	98	40	73	41	59	42	55	43	76	44	95	45	7	46	33	47	3	48	58	49	57	
	0	40	1	59	2	30	3	10	4	6	5	18	6	26	7	77	8	46	9	95	10	42	11	61	12	28	13	2	14	60	15	77	16	15	17	94	18	77	19	15	20	28	21	39	22	25	23	32	24	66	25	45	26	93	27	78	28	51	29	26	30	33	31	9	32	46	33	74	34	73	35	47	36	93	37	21	38	10	39	79	40	27	41	68	42	96	43	98	44	12	45	1	46	54	47	37	48	74	49	5	
	0	99	1	64	2	77	3	66	4	14	5	23	6	13	7	14	8	24	9	38	10	3	11	61	12	55	13	43	14	82	15	59	16	95	17	85	18	45	19	6	20	43	21	77	22	27	23	33	24	97	25	96	26	34	27	89	28	6	29	31	30	80	31	99	32	24	33	19	34	48	35	25	36	30	37	49	38	46	39	94	40	92	41	10	42	23	43	28	44	97	45	13	46	36	47	31	48	42	49	6	
	0	88	1	56	2	28	3	99	4	69	5	69	6	65	7	14	8	4	9	24	10	47	11	26	12	58	13	83	14	30	15	95	16	41	17	7	18	25	19	53	20	95	21	82	22	1	23	45	24	45	25	95	26	70	27	26	28	47	29	68	30	19	31	11	32	68	33	6	34	97	35	74	36	34	37	42	38	47	39	98	40	60	41	53	42	93	43	86	44	20	45	6	46	95	47	29	48	96	49	7	
	0	90	1	67	2	40	3	45	4	31	5	46	6	95	7	38	8	55	9	51	10	56	11	78	12	18	13	87	14	100	15	38	16	99	17	53	18	17	19	80	20	57	21	14	22	93	23	75	24	33	25	8	26	61	27	60	28	33	29	53	30	86	31	19	32	73	33	16	34	75	35	80	36	13	37	30	38	44	39	37	40	19	41	6	42	47	43	88	44	35	45	84	46	16	47	35	48	1	49	96	
	0	27	1	28	2	69	3	31	4	39	5	12	6	66	7	31	8	6	9	88	10	2	11	59	12	25	13	34	14	23	15	74	16	42	17	46	18	77	19	53	20	65	21	96	22	22	23	85	24	27	25	79	26	58	27	92	28	44	29	9	30	31	31	83	32	96	33	45	34	25	35	52	36	95	37	39	38	97	39	23	40	27	41	22	42	92	43	74	44	63	45	24	46	15	47	91	48	73	49	8	
	0	17	1	82	2	36	3	84	4	69	5	19	6	57	7	82	8	22	9	100	10	20	11	32	12	10	13	67	14	40	15	41	16	15	17	95	18	35	19	87	20	97	21	24	22	99	23	71	24	17	25	36	26	35	27	85	28	30	29	91	30	58	31	85	32	82	33	39	34	55	35	3	36	52	37	61	38	20	39	66	40	89	41	7	42	29	43	12	44	97	45	71	46	42	47	33	48	52	49	86	
	0	5	1	62	2	39	3	39	4	75	5	99	6	42	7	55	8	89	9	1	10	91	11	4	12	99	13	26	14	12	15	26	16	96	17	2	18	85	19	78	20	30	21	2	22	70	23	39	24	85	25	92	26	21	27	79	28	79	29	67	30	41	31	42	32	20	33	59	34	22	35	71	36	63	37	45	38	59	39	92	40	89	41	96	42	66	43	44	44	100	45	62	46	19	47	44	48	73	49	85	
	0	26	1	94	2	49	3	15	4	32	5	94	6	2	7	50	8	17	9	64	10	10	11	91	12	16	13	67	14	40	15	62	16	18	17	52	18	46	19	29	20	12	21	30	22	83	23	73	24	32	25	70	26	11	27	82	28	23	29	29	30	17	31	25	32	51	33	13	34	25	35	88	36	76	37	93	38	75	39	61	40	5	41	53	42	28	43	92	44	54	45	45	46	97	47	55	48	56	49	82	
	0	85	1	25	2	60	3	99	4	48	5	14	6	32	7	87	8	22	9	73	10	44	11	24	12	32	13	36	14	3	15	24	16	95	17	98	18	11	19	88	20	76	21	13	22	74	23	90	24	21	25	55	26	22	27	87	28	51	29	34	30	75	31	46	32	47	33	82	34	85	35	89	36	39	37	63	38	79	39	58	40	45	41	4	42	38	43	38	44	27	45	84	46	98	47	90	48	63	49	69	
	0	87	1	87	2	5	3	34	4	48	5	87	6	61	7	15	8	26	9	18	10	50	11	91	12	55	13	91	14	66	15	43	16	58	17	85	18	95	19	6	20	24	21	55	22	77	23	7	24	33	25	80	26	84	27	63	28	17	29	79	30	29	31	4	32	49	33	49	34	51	35	20	36	21	37	17	38	55	39	33	40	41	41	2	42	59	43	74	44	97	45	2	46	31	47	1	48	22	49	31	
	0	78	1	8	2	23	3	98	4	2	5	9	6	20	7	71	8	45	9	15	10	91	11	23	12	20	13	75	14	77	15	79	16	60	17	88	18	31	19	95	20	59	21	80	22	18	23	23	24	1	25	91	26	57	27	17	28	61	29	95	30	7	31	54	32	4	33	25	34	45	35	43	36	40	37	58	38	53	39	2	40	73	41	50	42	17	43	11	44	93	45	99	46	47	47	97	48	62	49	60	
	0	22	1	45	2	7	3	85	4	11	5	41	6	76	7	34	8	21	9	38	10	62	11	6	12	47	13	92	14	43	15	85	16	97	17	31	18	50	19	11	20	74	21	59	22	8	23	78	24	37	25	18	26	7	27	32	28	98	29	7	30	12	31	89	32	17	33	27	34	21	35	79	36	2	37	15	38	24	39	83	40	11	41	8	42	99	43	41	44	91	45	11	46	36	47	44	48	96	49	41	
	0	25	1	48	2	25	3	84	4	82	5	29	6	90	7	77	8	12	9	69	10	8	11	44	12	82	13	11	14	36	15	86	16	57	17	79	18	4	19	54	20	69	21	2	22	67	23	52	24	20	25	10	26	99	27	84	28	40	29	6	30	29	31	94	32	21	33	8	34	24	35	23	36	23	37	33	38	58	39	14	40	1	41	43	42	60	43	18	44	64	45	22	46	56	47	89	48	1	49	48	
	0	18	1	66	2	27	3	15	4	56	5	96	6	44	7	37	8	3	9	10	10	86	11	68	12	96	13	100	14	1	15	8	16	80	17	92	18	24	19	12	20	61	21	51	22	49	23	77	24	93	25	35	26	87	27	15	28	76	29	76	30	63	31	51	32	6	33	3	34	19	35	34	36	14	37	23	38	43	39	39	40	87	41	95	42	6	43	24	44	26	45	81	46	54	47	19	48	17	49	93	
	0	59	1	40	2	99	3	47	4	38	5	100	6	37	7	72	8	89	9	60	10	29	11	32	12	80	13	44	14	29	15	48	16	3	17	19	18	14	19	58	20	91	21	59	22	87	23	69	24	100	25	19	26	50	27	29	28	71	29	82	30	39	31	96	32	58	33	52	34	57	35	35	36	37	37	59	38	66	39	68	40	92	41	62	42	82	43	96	44	47	45	38	46	51	47	90	48	89	49	74	
	0	67	1	86	2	58	3	82	4	19	5	61	6	8	7	86	8	93	9	18	10	25	11	36	12	14	13	58	14	20	15	3	16	43	17	69	18	17	19	95	20	13	21	21	22	99	23	10	24	47	25	36	26	33	27	73	28	96	29	17	30	80	31	44	32	98	33	84	34	13	35	56	36	99	37	27	38	50	39	79	40	58	41	82	42	16	43	34	44	90	45	71	46	49	47	39	48	23	49	39	
	0	63	1	63	2	26	3	61	4	38	5	94	6	89	7	41	8	57	9	54	10	31	11	61	12	24	13	87	14	54	15	15	16	91	17	88	18	78	19	75	20	51	21	71	22	41	23	36	24	92	25	51	26	74	27	55	28	69	29	47	30	48	31	85	32	75	33	12	34	45	35	25	36	17	37	23	38	63	39	5	40	89	41	89	42	58	43	82	44	42	45	100	46	35	47	24	48	9	49	55	
	0	6	1	88	2	29	3	67	4	39	5	49	6	56	7	16	8	100	9	57	10	16	11	83	12	15	13	73	14	73	15	25	16	82	17	93	18	96	19	14	20	29	21	70	22	43	23	1	24	63	25	11	26	44	27	23	28	18	29	14	30	31	31	32	32	89	33	95	34	54	35	37	36	88	37	27	38	60	39	16	40	23	41	51	42	19	43	39	44	26	45	97	46	72	47	7	48	9	49	100	
	0	59	1	65	2	40	3	48	4	15	5	94	6	36	7	61	8	56	9	77	10	42	11	85	12	97	13	35	14	92	15	8	16	89	17	83	18	78	19	100	20	2	21	16	22	22	23	71	24	73	25	51	26	89	27	4	28	32	29	77	30	50	31	47	32	95	33	14	34	40	35	17	36	83	37	82	38	55	39	16	40	4	41	68	42	36	43	17	44	62	45	89	46	56	47	35	48	75	49	55	
	0	79	1	47	2	64	3	8	4	54	5	5	6	89	7	86	8	59	9	23	10	23	11	24	12	36	13	27	14	43	15	87	16	52	17	3	18	89	19	18	20	29	21	72	22	74	23	98	24	71	25	94	26	78	27	6	28	27	29	59	30	74	31	67	32	71	33	5	34	59	35	90	36	15	37	51	38	37	39	54	40	16	41	60	42	3	43	4	44	13	45	21	46	87	47	62	48	72	49	97	
	0	37	1	17	2	11	3	68	4	77	5	85	6	91	7	25	8	47	9	81	10	6	11	74	12	59	13	93	14	29	15	41	16	90	17	61	18	86	19	71	20	25	21	90	22	96	23	53	24	20	25	56	26	3	27	52	28	31	29	34	30	60	31	8	32	76	33	92	34	3	35	17	36	38	37	15	38	21	39	73	40	7	41	11	42	33	43	94	44	31	45	79	46	41	47	15	48	2	49	87	
	0	93	1	50	2	3	3	22	4	4	5	74	6	32	7	64	8	36	9	55	10	99	11	98	12	73	13	86	14	98	15	94	16	70	17	23	18	87	19	38	20	64	21	19	22	98	23	24	24	11	25	44	26	49	27	36	28	8	29	19	30	83	31	49	32	68	33	88	34	60	35	62	36	16	37	1	38	41	39	29	40	26	41	41	42	27	43	36	44	99	45	37	46	71	47	92	48	60	49	98	
	0	89	1	48	2	57	3	78	4	26	5	78	6	46	7	79	8	9	9	27	10	73	11	90	12	40	13	58	14	9	15	45	16	29	17	22	18	35	19	60	20	52	21	87	22	6	23	11	24	36	25	55	26	89	27	81	28	26	29	13	30	36	31	66	32	61	33	55	34	79	35	13	36	21	37	40	38	97	39	13	40	59	41	22	42	4	43	7	44	14	45	2	46	31	47	9	48	29	49	7	
	0	25	1	46	2	92	3	45	4	80	5	97	6	92	7	90	8	35	9	48	10	48	11	55	12	92	13	74	14	66	15	45	16	79	17	99	18	63	19	100	20	55	21	44	22	55	23	12	24	94	25	10	26	81	27	2	28	38	29	55	30	28	31	91	32	55	33	84	34	98	35	12	36	72	37	30	38	97	39	23	40	54	41	80	42	12	43	50	44	47	45	83	46	36	47	85	48	24	49	65	
	0	18	1	94	2	94	3	33	4	38	5	57	6	99	7	7	8	96	9	58	10	17	11	20	12	50	13	7	14	52	15	32	16	37	17	35	18	30	19	28	20	58	21	85	22	57	23	44	24	24	25	91	26	92	27	5	28	83	29	54	30	38	31	21	32	4	33	59	34	28	35	31	36	82	37	44	38	78	39	91	40	16	41	57	42	78	43	28	44	39	45	83	46	92	47	8	48	27	49	3	
	0	2	1	81	2	7	3	48	4	72	5	21	6	93	7	82	8	13	9	48	10	95	11	82	12	17	13	86	14	53	15	79	16	14	17	8	18	1	19	23	20	91	21	61	22	73	23	12	24	39	25	30	26	59	27	35	28	32	29	7	30	78	31	83	32	56	33	62	34	81	35	96	36	24	37	1	38	90	39	70	40	68	41	35	42	93	43	4	44	75	45	53	46	39	47	29	48	85	49	78	
	0	94	1	9	2	10	3	1	4	6	5	14	6	9	7	40	8	79	9	44	10	27	11	94	12	62	13	80	14	7	15	42	16	6	17	72	18	40	19	50	20	5	21	27	22	78	23	28	24	96	25	35	26	5	27	76	28	39	29	61	30	43	31	74	32	97	33	58	34	48	35	44	36	20	37	80	38	97	39	80	40	26	41	16	42	58	43	48	44	49	45	45	46	65	47	75	48	12	49	34	
	0	81	1	47	2	3	3	58	4	87	5	49	6	59	7	49	8	45	9	65	10	32	11	80	12	97	13	36	14	78	15	6	16	73	17	13	18	95	19	42	20	29	21	47	22	7	23	64	24	24	25	73	26	92	27	91	28	20	29	87	30	62	31	53	32	94	33	69	34	47	35	47	36	79	37	35	38	24	39	77	40	50	41	71	42	68	43	58	44	79	45	76	46	65	47	93	48	67	49	96	
	0	58	1	86	2	66	3	5	4	96	5	12	6	6	7	57	8	66	9	5	10	6	11	83	12	92	13	85	14	31	15	19	16	34	17	37	18	14	19	97	20	34	21	75	22	57	23	35	24	32	25	54	26	76	27	21	28	95	29	91	30	69	31	46	32	22	33	11	34	23	35	65	36	41	37	33	38	87	39	57	40	33	41	28	42	97	43	75	44	22	45	38	46	61	47	89	48	24	49	5	
	0	24	1	61	2	10	3	95	4	13	5	100	6	24	7	57	8	98	9	81	10	87	11	12	12	92	13	97	14	27	15	95	16	34	17	4	18	52	19	61	20	3	21	28	22	18	23	24	24	38	25	47	26	96	27	16	28	72	29	19	30	33	31	14	32	25	33	21	34	50	35	29	36	7	37	66	38	23	39	94	40	24	41	78	42	68	43	88	44	90	45	87	46	60	47	6	48	82	49	46	
	0	86	1	78	2	55	3	14	4	9	5	76	6	13	7	18	8	14	9	95	10	30	11	46	12	44	13	49	14	88	15	62	16	92	17	61	18	58	19	97	20	94	21	6	22	77	23	32	24	8	25	63	26	47	27	76	28	18	29	21	30	59	31	47	32	72	33	30	34	26	35	59	36	69	37	8	38	78	39	37	40	45	41	36	42	37	43	89	44	9	45	53	46	27	47	99	48	30	49	91	
	0	42	1	62	2	56	3	92	4	67	5	37	6	78	7	65	8	17	9	14	10	45	11	76	12	48	13	35	14	49	15	23	16	40	17	76	18	31	19	93	20	97	21	56	22	24	23	25	24	29	25	84	26	14	27	39	28	56	29	50	30	70	31	15	32	4	33	40	34	99	35	21	36	32	37	35	38	27	39	38	40	35	41	91	42	76	43	42	44	39	45	13	46	9	47	87	48	6	49	4	
	0	34	1	39	2	46	3	15	4	78	5	47	6	73	7	100	8	69	9	82	10	45	11	1	12	11	13	25	14	27	15	59	16	20	17	100	18	89	19	55	20	33	21	59	22	14	23	86	24	100	25	11	26	58	27	15	28	32	29	24	30	8	31	56	32	59	33	49	34	4	35	85	36	50	37	6	38	21	39	47	40	79	41	63	42	52	43	69	44	94	45	69	46	67	47	91	48	42	49	42	
	0	10	1	37	2	30	3	10	4	40	5	40	6	16	7	81	8	90	9	10	10	34	11	76	12	88	13	98	14	58	15	20	16	29	17	76	18	89	19	10	20	2	21	43	22	75	23	85	24	14	25	10	26	13	27	83	28	77	29	85	30	15	31	50	32	7	33	13	34	93	35	84	36	97	37	99	38	33	39	77	40	7	41	37	42	12	43	89	44	69	45	72	46	63	47	67	48	64	49	10	
	0	32	1	44	2	11	3	36	4	42	5	37	6	3	7	60	8	81	9	75	10	37	11	8	12	48	13	21	14	56	15	87	16	58	17	45	18	12	19	5	20	43	21	93	22	93	23	11	24	88	25	66	26	64	27	85	28	61	29	26	30	16	31	52	32	76	33	82	34	9	35	4	36	48	37	31	38	43	39	94	40	91	41	33	42	1	43	16	44	28	45	31	46	13	47	14	48	57	49	30	
	0	57	1	93	2	94	3	13	4	28	5	11	6	72	7	90	8	43	9	94	10	93	11	43	12	38	13	5	14	19	15	81	16	7	17	21	18	16	19	38	20	42	21	98	22	42	23	46	24	84	25	54	26	96	27	55	28	34	29	87	30	22	31	5	32	76	33	80	34	89	35	32	36	4	37	74	38	51	39	95	40	65	41	81	42	98	43	79	44	22	45	75	46	3	47	54	48	49	49	26	
	0	7	1	50	2	84	3	62	4	94	5	36	6	11	7	57	8	92	9	45	10	75	11	62	12	69	13	95	14	59	15	85	16	85	17	91	18	21	19	84	20	5	21	20	22	31	23	48	24	69	25	65	26	93	27	36	28	71	29	23	30	56	31	28	32	37	33	36	34	49	35	94	36	67	37	100	38	12	39	93	40	40	41	86	42	7	43	34	44	43	45	37	46	11	47	4	48	61	49	46	
	0	7	1	69	2	62	3	97	4	60	5	11	6	74	7	18	8	57	9	65	10	23	11	13	12	99	13	50	14	5	15	32	16	69	17	8	18	77	19	86	20	39	21	70	22	91	23	10	24	8	25	37	26	86	27	9	28	26	29	5	30	46	31	39	32	9	33	64	34	63	35	9	36	57	37	16	38	92	39	53	40	75	41	46	42	3	43	29	44	86	45	24	46	72	47	5	48	27	49	14	
	0	25	1	7	2	2	3	69	4	45	5	28	6	52	7	97	8	36	9	61	10	75	11	53	12	8	13	73	14	65	15	74	16	70	17	78	18	81	19	57	20	80	21	8	22	22	23	14	24	64	25	57	26	34	27	10	28	29	29	32	30	49	31	93	32	41	33	85	34	16	35	89	36	84	37	85	38	4	39	95	40	92	41	39	42	83	43	3	44	3	45	26	46	1	47	39	48	89	49	75	
	0	100	1	97	2	94	3	11	4	16	5	3	6	20	7	55	8	7	9	76	10	70	11	28	12	73	13	89	14	27	15	57	16	30	17	26	18	58	19	80	20	1	21	22	22	35	23	17	24	1	25	47	26	42	27	26	28	50	29	67	30	83	31	8	32	91	33	17	34	38	35	27	36	100	37	47	38	29	39	25	40	72	41	3	42	21	43	93	44	64	45	10	46	18	47	44	48	78	49	69	
	0	88	1	98	2	21	3	28	4	47	5	97	6	49	7	58	8	13	9	10	10	9	11	10	12	96	13	53	14	70	15	59	16	71	17	28	18	33	19	11	20	74	21	77	22	37	23	79	24	46	25	25	26	70	27	63	28	54	29	32	30	84	31	17	32	57	33	22	34	73	35	95	36	89	37	41	38	16	39	82	40	26	41	98	42	4	43	55	44	80	45	78	46	83	47	81	48	1	49	97	
	0	37	1	26	2	3	3	98	4	10	5	2	6	94	7	25	8	59	9	90	10	79	11	27	12	59	13	70	14	78	15	45	16	41	17	76	18	90	19	7	20	10	21	6	22	43	23	1	24	96	25	27	26	15	27	75	28	20	29	79	30	22	31	62	32	2	33	34	34	76	35	47	36	24	37	62	38	45	39	40	40	47	41	41	42	42	43	3	44	63	45	92	46	43	47	70	48	64	49	71	
	0	73	1	81	2	41	3	47	4	69	5	31	6	57	7	34	8	46	9	60	10	85	11	59	12	40	13	60	14	45	15	49	16	82	17	94	18	47	19	54	20	43	21	96	22	70	23	100	24	13	25	94	26	16	27	92	28	51	29	54	30	32	31	16	32	46	33	98	34	92	35	30	36	43	37	25	38	18	39	72	40	55	41	85	42	89	43	27	44	99	45	75	46	87	47	80	48	43	49	62	
	0	46	1	54	2	59	3	97	4	32	5	97	6	82	7	22	8	19	9	89	10	23	11	88	12	40	13	58	14	13	15	54	16	56	17	36	18	50	19	39	20	57	21	100	22	56	23	46	24	64	25	30	26	53	27	22	28	70	29	75	30	5	31	98	32	49	33	66	34	70	35	44	36	13	37	18	38	96	39	9	40	16	41	79	42	91	43	93	44	83	45	50	46	58	47	40	48	99	49	21	
	0	42	1	20	2	41	3	56	4	76	5	67	6	38	7	73	8	68	9	34	10	95	11	1	12	63	13	28	14	9	15	75	16	68	17	4	18	88	19	57	20	35	21	42	22	78	23	95	24	18	25	16	26	99	27	72	28	2	29	30	30	8	31	91	32	26	33	5	34	17	35	82	36	91	37	41	38	21	39	62	40	28	41	6	42	10	43	84	44	57	45	87	46	45	47	80	48	76	49	98	
	0	59	1	12	2	91	3	60	4	21	5	72	6	9	7	18	8	46	9	76	10	27	11	11	12	72	13	72	14	3	15	77	16	11	17	67	18	73	19	14	20	74	21	51	22	35	23	11	24	14	25	2	26	79	27	99	28	69	29	66	30	27	31	94	32	52	33	23	34	56	35	45	36	6	37	6	38	32	39	11	40	41	41	54	42	71	43	63	44	6	45	35	46	33	47	29	48	17	49	26	
	0	35	1	51	2	23	3	15	4	43	5	76	6	61	7	100	8	25	9	24	10	66	11	84	12	20	13	59	14	37	15	24	16	51	17	40	18	4	19	49	20	42	21	14	22	33	23	89	24	57	25	22	26	99	27	76	28	95	29	4	30	97	31	61	32	75	33	16	34	63	35	95	36	44	37	74	38	62	39	14	40	80	41	89	42	63	43	1	44	36	45	93	46	40	47	89	48	30	49	73	
	0	7	1	70	2	24	3	43	4	12	5	30	6	21	7	11	8	62	9	48	10	78	11	55	12	25	13	50	14	71	15	26	16	7	17	46	18	39	19	60	20	16	21	7	22	78	23	16	24	65	25	56	26	15	27	89	28	38	29	91	30	95	31	47	32	8	33	100	34	13	35	48	36	39	37	81	38	31	39	40	40	91	41	50	42	66	43	93	44	86	45	74	46	46	47	99	48	18	49	64	
	0	64	1	15	2	37	3	28	4	57	5	68	6	3	7	98	8	52	9	39	10	7	11	38	12	29	13	40	14	15	15	23	16	7	17	22	18	93	19	26	20	15	21	28	22	47	23	66	24	2	25	87	26	76	27	64	28	60	29	64	30	48	31	41	32	95	33	98	34	31	35	57	36	96	37	33	38	85	39	65	40	33	41	22	42	43	43	6	44	84	45	87	46	38	47	83	48	100	49	43	
	0	76	1	24	2	74	3	47	4	77	5	52	6	95	7	12	8	99	9	94	10	21	11	6	12	46	13	14	14	11	15	46	16	91	17	98	18	19	19	99	20	76	21	12	22	27	23	35	24	82	25	26	26	60	27	92	28	15	29	53	30	48	31	63	32	67	33	92	34	95	35	25	36	70	37	37	38	56	39	41	40	70	41	42	42	49	43	75	44	88	45	86	46	33	47	95	48	98	49	59	
	0	22	1	42	2	100	3	23	4	17	5	41	6	95	7	95	8	14	9	47	10	2	11	40	12	24	13	21	14	58	15	34	16	5	17	90	18	49	19	28	20	39	21	98	22	15	23	41	24	81	25	44	26	60	27	49	28	73	29	23	30	18	31	51	32	26	33	70	34	67	35	11	36	53	37	29	38	48	39	13	40	60	41	76	42	62	43	57	44	88	45	34	46	92	47	86	48	90	49	19	
	0	50	1	97	2	90	3	94	4	73	5	63	6	39	7	22	8	77	9	79	10	66	11	93	12	32	13	55	14	77	15	39	16	11	17	19	18	64	19	94	20	16	21	20	22	76	23	27	24	63	25	14	26	52	27	85	28	50	29	92	30	29	31	10	32	82	33	5	34	61	35	69	36	3	37	68	38	1	39	51	40	48	41	13	42	49	43	3	44	35	45	51	46	73	47	98	48	32	49	99	
	0	21	1	1	2	62	3	23	4	69	5	44	6	22	7	37	8	67	9	3	10	29	11	43	12	11	13	28	14	24	15	47	16	93	17	44	18	87	19	15	20	62	21	89	22	75	23	74	24	25	25	94	26	81	27	99	28	77	29	21	30	61	31	48	32	1	33	1	34	40	35	76	36	71	37	87	38	66	39	49	40	98	41	87	42	55	43	16	44	10	45	69	46	13	47	71	48	2	49	99	
	0	83	1	65	2	62	3	7	4	9	5	19	6	43	7	97	8	9	9	99	10	57	11	33	12	54	13	13	14	44	15	15	16	100	17	93	18	34	19	40	20	28	21	87	22	16	23	62	24	5	25	7	26	40	27	1	28	48	29	45	30	72	31	9	32	84	33	10	34	14	35	68	36	71	37	74	38	87	39	60	40	34	41	46	42	73	43	94	44	4	45	14	46	9	47	62	48	63	49	15	
	0	99	1	3	2	15	3	25	4	98	5	96	6	71	7	68	8	88	9	8	10	69	11	78	12	78	13	47	14	26	15	86	16	24	17	34	18	52	19	57	20	89	21	9	22	2	23	69	24	34	25	97	26	82	27	27	28	89	29	27	30	53	31	57	32	24	33	76	34	27	35	46	36	68	37	40	38	61	39	94	40	42	41	79	42	69	43	33	44	5	45	96	46	98	47	65	48	74	49	47	
	0	13	1	39	2	20	3	69	4	95	5	56	6	50	7	12	8	97	9	89	10	68	11	14	12	50	13	21	14	43	15	88	16	69	17	87	18	6	19	30	20	47	21	58	22	26	23	44	24	87	25	62	26	84	27	9	28	41	29	82	30	6	31	89	32	9	33	17	34	21	35	50	36	39	37	22	38	7	39	56	40	16	41	66	42	25	43	22	44	54	45	77	46	7	47	1	48	76	49	73	
	0	63	1	7	2	25	3	48	4	76	5	52	6	8	7	34	8	44	9	65	10	26	11	34	12	6	13	67	14	40	15	61	16	91	17	76	18	80	19	13	20	35	21	57	22	91	23	41	24	97	25	79	26	57	27	10	28	32	29	72	30	96	31	57	32	24	33	55	34	86	35	60	36	8	37	52	38	63	39	64	40	69	41	29	42	100	43	89	44	89	45	73	46	99	47	5	48	59	49	70	
	0	59	1	87	2	60	3	84	4	71	5	99	6	28	7	42	8	91	9	48	10	78	11	89	12	66	13	82	14	36	15	65	16	12	17	74	18	43	19	98	20	9	21	52	22	15	23	100	24	7	25	23	26	91	27	30	28	49	29	1	30	41	31	49	32	8	33	53	34	78	35	19	36	59	37	62	38	37	39	47	40	19	41	86	42	9	43	53	44	2	45	33	46	80	47	45	48	54	49	49	
	0	59	1	40	2	88	3	22	4	53	5	71	6	46	7	3	8	69	9	4	10	19	11	43	12	12	13	81	14	19	15	31	16	23	17	16	18	32	19	9	20	57	21	37	22	67	23	58	24	21	25	50	26	79	27	77	28	60	29	72	30	3	31	62	32	18	33	8	34	43	35	59	36	64	37	29	38	43	39	42	40	77	41	94	42	4	43	81	44	53	45	65	46	24	47	8	48	24	49	89	
	0	96	1	28	2	60	3	85	4	37	5	2	6	15	7	53	8	45	9	78	10	91	11	46	12	16	13	93	14	11	15	52	16	87	17	70	18	87	19	51	20	56	21	88	22	85	23	8	24	92	25	18	26	48	27	13	28	23	29	74	30	30	31	76	32	50	33	24	34	37	35	38	36	75	37	63	38	14	39	83	40	49	41	64	42	42	43	66	44	73	45	10	46	70	47	10	48	86	49	11	
	0	99	1	69	2	99	3	93	4	16	5	2	6	60	7	47	8	68	9	2	10	71	11	7	12	80	13	7	14	28	15	100	16	77	17	64	18	51	19	48	20	74	21	34	22	54	23	91	24	97	25	21	26	35	27	65	28	56	29	84	30	64	31	10	32	44	33	94	34	10	35	65	36	2	37	12	38	23	39	6	40	10	41	83	42	34	43	36	44	6	45	68	46	18	47	12	48	51	49	73	
	0	98	1	71	2	11	3	12	4	36	5	68	6	47	7	54	8	4	9	21	10	71	11	12	12	44	13	8	14	69	15	82	16	58	17	51	18	91	19	46	20	66	21	41	22	18	23	73	24	30	25	44	26	12	27	49	28	48	29	8	30	25	31	30	32	44	33	90	34	57	35	87	36	8	37	38	38	65	39	34	40	60	41	3	42	85	43	36	44	78	45	80	46	43	47	74	48	79	49	56	
	0	55	1	12	2	76	3	88	4	8	5	60	6	1	7	17	8	50	9	20	10	100	11	77	12	4	13	58	14	57	15	94	16	20	17	17	18	17	19	18	20	19	21	60	22	69	23	31	24	85	25	3	26	55	27	39	28	14	29	42	30	85	31	32	32	47	33	74	34	9	35	37	36	19	37	99	38	21	39	13	40	72	41	88	42	35	43	74	44	47	45	11	46	49	47	79	48	53	49	24	
	0	28	1	23	2	96	3	65	4	54	5	56	6	7	7	20	8	10	9	3	10	90	11	65	12	84	13	3	14	65	15	36	16	6	17	98	18	75	19	99	20	83	21	33	22	7	23	48	24	15	25	43	26	96	27	1	28	20	29	16	30	11	31	94	32	36	33	89	34	85	35	100	36	91	37	56	38	67	39	21	40	96	41	18	42	78	43	3	44	63	45	36	46	71	47	34	48	87	49	34	
	0	82	1	3	2	67	3	37	4	89	5	6	6	19	7	77	8	48	9	57	10	25	11	71	12	45	13	85	14	49	15	52	16	2	17	82	18	75	19	21	20	33	21	89	22	60	23	27	24	94	25	54	26	48	27	73	28	4	29	88	30	58	31	34	32	22	33	99	34	97	35	13	36	16	37	89	38	4	39	67	40	95	41	62	42	42	43	6	44	29	45	7	46	68	47	56	48	94	49	55	
	0	96	1	88	2	9	3	23	4	46	5	99	6	28	7	11	8	38	9	100	10	52	11	2	12	33	13	20	14	27	15	13	16	21	17	84	18	67	19	33	20	77	21	1	22	68	23	81	24	25	25	98	26	55	27	11	28	68	29	38	30	30	31	74	32	8	33	97	34	52	35	5	36	43	37	1	38	10	39	93	40	76	41	5	42	31	43	48	44	76	45	54	46	22	47	14	48	79	49	55	
	0	50	1	74	2	42	3	95	4	44	5	30	6	96	7	67	8	17	9	80	10	90	11	21	12	2	13	55	14	36	15	7	16	29	17	98	18	38	19	41	20	4	21	37	22	71	23	66	24	50	25	95	26	6	27	95	28	27	29	85	30	55	31	30	32	38	33	83	34	76	35	66	36	42	37	24	38	21	39	76	40	48	41	72	42	41	43	38	44	29	45	91	46	32	47	64	48	44	49	10	
	0	7	1	95	2	20	3	70	4	36	5	53	6	95	7	77	8	23	9	76	10	42	11	23	12	100	13	5	14	61	15	38	16	66	17	49	18	67	19	59	20	81	21	70	22	97	23	26	24	78	25	35	26	80	27	42	28	29	29	62	30	37	31	85	32	87	33	48	34	56	35	57	36	5	37	96	38	64	39	35	40	48	41	100	42	34	43	27	44	56	45	91	46	41	47	70	48	37	49	60	
	0	11	1	52	2	81	3	49	4	15	5	26	6	20	7	78	8	87	9	67	10	28	11	10	12	40	13	59	14	66	15	90	16	88	17	69	18	71	19	93	20	92	21	42	22	24	23	11	24	52	25	15	26	97	27	41	28	29	29	39	30	76	31	75	32	42	33	27	34	87	35	89	36	34	37	47	38	95	39	50	40	73	41	22	42	52	43	3	44	85	45	28	46	54	47	60	48	57	49	24	
	0	54	1	84	2	87	3	32	4	99	5	21	6	8	7	51	8	53	9	55	10	13	11	65	12	60	13	91	14	59	15	27	16	20	17	66	18	34	19	3	20	16	21	8	22	27	23	73	24	64	25	27	26	97	27	64	28	78	29	39	30	51	31	10	32	98	33	43	34	29	35	50	36	6	37	7	38	77	39	44	40	26	41	73	42	81	43	12	44	31	45	87	46	78	47	37	48	19	49	3	
	0	39	1	9	2	70	3	19	4	44	5	9	6	8	7	88	8	34	9	15	10	71	11	61	12	86	13	16	14	39	15	40	16	94	17	73	18	76	19	96	20	64	21	21	22	77	23	3	24	81	25	36	26	60	27	4	28	85	29	8	30	58	31	50	32	78	33	1	34	57	35	67	36	22	37	12	38	79	39	67	40	90	41	61	42	3	43	65	44	65	45	49	46	44	47	56	48	19	49	7	
	0	62	1	32	2	84	3	39	4	10	5	96	6	17	7	29	8	72	9	44	10	70	11	1	12	92	13	48	14	97	15	3	16	54	17	24	18	51	19	98	20	43	21	48	22	16	23	58	24	22	25	51	26	61	27	30	28	95	29	67	30	23	31	26	32	15	33	35	34	27	35	74	36	17	37	6	38	74	39	39	40	62	41	37	42	78	43	91	44	44	45	56	46	14	47	3	48	92	49	59	
	0	63	1	67	2	98	3	18	4	64	5	78	6	18	7	52	8	74	9	87	10	74	11	57	12	77	13	68	14	16	15	38	16	14	17	29	18	70	19	22	20	19	21	83	22	3	23	23	24	48	25	79	26	84	27	61	28	4	29	49	30	80	31	51	32	7	33	81	34	38	35	55	36	63	37	5	38	38	39	82	40	79	41	59	42	95	43	25	44	39	45	15	46	72	47	60	48	56	49	44	
	0	53	1	19	2	51	3	27	4	17	5	80	6	9	7	60	8	38	9	22	10	31	11	21	12	53	13	36	14	99	15	51	16	93	17	25	18	95	19	15	20	99	21	80	22	53	23	39	24	96	25	56	26	72	27	9	28	23	29	62	30	39	31	73	32	97	33	64	34	80	35	12	36	79	37	62	38	61	39	71	40	47	41	88	42	19	43	91	44	96	45	78	46	99	47	99	48	48	49	69	
	0	66	1	1	2	51	3	51	4	43	5	66	6	26	7	42	8	37	9	84	10	90	11	46	12	72	13	73	14	84	15	24	16	82	17	62	18	26	19	56	20	31	21	31	22	8	23	27	24	60	25	19	26	48	27	2	28	26	29	81	30	15	31	98	32	23	33	49	34	98	35	25	36	35	37	72	38	78	39	19	40	60	41	74	42	52	43	74	44	66	45	18	46	52	47	76	48	47	49	65	
	0	17	1	78	2	100	3	45	4	43	5	19	6	75	7	10	8	89	9	3	10	13	11	82	12	30	13	86	14	21	15	68	16	27	17	5	18	30	19	23	20	34	21	95	22	87	23	57	24	30	25	89	26	7	27	44	28	3	29	72	30	100	31	2	32	29	33	89	34	52	35	33	36	85	37	35	38	30	39	18	40	48	41	77	42	15	43	69	44	81	45	11	46	83	47	91	48	58	49	75	
	0	83	1	56	2	59	3	53	4	5	5	68	6	51	7	48	8	72	9	58	10	27	11	24	12	78	13	95	14	13	15	64	16	50	17	50	18	70	19	68	20	3	21	48	22	52	23	37	24	25	25	79	26	92	27	2	28	54	29	92	30	88	31	16	32	72	33	70	34	32	35	42	36	53	37	35	38	59	39	69	40	52	41	13	42	77	43	7	44	60	45	45	46	93	47	31	48	47	49	84	
	0	94	1	38	2	65	3	84	4	42	5	70	6	59	7	8	8	86	9	75	10	63	11	96	12	20	13	10	14	94	15	66	16	99	17	98	18	41	19	61	20	71	21	82	22	41	23	8	24	57	25	6	26	54	27	57	28	66	29	34	30	47	31	56	32	32	33	73	34	76	35	58	36	29	37	56	38	16	39	71	40	53	41	86	42	59	43	84	44	14	45	67	46	16	47	79	48	63	49	37	
	0	73	1	56	2	10	3	91	4	40	5	36	6	7	7	49	8	12	9	85	10	39	11	46	12	65	13	38	14	30	15	1	16	5	17	27	18	17	19	19	20	37	21	84	22	63	23	18	24	16	25	74	26	3	27	35	28	39	29	67	30	76	31	94	32	71	33	23	34	1	35	98	36	56	37	40	38	11	39	32	40	74	41	23	42	29	43	14	44	46	45	65	46	46	47	61	48	50	49	49	
	0	15	1	84	2	70	3	21	4	74	5	76	6	80	7	84	8	50	9	88	10	27	11	34	12	37	13	34	14	49	15	90	16	91	17	33	18	70	19	13	20	89	21	79	22	45	23	73	24	51	25	6	26	70	27	90	28	14	29	38	30	41	31	1	32	26	33	86	34	87	35	55	36	20	37	84	38	42	39	8	40	92	41	88	42	100	43	81	44	43	45	97	46	45	47	53	48	16	49	43	
	0	78	1	79	2	81	3	81	4	19	5	1	6	9	7	39	8	64	9	12	10	20	11	68	12	85	13	92	14	15	15	5	16	71	17	64	18	74	19	74	20	38	21	56	22	24	23	79	24	21	25	19	26	27	27	23	28	49	29	16	30	17	31	97	32	3	33	93	34	43	35	95	36	22	37	61	38	76	39	4	40	13	41	96	42	89	43	99	44	5	45	36	46	45	47	78	48	86	49	68	
	0	24	1	85	2	17	3	78	4	47	5	3	6	79	7	57	8	11	9	64	10	88	11	78	12	81	13	49	14	10	15	75	16	94	17	53	18	45	19	79	20	35	21	29	22	68	23	93	24	42	25	34	26	63	27	11	28	20	29	28	30	78	31	46	32	10	33	59	34	81	35	4	36	35	37	14	38	93	39	27	40	60	41	67	42	18	43	37	44	49	45	97	46	67	47	86	48	92	49	35	
	0	56	1	37	2	63	3	82	4	3	5	60	6	53	7	94	8	31	9	7	10	73	11	67	12	5	13	23	14	60	15	30	16	100	17	88	18	7	19	35	20	68	21	12	22	78	23	97	24	8	25	20	26	32	27	73	28	41	29	14	30	79	31	100	32	59	33	25	34	47	35	16	36	84	37	12	38	87	39	43	40	35	41	62	42	55	43	23	44	99	45	18	46	6	47	22	48	37	49	56	
	0	48	1	34	2	24	3	20	4	57	5	98	6	24	7	95	8	2	9	27	10	85	11	6	12	76	13	45	14	71	15	38	16	79	17	10	18	55	19	70	20	88	21	25	22	69	23	42	24	99	25	33	26	14	27	68	28	52	29	97	30	4	31	39	32	21	33	48	34	76	35	64	36	37	37	62	38	40	39	11	40	4	41	77	42	91	43	18	44	52	45	6	46	38	47	43	48	24	49	88	
	0	73	1	25	2	31	3	44	4	11	5	45	6	64	7	64	8	88	9	9	10	46	11	93	12	41	13	48	14	51	15	96	16	89	17	20	18	98	19	100	20	22	21	50	22	61	23	18	24	98	25	4	26	65	27	83	28	46	29	6	30	37	31	43	32	38	33	62	34	6	35	83	36	19	37	69	38	43	39	4	40	9	41	80	42	79	43	84	44	8	45	77	46	44	47	74	48	75	49	15	
	0	79	1	93	2	84	3	33	4	34	5	39	6	35	7	81	8	60	9	36	10	90	11	6	12	99	13	90	14	66	15	100	16	32	17	67	18	80	19	52	20	82	21	30	22	91	23	49	24	49	25	4	26	5	27	85	28	71	29	23	30	29	31	86	32	22	33	17	34	85	35	68	36	6	37	98	38	66	39	27	40	72	41	16	42	10	43	35	44	73	45	21	46	36	47	84	48	64	49	84	
	0	78	1	49	2	92	3	33	4	44	5	41	6	38	7	13	8	13	9	60	10	85	11	21	12	100	13	100	14	81	15	96	16	34	17	63	18	18	19	65	20	18	21	46	22	87	23	96	24	30	25	37	26	79	27	44	28	53	29	2	30	8	31	22	32	34	33	8	34	14	35	85	36	16	37	59	38	27	39	37	40	43	41	46	42	73	43	74	44	48	45	74	46	82	47	6	48	49	49	82	
	0	100	1	11	2	68	3	85	4	8	5	36	6	54	7	7	8	2	9	60	10	84	11	89	12	30	13	25	14	90	15	40	16	6	17	62	18	29	19	89	20	24	21	10	22	31	23	78	24	64	25	54	26	80	27	39	28	79	29	82	30	68	31	98	32	83	33	69	34	52	35	61	36	79	37	16	38	83	39	11	40	65	41	84	42	94	43	73	44	7	45	32	46	48	47	55	48	64	49	49	
	0	21	1	8	2	89	3	21	4	85	5	70	6	89	7	39	8	49	9	56	10	13	11	33	12	1	13	9	14	56	15	50	16	33	17	82	18	23	19	43	20	11	21	96	22	77	23	20	24	7	25	11	26	19	27	68	28	19	29	16	30	51	31	65	32	96	33	74	34	18	35	18	36	57	37	81	38	52	39	79	40	3	41	76	42	76	43	75	44	14	45	52	46	74	47	66	48	8	49	34	
	0	22	1	15	2	28	3	22	4	5	5	93	6	47	7	91	8	14	9	13	10	95	11	55	12	43	13	2	14	39	15	71	16	67	17	49	18	39	19	95	20	82	21	25	22	57	23	48	24	64	25	96	26	22	27	72	28	90	29	61	30	13	31	12	32	74	33	38	34	29	35	45	36	18	37	66	38	61	39	92	40	88	41	30	42	80	43	56	44	13	45	48	46	14	47	34	48	56	49	13	
	0	88	1	80	2	54	3	54	4	20	5	96	6	53	7	100	8	77	9	23	10	98	11	68	12	43	13	18	14	88	15	20	16	26	17	5	18	46	19	7	20	93	21	71	22	77	23	85	24	94	25	46	26	28	27	80	28	45	29	16	30	45	31	100	32	46	33	60	34	73	35	13	36	36	37	51	38	95	39	94	40	32	41	54	42	5	43	98	44	27	45	56	46	4	47	23	48	31	49	86	
	0	36	1	76	2	17	3	87	4	1	5	52	6	33	7	19	8	52	9	65	10	79	11	16	12	25	13	48	14	19	15	11	16	62	17	42	18	44	19	33	20	45	21	43	22	65	23	18	24	44	25	63	26	12	27	31	28	46	29	17	30	89	31	68	32	97	33	86	34	43	35	5	36	99	37	68	38	98	39	86	40	42	41	56	42	69	43	79	44	26	45	33	46	46	47	73	48	17	49	33	
	0	33	1	47	2	73	3	71	4	62	5	45	6	86	7	95	8	27	9	11	10	22	11	68	12	70	13	95	14	100	15	12	16	20	17	4	18	45	19	41	20	40	21	35	22	62	23	35	24	58	25	44	26	10	27	25	28	99	29	99	30	19	31	50	32	26	33	85	34	26	35	70	36	38	37	21	38	88	39	31	40	16	41	31	42	28	43	70	44	80	45	100	46	18	47	42	48	31	49	93	
	0	97	1	26	2	18	3	70	4	86	5	8	6	24	7	84	8	63	9	78	10	15	11	39	12	51	13	50	14	69	15	30	16	51	17	19	18	29	19	8	20	93	21	2	22	15	23	63	24	16	25	47	26	58	27	41	28	81	29	12	30	41	31	43	32	13	33	32	34	31	35	39	36	77	37	86	38	60	39	2	40	23	41	85	42	32	43	94	44	46	45	60	46	79	47	70	48	9	49	67	
	0	71	1	72	2	97	3	41	4	43	5	92	6	14	7	17	8	64	9	83	10	56	11	39	12	50	13	39	14	11	15	32	16	40	17	54	18	92	19	26	20	97	21	43	22	67	23	70	24	60	25	44	26	7	27	5	28	59	29	26	30	45	31	46	32	84	33	64	34	41	35	86	36	65	37	34	38	5	39	70	40	46	41	6	42	92	43	86	44	29	45	12	46	8	47	3	48	90	49	40	
	0	69	1	59	2	93	3	74	4	23	5	93	6	14	7	25	8	86	9	35	10	71	11	78	12	61	13	28	14	72	15	95	16	12	17	7	18	48	19	20	20	23	21	59	22	32	23	58	24	4	25	33	26	31	27	27	28	28	29	40	30	18	31	99	32	92	33	13	34	9	35	92	36	7	37	45	38	73	39	18	40	24	41	20	42	80	43	37	44	78	45	100	46	4	47	79	48	66	49	31	
	0	29	1	83	2	78	3	96	4	27	5	20	6	61	7	73	8	20	9	88	10	47	11	62	12	46	13	28	14	83	15	8	16	12	17	25	18	63	19	52	20	16	21	53	22	100	23	80	24	90	25	60	26	72	27	80	28	71	29	54	30	16	31	95	32	60	33	98	34	80	35	25	36	22	37	26	38	66	39	5	40	35	41	86	42	33	43	28	44	68	45	11	46	84	47	4	48	71	49	80	
	0	43	1	64	2	60	3	43	4	39	5	77	6	64	7	38	8	35	9	58	10	69	11	78	12	78	13	25	14	97	15	26	16	23	17	45	18	96	19	1	20	35	21	21	22	17	23	45	24	30	25	79	26	31	27	20	28	47	29	42	30	62	31	33	32	42	33	70	34	94	35	41	36	84	37	21	38	46	39	92	40	2	41	27	42	14	43	58	44	3	45	63	46	87	47	70	48	76	49	97	
	0	63	1	90	2	37	3	82	4	70	5	82	6	10	7	38	8	43	9	28	10	27	11	97	12	25	13	65	14	58	15	81	16	63	17	41	18	80	19	51	20	94	21	57	22	79	23	34	24	82	25	98	26	3	27	77	28	3	29	23	30	31	31	77	32	27	33	63	34	51	35	26	36	33	37	69	38	37	39	99	40	96	41	97	42	36	43	2	44	39	45	72	46	73	47	95	48	45	49	93	
	0	53	1	100	2	70	3	42	4	21	5	69	6	21	7	34	8	14	9	93	10	4	11	80	12	56	13	41	14	38	15	66	16	54	17	31	18	51	19	73	20	98	21	52	22	43	23	16	24	39	25	100	26	77	27	89	28	1	29	82	30	18	31	47	32	74	33	42	34	63	35	94	36	95	37	90	38	12	39	81	40	57	41	81	42	15	43	10	44	11	45	89	46	45	47	33	48	89	49	69	
	0	92	1	91	2	3	3	15	4	98	5	66	6	63	7	63	8	58	9	5	10	12	11	3	12	89	13	100	14	16	15	63	16	44	17	62	18	79	19	14	20	65	21	21	22	88	23	52	24	76	25	13	26	63	27	4	28	45	29	10	30	88	31	22	32	51	33	62	34	78	35	49	36	63	37	37	38	61	39	35	40	55	41	99	42	59	43	93	44	2	45	85	46	22	47	54	48	6	49	14	
	0	67	1	65	2	2	3	9	4	78	5	67	6	38	7	60	8	70	9	11	10	1	11	83	12	32	13	88	14	89	15	19	16	48	17	85	18	89	19	26	20	68	21	96	22	52	23	43	24	2	25	70	26	58	27	53	28	41	29	44	30	9	31	33	32	72	33	66	34	50	35	61	36	63	37	100	38	26	39	11	40	51	41	34	42	73	43	62	44	72	45	30	46	78	47	81	48	61	49	62	
	0	36	1	78	2	29	3	59	4	24	5	35	6	21	7	84	8	11	9	63	10	23	11	100	12	81	13	99	14	90	15	63	16	29	17	61	18	4	19	69	20	56	21	3	22	93	23	33	24	53	25	77	26	97	27	1	28	29	29	73	30	89	31	43	32	24	33	59	34	70	35	55	36	4	37	76	38	76	39	24	40	91	41	53	42	67	43	70	44	89	45	73	46	41	47	74	48	60	49	57	
	0	60	1	22	2	31	3	96	4	89	5	91	6	5	7	86	8	30	9	31	10	47	11	82	12	92	13	57	14	62	15	35	16	70	17	45	18	68	19	89	20	15	21	6	22	37	23	13	24	34	25	38	26	17	27	75	28	45	29	16	30	89	31	25	32	39	33	25	34	60	35	5	36	52	37	73	38	65	39	76	40	55	41	34	42	3	43	17	44	30	45	40	46	80	47	16	48	50	49	96	
	0	67	1	84	2	22	3	90	4	9	5	57	6	75	7	21	8	15	9	64	10	14	11	85	12	18	13	61	14	6	15	24	16	71	17	10	18	16	19	91	20	62	21	38	22	13	23	34	24	94	25	77	26	63	27	63	28	52	29	16	30	96	31	76	32	78	33	13	34	60	35	71	36	19	37	32	38	15	39	78	40	89	41	25	42	24	43	32	44	26	45	41	46	16	47	58	48	31	49	8	
	0	18	1	81	2	78	3	98	4	59	5	85	6	56	7	31	8	95	9	20	10	41	11	30	12	68	13	89	14	37	15	65	16	15	17	34	18	83	19	26	20	37	21	65	22	75	23	85	24	66	25	18	26	9	27	41	28	46	29	32	30	89	31	15	32	18	33	3	34	31	35	91	36	14	37	41	38	21	39	10	40	41	41	37	42	55	43	9	44	21	45	3	46	59	47	3	48	77	49	55	
	0	49	1	26	2	5	3	18	4	19	5	44	6	70	7	39	8	51	9	30	10	23	11	96	12	81	13	86	14	36	15	84	16	64	17	65	18	69	19	65	20	88	21	67	22	55	23	99	24	82	25	83	26	19	27	31	28	81	29	56	30	64	31	10	32	82	33	70	34	60	35	38	36	63	37	56	38	2	39	3	40	68	41	46	42	35	43	52	44	18	45	42	46	92	47	1	48	85	49	19	
	0	28	1	66	2	26	3	34	4	15	5	1	6	70	7	55	8	79	9	60	10	43	11	32	12	6	13	19	14	93	15	37	16	61	17	92	18	39	19	38	20	44	21	18	22	92	23	2	24	95	25	39	26	13	27	22	28	61	29	54	30	35	31	31	32	8	33	42	34	38	35	46	36	87	37	9	38	40	39	96	40	80	41	71	42	92	43	94	44	52	45	97	46	62	47	39	48	56	49	8	
	0	49	1	57	2	90	3	71	4	20	5	6	6	79	7	62	8	22	9	35	10	73	11	55	12	84	13	56	14	36	15	7	16	21	17	39	18	37	19	97	20	95	21	84	22	22	23	54	24	73	25	10	26	46	27	69	28	69	29	12	30	94	31	31	32	71	33	87	34	81	35	51	36	91	37	27	38	73	39	100	40	44	41	76	42	23	43	43	44	70	45	6	46	29	47	12	48	75	49	86	
	0	66	1	2	2	70	3	18	4	90	5	39	6	97	7	65	8	72	9	15	10	94	11	44	12	67	13	72	14	61	15	40	16	57	17	18	18	44	19	11	20	55	21	45	22	48	23	74	24	2	25	48	26	20	27	93	28	98	29	2	30	8	31	15	32	50	33	44	34	67	35	78	36	67	37	97	38	90	39	43	40	10	41	19	42	1	43	99	44	38	45	71	46	97	47	77	48	34	49	96	