500 10 1
10
	0	50	1	80	2	38	3	1	4	96	5	14	6	5	7	46	8	54	9	52	
	0	72	1	91	2	99	3	100	4	50	5	10	6	31	7	33	8	60	9	9	
	0	6	1	21	2	29	3	17	4	82	5	1	6	50	7	16	8	43	9	81	
	0	39	1	74	2	91	3	64	4	6	5	88	6	79	7	1	8	12	9	80	
	0	47	1	16	2	42	3	25	4	22	5	74	6	73	7	90	8	99	9	23	
	0	10	1	93	2	4	3	94	4	54	5	2	6	32	7	84	8	93	9	91	
	0	4	1	3	2	22	3	18	4	30	5	66	6	47	7	77	8	66	9	18	
	0	39	1	83	2	34	3	39	4	59	5	73	6	6	7	29	8	13	9	38	
	0	65	1	86	2	92	3	52	4	24	5	12	6	96	7	93	8	89	9	65	
	0	93	1	97	2	100	3	67	4	48	5	27	6	57	7	47	8	62	9	32	
	0	29	1	77	2	26	3	45	4	75	5	5	6	2	7	43	8	87	9	58	
	0	10	1	56	2	63	3	57	4	37	5	18	6	38	7	50	8	12	9	61	
	0	15	1	66	2	61	3	36	4	30	5	12	6	13	7	4	8	42	9	49	
	0	98	1	63	2	67	3	51	4	13	5	28	6	70	7	83	8	64	9	76	
	0	12	1	3	2	28	3	85	4	68	5	95	6	13	7	32	8	42	9	57	
	0	15	1	40	2	53	3	4	4	85	5	11	6	83	7	62	8	57	9	78	
	0	84	1	57	2	16	3	4	4	49	5	20	6	8	7	24	8	8	9	23	
	0	20	1	31	2	26	3	92	4	54	5	65	6	36	7	10	8	37	9	17	
	0	15	1	40	2	7	3	84	4	15	5	16	6	42	7	87	8	10	9	42	
	0	23	1	25	2	35	3	59	4	91	5	58	6	70	7	31	8	54	9	87	
	0	71	1	27	2	2	3	24	4	28	5	65	6	26	7	44	8	59	9	49	
	0	4	1	81	2	57	3	32	4	69	5	43	6	41	7	52	8	75	9	63	
	0	33	1	24	2	9	3	60	4	95	5	64	6	91	7	22	8	11	9	28	
	0	89	1	35	2	77	3	73	4	35	5	83	6	35	7	72	8	99	9	97	
	0	58	1	24	2	83	3	41	4	98	5	80	6	17	7	89	8	7	9	22	
	0	53	1	7	2	6	3	15	4	54	5	64	6	61	7	90	8	41	9	19	
	0	60	1	53	2	55	3	85	4	73	5	82	6	26	7	37	8	7	9	4	
	0	68	1	54	2	87	3	7	4	37	5	52	6	8	7	57	8	98	9	36	
	0	33	1	100	2	99	3	11	4	77	5	92	6	97	7	46	8	91	9	26	
	0	100	1	73	2	20	3	3	4	41	5	5	6	71	7	87	8	28	9	25	
	0	39	1	15	2	87	3	33	4	88	5	10	6	94	7	54	8	92	9	35	
	0	18	1	62	2	28	3	48	4	37	5	63	6	52	7	38	8	63	9	63	
	0	43	1	89	2	45	3	92	4	100	5	76	6	88	7	51	8	43	9	31	
	0	92	1	91	2	61	3	13	4	94	5	78	6	92	7	84	8	11	9	15	
	0	5	1	37	2	92	3	72	4	55	5	76	6	72	7	28	8	97	9	13	
	0	49	1	30	2	24	3	65	4	47	5	76	6	36	7	48	8	18	9	71	
	0	33	1	37	2	63	3	12	4	2	5	87	6	82	7	7	8	31	9	3	
	0	11	1	4	2	64	3	31	4	39	5	2	6	46	7	82	8	27	9	53	
	0	8	1	71	2	17	3	10	4	50	5	96	6	10	7	2	8	91	9	10	
	0	76	1	88	2	58	3	43	4	92	5	38	6	61	7	81	8	27	9	54	
	0	9	1	14	2	43	3	92	4	5	5	90	6	9	7	36	8	93	9	88	
	0	79	1	79	2	6	3	77	4	20	5	22	6	21	7	100	8	71	9	65	
	0	86	1	95	2	6	3	55	4	9	5	7	6	59	7	23	8	96	9	78	
	0	57	1	41	2	42	3	77	4	54	5	3	6	83	7	38	8	80	9	49	
	0	60	1	36	2	31	3	77	4	11	5	22	6	78	7	27	8	30	9	83	
	0	86	1	74	2	9	3	22	4	27	5	48	6	33	7	95	8	53	9	39	
	0	23	1	66	2	92	3	29	4	55	5	12	6	20	7	86	8	67	9	26	
	0	98	1	59	2	15	3	41	4	95	5	99	6	35	7	52	8	19	9	9	
	0	95	1	91	2	81	3	23	4	11	5	28	6	97	7	2	8	52	9	74	
	0	17	1	40	2	80	3	22	4	48	5	53	6	22	7	55	8	14	9	72	
	0	25	1	90	2	93	3	76	4	51	5	2	6	68	7	85	8	53	9	47	
	0	35	1	51	2	14	3	50	4	14	5	82	6	29	7	45	8	87	9	23	
	0	17	1	27	2	47	3	56	4	85	5	22	6	45	7	92	8	17	9	3	
	0	64	1	25	2	48	3	36	4	42	5	85	6	23	7	85	8	1	9	51	
	0	42	1	40	2	53	3	63	4	78	5	94	6	77	7	75	8	95	9	4	
	0	68	1	65	2	73	3	8	4	56	5	3	6	91	7	77	8	58	9	45	
	0	59	1	62	2	4	3	25	4	33	5	1	6	85	7	77	8	98	9	85	
	0	31	1	30	2	57	3	58	4	19	5	91	6	35	7	93	8	53	9	52	
	0	4	1	57	2	94	3	93	4	54	5	84	6	4	7	71	8	65	9	88	
	0	73	1	89	2	60	3	13	4	16	5	29	6	84	7	3	8	2	9	1	
	0	22	1	22	2	33	3	85	4	20	5	10	6	91	7	80	8	9	9	42	
	0	46	1	63	2	53	3	21	4	67	5	19	6	2	7	31	8	17	9	70	
	0	56	1	78	2	92	3	64	4	92	5	8	6	12	7	64	8	40	9	14	
	0	64	1	82	2	67	3	31	4	51	5	89	6	32	7	8	8	51	9	25	
	0	84	1	28	2	89	3	31	4	62	5	75	6	60	7	94	8	47	9	29	
	0	53	1	47	2	60	3	96	4	93	5	25	6	84	7	83	8	19	9	26	
	0	6	1	17	2	1	3	78	4	15	5	26	6	62	7	60	8	76	9	71	
	0	81	1	20	2	53	3	9	4	73	5	17	6	74	7	84	8	74	9	24	
	0	63	1	37	2	80	3	50	4	4	5	45	6	86	7	14	8	78	9	11	
	0	81	1	35	2	66	3	85	4	24	5	33	6	39	7	90	8	81	9	36	
	0	26	1	71	2	94	3	47	4	22	5	36	6	30	7	27	8	42	9	52	
	0	99	1	91	2	49	3	85	4	17	5	12	6	89	7	34	8	24	9	9	
	0	56	1	74	2	31	3	44	4	7	5	53	6	64	7	73	8	96	9	15	
	0	77	1	33	2	31	3	13	4	90	5	15	6	9	7	25	8	9	9	87	
	0	34	1	6	2	64	3	72	4	26	5	32	6	36	7	48	8	98	9	54	
	0	11	1	11	2	37	3	61	4	36	5	76	6	62	7	10	8	11	9	16	
	0	25	1	13	2	81	3	93	4	46	5	45	6	65	7	80	8	65	9	8	
	0	65	1	88	2	37	3	95	4	28	5	14	6	4	7	62	8	18	9	58	
	0	9	1	78	2	67	3	16	4	5	5	53	6	84	7	48	8	74	9	72	
	0	51	1	99	2	10	3	64	4	42	5	98	6	56	7	70	8	95	9	34	
	0	98	1	24	2	51	3	51	4	68	5	70	6	85	7	11	8	32	9	23	
	0	82	1	46	2	32	3	30	4	84	5	51	6	28	7	16	8	84	9	74	
	0	25	1	86	2	81	3	62	4	87	5	44	6	31	7	79	8	49	9	21	
	0	68	1	52	2	97	3	59	4	10	5	23	6	46	7	44	8	30	9	17	
	0	55	1	67	2	1	3	53	4	39	5	32	6	50	7	21	8	74	9	87	
	0	19	1	60	2	84	3	68	4	18	5	5	6	84	7	37	8	92	9	16	
	0	1	1	93	2	96	3	19	4	56	5	12	6	35	7	80	8	9	9	76	
	0	11	1	21	2	44	3	34	4	18	5	90	6	84	7	79	8	97	9	2	
	0	40	1	39	2	30	3	29	4	26	5	11	6	56	7	99	8	1	9	39	
	0	94	1	82	2	35	3	99	4	31	5	75	6	49	7	11	8	1	9	14	
	0	95	1	6	2	27	3	83	4	15	5	20	6	17	7	97	8	96	9	81	
	0	32	1	46	2	29	3	46	4	68	5	78	6	13	7	87	8	12	9	9	
	0	3	1	30	2	76	3	20	4	63	5	22	6	88	7	72	8	82	9	8	
	0	96	1	50	2	76	3	80	4	80	5	78	6	36	7	22	8	67	9	59	
	0	30	1	70	2	45	3	45	4	80	5	18	6	42	7	30	8	98	9	15	
	0	85	1	39	2	73	3	86	4	98	5	82	6	99	7	35	8	5	9	6	
	0	41	1	27	2	65	3	51	4	5	5	64	6	8	7	4	8	51	9	30	
	0	15	1	75	2	40	3	60	4	74	5	46	6	47	7	17	8	67	9	5	
	0	49	1	15	2	21	3	73	4	23	5	28	6	77	7	17	8	85	9	85	
	0	40	1	16	2	73	3	32	4	87	5	93	6	98	7	6	8	72	9	79	
	0	69	1	17	2	50	3	45	4	87	5	88	6	85	7	79	8	89	9	37	
	0	91	1	95	2	33	3	96	4	87	5	2	6	21	7	50	8	85	9	3	
	0	62	1	37	2	42	3	3	4	22	5	63	6	86	7	72	8	99	9	87	
	0	88	1	28	2	80	3	31	4	59	5	37	6	95	7	76	8	20	9	34	
	0	3	1	36	2	71	3	57	4	30	5	66	6	94	7	92	8	11	9	25	
	0	28	1	23	2	49	3	62	4	48	5	15	6	41	7	21	8	63	9	49	
	0	75	1	14	2	92	3	46	4	54	5	16	6	23	7	24	8	39	9	28	
	0	92	1	51	2	11	3	60	4	42	5	38	6	54	7	20	8	92	9	73	
	0	57	1	57	2	100	3	14	4	3	5	77	6	64	7	52	8	92	9	84	
	0	14	1	23	2	43	3	12	4	16	5	43	6	78	7	97	8	40	9	65	
	0	16	1	15	2	37	3	12	4	15	5	84	6	25	7	10	8	43	9	31	
	0	7	1	98	2	44	3	3	4	1	5	86	6	52	7	46	8	91	9	93	
	0	61	1	33	2	69	3	62	4	70	5	89	6	100	7	85	8	4	9	44	
	0	85	1	100	2	57	3	42	4	43	5	39	6	77	7	31	8	23	9	9	
	0	30	1	82	2	49	3	50	4	66	5	33	6	30	7	93	8	51	9	76	
	0	49	1	47	2	23	3	36	4	79	5	75	6	69	7	76	8	44	9	5	
	0	92	1	46	2	63	3	38	4	79	5	28	6	74	7	1	8	27	9	83	
	0	68	1	36	2	66	3	10	4	60	5	31	6	17	7	76	8	7	9	98	
	0	69	1	71	2	5	3	98	4	34	5	53	6	1	7	77	8	8	9	25	
	0	19	1	95	2	83	3	24	4	36	5	2	6	14	7	2	8	42	9	38	
	0	8	1	87	2	93	3	54	4	24	5	22	6	93	7	35	8	92	9	97	
	0	65	1	66	2	46	3	80	4	93	5	54	6	94	7	97	8	97	9	60	
	0	6	1	77	2	63	3	59	4	87	5	28	6	96	7	72	8	34	9	55	
	0	82	1	58	2	25	3	23	4	21	5	27	6	8	7	31	8	72	9	67	
	0	27	1	98	2	59	3	47	4	61	5	23	6	12	7	34	8	99	9	22	
	0	79	1	8	2	76	3	100	4	15	5	60	6	62	7	11	8	10	9	52	
	0	58	1	68	2	80	3	84	4	64	5	75	6	21	7	32	8	42	9	80	
	0	85	1	51	2	95	3	29	4	54	5	84	6	11	7	71	8	73	9	56	
	0	98	1	61	2	9	3	10	4	18	5	89	6	58	7	75	8	31	9	58	
	0	22	1	59	2	7	3	8	4	42	5	26	6	78	7	86	8	20	9	100	
	0	73	1	98	2	4	3	58	4	94	5	36	6	41	7	53	8	63	9	33	
	0	26	1	2	2	17	3	47	4	70	5	9	6	16	7	37	8	53	9	92	
	0	58	1	43	2	61	3	40	4	16	5	20	6	38	7	18	8	24	9	46	
	0	46	1	23	2	37	3	29	4	1	5	53	6	18	7	45	8	56	9	99	
	0	35	1	20	2	77	3	45	4	50	5	18	6	99	7	17	8	5	9	79	
	0	12	1	59	2	7	3	20	4	18	5	79	6	82	7	56	8	10	9	20	
	0	49	1	42	2	80	3	49	4	64	5	95	6	27	7	41	8	69	9	86	
	0	100	1	29	2	5	3	49	4	51	5	13	6	64	7	75	8	38	9	15	
	0	33	1	87	2	16	3	35	4	10	5	48	6	69	7	68	8	93	9	19	
	0	23	1	66	2	25	3	50	4	77	5	7	6	56	7	43	8	40	9	35	
	0	77	1	81	2	56	3	67	4	73	5	75	6	84	7	93	8	63	9	71	
	0	67	1	50	2	78	3	7	4	35	5	50	6	80	7	38	8	79	9	20	
	0	92	1	33	2	25	3	70	4	52	5	94	6	50	7	76	8	42	9	7	
	0	10	1	42	2	45	3	36	4	93	5	17	6	88	7	23	8	13	9	38	
	0	35	1	28	2	53	3	34	4	22	5	32	6	33	7	42	8	48	9	64	
	0	95	1	94	2	40	3	51	4	96	5	93	6	94	7	42	8	22	9	28	
	0	53	1	72	2	51	3	1	4	85	5	97	6	94	7	76	8	98	9	92	
	0	84	1	12	2	37	3	28	4	64	5	39	6	33	7	77	8	88	9	15	
	0	37	1	48	2	22	3	63	4	5	5	5	6	72	7	15	8	36	9	10	
	0	1	1	68	2	42	3	45	4	33	5	79	6	78	7	11	8	47	9	63	
	0	27	1	51	2	33	3	23	4	71	5	41	6	56	7	30	8	53	9	88	
	0	71	1	47	2	89	3	72	4	75	5	5	6	42	7	14	8	29	9	60	
	0	25	1	66	2	64	3	43	4	9	5	74	6	1	7	1	8	74	9	89	
	0	17	1	6	2	78	3	31	4	74	5	15	6	7	7	53	8	55	9	66	
	0	40	1	97	2	2	3	77	4	27	5	95	6	91	7	22	8	100	9	43	
	0	19	1	80	2	76	3	42	4	58	5	49	6	53	7	40	8	87	9	75	
	0	27	1	93	2	35	3	18	4	52	5	33	6	38	7	43	8	84	9	75	
	0	94	1	71	2	62	3	25	4	40	5	20	6	28	7	53	8	45	9	33	
	0	99	1	91	2	10	3	94	4	83	5	34	6	72	7	18	8	35	9	75	
	0	39	1	32	2	4	3	58	4	22	5	62	6	4	7	84	8	52	9	88	
	0	10	1	34	2	15	3	26	4	5	5	59	6	19	7	13	8	70	9	77	
	0	77	1	59	2	35	3	66	4	9	5	39	6	73	7	71	8	69	9	39	
	0	19	1	10	2	61	3	86	4	93	5	52	6	65	7	54	8	68	9	37	
	0	58	1	86	2	1	3	84	4	61	5	94	6	27	7	4	8	9	9	19	
	0	15	1	85	2	96	3	15	4	43	5	10	6	22	7	19	8	59	9	23	
	0	98	1	7	2	8	3	66	4	93	5	47	6	38	7	6	8	84	9	10	
	0	98	1	88	2	54	3	25	4	5	5	56	6	21	7	43	8	80	9	36	
	0	71	1	80	2	81	3	24	4	57	5	53	6	31	7	8	8	15	9	17	
	0	71	1	63	2	49	3	74	4	39	5	58	6	23	7	56	8	47	9	94	
	0	20	1	83	2	46	3	92	4	54	5	56	6	23	7	1	8	54	9	29	
	0	70	1	30	2	93	3	14	4	70	5	22	6	97	7	13	8	52	9	39	
	0	29	1	63	2	98	3	39	4	57	5	16	6	99	7	39	8	82	9	28	
	0	1	1	83	2	81	3	44	4	57	5	65	6	100	7	85	8	13	9	85	
	0	28	1	53	2	95	3	66	4	24	5	78	6	45	7	63	8	79	9	76	
	0	74	1	16	2	56	3	43	4	37	5	88	6	83	7	94	8	98	9	20	
	0	24	1	1	2	34	3	17	4	29	5	45	6	43	7	20	8	49	9	18	
	0	41	1	39	2	52	3	90	4	63	5	41	6	74	7	64	8	39	9	27	
	0	7	1	64	2	77	3	26	4	84	5	2	6	75	7	96	8	58	9	3	
	0	30	1	18	2	71	3	17	4	64	5	96	6	34	7	86	8	31	9	81	
	0	65	1	96	2	18	3	83	4	78	5	44	6	95	7	91	8	67	9	100	
	0	22	1	14	2	34	3	52	4	36	5	35	6	37	7	55	8	52	9	40	
	0	43	1	92	2	83	3	97	4	69	5	45	6	78	7	72	8	92	9	60	
	0	79	1	51	2	28	3	22	4	76	5	29	6	84	7	71	8	7	9	99	
	0	37	1	13	2	67	3	20	4	35	5	29	6	44	7	67	8	75	9	96	
	0	52	1	41	2	56	3	31	4	34	5	63	6	96	7	77	8	32	9	89	
	0	74	1	42	2	64	3	99	4	58	5	38	6	31	7	61	8	52	9	72	
	0	59	1	14	2	27	3	25	4	99	5	97	6	63	7	57	8	81	9	7	
	0	82	1	87	2	12	3	45	4	20	5	14	6	43	7	67	8	29	9	81	
	0	15	1	3	2	56	3	33	4	25	5	92	6	95	7	34	8	8	9	14	
	0	38	1	14	2	62	3	67	4	8	5	6	6	1	7	81	8	73	9	51	
	0	50	1	22	2	14	3	17	4	22	5	5	6	12	7	80	8	86	9	23	
	0	28	1	84	2	57	3	78	4	47	5	63	6	28	7	11	8	6	9	71	
	0	61	1	54	2	13	3	22	4	41	5	99	6	86	7	84	8	65	9	92	
	0	53	1	87	2	20	3	17	4	46	5	58	6	44	7	2	8	55	9	42	
	0	38	1	3	2	97	3	35	4	11	5	34	6	22	7	30	8	6	9	3	
	0	41	1	76	2	44	3	20	4	1	5	82	6	47	7	49	8	3	9	97	
	0	79	1	34	2	72	3	42	4	87	5	56	6	20	7	90	8	57	9	22	
	0	54	1	79	2	40	3	20	4	48	5	18	6	38	7	3	8	97	9	81	
	0	38	1	73	2	66	3	95	4	8	5	76	6	75	7	92	8	78	9	70	
	0	29	1	39	2	35	3	15	4	25	5	50	6	98	7	62	8	34	9	68	
	0	37	1	55	2	8	3	27	4	63	5	94	6	73	7	97	8	93	9	86	
	0	5	1	73	2	25	3	52	4	91	5	34	6	37	7	99	8	46	9	47	
	0	3	1	57	2	6	3	35	4	50	5	71	6	65	7	62	8	74	9	28	
	0	62	1	61	2	12	3	100	4	81	5	46	6	73	7	32	8	71	9	39	
	0	32	1	37	2	18	3	97	4	23	5	13	6	34	7	50	8	3	9	51	
	0	71	1	36	2	57	3	83	4	79	5	69	6	10	7	23	8	99	9	3	
	0	10	1	77	2	30	3	77	4	82	5	24	6	10	7	81	8	23	9	55	
	0	40	1	6	2	19	3	81	4	62	5	73	6	19	7	63	8	84	9	27	
	0	62	1	41	2	53	3	85	4	10	5	28	6	88	7	17	8	97	9	1	
	0	7	1	31	2	39	3	65	4	35	5	16	6	47	7	93	8	46	9	91	
	0	60	1	90	2	2	3	88	4	55	5	62	6	95	7	93	8	62	9	83	
	0	77	1	1	2	39	3	89	4	52	5	76	6	83	7	90	8	21	9	75	
	0	70	1	46	2	54	3	17	4	33	5	82	6	89	7	66	8	72	9	1	
	0	49	1	40	2	90	3	62	4	83	5	66	6	42	7	85	8	69	9	6	
	0	28	1	89	2	45	3	35	4	13	5	99	6	1	7	1	8	79	9	56	
	0	58	1	34	2	33	3	14	4	27	5	89	6	48	7	65	8	76	9	10	
	0	20	1	70	2	68	3	84	4	90	5	42	6	85	7	39	8	78	9	64	
	0	39	1	43	2	72	3	44	4	68	5	23	6	27	7	11	8	71	9	66	
	0	48	1	92	2	11	3	31	4	58	5	22	6	75	7	91	8	51	9	85	
	0	48	1	89	2	75	3	43	4	11	5	36	6	47	7	91	8	33	9	1	
	0	58	1	44	2	29	3	76	4	71	5	44	6	50	7	51	8	7	9	61	
	0	39	1	93	2	43	3	46	4	59	5	50	6	98	7	96	8	1	9	72	
	0	43	1	7	2	97	3	23	4	77	5	68	6	61	7	31	8	10	9	76	
	0	23	1	90	2	14	3	70	4	48	5	41	6	29	7	98	8	95	9	95	
	0	97	1	42	2	68	3	73	4	95	5	31	6	24	7	30	8	3	9	61	
	0	37	1	95	2	7	3	90	4	42	5	76	6	2	7	100	8	34	9	37	
	0	19	1	30	2	15	3	95	4	42	5	52	6	31	7	63	8	81	9	98	
	0	62	1	21	2	7	3	4	4	86	5	99	6	74	7	63	8	92	9	29	
	0	71	1	22	2	60	3	49	4	48	5	24	6	49	7	55	8	58	9	53	
	0	66	1	15	2	29	3	12	4	65	5	32	6	66	7	20	8	15	9	9	
	0	80	1	99	2	73	3	67	4	86	5	48	6	70	7	26	8	77	9	65	
	0	93	1	61	2	17	3	45	4	21	5	4	6	74	7	37	8	33	9	37	
	0	10	1	90	2	18	3	36	4	46	5	35	6	65	7	24	8	74	9	52	
	0	71	1	7	2	14	3	82	4	30	5	30	6	51	7	99	8	31	9	90	
	0	3	1	58	2	45	3	79	4	5	5	44	6	49	7	34	8	1	9	86	
	0	21	1	14	2	32	3	79	4	94	5	4	6	71	7	42	8	51	9	5	
	0	7	1	90	2	75	3	30	4	82	5	50	6	71	7	38	8	21	9	23	
	0	10	1	15	2	49	3	37	4	29	5	6	6	59	7	29	8	87	9	71	
	0	16	1	42	2	6	3	2	4	46	5	44	6	65	7	11	8	83	9	82	
	0	3	1	69	2	100	3	84	4	40	5	85	6	61	7	60	8	46	9	23	
	0	96	1	82	2	18	3	33	4	3	5	51	6	29	7	64	8	55	9	54	
	0	20	1	89	2	7	3	46	4	68	5	41	6	19	7	69	8	39	9	62	
	0	60	1	51	2	16	3	57	4	49	5	28	6	77	7	84	8	90	9	95	
	0	8	1	84	2	20	3	90	4	91	5	73	6	92	7	19	8	85	9	15	
	0	54	1	50	2	95	3	26	4	40	5	90	6	76	7	58	8	63	9	6	
	0	61	1	56	2	6	3	80	4	24	5	76	6	74	7	68	8	79	9	19	
	0	27	1	12	2	17	3	47	4	25	5	85	6	50	7	26	8	41	9	30	
	0	37	1	76	2	91	3	60	4	48	5	57	6	65	7	9	8	56	9	2	
	0	91	1	31	2	6	3	81	4	7	5	33	6	17	7	16	8	43	9	6	
	0	17	1	67	2	81	3	98	4	49	5	14	6	43	7	61	8	90	9	93	
	0	86	1	11	2	1	3	75	4	65	5	66	6	12	7	82	8	79	9	15	
	0	52	1	49	2	9	3	56	4	30	5	58	6	37	7	55	8	96	9	91	
	0	52	1	17	2	79	3	31	4	23	5	26	6	96	7	61	8	67	9	80	
	0	16	1	76	2	86	3	55	4	13	5	8	6	6	7	15	8	58	9	54	
	0	41	1	93	2	50	3	7	4	87	5	85	6	38	7	66	8	60	9	34	
	0	54	1	30	2	78	3	28	4	18	5	39	6	11	7	43	8	78	9	30	
	0	95	1	28	2	43	3	81	4	6	5	13	6	93	7	50	8	57	9	38	
	0	70	1	20	2	16	3	23	4	29	5	91	6	4	7	34	8	61	9	97	
	0	66	1	1	2	81	3	97	4	68	5	1	6	69	7	72	8	58	9	2	
	0	35	1	59	2	77	3	47	4	23	5	4	6	34	7	78	8	24	9	6	
	0	43	1	17	2	17	3	12	4	68	5	24	6	89	7	79	8	75	9	43	
	0	16	1	99	2	13	3	1	4	26	5	55	6	53	7	67	8	1	9	81	
	0	56	1	58	2	66	3	58	4	80	5	79	6	17	7	63	8	25	9	46	
	0	20	1	32	2	90	3	39	4	35	5	43	6	60	7	81	8	65	9	5	
	0	51	1	40	2	18	3	5	4	1	5	65	6	57	7	70	8	75	9	82	
	0	89	1	50	2	24	3	80	4	93	5	89	6	28	7	30	8	28	9	52	
	0	40	1	84	2	67	3	28	4	88	5	64	6	82	7	3	8	41	9	29	
	0	99	1	30	2	97	3	13	4	19	5	46	6	44	7	38	8	37	9	80	
	0	6	1	33	2	45	3	51	4	3	5	28	6	74	7	20	8	34	9	79	
	0	33	1	50	2	35	3	40	4	2	5	58	6	47	7	15	8	37	9	58	
	0	19	1	77	2	53	3	49	4	2	5	31	6	52	7	42	8	80	9	91	
	0	4	1	46	2	80	3	54	4	98	5	41	6	100	7	69	8	50	9	53	
	0	24	1	30	2	15	3	70	4	17	5	79	6	1	7	57	8	13	9	82	
	0	69	1	12	2	1	3	44	4	36	5	68	6	11	7	8	8	52	9	37	
	0	37	1	85	2	61	3	88	4	2	5	92	6	16	7	83	8	68	9	87	
	0	90	1	54	2	56	3	98	4	59	5	70	6	11	7	93	8	68	9	82	
	0	65	1	64	2	68	3	51	4	12	5	79	6	77	7	81	8	34	9	89	
	0	40	1	72	2	80	3	79	4	63	5	5	6	41	7	3	8	81	9	85	
	0	59	1	32	2	52	3	68	4	61	5	45	6	44	7	40	8	52	9	9	
	0	35	1	37	2	8	3	57	4	25	5	73	6	52	7	41	8	90	9	53	
	0	97	1	15	2	71	3	14	4	1	5	54	6	28	7	46	8	48	9	71	
	0	63	1	60	2	56	3	29	4	13	5	55	6	59	7	30	8	98	9	15	
	0	26	1	35	2	90	3	66	4	80	5	33	6	93	7	33	8	80	9	71	
	0	52	1	15	2	43	3	8	4	6	5	20	6	60	7	41	8	90	9	51	
	0	71	1	72	2	30	3	83	4	69	5	60	6	5	7	27	8	66	9	81	
	0	46	1	92	2	71	3	65	4	1	5	72	6	34	7	28	8	27	9	28	
	0	57	1	17	2	35	3	13	4	36	5	89	6	88	7	76	8	68	9	33	
	0	18	1	4	2	94	3	26	4	25	5	34	6	59	7	5	8	68	9	19	
	0	90	1	38	2	19	3	98	4	83	5	100	6	48	7	28	8	35	9	62	
	0	72	1	52	2	3	3	94	4	66	5	57	6	89	7	27	8	49	9	28	
	0	2	1	98	2	92	3	33	4	25	5	49	6	20	7	49	8	97	9	79	
	0	73	1	28	2	83	3	25	4	65	5	53	6	75	7	82	8	34	9	30	
	0	82	1	55	2	75	3	35	4	53	5	26	6	19	7	36	8	96	9	48	
	0	26	1	47	2	30	3	87	4	24	5	53	6	84	7	41	8	40	9	85	
	0	33	1	7	2	98	3	66	4	50	5	42	6	65	7	21	8	95	9	19	
	0	57	1	10	2	3	3	3	4	36	5	13	6	44	7	42	8	33	9	86	
	0	75	1	90	2	90	3	26	4	63	5	4	6	10	7	93	8	72	9	2	
	0	16	1	1	2	48	3	84	4	18	5	77	6	38	7	17	8	11	9	27	
	0	47	1	82	2	99	3	8	4	66	5	30	6	56	7	4	8	3	9	10	
	0	91	1	11	2	17	3	27	4	49	5	60	6	66	7	38	8	62	9	5	
	0	80	1	76	2	40	3	5	4	25	5	11	6	72	7	44	8	79	9	62	
	0	57	1	2	2	62	3	76	4	50	5	7	6	67	7	53	8	42	9	6	
	0	47	1	37	2	11	3	14	4	66	5	13	6	64	7	17	8	50	9	77	
	0	24	1	65	2	12	3	44	4	29	5	77	6	1	7	87	8	21	9	37	
	0	1	1	9	2	29	3	86	4	49	5	25	6	88	7	72	8	39	9	74	
	0	31	1	74	2	44	3	3	4	55	5	88	6	82	7	66	8	87	9	89	
	0	60	1	56	2	16	3	17	4	24	5	72	6	79	7	90	8	88	9	69	
	0	46	1	98	2	60	3	2	4	31	5	75	6	59	7	15	8	78	9	91	
	0	20	1	38	2	74	3	13	4	46	5	5	6	36	7	49	8	29	9	64	
	0	1	1	77	2	8	3	84	4	13	5	96	6	64	7	89	8	52	9	7	
	0	13	1	77	2	33	3	96	4	24	5	61	6	94	7	18	8	5	9	33	
	0	8	1	52	2	16	3	69	4	68	5	25	6	68	7	31	8	78	9	1	
	0	36	1	33	2	94	3	64	4	50	5	100	6	17	7	47	8	12	9	83	
	0	94	1	44	2	57	3	29	4	95	5	34	6	34	7	38	8	58	9	50	
	0	91	1	77	2	18	3	34	4	14	5	67	6	15	7	52	8	43	9	16	
	0	17	1	76	2	93	3	51	4	38	5	62	6	1	7	8	8	86	9	70	
	0	61	1	51	2	77	3	50	4	80	5	76	6	84	7	50	8	76	9	69	
	0	32	1	91	2	85	3	83	4	76	5	90	6	22	7	33	8	38	9	86	
	0	30	1	53	2	73	3	5	4	70	5	81	6	46	7	71	8	54	9	90	
	0	70	1	16	2	61	3	63	4	32	5	48	6	9	7	56	8	48	9	62	
	0	68	1	22	2	23	3	22	4	62	5	80	6	50	7	100	8	40	9	5	
	0	90	1	61	2	43	3	93	4	42	5	37	6	14	7	31	8	26	9	32	
	0	28	1	7	2	67	3	63	4	18	5	72	6	59	7	90	8	69	9	89	
	0	7	1	47	2	9	3	50	4	100	5	26	6	95	7	92	8	67	9	76	
	0	89	1	81	2	97	3	19	4	23	5	65	6	28	7	64	8	69	9	100	
	0	76	1	4	2	20	3	18	4	10	5	77	6	63	7	59	8	11	9	89	
	0	64	1	20	2	44	3	93	4	51	5	87	6	2	7	11	8	3	9	30	
	0	85	1	38	2	11	3	39	4	47	5	19	6	53	7	20	8	87	9	98	
	0	43	1	78	2	75	3	87	4	94	5	97	6	95	7	75	8	4	9	90	
	0	79	1	3	2	5	3	85	4	65	5	43	6	23	7	26	8	41	9	89	
	0	51	1	78	2	34	3	65	4	12	5	60	6	95	7	2	8	51	9	87	
	0	10	1	66	2	68	3	100	4	52	5	78	6	69	7	48	8	86	9	1	
	0	29	1	86	2	32	3	50	4	53	5	7	6	53	7	55	8	87	9	40	
	0	74	1	49	2	67	3	26	4	28	5	62	6	47	7	33	8	77	9	54	
	0	98	1	78	2	11	3	1	4	81	5	58	6	21	7	8	8	90	9	44	
	0	47	1	70	2	23	3	100	4	53	5	22	6	80	7	59	8	59	9	71	
	0	93	1	43	2	20	3	34	4	42	5	35	6	93	7	77	8	44	9	8	
	0	30	1	33	2	21	3	35	4	24	5	47	6	85	7	96	8	26	9	57	
	0	57	1	4	2	65	3	24	4	20	5	94	6	70	7	77	8	61	9	68	
	0	40	1	64	2	11	3	32	4	32	5	48	6	21	7	3	8	22	9	54	
	0	95	1	15	2	29	3	90	4	37	5	33	6	90	7	56	8	75	9	78	
	0	57	1	73	2	34	3	29	4	54	5	37	6	14	7	38	8	36	9	89	
	0	53	1	51	2	77	3	13	4	23	5	36	6	21	7	80	8	64	9	66	
	0	99	1	9	2	20	3	96	4	34	5	98	6	10	7	78	8	50	9	16	
	0	85	1	43	2	89	3	5	4	56	5	43	6	33	7	62	8	64	9	3	
	0	54	1	29	2	15	3	51	4	72	5	16	6	20	7	29	8	47	9	57	
	0	30	1	3	2	84	3	29	4	44	5	9	6	46	7	80	8	11	9	46	
	0	30	1	62	2	87	3	29	4	23	5	32	6	31	7	97	8	45	9	2	
	0	70	1	72	2	57	3	82	4	49	5	81	6	18	7	59	8	43	9	13	
	0	99	1	67	2	24	3	23	4	73	5	51	6	62	7	61	8	61	9	44	
	0	70	1	90	2	7	3	11	4	51	5	71	6	5	7	70	8	37	9	67	
	0	59	1	31	2	4	3	7	4	84	5	70	6	5	7	44	8	59	9	27	
	0	98	1	54	2	28	3	98	4	26	5	41	6	82	7	59	8	57	9	47	
	0	61	1	74	2	36	3	78	4	29	5	83	6	62	7	74	8	59	9	80	
	0	100	1	58	2	48	3	3	4	51	5	66	6	43	7	99	8	79	9	41	
	0	31	1	100	2	31	3	98	4	3	5	11	6	100	7	22	8	47	9	16	
	0	99	1	85	2	88	3	67	4	16	5	33	6	27	7	6	8	77	9	32	
	0	84	1	29	2	28	3	22	4	46	5	83	6	5	7	91	8	87	9	61	
	0	32	1	67	2	69	3	5	4	76	5	87	6	99	7	17	8	97	9	70	
	0	39	1	64	2	19	3	30	4	2	5	78	6	60	7	28	8	59	9	95	
	0	39	1	50	2	72	3	69	4	43	5	18	6	2	7	91	8	28	9	41	
	0	31	1	62	2	60	3	99	4	59	5	4	6	99	7	99	8	57	9	96	
	0	9	1	63	2	60	3	45	4	42	5	1	6	26	7	67	8	68	9	78	
	0	56	1	24	2	96	3	8	4	40	5	80	6	27	7	39	8	4	9	7	
	0	19	1	48	2	64	3	60	4	71	5	96	6	72	7	23	8	43	9	37	
	0	31	1	77	2	97	3	92	4	44	5	12	6	98	7	56	8	20	9	54	
	0	2	1	24	2	17	3	19	4	32	5	86	6	71	7	55	8	48	9	32	
	0	88	1	30	2	78	3	59	4	13	5	22	6	12	7	23	8	47	9	39	
	0	32	1	60	2	4	3	39	4	97	5	63	6	93	7	49	8	13	9	90	
	0	9	1	68	2	8	3	21	4	24	5	32	6	19	7	44	8	89	9	69	
	0	64	1	94	2	78	3	29	4	61	5	68	6	58	7	41	8	44	9	76	
	0	58	1	48	2	67	3	2	4	53	5	90	6	65	7	72	8	21	9	31	
	0	5	1	7	2	64	3	100	4	70	5	73	6	75	7	13	8	13	9	42	
	0	91	1	30	2	100	3	36	4	61	5	12	6	96	7	18	8	84	9	35	
	0	54	1	14	2	15	3	29	4	46	5	66	6	12	7	14	8	88	9	52	
	0	21	1	44	2	12	3	11	4	62	5	30	6	94	7	74	8	96	9	84	
	0	19	1	21	2	84	3	66	4	11	5	43	6	51	7	51	8	12	9	45	
	0	91	1	30	2	91	3	69	4	55	5	55	6	91	7	28	8	1	9	44	
	0	43	1	23	2	13	3	42	4	89	5	66	6	34	7	71	8	82	9	30	
	0	93	1	79	2	32	3	83	4	17	5	50	6	39	7	10	8	11	9	37	
	0	19	1	57	2	49	3	53	4	79	5	47	6	38	7	46	8	4	9	15	
	0	47	1	95	2	34	3	80	4	89	5	74	6	25	7	84	8	36	9	54	
	0	46	1	53	2	7	3	80	4	56	5	69	6	93	7	53	8	65	9	50	
	0	88	1	75	2	11	3	30	4	48	5	41	6	38	7	53	8	92	9	22	
	0	71	1	41	2	66	3	43	4	84	5	76	6	93	7	87	8	78	9	65	
	0	33	1	83	2	8	3	28	4	14	5	67	6	59	7	52	8	37	9	36	
	0	53	1	86	2	11	3	61	4	11	5	72	6	52	7	17	8	63	9	77	
	0	1	1	39	2	3	3	97	4	99	5	96	6	2	7	42	8	29	9	7	
	0	45	1	33	2	84	3	27	4	34	5	2	6	86	7	30	8	89	9	10	
	0	48	1	77	2	26	3	35	4	29	5	55	6	35	7	15	8	40	9	33	
	0	82	1	83	2	25	3	72	4	57	5	79	6	1	7	19	8	40	9	59	
	0	61	1	40	2	35	3	76	4	46	5	72	6	56	7	12	8	46	9	15	
	0	86	1	24	2	30	3	34	4	65	5	97	6	16	7	89	8	63	9	55	
	0	60	1	69	2	85	3	14	4	4	5	54	6	15	7	3	8	33	9	47	
	0	53	1	58	2	64	3	99	4	23	5	54	6	26	7	32	8	87	9	2	
	0	76	1	3	2	63	3	7	4	100	5	26	6	61	7	95	8	41	9	58	
	0	68	1	12	2	17	3	74	4	34	5	67	6	22	7	45	8	95	9	5	
	0	57	1	53	2	86	3	83	4	72	5	16	6	77	7	91	8	12	9	7	
	0	59	1	7	2	23	3	30	4	2	5	49	6	45	7	82	8	48	9	89	
	0	80	1	3	2	52	3	30	4	62	5	83	6	94	7	53	8	78	9	45	
	0	43	1	5	2	40	3	59	4	86	5	20	6	55	7	58	8	57	9	79	
	0	1	1	35	2	12	3	71	4	18	5	12	6	57	7	64	8	53	9	41	
	0	48	1	16	2	45	3	84	4	49	5	9	6	95	7	84	8	84	9	57	
	0	30	1	10	2	33	3	59	4	60	5	47	6	50	7	51	8	71	9	47	
	0	67	1	94	2	36	3	30	4	65	5	71	6	75	7	92	8	7	9	26	
	0	17	1	55	2	37	3	16	4	19	5	85	6	70	7	13	8	85	9	37	
	0	57	1	66	2	84	3	7	4	92	5	11	6	61	7	16	8	6	9	56	
	0	74	1	25	2	16	3	60	4	62	5	71	6	19	7	39	8	60	9	75	
	0	48	1	17	2	41	3	72	4	76	5	24	6	48	7	58	8	79	9	79	
	0	64	1	11	2	61	3	97	4	25	5	65	6	69	7	41	8	19	9	31	
	0	58	1	64	2	49	3	73	4	2	5	97	6	82	7	55	8	9	9	30	
	0	54	1	29	2	64	3	28	4	75	5	53	6	17	7	68	8	79	9	58	
	0	4	1	33	2	58	3	81	4	59	5	10	6	90	7	16	8	98	9	21	
	0	63	1	78	2	89	3	38	4	24	5	74	6	15	7	74	8	92	9	40	
	0	25	1	89	2	61	3	90	4	72	5	54	6	21	7	73	8	64	9	70	
	0	31	1	18	2	82	3	60	4	74	5	48	6	84	7	40	8	57	9	28	
	0	100	1	95	2	89	3	60	4	24	5	7	6	39	7	90	8	70	9	1	
	0	1	1	12	2	37	3	19	4	30	5	30	6	46	7	1	8	31	9	12	
	0	68	1	39	2	98	3	98	4	39	5	4	6	61	7	78	8	68	9	47	
	0	99	1	44	2	24	3	35	4	43	5	90	6	26	7	83	8	42	9	19	
	0	99	1	75	2	80	3	78	4	97	5	49	6	18	7	16	8	68	9	76	
	0	48	1	70	2	25	3	49	4	66	5	38	6	41	7	38	8	13	9	93	
	0	42	1	68	2	68	3	53	4	69	5	26	6	44	7	85	8	84	9	33	
	0	53	1	18	2	26	3	9	4	66	5	35	6	34	7	38	8	52	9	45	
	0	9	1	10	2	4	3	32	4	13	5	36	6	4	7	41	8	63	9	80	
	0	65	1	44	2	11	3	30	4	7	5	11	6	15	7	6	8	25	9	58	
	0	66	1	33	2	99	3	27	4	52	5	17	6	70	7	82	8	80	9	51	
	0	55	1	21	2	25	3	97	4	32	5	45	6	66	7	28	8	80	9	40	
	0	89	1	96	2	90	3	36	4	11	5	35	6	66	7	50	8	78	9	36	
	0	64	1	40	2	63	3	68	4	62	5	25	6	23	7	96	8	60	9	83	
	0	86	1	11	2	7	3	40	4	8	5	16	6	43	7	57	8	1	9	63	
	0	22	1	67	2	51	3	8	4	47	5	76	6	69	7	40	8	96	9	90	
	0	18	1	16	2	37	3	36	4	73	5	26	6	12	7	62	8	57	9	43	
	0	41	1	98	2	74	3	11	4	71	5	89	6	83	7	27	8	30	9	17	
	0	33	1	24	2	94	3	38	4	57	5	81	6	21	7	44	8	74	9	15	
	0	32	1	82	2	64	3	35	4	42	5	81	6	77	7	78	8	91	9	64	
	0	5	1	20	2	1	3	44	4	77	5	74	6	9	7	49	8	52	9	45	
	0	28	1	24	2	31	3	65	4	76	5	45	6	91	7	92	8	67	9	56	
	0	26	1	100	2	24	3	19	4	62	5	51	6	82	7	83	8	54	9	8	
	0	33	1	68	2	71	3	25	4	6	5	28	6	22	7	57	8	55	9	96	
	0	13	1	48	2	45	3	2	4	27	5	58	6	56	7	27	8	6	9	27	
	0	37	1	24	2	56	3	22	4	94	5	53	6	90	7	42	8	38	9	38	
	0	22	1	86	2	87	3	26	4	67	5	100	6	86	7	82	8	31	9	11	
	0	91	1	18	2	1	3	91	4	10	5	71	6	52	7	80	8	21	9	81	
	0	41	1	28	2	92	3	5	4	33	5	90	6	91	7	96	8	59	9	54	
	0	100	1	14	2	97	3	73	4	33	5	85	6	21	7	79	8	97	9	91	
	0	29	1	81	2	11	3	39	4	4	5	74	6	34	7	32	8	79	9	18	
	0	65	1	7	2	40	3	94	4	3	5	86	6	69	7	75	8	27	9	31	
	0	81	1	76	2	12	3	100	4	9	5	80	6	87	7	54	8	78	9	100	
	0	58	1	25	2	31	3	11	4	56	5	86	6	78	7	13	8	42	9	12	
	0	60	1	13	2	35	3	93	4	31	5	100	6	15	7	16	8	87	9	30	
	0	59	1	51	2	48	3	25	4	56	5	39	6	64	7	56	8	61	9	70	
	0	1	1	37	2	97	3	94	4	66	5	48	6	38	7	84	8	51	9	4	
	0	77	1	75	2	90	3	81	4	74	5	38	6	62	7	12	8	47	9	74	
	0	68	1	46	2	96	3	8	4	65	5	39	6	59	7	32	8	27	9	44	
	0	59	1	18	2	61	3	53	4	19	5	78	6	86	7	33	8	57	9	37	
	0	4	1	3	2	96	3	22	4	82	5	13	6	15	7	75	8	97	9	28	
	0	99	1	32	2	71	3	80	4	25	5	78	6	22	7	52	8	74	9	94	
	0	97	1	94	2	13	3	65	4	84	5	75	6	59	7	35	8	10	9	13	
	0	89	1	29	2	71	3	46	4	17	5	32	6	28	7	2	8	38	9	96	
	0	21	1	54	2	4	3	6	4	77	5	51	6	81	7	9	8	9	9	63	
	0	59	1	20	2	95	3	46	4	38	5	9	6	85	7	93	8	65	9	87	
	0	75	1	80	2	9	3	19	4	34	5	73	6	11	7	29	8	47	9	11	
	0	43	1	61	2	56	3	1	4	13	5	100	6	58	7	84	8	40	9	28	
	0	61	1	31	2	10	3	37	4	1	5	93	6	52	7	64	8	5	9	70	
	0	42	1	94	2	85	3	19	4	79	5	16	6	24	7	9	8	11	9	37	
	0	44	1	56	2	54	3	54	4	84	5	49	6	67	7	87	8	74	9	27	
	0	41	1	16	2	50	3	30	4	94	5	42	6	62	7	42	8	57	9	28	
	0	86	1	74	2	42	3	86	4	87	5	50	6	58	7	72	8	65	9	88	
	0	91	1	77	2	87	3	35	4	63	5	10	6	20	7	93	8	61	9	82	
	0	28	1	59	2	46	3	57	4	20	5	23	6	99	7	69	8	27	9	14	
	0	11	1	53	2	98	3	44	4	23	5	49	6	10	7	32	8	9	9	27	
	0	97	1	39	2	27	3	80	4	51	5	13	6	58	7	2	8	12	9	79	
	0	12	1	66	2	77	3	44	4	25	5	55	6	55	7	45	8	70	9	17	
	0	23	1	33	2	100	3	13	4	19	5	66	6	80	7	70	8	2	9	38	
	0	13	1	69	2	1	3	22	4	86	5	6	6	89	7	73	8	19	9	34	
	0	37	1	18	2	30	3	29	4	84	5	7	6	60	7	13	8	92	9	50	
	0	66	1	7	2	12	3	22	4	93	5	34	6	43	7	59	8	54	9	61	
	0	34	1	59	2	59	3	25	4	47	5	97	6	28	7	79	8	9	9	100	
	0	13	1	14	2	5	3	78	4	22	5	25	6	18	7	52	8	5	9	97	
	0	69	1	29	2	3	3	1	4	56	5	13	6	2	7	9	8	57	9	3	
	0	95	1	31	2	83	3	40	4	29	5	8	6	73	7	33	8	90	9	72	
	0	74	1	49	2	10	3	69	4	34	5	27	6	61	7	62	8	11	9	22	
	0	57	1	45	2	72	3	86	4	34	5	17	6	99	7	39	8	35	9	18	
	0	90	1	26	2	91	3	55	4	1	5	69	6	32	7	58	8	22	9	72	
	0	3	1	68	2	25	3	42	4	32	5	93	6	59	7	37	8	85	9	70	
	0	55	1	77	2	4	3	70	4	8	5	20	6	78	7	78	8	98	9	28	
	0	88	1	5	2	32	3	60	4	96	5	1	6	55	7	52	8	36	9	95	
	0	90	1	35	2	71	3	8	4	18	5	31	6	45	7	80	8	40	9	88	
	0	66	1	79	2	9	3	42	4	14	5	15	6	37	7	5	8	20	9	73	
	0	5	1	71	2	93	3	1	4	76	5	73	6	85	7	69	8	98	9	72	
	0	65	1	39	2	21	3	11	4	19	5	14	6	72	7	65	8	19	9	6	
	0	77	1	88	2	95	3	76	4	50	5	93	6	67	7	34	8	75	9	84	
	0	3	1	13	2	64	3	61	4	42	5	92	6	83	7	13	8	51	9	12	
	0	14	1	47	2	75	3	9	4	43	5	94	6	47	7	72	8	52	9	15	
	0	27	1	45	2	90	3	5	4	12	5	9	6	73	7	25	8	71	9	85	
	0	51	1	69	2	24	3	66	4	6	5	37	6	30	7	40	8	68	9	40	
	0	84	1	33	2	14	3	29	4	9	5	22	6	85	7	34	8	69	9	69	
	0	5	1	2	2	85	3	59	4	3	5	39	6	74	7	23	8	83	9	79	
	0	61	1	61	2	39	3	40	4	90	5	72	6	56	7	16	8	71	9	65	