500 20 1
20
	0	32	1	49	2	37	3	21	4	55	5	59	6	96	7	15	8	61	9	72	10	6	11	36	12	34	13	76	14	4	15	18	16	58	17	81	18	79	19	5	
	0	96	1	14	2	80	3	50	4	41	5	26	6	5	7	57	8	97	9	54	10	73	11	47	12	74	13	1	14	89	15	37	16	6	17	25	18	31	19	84	
	0	42	1	36	2	84	3	50	4	81	5	95	6	43	7	23	8	73	9	8	10	9	11	53	12	71	13	7	14	16	15	54	16	62	17	93	18	64	19	31	
	0	90	1	72	2	64	3	35	4	64	5	59	6	34	7	50	8	29	9	66	10	2	11	40	12	65	13	80	14	97	15	78	16	73	17	41	18	39	19	14	
	0	80	1	59	2	10	3	96	4	51	5	32	6	30	7	58	8	48	9	53	10	83	11	94	12	70	13	99	14	58	15	19	16	68	17	55	18	13	19	92	
	0	87	1	94	2	5	3	5	4	26	5	10	6	81	7	36	8	13	9	31	10	16	11	85	12	78	13	29	14	7	15	31	16	73	17	35	18	71	19	38	
	0	37	1	51	2	83	3	1	4	16	5	8	6	23	7	16	8	24	9	33	10	25	11	48	12	13	13	56	14	51	15	32	16	5	17	59	18	42	19	72	
	0	98	1	52	2	90	3	10	4	59	5	24	6	32	7	72	8	84	9	45	10	97	11	45	12	51	13	1	14	80	15	12	16	45	17	35	18	23	19	66	
	0	90	1	14	2	46	3	73	4	99	5	36	6	86	7	49	8	10	9	16	10	46	11	59	12	76	13	57	14	9	15	70	16	31	17	19	18	72	19	21	
	0	57	1	1	2	85	3	44	4	17	5	68	6	40	7	11	8	25	9	91	10	58	11	61	12	22	13	88	14	93	15	47	16	57	17	67	18	1	19	3	
	0	82	1	91	2	25	3	24	4	79	5	41	6	45	7	52	8	86	9	10	10	71	11	10	12	80	13	25	14	99	15	7	16	79	17	53	18	22	19	59	
	0	83	1	68	2	84	3	89	4	54	5	100	6	30	7	90	8	70	9	5	10	55	11	8	12	40	13	14	14	18	15	68	16	2	17	85	18	45	19	34	
	0	24	1	84	2	49	3	85	4	100	5	41	6	7	7	30	8	58	9	98	10	63	11	95	12	24	13	19	14	68	15	49	16	67	17	34	18	96	19	67	
	0	70	1	33	2	70	3	26	4	23	5	71	6	65	7	33	8	69	9	84	10	23	11	90	12	34	13	15	14	99	15	40	16	10	17	78	18	21	19	96	
	0	60	1	93	2	77	3	83	4	32	5	92	6	48	7	30	8	42	9	23	10	83	11	81	12	99	13	16	14	36	15	82	16	25	17	99	18	67	19	89	
	0	94	1	87	2	53	3	45	4	66	5	50	6	37	7	50	8	22	9	87	10	29	11	71	12	71	13	80	14	44	15	88	16	94	17	74	18	10	19	68	
	0	98	1	5	2	63	3	84	4	43	5	93	6	6	7	36	8	90	9	67	10	87	11	56	12	47	13	66	14	24	15	95	16	14	17	97	18	18	19	24	
	0	83	1	5	2	38	3	81	4	25	5	45	6	38	7	1	8	95	9	2	10	71	11	7	12	43	13	62	14	22	15	65	16	55	17	69	18	84	19	39	
	0	24	1	54	2	49	3	88	4	1	5	100	6	81	7	16	8	57	9	20	10	42	11	24	12	51	13	88	14	90	15	3	16	60	17	26	18	74	19	2	
	0	39	1	39	2	39	3	98	4	89	5	16	6	93	7	47	8	2	9	39	10	62	11	32	12	96	13	27	14	2	15	71	16	83	17	9	18	30	19	59	
	0	35	1	31	2	41	3	20	4	87	5	23	6	3	7	5	8	15	9	21	10	25	11	67	12	1	13	38	14	26	15	50	16	20	17	37	18	2	19	74	
	0	57	1	12	2	92	3	80	4	95	5	16	6	81	7	96	8	74	9	22	10	36	11	5	12	49	13	82	14	64	15	32	16	70	17	78	18	7	19	58	
	0	98	1	68	2	65	3	9	4	90	5	50	6	72	7	11	8	100	9	67	10	16	11	2	12	48	13	67	14	22	15	72	16	4	17	71	18	55	19	71	
	0	54	1	11	2	23	3	90	4	89	5	69	6	7	7	62	8	74	9	30	10	100	11	19	12	6	13	65	14	90	15	15	16	1	17	16	18	45	19	13	
	0	22	1	12	2	40	3	36	4	54	5	29	6	52	7	23	8	15	9	26	10	55	11	49	12	58	13	51	14	82	15	66	16	45	17	76	18	21	19	100	
	0	67	1	15	2	47	3	96	4	97	5	71	6	94	7	73	8	84	9	87	10	89	11	36	12	29	13	38	14	17	15	99	16	84	17	93	18	9	19	51	
	0	100	1	68	2	86	3	1	4	3	5	10	6	71	7	84	8	36	9	27	10	86	11	69	12	35	13	16	14	56	15	25	16	93	17	34	18	48	19	96	
	0	76	1	44	2	4	3	43	4	60	5	47	6	47	7	79	8	78	9	84	10	43	11	98	12	55	13	65	14	83	15	43	16	73	17	58	18	65	19	77	
	0	73	1	90	2	47	3	62	4	52	5	30	6	31	7	2	8	17	9	61	10	61	11	67	12	40	13	39	14	69	15	31	16	57	17	2	18	35	19	37	
	0	35	1	77	2	92	3	50	4	69	5	44	6	42	7	20	8	7	9	88	10	67	11	97	12	7	13	77	14	67	15	45	16	46	17	56	18	24	19	82	
	0	49	1	66	2	59	3	2	4	86	5	87	6	46	7	4	8	68	9	74	10	24	11	92	12	44	13	85	14	18	15	55	16	16	17	63	18	48	19	90	
	0	22	1	39	2	67	3	72	4	79	5	53	6	54	7	72	8	18	9	83	10	87	11	46	12	97	13	56	14	2	15	81	16	59	17	32	18	81	19	66	
	0	47	1	53	2	99	3	36	4	8	5	68	6	7	7	55	8	10	9	57	10	72	11	67	12	70	13	60	14	39	15	42	16	30	17	96	18	45	19	6	
	0	28	1	82	2	60	3	18	4	69	5	39	6	85	7	37	8	10	9	3	10	40	11	76	12	91	13	26	14	71	15	1	16	93	17	45	18	56	19	88	
	0	38	1	74	2	75	3	59	4	22	5	78	6	61	7	38	8	13	9	47	10	59	11	92	12	52	13	50	14	18	15	10	16	54	17	79	18	72	19	13	
	0	85	1	64	2	81	3	84	4	13	5	52	6	53	7	76	8	69	9	49	10	97	11	31	12	64	13	6	14	68	15	8	16	67	17	6	18	63	19	33	
	0	46	1	86	2	25	3	65	4	13	5	66	6	35	7	61	8	10	9	68	10	88	11	93	12	37	13	86	14	21	15	64	16	64	17	33	18	95	19	60	
	0	4	1	23	2	86	3	56	4	4	5	13	6	95	7	100	8	17	9	15	10	50	11	23	12	91	13	30	14	14	15	73	16	16	17	47	18	89	19	65	
	0	75	1	54	2	88	3	46	4	21	5	13	6	84	7	1	8	32	9	16	10	20	11	81	12	36	13	7	14	59	15	63	16	66	17	91	18	17	19	10	
	0	67	1	87	2	50	3	4	4	55	5	57	6	91	7	72	8	25	9	60	10	94	11	32	12	16	13	73	14	12	15	18	16	59	17	19	18	90	19	6	
	0	45	1	33	2	58	3	43	4	62	5	18	6	60	7	91	8	75	9	96	10	1	11	59	12	82	13	34	14	35	15	8	16	75	17	72	18	99	19	11	
	0	23	1	86	2	72	3	82	4	49	5	93	6	37	7	20	8	68	9	89	10	91	11	89	12	51	13	92	14	5	15	83	16	33	17	16	18	48	19	5	
	0	2	1	100	2	83	3	69	4	90	5	45	6	84	7	42	8	73	9	20	10	30	11	37	12	79	13	53	14	36	15	97	16	71	17	66	18	26	19	57	
	0	43	1	1	2	70	3	64	4	2	5	37	6	57	7	16	8	99	9	84	10	1	11	49	12	30	13	55	14	84	15	34	16	78	17	7	18	43	19	43	
	0	98	1	55	2	45	3	66	4	52	5	40	6	98	7	83	8	36	9	80	10	88	11	39	12	69	13	23	14	73	15	8	16	11	17	76	18	75	19	87	
	0	9	1	15	2	18	3	43	4	77	5	89	6	36	7	22	8	63	9	53	10	87	11	23	12	91	13	27	14	27	15	42	16	40	17	87	18	98	19	42	
	0	62	1	87	2	62	3	89	4	58	5	22	6	23	7	61	8	73	9	65	10	90	11	10	12	87	13	84	14	6	15	79	16	11	17	10	18	66	19	55	
	0	65	1	15	2	51	3	89	4	67	5	34	6	40	7	38	8	56	9	55	10	36	11	16	12	67	13	19	14	77	15	51	16	65	17	91	18	31	19	62	
	0	92	1	12	2	55	3	7	4	20	5	16	6	82	7	72	8	2	9	98	10	46	11	27	12	3	13	84	14	29	15	59	16	54	17	62	18	17	19	29	
	0	83	1	40	2	12	3	85	4	49	5	72	6	80	7	61	8	67	9	18	10	43	11	92	12	36	13	41	14	73	15	5	16	5	17	46	18	3	19	7	
	0	91	1	97	2	53	3	25	4	38	5	5	6	51	7	31	8	20	9	5	10	34	11	60	12	87	13	49	14	69	15	39	16	91	17	50	18	43	19	96	
	0	24	1	29	2	65	3	51	4	53	5	32	6	9	7	57	8	5	9	71	10	39	11	88	12	83	13	52	14	38	15	66	16	89	17	33	18	6	19	22	
	0	61	1	1	2	1	3	45	4	89	5	18	6	9	7	40	8	5	9	62	10	43	11	83	12	71	13	59	14	46	15	87	16	91	17	53	18	18	19	33	
	0	53	1	91	2	99	3	35	4	1	5	29	6	49	7	20	8	65	9	84	10	54	11	100	12	50	13	1	14	65	15	50	16	80	17	5	18	42	19	77	
	0	52	1	22	2	47	3	62	4	17	5	38	6	34	7	8	8	55	9	32	10	72	11	51	12	13	13	97	14	7	15	83	16	85	17	5	18	27	19	1	
	0	38	1	24	2	52	3	24	4	9	5	64	6	27	7	10	8	78	9	11	10	62	11	6	12	58	13	31	14	55	15	94	16	86	17	90	18	81	19	49	
	0	99	1	69	2	88	3	95	4	49	5	53	6	7	7	90	8	23	9	84	10	47	11	53	12	52	13	70	14	17	15	4	16	32	17	80	18	85	19	30	
	0	72	1	35	2	67	3	71	4	9	5	81	6	24	7	46	8	17	9	56	10	71	11	76	12	77	13	37	14	17	15	39	16	100	17	64	18	70	19	66	
	0	51	1	63	2	86	3	42	4	82	5	41	6	68	7	46	8	10	9	68	10	31	11	76	12	21	13	10	14	54	15	83	16	64	17	97	18	58	19	82	
	0	59	1	52	2	8	3	87	4	48	5	22	6	88	7	77	8	62	9	90	10	54	11	47	12	81	13	48	14	87	15	54	16	1	17	94	18	80	19	23	
	0	87	1	95	2	27	3	46	4	87	5	55	6	48	7	55	8	35	9	21	10	76	11	87	12	12	13	61	14	68	15	58	16	12	17	49	18	92	19	76	
	0	21	1	54	2	98	3	31	4	86	5	9	6	46	7	84	8	72	9	68	10	69	11	94	12	71	13	39	14	36	15	76	16	11	17	35	18	3	19	11	
	0	66	1	11	2	94	3	75	4	19	5	23	6	18	7	31	8	10	9	6	10	97	11	49	12	39	13	32	14	5	15	24	16	69	17	84	18	48	19	53	
	0	44	1	29	2	66	3	77	4	74	5	59	6	35	7	72	8	92	9	69	10	8	11	99	12	21	13	41	14	4	15	56	16	17	17	56	18	96	19	92	
	0	64	1	46	2	28	3	15	4	13	5	65	6	48	7	52	8	97	9	38	10	16	11	99	12	49	13	1	14	93	15	78	16	37	17	3	18	74	19	56	
	0	43	1	39	2	2	3	11	4	40	5	29	6	31	7	82	8	70	9	89	10	96	11	50	12	28	13	35	14	48	15	58	16	62	17	61	18	36	19	5	
	0	64	1	92	2	27	3	92	4	39	5	69	6	92	7	86	8	23	9	39	10	73	11	3	12	60	13	69	14	87	15	42	16	92	17	81	18	71	19	23	
	0	17	1	88	2	88	3	57	4	4	5	90	6	94	7	74	8	55	9	51	10	39	11	83	12	62	13	24	14	84	15	47	16	53	17	100	18	5	19	17	
	0	91	1	67	2	14	3	54	4	62	5	44	6	14	7	29	8	44	9	51	10	94	11	13	12	11	13	49	14	70	15	77	16	66	17	8	18	17	19	39	
	0	100	1	84	2	70	3	12	4	81	5	56	6	44	7	33	8	71	9	87	10	98	11	14	12	11	13	51	14	76	15	27	16	94	17	47	18	54	19	20	
	0	88	1	49	2	19	3	59	4	12	5	83	6	71	7	78	8	61	9	15	10	77	11	94	12	84	13	3	14	49	15	22	16	86	17	75	18	18	19	45	
	0	19	1	34	2	100	3	51	4	23	5	79	6	100	7	100	8	12	9	83	10	53	11	59	12	24	13	61	14	71	15	2	16	67	17	3	18	83	19	55	
	0	10	1	97	2	35	3	50	4	36	5	37	6	52	7	22	8	58	9	24	10	10	11	31	12	79	13	36	14	79	15	6	16	69	17	15	18	20	19	49	
	0	15	1	76	2	17	3	25	4	4	5	77	6	96	7	72	8	69	9	68	10	30	11	9	12	91	13	60	14	66	15	80	16	20	17	5	18	27	19	32	
	0	100	1	61	2	1	3	55	4	28	5	5	6	75	7	76	8	54	9	47	10	56	11	24	12	68	13	9	14	83	15	79	16	40	17	27	18	70	19	35	
	0	69	1	95	2	32	3	48	4	78	5	42	6	3	7	54	8	51	9	92	10	90	11	100	12	84	13	89	14	50	15	34	16	25	17	18	18	88	19	57	
	0	35	1	43	2	19	3	83	4	67	5	31	6	16	7	45	8	1	9	30	10	4	11	59	12	49	13	84	14	9	15	7	16	41	17	65	18	61	19	86	
	0	10	1	97	2	72	3	37	4	42	5	11	6	45	7	19	8	15	9	75	10	5	11	72	12	83	13	63	14	53	15	33	16	7	17	1	18	38	19	31	
	0	2	1	34	2	46	3	6	4	18	5	29	6	12	7	48	8	70	9	59	10	32	11	64	12	77	13	81	14	3	15	40	16	14	17	41	18	39	19	78	
	0	46	1	87	2	48	3	74	4	26	5	59	6	62	7	67	8	77	9	3	10	6	11	21	12	66	13	86	14	92	15	90	16	91	17	41	18	55	19	57	
	0	8	1	47	2	77	3	82	4	87	5	4	6	5	7	21	8	77	9	10	10	12	11	31	12	41	13	3	14	96	15	27	16	28	17	47	18	92	19	35	
	0	13	1	15	2	96	3	82	4	71	5	44	6	83	7	82	8	90	9	74	10	28	11	23	12	51	13	4	14	76	15	70	16	45	17	69	18	12	19	28	
	0	73	1	66	2	18	3	51	4	1	5	78	6	80	7	19	8	77	9	59	10	80	11	55	12	34	13	10	14	83	15	39	16	45	17	15	18	47	19	51	
	0	8	1	4	2	97	3	45	4	12	5	16	6	75	7	15	8	79	9	76	10	94	11	36	12	4	13	68	14	92	15	97	16	90	17	53	18	21	19	22	
	0	13	1	60	2	32	3	50	4	25	5	51	6	13	7	92	8	18	9	67	10	99	11	63	12	72	13	4	14	8	15	89	16	5	17	66	18	48	19	98	
	0	24	1	62	2	80	3	59	4	93	5	78	6	47	7	25	8	3	9	75	10	28	11	99	12	85	13	16	14	7	15	69	16	70	17	55	18	37	19	73	
	0	87	1	92	2	95	3	52	4	96	5	74	6	50	7	77	8	84	9	74	10	99	11	93	12	41	13	39	14	74	15	91	16	8	17	99	18	53	19	76	
	0	53	1	65	2	19	3	39	4	76	5	8	6	14	7	55	8	60	9	37	10	86	11	41	12	93	13	90	14	56	15	37	16	45	17	45	18	48	19	86	
	0	59	1	55	2	35	3	10	4	94	5	62	6	48	7	21	8	85	9	51	10	29	11	41	12	88	13	38	14	79	15	26	16	66	17	4	18	32	19	80	
	0	20	1	87	2	90	3	58	4	47	5	93	6	21	7	35	8	98	9	38	10	40	11	28	12	68	13	3	14	24	15	32	16	46	17	12	18	14	19	76	
	0	36	1	10	2	56	3	64	4	55	5	71	6	44	7	80	8	19	9	81	10	6	11	28	12	2	13	21	14	55	15	66	16	25	17	65	18	78	19	61	
	0	45	1	28	2	3	3	35	4	19	5	13	6	31	7	52	8	50	9	36	10	52	11	34	12	66	13	64	14	13	15	62	16	59	17	76	18	6	19	92	
	0	35	1	41	2	82	3	8	4	37	5	80	6	94	7	90	8	7	9	38	10	4	11	19	12	51	13	83	14	68	15	22	16	38	17	45	18	75	19	9	
	0	93	1	78	2	65	3	21	4	70	5	1	6	61	7	21	8	75	9	52	10	85	11	84	12	10	13	42	14	95	15	3	16	82	17	75	18	83	19	77	
	0	1	1	32	2	94	3	33	4	67	5	57	6	49	7	18	8	98	9	83	10	80	11	63	12	57	13	100	14	15	15	70	16	95	17	57	18	87	19	87	
	0	97	1	59	2	52	3	2	4	85	5	22	6	90	7	97	8	4	9	55	10	91	11	37	12	47	13	63	14	49	15	24	16	74	17	31	18	9	19	15	
	0	8	1	67	2	95	3	82	4	19	5	35	6	45	7	13	8	35	9	88	10	71	11	72	12	75	13	78	14	53	15	79	16	2	17	30	18	30	19	98	
	0	52	1	64	2	51	3	12	4	46	5	15	6	40	7	67	8	52	9	44	10	3	11	81	12	94	13	41	14	40	15	55	16	82	17	66	18	62	19	5	
	0	78	1	62	2	94	3	82	4	29	5	69	6	70	7	62	8	79	9	99	10	12	11	87	12	38	13	5	14	22	15	71	16	97	17	28	18	8	19	50	
	0	24	1	61	2	17	3	51	4	90	5	57	6	41	7	73	8	32	9	42	10	59	11	64	12	94	13	76	14	27	15	51	16	60	17	83	18	13	19	25	
	0	55	1	35	2	62	3	51	4	42	5	71	6	3	7	21	8	88	9	78	10	12	11	69	12	23	13	9	14	53	15	79	16	43	17	47	18	89	19	44	
	0	22	1	2	2	76	3	24	4	28	5	32	6	11	7	66	8	100	9	72	10	20	11	54	12	74	13	92	14	71	15	7	16	31	17	21	18	70	19	36	
	0	91	1	29	2	76	3	17	4	29	5	26	6	85	7	67	8	30	9	67	10	77	11	12	12	99	13	80	14	14	15	2	16	85	17	47	18	13	19	51	
	0	85	1	93	2	56	3	34	4	84	5	65	6	76	7	5	8	50	9	3	10	58	11	66	12	38	13	42	14	93	15	1	16	90	17	72	18	67	19	52	
	0	53	1	93	2	19	3	62	4	53	5	52	6	83	7	46	8	100	9	33	10	86	11	11	12	78	13	14	14	74	15	45	16	30	17	73	18	40	19	75	
	0	22	1	6	2	53	3	12	4	77	5	75	6	98	7	70	8	9	9	52	10	72	11	25	12	25	13	89	14	94	15	41	16	49	17	87	18	64	19	31	
	0	33	1	27	2	80	3	69	4	80	5	66	6	48	7	2	8	54	9	50	10	8	11	88	12	32	13	86	14	93	15	62	16	5	17	69	18	91	19	74	
	0	58	1	89	2	84	3	4	4	3	5	84	6	75	7	57	8	38	9	68	10	40	11	86	12	72	13	67	14	42	15	61	16	54	17	2	18	51	19	75	
	0	98	1	79	2	19	3	77	4	64	5	26	6	28	7	20	8	4	9	16	10	37	11	3	12	27	13	76	14	3	15	91	16	50	17	72	18	81	19	39	
	0	50	1	40	2	49	3	31	4	69	5	30	6	81	7	88	8	33	9	41	10	35	11	38	12	57	13	91	14	45	15	68	16	14	17	83	18	80	19	45	
	0	88	1	57	2	40	3	40	4	18	5	73	6	57	7	91	8	50	9	14	10	13	11	30	12	14	13	59	14	50	15	38	16	96	17	81	18	91	19	9	
	0	9	1	28	2	51	3	52	4	75	5	56	6	43	7	75	8	69	9	92	10	66	11	90	12	60	13	58	14	99	15	82	16	3	17	79	18	57	19	44	
	0	95	1	14	2	66	3	98	4	21	5	20	6	18	7	43	8	14	9	54	10	8	11	52	12	2	13	18	14	57	15	76	16	24	17	29	18	20	19	46	
	0	6	1	82	2	82	3	15	4	68	5	89	6	10	7	68	8	23	9	94	10	69	11	37	12	37	13	61	14	68	15	63	16	100	17	48	18	63	19	41	
	0	74	1	54	2	19	3	77	4	95	5	40	6	60	7	16	8	49	9	94	10	25	11	19	12	4	13	41	14	32	15	56	16	84	17	60	18	81	19	38	
	0	82	1	32	2	47	3	80	4	9	5	17	6	12	7	66	8	91	9	62	10	87	11	5	12	75	13	18	14	12	15	73	16	13	17	73	18	87	19	42	
	0	88	1	71	2	89	3	100	4	36	5	31	6	76	7	13	8	81	9	60	10	77	11	92	12	100	13	86	14	41	15	43	16	41	17	99	18	41	19	30	
	0	29	1	42	2	16	3	83	4	19	5	4	6	56	7	35	8	31	9	66	10	95	11	55	12	35	13	7	14	4	15	84	16	10	17	31	18	30	19	45	
	0	74	1	70	2	26	3	26	4	60	5	70	6	41	7	87	8	75	9	44	10	40	11	15	12	92	13	38	14	40	15	7	16	2	17	6	18	66	19	75	
	0	38	1	55	2	21	3	71	4	17	5	88	6	99	7	100	8	49	9	47	10	21	11	81	12	70	13	57	14	14	15	77	16	7	17	12	18	32	19	75	
	0	6	1	18	2	84	3	94	4	77	5	19	6	24	7	52	8	58	9	30	10	50	11	50	12	58	13	27	14	51	15	89	16	50	17	85	18	49	19	46	
	0	74	1	15	2	59	3	45	4	71	5	60	6	40	7	92	8	93	9	59	10	3	11	41	12	74	13	55	14	90	15	94	16	27	17	55	18	8	19	96	
	0	56	1	42	2	53	3	26	4	90	5	42	6	30	7	55	8	38	9	18	10	87	11	68	12	13	13	84	14	2	15	85	16	48	17	97	18	93	19	96	
	0	73	1	52	2	24	3	51	4	95	5	53	6	16	7	3	8	12	9	70	10	36	11	69	12	77	13	49	14	71	15	69	16	55	17	37	18	74	19	75	
	0	17	1	55	2	88	3	58	4	21	5	62	6	40	7	24	8	57	9	70	10	67	11	100	12	48	13	38	14	44	15	98	16	78	17	38	18	73	19	73	
	0	56	1	48	2	8	3	64	4	100	5	70	6	58	7	15	8	61	9	4	10	35	11	46	12	20	13	32	14	76	15	34	16	83	17	16	18	79	19	27	
	0	27	1	89	2	34	3	56	4	22	5	90	6	39	7	54	8	25	9	32	10	86	11	13	12	1	13	63	14	95	15	100	16	33	17	23	18	32	19	62	
	0	72	1	78	2	65	3	99	4	21	5	1	6	36	7	86	8	11	9	83	10	40	11	18	12	48	13	33	14	93	15	80	16	78	17	72	18	40	19	55	
	0	98	1	61	2	13	3	82	4	81	5	90	6	83	7	23	8	36	9	87	10	81	11	52	12	43	13	32	14	84	15	72	16	6	17	58	18	52	19	13	
	0	88	1	74	2	3	3	61	4	38	5	49	6	96	7	52	8	89	9	82	10	5	11	92	12	88	13	83	14	14	15	88	16	44	17	7	18	27	19	71	
	0	37	1	61	2	96	3	69	4	22	5	41	6	95	7	19	8	30	9	100	10	2	11	24	12	55	13	93	14	24	15	24	16	76	17	35	18	43	19	73	
	0	2	1	7	2	17	3	30	4	3	5	92	6	68	7	68	8	48	9	86	10	22	11	21	12	65	13	43	14	53	15	75	16	47	17	81	18	100	19	9	
	0	25	1	89	2	32	3	21	4	28	5	58	6	43	7	26	8	98	9	38	10	51	11	34	12	30	13	17	14	95	15	37	16	91	17	11	18	67	19	29	
	0	95	1	44	2	69	3	13	4	42	5	20	6	13	7	64	8	84	9	10	10	73	11	34	12	31	13	26	14	90	15	98	16	38	17	18	18	60	19	68	
	0	52	1	66	2	100	3	64	4	53	5	4	6	73	7	45	8	84	9	71	10	92	11	19	12	73	13	53	14	25	15	94	16	62	17	76	18	75	19	15	
	0	41	1	81	2	80	3	26	4	1	5	19	6	67	7	2	8	26	9	96	10	67	11	22	12	58	13	47	14	89	15	25	16	51	17	1	18	17	19	13	
	0	71	1	62	2	42	3	74	4	19	5	36	6	96	7	89	8	88	9	87	10	44	11	88	12	80	13	89	14	43	15	80	16	29	17	56	18	75	19	2	
	0	16	1	65	2	35	3	24	4	77	5	9	6	86	7	95	8	43	9	80	10	48	11	79	12	54	13	55	14	37	15	83	16	13	17	65	18	43	19	51	
	0	56	1	17	2	7	3	40	4	55	5	84	6	19	7	85	8	81	9	26	10	79	11	13	12	51	13	40	14	6	15	42	16	35	17	8	18	28	19	54	
	0	90	1	52	2	86	3	57	4	11	5	94	6	10	7	13	8	3	9	33	10	14	11	21	12	26	13	6	14	28	15	30	16	94	17	10	18	72	19	53	
	0	8	1	47	2	90	3	87	4	52	5	18	6	46	7	47	8	30	9	63	10	58	11	24	12	71	13	42	14	87	15	75	16	89	17	6	18	100	19	80	
	0	64	1	36	2	77	3	98	4	26	5	46	6	84	7	90	8	78	9	16	10	42	11	12	12	34	13	92	14	92	15	60	16	46	17	90	18	8	19	56	
	0	97	1	64	2	84	3	11	4	31	5	57	6	27	7	27	8	24	9	13	10	16	11	68	12	73	13	85	14	52	15	89	16	41	17	25	18	82	19	88	
	0	27	1	33	2	25	3	61	4	91	5	18	6	22	7	61	8	51	9	30	10	41	11	77	12	96	13	10	14	55	15	18	16	70	17	73	18	10	19	75	
	0	93	1	70	2	33	3	42	4	54	5	29	6	34	7	65	8	6	9	39	10	31	11	45	12	57	13	98	14	45	15	18	16	95	17	47	18	12	19	73	
	0	85	1	14	2	19	3	73	4	51	5	46	6	19	7	57	8	19	9	92	10	80	11	49	12	42	13	57	14	64	15	65	16	86	17	87	18	57	19	83	
	0	84	1	64	2	2	3	24	4	95	5	27	6	82	7	29	8	43	9	49	10	68	11	64	12	8	13	35	14	23	15	46	16	43	17	58	18	30	19	21	
	0	95	1	43	2	56	3	95	4	24	5	98	6	68	7	98	8	74	9	60	10	59	11	39	12	9	13	80	14	47	15	89	16	6	17	19	18	47	19	91	
	0	41	1	26	2	48	3	66	4	61	5	61	6	21	7	6	8	22	9	71	10	74	11	1	12	74	13	57	14	24	15	45	16	20	17	25	18	77	19	59	
	0	69	1	59	2	90	3	32	4	41	5	75	6	71	7	1	8	94	9	42	10	22	11	23	12	7	13	48	14	16	15	84	16	28	17	27	18	25	19	50	
	0	66	1	81	2	63	3	97	4	88	5	47	6	42	7	77	8	89	9	82	10	60	11	86	12	96	13	41	14	12	15	67	16	62	17	53	18	57	19	43	
	0	30	1	85	2	21	3	51	4	56	5	37	6	95	7	81	8	25	9	41	10	83	11	98	12	14	13	96	14	96	15	26	16	48	17	60	18	12	19	1	
	0	19	1	17	2	64	3	22	4	39	5	21	6	98	7	29	8	77	9	38	10	38	11	15	12	91	13	80	14	85	15	33	16	60	17	15	18	69	19	62	
	0	99	1	92	2	94	3	89	4	38	5	96	6	65	7	7	8	90	9	18	10	68	11	10	12	26	13	62	14	81	15	20	16	74	17	100	18	21	19	27	
	0	95	1	18	2	65	3	65	4	16	5	62	6	59	7	14	8	84	9	36	10	23	11	29	12	3	13	16	14	24	15	12	16	46	17	89	18	51	19	100	
	0	12	1	41	2	19	3	72	4	23	5	1	6	4	7	38	8	24	9	5	10	91	11	76	12	79	13	46	14	14	15	98	16	11	17	28	18	73	19	74	
	0	46	1	86	2	8	3	84	4	72	5	60	6	31	7	63	8	27	9	80	10	33	11	73	12	92	13	74	14	57	15	99	16	40	17	35	18	45	19	78	
	0	90	1	57	2	41	3	39	4	57	5	20	6	74	7	57	8	77	9	5	10	28	11	72	12	24	13	76	14	77	15	2	16	99	17	13	18	93	19	98	
	0	11	1	55	2	20	3	27	4	86	5	24	6	42	7	30	8	39	9	26	10	95	11	24	12	87	13	92	14	38	15	99	16	33	17	25	18	68	19	38	
	0	45	1	53	2	80	3	29	4	56	5	29	6	85	7	52	8	36	9	18	10	52	11	29	12	36	13	7	14	62	15	40	16	8	17	8	18	34	19	46	
	0	7	1	87	2	18	3	30	4	72	5	13	6	24	7	69	8	79	9	6	10	73	11	34	12	25	13	26	14	25	15	78	16	4	17	51	18	52	19	96	
	0	7	1	32	2	53	3	43	4	77	5	37	6	34	7	31	8	56	9	62	10	89	11	39	12	52	13	6	14	50	15	50	16	93	17	52	18	66	19	57	
	0	39	1	49	2	96	3	100	4	62	5	21	6	30	7	100	8	19	9	53	10	3	11	16	12	99	13	30	14	56	15	78	16	30	17	51	18	82	19	69	
	0	2	1	17	2	87	3	61	4	26	5	75	6	64	7	19	8	30	9	54	10	19	11	70	12	14	13	51	14	29	15	8	16	71	17	97	18	85	19	2	
	0	2	1	27	2	57	3	96	4	12	5	33	6	37	7	64	8	63	9	19	10	54	11	32	12	68	13	74	14	44	15	28	16	97	17	23	18	76	19	82	
	0	54	1	67	2	33	3	34	4	63	5	81	6	93	7	66	8	1	9	12	10	25	11	59	12	71	13	80	14	7	15	58	16	92	17	76	18	12	19	69	
	0	56	1	43	2	46	3	7	4	4	5	56	6	75	7	15	8	62	9	36	10	53	11	6	12	37	13	14	14	50	15	55	16	25	17	97	18	4	19	83	
	0	100	1	86	2	25	3	98	4	87	5	10	6	32	7	20	8	97	9	32	10	9	11	87	12	77	13	40	14	31	15	58	16	26	17	55	18	78	19	47	
	0	39	1	23	2	47	3	71	4	61	5	80	6	52	7	30	8	18	9	9	10	96	11	42	12	56	13	52	14	3	15	20	16	23	17	92	18	20	19	1	
	0	88	1	1	2	48	3	84	4	47	5	7	6	89	7	66	8	91	9	4	10	67	11	72	12	62	13	1	14	58	15	69	16	92	17	56	18	93	19	11	
	0	2	1	15	2	63	3	19	4	80	5	49	6	33	7	81	8	34	9	50	10	64	11	86	12	20	13	94	14	89	15	17	16	69	17	35	18	95	19	90	
	0	71	1	99	2	47	3	54	4	10	5	96	6	63	7	32	8	11	9	55	10	86	11	17	12	59	13	17	14	89	15	66	16	29	17	74	18	72	19	28	
	0	44	1	12	2	11	3	17	4	70	5	79	6	15	7	22	8	15	9	87	10	41	11	74	12	38	13	39	14	70	15	20	16	27	17	62	18	46	19	33	
	0	85	1	4	2	87	3	1	4	70	5	58	6	17	7	40	8	54	9	31	10	72	11	11	12	21	13	30	14	46	15	72	16	74	17	17	18	48	19	43	
	0	81	1	21	2	11	3	46	4	39	5	73	6	28	7	4	8	81	9	1	10	38	11	7	12	63	13	96	14	56	15	11	16	76	17	53	18	7	19	88	
	0	56	1	67	2	93	3	56	4	61	5	32	6	68	7	71	8	75	9	32	10	2	11	43	12	31	13	47	14	10	15	63	16	23	17	68	18	93	19	24	
	0	8	1	19	2	3	3	47	4	69	5	58	6	33	7	51	8	40	9	96	10	68	11	83	12	99	13	30	14	95	15	56	16	25	17	98	18	17	19	68	
	0	14	1	51	2	54	3	20	4	77	5	7	6	82	7	24	8	66	9	69	10	89	11	60	12	65	13	70	14	34	15	12	16	94	17	31	18	97	19	53	
	0	14	1	61	2	79	3	63	4	86	5	54	6	30	7	6	8	19	9	72	10	26	11	93	12	47	13	74	14	68	15	36	16	88	17	96	18	30	19	9	
	0	99	1	92	2	4	3	86	4	43	5	36	6	46	7	25	8	63	9	94	10	78	11	32	12	86	13	58	14	60	15	82	16	18	17	40	18	90	19	52	
	0	97	1	86	2	34	3	57	4	81	5	42	6	37	7	59	8	35	9	61	10	30	11	31	12	35	13	56	14	42	15	12	16	58	17	59	18	87	19	77	
	0	76	1	64	2	3	3	57	4	44	5	30	6	56	7	47	8	23	9	18	10	58	11	88	12	98	13	28	14	70	15	49	16	89	17	55	18	99	19	75	
	0	17	1	44	2	54	3	89	4	81	5	5	6	62	7	23	8	34	9	45	10	30	11	9	12	96	13	4	14	91	15	64	16	17	17	33	18	67	19	79	
	0	88	1	20	2	8	3	27	4	34	5	14	6	1	7	31	8	7	9	96	10	14	11	90	12	32	13	92	14	76	15	63	16	86	17	4	18	54	19	51	
	0	79	1	21	2	50	3	19	4	52	5	67	6	51	7	17	8	15	9	99	10	15	11	13	12	78	13	69	14	46	15	53	16	1	17	65	18	96	19	93	
	0	2	1	74	2	96	3	82	4	16	5	61	6	33	7	97	8	90	9	32	10	8	11	52	12	57	13	75	14	24	15	34	16	32	17	81	18	68	19	80	
	0	88	1	87	2	51	3	1	4	29	5	66	6	78	7	2	8	24	9	83	10	57	11	18	12	59	13	40	14	84	15	20	16	71	17	47	18	43	19	20	
	0	9	1	10	2	18	3	18	4	29	5	86	6	7	7	11	8	47	9	29	10	76	11	72	12	39	13	39	14	28	15	31	16	92	17	30	18	90	19	85	
	0	57	1	25	2	27	3	59	4	70	5	51	6	10	7	95	8	38	9	58	10	45	11	71	12	6	13	10	14	18	15	36	16	65	17	96	18	99	19	56	
	0	90	1	19	2	88	3	46	4	36	5	86	6	32	7	32	8	8	9	22	10	23	11	79	12	42	13	43	14	35	15	63	16	66	17	98	18	73	19	66	
	0	90	1	9	2	68	3	94	4	66	5	51	6	29	7	3	8	59	9	16	10	81	11	71	12	16	13	5	14	20	15	42	16	67	17	80	18	83	19	2	
	0	17	1	33	2	61	3	16	4	70	5	58	6	56	7	86	8	52	9	18	10	23	11	56	12	58	13	10	14	79	15	45	16	4	17	90	18	63	19	7	
	0	78	1	18	2	85	3	59	4	99	5	32	6	48	7	60	8	32	9	45	10	31	11	72	12	58	13	56	14	92	15	24	16	33	17	88	18	75	19	72	
	0	7	1	95	2	2	3	90	4	58	5	24	6	78	7	69	8	53	9	86	10	44	11	79	12	2	13	46	14	29	15	69	16	28	17	46	18	20	19	75	
	0	12	1	57	2	30	3	23	4	4	5	83	6	20	7	94	8	95	9	98	10	38	11	86	12	13	13	72	14	87	15	8	16	78	17	79	18	54	19	45	
	0	73	1	4	2	44	3	77	4	51	5	55	6	67	7	48	8	34	9	27	10	71	11	48	12	82	13	76	14	52	15	29	16	91	17	57	18	5	19	28	
	0	61	1	77	2	100	3	75	4	43	5	9	6	6	7	69	8	70	9	31	10	71	11	34	12	19	13	71	14	30	15	15	16	62	17	19	18	75	19	28	
	0	91	1	30	2	3	3	51	4	37	5	22	6	32	7	81	8	18	9	22	10	43	11	16	12	81	13	75	14	2	15	3	16	80	17	19	18	87	19	7	
	0	62	1	1	2	71	3	10	4	68	5	35	6	32	7	34	8	45	9	1	10	88	11	73	12	100	13	100	14	94	15	76	16	95	17	51	18	54	19	11	
	0	98	1	31	2	53	3	54	4	85	5	2	6	63	7	98	8	34	9	30	10	86	11	48	12	59	13	51	14	12	15	47	16	32	17	2	18	49	19	78	
	0	30	1	69	2	70	3	8	4	9	5	56	6	30	7	55	8	60	9	15	10	71	11	96	12	42	13	80	14	9	15	80	16	99	17	60	18	76	19	45	
	0	46	1	21	2	7	3	93	4	80	5	82	6	10	7	21	8	75	9	62	10	64	11	42	12	68	13	67	14	58	15	16	16	1	17	83	18	41	19	27	
	0	74	1	39	2	7	3	34	4	36	5	76	6	25	7	97	8	29	9	51	10	96	11	51	12	56	13	4	14	46	15	70	16	21	17	94	18	12	19	34	
	0	80	1	99	2	75	3	92	4	47	5	3	6	71	7	97	8	33	9	52	10	24	11	5	12	66	13	5	14	92	15	56	16	77	17	3	18	95	19	36	
	0	27	1	5	2	15	3	21	4	19	5	68	6	19	7	78	8	10	9	75	10	6	11	48	12	19	13	50	14	68	15	98	16	23	17	89	18	26	19	75	
	0	32	1	8	2	27	3	93	4	5	5	86	6	92	7	43	8	96	9	54	10	81	11	38	12	79	13	92	14	30	15	21	16	80	17	69	18	21	19	74	
	0	43	1	37	2	33	3	34	4	18	5	22	6	100	7	97	8	80	9	70	10	6	11	47	12	95	13	7	14	46	15	3	16	86	17	22	18	23	19	65	
	0	15	1	37	2	44	3	66	4	46	5	15	6	56	7	93	8	22	9	34	10	22	11	43	12	56	13	33	14	72	15	48	16	63	17	80	18	83	19	8	
	0	75	1	88	2	79	3	80	4	94	5	44	6	65	7	74	8	73	9	29	10	83	11	53	12	31	13	43	14	100	15	74	16	33	17	9	18	22	19	32	
	0	22	1	60	2	88	3	50	4	18	5	93	6	80	7	7	8	30	9	83	10	45	11	37	12	31	13	32	14	82	15	6	16	37	17	35	18	84	19	88	
	0	34	1	32	2	95	3	19	4	60	5	69	6	89	7	12	8	47	9	100	10	23	11	55	12	88	13	82	14	48	15	98	16	79	17	14	18	4	19	90	
	0	37	1	56	2	54	3	30	4	19	5	42	6	82	7	58	8	91	9	73	10	43	11	39	12	73	13	5	14	16	15	19	16	85	17	74	18	39	19	65	
	0	67	1	59	2	95	3	16	4	99	5	29	6	71	7	50	8	37	9	65	10	8	11	9	12	18	13	87	14	34	15	56	16	29	17	86	18	36	19	75	
	0	53	1	42	2	6	3	55	4	6	5	49	6	44	7	66	8	34	9	47	10	38	11	77	12	60	13	97	14	51	15	93	16	37	17	96	18	95	19	57	
	0	91	1	80	2	9	3	28	4	17	5	63	6	33	7	63	8	77	9	37	10	3	11	65	12	78	13	5	14	8	15	58	16	46	17	77	18	47	19	87	
	0	97	1	63	2	45	3	84	4	11	5	92	6	94	7	58	8	99	9	72	10	29	11	68	12	29	13	40	14	26	15	28	16	28	17	61	18	14	19	42	
	0	9	1	25	2	55	3	60	4	63	5	14	6	39	7	94	8	56	9	75	10	44	11	59	12	72	13	99	14	22	15	25	16	29	17	79	18	24	19	41	
	0	28	1	12	2	93	3	70	4	55	5	94	6	63	7	100	8	81	9	96	10	95	11	70	12	38	13	55	14	65	15	29	16	92	17	82	18	17	19	37	
	0	31	1	81	2	55	3	20	4	64	5	83	6	91	7	74	8	47	9	78	10	50	11	28	12	6	13	29	14	27	15	85	16	38	17	76	18	17	19	88	
	0	16	1	80	2	70	3	60	4	33	5	84	6	60	7	15	8	76	9	61	10	31	11	76	12	5	13	41	14	49	15	4	16	52	17	66	18	18	19	65	
	0	23	1	97	2	20	3	78	4	73	5	75	6	58	7	27	8	56	9	64	10	52	11	29	12	95	13	95	14	69	15	98	16	29	17	2	18	73	19	58	
	0	60	1	14	2	94	3	18	4	66	5	25	6	17	7	67	8	61	9	56	10	69	11	38	12	3	13	100	14	13	15	100	16	7	17	84	18	64	19	73	
	0	71	1	12	2	91	3	58	4	3	5	26	6	70	7	72	8	46	9	10	10	99	11	11	12	28	13	30	14	12	15	70	16	48	17	23	18	87	19	23	
	0	7	1	50	2	57	3	79	4	26	5	75	6	65	7	40	8	70	9	35	10	52	11	59	12	82	13	70	14	46	15	91	16	15	17	55	18	22	19	60	
	0	36	1	21	2	18	3	61	4	67	5	68	6	50	7	47	8	56	9	57	10	80	11	30	12	34	13	7	14	42	15	22	16	32	17	6	18	37	19	24	
	0	39	1	86	2	53	3	61	4	69	5	81	6	13	7	64	8	5	9	18	10	93	11	36	12	27	13	57	14	51	15	100	16	82	17	65	18	28	19	54	
	0	95	1	14	2	36	3	83	4	93	5	28	6	76	7	65	8	34	9	33	10	20	11	64	12	29	13	41	14	48	15	22	16	64	17	68	18	29	19	46	
	0	94	1	71	2	67	3	45	4	95	5	92	6	85	7	76	8	77	9	64	10	30	11	95	12	20	13	93	14	77	15	50	16	44	17	33	18	15	19	21	
	0	74	1	84	2	90	3	62	4	65	5	22	6	34	7	64	8	16	9	53	10	30	11	100	12	26	13	64	14	16	15	59	16	1	17	16	18	49	19	66	
	0	83	1	54	2	79	3	54	4	35	5	96	6	33	7	80	8	17	9	73	10	11	11	1	12	6	13	91	14	100	15	56	16	87	17	18	18	13	19	29	
	0	79	1	99	2	43	3	34	4	52	5	36	6	80	7	73	8	87	9	23	10	90	11	17	12	37	13	42	14	1	15	2	16	20	17	6	18	64	19	48	
	0	82	1	77	2	72	3	40	4	8	5	30	6	65	7	77	8	54	9	23	10	26	11	26	12	39	13	57	14	88	15	53	16	9	17	13	18	54	19	65	
	0	35	1	36	2	12	3	17	4	87	5	65	6	34	7	84	8	71	9	6	10	41	11	54	12	83	13	88	14	62	15	69	16	54	17	25	18	34	19	66	
	0	3	1	9	2	57	3	42	4	23	5	65	6	34	7	76	8	56	9	63	10	16	11	21	12	4	13	78	14	4	15	31	16	72	17	99	18	20	19	76	
	0	29	1	26	2	56	3	39	4	94	5	23	6	60	7	25	8	3	9	52	10	62	11	53	12	26	13	59	14	18	15	19	16	47	17	18	18	24	19	75	
	0	98	1	75	2	24	3	82	4	70	5	83	6	89	7	6	8	93	9	63	10	73	11	10	12	52	13	33	14	74	15	37	16	1	17	53	18	12	19	28	
	0	64	1	51	2	65	3	92	4	58	5	2	6	85	7	39	8	87	9	24	10	86	11	86	12	75	13	44	14	72	15	11	16	30	17	90	18	16	19	14	
	0	54	1	61	2	51	3	53	4	46	5	67	6	54	7	98	8	60	9	51	10	48	11	5	12	83	13	19	14	28	15	62	16	8	17	61	18	89	19	19	
	0	47	1	47	2	9	3	10	4	75	5	60	6	66	7	78	8	82	9	82	10	12	11	95	12	42	13	70	14	56	15	15	16	78	17	40	18	77	19	46	
	0	45	1	84	2	25	3	26	4	38	5	42	6	35	7	64	8	23	9	45	10	72	11	34	12	100	13	79	14	88	15	66	16	33	17	60	18	63	19	61	
	0	64	1	57	2	82	3	94	4	82	5	6	6	5	7	30	8	88	9	44	10	42	11	99	12	62	13	1	14	3	15	93	16	7	17	77	18	64	19	49	
	0	57	1	1	2	81	3	82	4	68	5	91	6	60	7	74	8	86	9	6	10	24	11	21	12	3	13	6	14	73	15	2	16	26	17	64	18	70	19	27	
	0	60	1	51	2	53	3	55	4	91	5	65	6	38	7	95	8	24	9	48	10	5	11	29	12	20	13	30	14	95	15	21	16	85	17	41	18	32	19	35	
	0	77	1	58	2	11	3	42	4	87	5	97	6	73	7	27	8	73	9	12	10	35	11	49	12	22	13	64	14	95	15	1	16	22	17	1	18	62	19	100	
	0	56	1	32	2	34	3	28	4	88	5	35	6	43	7	28	8	94	9	68	10	68	11	4	12	7	13	55	14	45	15	44	16	96	17	90	18	95	19	45	
	0	64	1	60	2	23	3	78	4	55	5	1	6	43	7	14	8	61	9	20	10	23	11	27	12	67	13	91	14	62	15	11	16	34	17	1	18	78	19	7	
	0	27	1	68	2	69	3	93	4	76	5	34	6	9	7	10	8	10	9	1	10	82	11	5	12	18	13	93	14	100	15	52	16	86	17	90	18	2	19	69	
	0	96	1	11	2	25	3	61	4	42	5	87	6	49	7	1	8	22	9	60	10	70	11	10	12	16	13	77	14	39	15	74	16	100	17	14	18	89	19	81	
	0	57	1	94	2	90	3	66	4	33	5	30	6	85	7	96	8	46	9	93	10	39	11	54	12	24	13	70	14	64	15	67	16	7	17	2	18	80	19	26	
	0	36	1	15	2	44	3	84	4	98	5	87	6	24	7	80	8	46	9	100	10	16	11	85	12	62	13	21	14	60	15	17	16	94	17	84	18	89	19	38	
	0	53	1	95	2	46	3	33	4	49	5	80	6	19	7	82	8	68	9	6	10	10	11	62	12	95	13	26	14	36	15	66	16	39	17	59	18	26	19	70	
	0	42	1	35	2	5	3	58	4	68	5	42	6	8	7	92	8	72	9	10	10	82	11	85	12	3	13	16	14	44	15	14	16	23	17	41	18	48	19	45	
	0	72	1	37	2	36	3	2	4	76	5	2	6	94	7	100	8	57	9	51	10	77	11	64	12	74	13	72	14	6	15	12	16	19	17	49	18	96	19	41	
	0	49	1	1	2	54	3	47	4	62	5	44	6	56	7	26	8	65	9	2	10	65	11	38	12	59	13	21	14	8	15	57	16	70	17	27	18	1	19	58	
	0	63	1	96	2	8	3	62	4	24	5	10	6	5	7	46	8	63	9	14	10	98	11	35	12	82	13	60	14	26	15	54	16	39	17	35	18	95	19	36	
	0	40	1	83	2	56	3	95	4	33	5	4	6	49	7	40	8	83	9	72	10	87	11	39	12	49	13	50	14	11	15	33	16	84	17	74	18	43	19	5	
	0	56	1	33	2	70	3	83	4	39	5	97	6	6	7	43	8	71	9	85	10	56	11	37	12	96	13	55	14	51	15	90	16	6	17	72	18	93	19	53	
	0	28	1	86	2	19	3	61	4	7	5	81	6	59	7	76	8	40	9	35	10	17	11	81	12	10	13	58	14	63	15	83	16	63	17	76	18	34	19	13	
	0	41	1	35	2	15	3	63	4	8	5	11	6	35	7	19	8	35	9	91	10	80	11	90	12	72	13	52	14	80	15	30	16	26	17	38	18	59	19	43	
	0	74	1	2	2	1	3	94	4	66	5	73	6	17	7	82	8	34	9	94	10	30	11	18	12	57	13	59	14	97	15	52	16	97	17	90	18	84	19	56	
	0	66	1	35	2	94	3	74	4	9	5	59	6	20	7	67	8	72	9	99	10	28	11	35	12	11	13	71	14	92	15	47	16	14	17	2	18	29	19	69	
	0	38	1	26	2	78	3	80	4	11	5	30	6	49	7	4	8	50	9	49	10	66	11	83	12	25	13	75	14	84	15	90	16	84	17	50	18	93	19	47	
	0	71	1	65	2	29	3	95	4	10	5	41	6	54	7	45	8	72	9	61	10	50	11	81	12	37	13	25	14	62	15	60	16	95	17	1	18	28	19	45	
	0	8	1	31	2	41	3	65	4	75	5	46	6	78	7	52	8	16	9	10	10	88	11	52	12	94	13	21	14	94	15	43	16	60	17	80	18	83	19	24	
	0	63	1	47	2	17	3	47	4	56	5	55	6	38	7	46	8	61	9	90	10	93	11	57	12	11	13	89	14	5	15	50	16	52	17	18	18	42	19	38	
	0	58	1	30	2	21	3	36	4	53	5	89	6	76	7	8	8	28	9	17	10	82	11	68	12	79	13	66	14	5	15	66	16	58	17	83	18	65	19	18	
	0	30	1	26	2	56	3	43	4	7	5	46	6	93	7	50	8	32	9	50	10	87	11	80	12	94	13	91	14	28	15	4	16	16	17	62	18	34	19	24	
	0	52	1	24	2	13	3	77	4	1	5	55	6	62	7	23	8	48	9	34	10	13	11	71	12	36	13	66	14	10	15	8	16	27	17	19	18	31	19	48	
	0	23	1	58	2	90	3	24	4	44	5	48	6	77	7	52	8	15	9	73	10	52	11	61	12	26	13	36	14	38	15	22	16	19	17	34	18	33	19	97	
	0	10	1	31	2	32	3	46	4	85	5	28	6	43	7	34	8	15	9	75	10	82	11	10	12	38	13	90	14	57	15	92	16	51	17	26	18	72	19	67	
	0	78	1	44	2	79	3	7	4	98	5	9	6	43	7	96	8	55	9	60	10	89	11	64	12	12	13	30	14	55	15	11	16	36	17	50	18	81	19	75	
	0	77	1	3	2	57	3	90	4	84	5	34	6	68	7	99	8	63	9	4	10	29	11	54	12	6	13	73	14	67	15	60	16	18	17	5	18	22	19	3	
	0	7	1	55	2	15	3	68	4	61	5	92	6	51	7	66	8	10	9	66	10	82	11	74	12	83	13	19	14	13	15	100	16	48	17	49	18	62	19	38	
	0	10	1	75	2	99	3	50	4	18	5	86	6	71	7	54	8	68	9	21	10	64	11	11	12	41	13	89	14	6	15	5	16	77	17	53	18	14	19	90	
	0	5	1	66	2	46	3	76	4	38	5	81	6	62	7	98	8	92	9	33	10	79	11	27	12	30	13	99	14	8	15	72	16	54	17	65	18	87	19	88	
	0	56	1	4	2	22	3	15	4	76	5	88	6	46	7	88	8	50	9	80	10	69	11	57	12	54	13	96	14	80	15	100	16	13	17	48	18	69	19	10	
	0	40	1	53	2	79	3	48	4	67	5	3	6	86	7	79	8	78	9	93	10	43	11	23	12	67	13	95	14	26	15	88	16	57	17	42	18	72	19	28	
	0	74	1	86	2	40	3	65	4	82	5	14	6	24	7	54	8	41	9	82	10	68	11	69	12	22	13	61	14	63	15	21	16	47	17	11	18	35	19	74	
	0	6	1	53	2	84	3	49	4	81	5	73	6	73	7	30	8	62	9	97	10	11	11	98	12	69	13	55	14	38	15	7	16	4	17	87	18	51	19	70	
	0	70	1	12	2	15	3	23	4	35	5	89	6	19	7	16	8	56	9	52	10	5	11	92	12	30	13	7	14	2	15	60	16	34	17	67	18	23	19	97	
	0	60	1	87	2	52	3	49	4	81	5	1	6	93	7	54	8	72	9	86	10	96	11	69	12	23	13	37	14	48	15	20	16	24	17	57	18	34	19	35	
	0	51	1	90	2	93	3	98	4	95	5	34	6	20	7	56	8	37	9	68	10	63	11	49	12	48	13	58	14	94	15	20	16	4	17	83	18	60	19	32	
	0	70	1	69	2	31	3	58	4	89	5	25	6	42	7	80	8	100	9	82	10	72	11	53	12	83	13	44	14	31	15	24	16	59	17	89	18	78	19	43	
	0	31	1	78	2	83	3	13	4	93	5	76	6	14	7	62	8	50	9	83	10	38	11	43	12	62	13	23	14	29	15	97	16	52	17	25	18	33	19	58	
	0	91	1	34	2	22	3	15	4	81	5	39	6	35	7	9	8	88	9	58	10	53	11	31	12	11	13	73	14	18	15	70	16	39	17	76	18	39	19	72	
	0	85	1	21	2	37	3	92	4	57	5	84	6	94	7	58	8	99	9	57	10	8	11	59	12	45	13	42	14	99	15	91	16	72	17	78	18	25	19	63	
	0	21	1	36	2	84	3	51	4	71	5	42	6	39	7	56	8	34	9	53	10	9	11	68	12	99	13	10	14	71	15	74	16	69	17	19	18	97	19	98	
	0	87	1	20	2	41	3	23	4	50	5	22	6	87	7	7	8	50	9	46	10	81	11	60	12	86	13	35	14	55	15	84	16	32	17	21	18	88	19	87	
	0	22	1	97	2	20	3	73	4	60	5	54	6	13	7	91	8	72	9	98	10	34	11	16	12	12	13	31	14	38	15	57	16	38	17	66	18	67	19	10	
	0	73	1	54	2	23	3	9	4	92	5	87	6	51	7	24	8	37	9	37	10	39	11	90	12	96	13	99	14	38	15	32	16	98	17	96	18	84	19	37	
	0	93	1	100	2	29	3	40	4	5	5	89	6	12	7	79	8	6	9	87	10	90	11	9	12	81	13	95	14	90	15	5	16	53	17	67	18	91	19	81	
	0	76	1	34	2	5	3	27	4	19	5	14	6	92	7	83	8	14	9	44	10	98	11	17	12	64	13	37	14	15	15	47	16	23	17	47	18	48	19	59	
	0	33	1	55	2	1	3	71	4	28	5	100	6	32	7	70	8	51	9	17	10	40	11	18	12	78	13	85	14	86	15	64	16	54	17	12	18	64	19	80	
	0	87	1	55	2	80	3	35	4	17	5	49	6	52	7	92	8	70	9	81	10	12	11	26	12	98	13	47	14	31	15	32	16	71	17	6	18	99	19	42	
	0	25	1	76	2	21	3	96	4	34	5	30	6	46	7	22	8	75	9	8	10	77	11	98	12	75	13	1	14	14	15	19	16	68	17	20	18	78	19	91	
	0	17	1	57	2	25	3	84	4	11	5	43	6	61	7	60	8	57	9	16	10	53	11	38	12	59	13	20	14	26	15	90	16	1	17	72	18	85	19	44	
	0	69	1	86	2	52	3	2	4	47	5	25	6	95	7	92	8	54	9	62	10	64	11	17	12	85	13	50	14	82	15	68	16	32	17	68	18	94	19	80	
	0	40	1	35	2	64	3	62	4	29	5	69	6	88	7	60	8	7	9	80	10	7	11	28	12	29	13	18	14	92	15	55	16	51	17	56	18	65	19	16	
	0	66	1	71	2	63	3	72	4	98	5	58	6	69	7	27	8	95	9	44	10	54	11	55	12	53	13	83	14	45	15	50	16	63	17	31	18	23	19	10	
	0	4	1	61	2	4	3	36	4	37	5	12	6	6	7	13	8	90	9	93	10	3	11	1	12	23	13	51	14	49	15	50	16	91	17	61	18	85	19	49	
	0	1	1	97	2	2	3	93	4	64	5	39	6	12	7	5	8	61	9	30	10	1	11	33	12	87	13	84	14	99	15	13	16	35	17	12	18	57	19	44	
	0	61	1	1	2	4	3	3	4	3	5	70	6	38	7	67	8	77	9	44	10	6	11	46	12	43	13	1	14	93	15	90	16	84	17	23	18	25	19	56	
	0	60	1	67	2	40	3	96	4	84	5	24	6	82	7	82	8	89	9	22	10	81	11	69	12	95	13	91	14	62	15	96	16	53	17	16	18	36	19	17	
	0	40	1	95	2	71	3	50	4	44	5	38	6	99	7	99	8	62	9	92	10	72	11	35	12	31	13	16	14	12	15	79	16	29	17	14	18	3	19	9	
	0	97	1	82	2	99	3	7	4	6	5	92	6	75	7	42	8	70	9	97	10	98	11	30	12	19	13	25	14	94	15	60	16	96	17	54	18	89	19	51	
	0	69	1	38	2	17	3	98	4	9	5	42	6	40	7	39	8	44	9	45	10	88	11	72	12	22	13	76	14	98	15	70	16	35	17	67	18	80	19	38	
	0	100	1	38	2	81	3	21	4	23	5	70	6	93	7	98	8	99	9	15	10	31	11	87	12	46	13	84	14	51	15	28	16	13	17	73	18	52	19	66	
	0	18	1	58	2	23	3	72	4	81	5	88	6	46	7	62	8	17	9	17	10	97	11	80	12	57	13	65	14	79	15	55	16	99	17	4	18	65	19	69	
	0	9	1	23	2	19	3	5	4	9	5	99	6	8	7	43	8	80	9	29	10	17	11	2	12	34	13	60	14	93	15	97	16	16	17	30	18	80	19	52	
	0	34	1	41	2	50	3	8	4	20	5	11	6	100	7	6	8	64	9	84	10	10	11	36	12	31	13	68	14	44	15	15	16	90	17	6	18	79	19	17	
	0	15	1	63	2	94	3	63	4	97	5	88	6	82	7	59	8	12	9	34	10	88	11	75	12	47	13	68	14	95	15	18	16	49	17	24	18	67	19	72	
	0	94	1	20	2	12	3	82	4	63	5	1	6	59	7	84	8	28	9	49	10	87	11	55	12	91	13	1	14	24	15	91	16	67	17	98	18	46	19	97	
	0	90	1	100	2	44	3	99	4	11	5	2	6	88	7	13	8	64	9	69	10	72	11	56	12	81	13	8	14	67	15	58	16	59	17	41	18	38	19	81	
	0	48	1	70	2	21	3	52	4	62	5	48	6	18	7	12	8	75	9	41	10	45	11	61	12	61	13	81	14	7	15	21	16	7	17	38	18	5	19	14	
	0	9	1	76	2	91	3	23	4	48	5	3	6	55	7	53	8	18	9	2	10	20	11	84	12	33	13	78	14	73	15	94	16	82	17	57	18	88	19	69	
	0	6	1	41	2	87	3	93	4	53	5	47	6	10	7	76	8	79	9	92	10	42	11	9	12	24	13	90	14	62	15	88	16	88	17	94	18	80	19	55	
	0	56	1	99	2	98	3	95	4	96	5	88	6	40	7	79	8	86	9	38	10	39	11	63	12	24	13	91	14	36	15	53	16	30	17	95	18	63	19	72	
	0	27	1	61	2	74	3	65	4	2	5	56	6	18	7	39	8	88	9	85	10	94	11	88	12	53	13	32	14	55	15	18	16	85	17	97	18	24	19	56	
	0	78	1	96	2	2	3	53	4	44	5	39	6	36	7	95	8	68	9	65	10	14	11	53	12	2	13	25	14	51	15	80	16	1	17	48	18	89	19	76	
	0	49	1	2	2	84	3	27	4	66	5	100	6	80	7	31	8	87	9	44	10	90	11	17	12	78	13	12	14	57	15	51	16	59	17	68	18	94	19	17	
	0	48	1	50	2	45	3	80	4	56	5	43	6	47	7	92	8	95	9	64	10	6	11	92	12	31	13	32	14	52	15	57	16	49	17	25	18	80	19	100	
	0	79	1	83	2	93	3	61	4	31	5	32	6	65	7	45	8	12	9	3	10	84	11	28	12	48	13	4	14	51	15	72	16	63	17	100	18	83	19	86	
	0	31	1	42	2	18	3	18	4	2	5	29	6	100	7	50	8	64	9	82	10	95	11	64	12	9	13	58	14	47	15	62	16	11	17	30	18	2	19	19	
	0	17	1	59	2	56	3	48	4	86	5	32	6	85	7	97	8	17	9	27	10	84	11	97	12	66	13	36	14	28	15	6	16	5	17	41	18	17	19	78	
	0	50	1	23	2	38	3	64	4	41	5	38	6	15	7	58	8	12	9	12	10	63	11	14	12	40	13	28	14	59	15	1	16	33	17	23	18	5	19	100	
	0	63	1	89	2	76	3	19	4	70	5	24	6	16	7	37	8	72	9	17	10	60	11	61	12	99	13	60	14	85	15	98	16	14	17	43	18	36	19	98	
	0	65	1	84	2	60	3	78	4	5	5	92	6	93	7	6	8	85	9	23	10	31	11	88	12	68	13	37	14	84	15	66	16	64	17	88	18	7	19	65	
	0	85	1	85	2	43	3	98	4	23	5	41	6	6	7	28	8	80	9	100	10	88	11	45	12	86	13	81	14	65	15	57	16	37	17	80	18	46	19	61	
	0	10	1	90	2	26	3	5	4	5	5	84	6	32	7	71	8	5	9	54	10	65	11	69	12	94	13	4	14	83	15	10	16	38	17	38	18	87	19	46	
	0	53	1	73	2	29	3	65	4	71	5	42	6	99	7	81	8	60	9	15	10	22	11	64	12	45	13	94	14	86	15	59	16	90	17	85	18	15	19	58	
	0	64	1	12	2	64	3	10	4	4	5	86	6	76	7	1	8	37	9	79	10	92	11	42	12	19	13	79	14	72	15	92	16	17	17	69	18	86	19	89	
	0	86	1	87	2	65	3	91	4	24	5	13	6	75	7	95	8	66	9	1	10	99	11	75	12	61	13	97	14	31	15	93	16	82	17	100	18	93	19	11	
	0	74	1	32	2	20	3	58	4	30	5	78	6	46	7	47	8	70	9	9	10	69	11	81	12	18	13	60	14	11	15	8	16	13	17	97	18	14	19	60	
	0	66	1	23	2	23	3	33	4	36	5	5	6	67	7	27	8	53	9	38	10	24	11	79	12	3	13	1	14	99	15	69	16	12	17	49	18	17	19	86	
	0	20	1	73	2	16	3	41	4	85	5	39	6	28	7	33	8	63	9	4	10	27	11	22	12	6	13	8	14	42	15	37	16	77	17	11	18	66	19	44	
	0	85	1	23	2	68	3	19	4	7	5	58	6	29	7	44	8	19	9	41	10	38	11	76	12	74	13	99	14	44	15	18	16	47	17	91	18	59	19	80	
	0	66	1	37	2	45	3	34	4	1	5	39	6	26	7	63	8	25	9	77	10	63	11	10	12	9	13	8	14	68	15	97	16	86	17	36	18	8	19	5	
	0	99	1	5	2	21	3	87	4	52	5	30	6	52	7	23	8	23	9	73	10	38	11	67	12	50	13	51	14	52	15	91	16	20	17	1	18	37	19	51	
	0	50	1	14	2	59	3	63	4	30	5	92	6	70	7	62	8	12	9	25	10	53	11	18	12	82	13	58	14	1	15	85	16	46	17	38	18	100	19	1	
	0	98	1	93	2	47	3	98	4	63	5	40	6	53	7	89	8	75	9	30	10	8	11	85	12	6	13	22	14	53	15	74	16	72	17	24	18	100	19	89	
	0	10	1	18	2	70	3	2	4	66	5	75	6	32	7	95	8	24	9	19	10	45	11	99	12	99	13	46	14	20	15	55	16	50	17	99	18	27	19	32	
	0	73	1	9	2	24	3	72	4	88	5	1	6	38	7	87	8	2	9	99	10	28	11	84	12	6	13	3	14	42	15	46	16	11	17	13	18	1	19	29	
	0	3	1	92	2	46	3	28	4	59	5	52	6	75	7	20	8	5	9	52	10	98	11	81	12	27	13	10	14	35	15	33	16	80	17	30	18	45	19	47	
	0	65	1	62	2	100	3	21	4	86	5	69	6	50	7	45	8	54	9	7	10	95	11	22	12	25	13	7	14	68	15	67	16	74	17	72	18	45	19	50	
	0	42	1	42	2	55	3	99	4	16	5	39	6	26	7	40	8	66	9	75	10	62	11	85	12	21	13	16	14	97	15	65	16	41	17	42	18	41	19	75	
	0	83	1	62	2	88	3	31	4	4	5	51	6	14	7	41	8	79	9	10	10	86	11	93	12	20	13	35	14	26	15	54	16	50	17	85	18	16	19	85	
	0	10	1	47	2	6	3	61	4	1	5	58	6	71	7	35	8	67	9	11	10	11	11	56	12	50	13	9	14	14	15	48	16	11	17	28	18	32	19	16	
	0	60	1	97	2	38	3	5	4	95	5	90	6	1	7	6	8	7	9	14	10	27	11	31	12	13	13	58	14	52	15	55	16	78	17	91	18	58	19	29	
	0	32	1	9	2	37	3	93	4	70	5	93	6	14	7	73	8	34	9	86	10	7	11	15	12	6	13	26	14	1	15	41	16	31	17	35	18	74	19	52	
	0	91	1	10	2	14	3	91	4	34	5	16	6	37	7	12	8	43	9	8	10	21	11	49	12	32	13	30	14	27	15	5	16	76	17	6	18	85	19	10	
	0	97	1	57	2	87	3	82	4	40	5	56	6	78	7	66	8	69	9	26	10	25	11	7	12	47	13	92	14	17	15	65	16	40	17	81	18	100	19	95	
	0	50	1	93	2	54	3	40	4	100	5	35	6	27	7	40	8	12	9	74	10	77	11	6	12	25	13	49	14	82	15	86	16	20	17	56	18	91	19	40	
	0	31	1	99	2	9	3	88	4	19	5	49	6	55	7	17	8	77	9	98	10	5	11	32	12	9	13	65	14	32	15	82	16	22	17	13	18	76	19	74	
	0	5	1	4	2	23	3	26	4	28	5	6	6	98	7	22	8	3	9	1	10	79	11	59	12	63	13	2	14	2	15	53	16	31	17	76	18	93	19	23	
	0	4	1	25	2	21	3	76	4	64	5	20	6	70	7	39	8	4	9	82	10	31	11	92	12	60	13	34	14	90	15	26	16	44	17	65	18	67	19	34	
	0	4	1	84	2	49	3	26	4	20	5	27	6	1	7	68	8	54	9	62	10	36	11	46	12	54	13	91	14	91	15	66	16	8	17	19	18	22	19	62	
	0	97	1	68	2	54	3	53	4	68	5	29	6	76	7	82	8	92	9	32	10	28	11	55	12	68	13	64	14	63	15	91	16	42	17	74	18	81	19	44	
	0	49	1	58	2	30	3	79	4	65	5	40	6	96	7	82	8	29	9	78	10	38	11	56	12	13	13	58	14	80	15	46	16	78	17	100	18	76	19	58	
	0	64	1	52	2	61	3	16	4	15	5	26	6	95	7	52	8	9	9	15	10	91	11	46	12	55	13	85	14	52	15	26	16	91	17	84	18	95	19	72	
	0	7	1	8	2	75	3	41	4	49	5	15	6	82	7	73	8	46	9	59	10	37	11	5	12	12	13	5	14	55	15	57	16	8	17	45	18	62	19	82	
	0	62	1	22	2	26	3	72	4	25	5	99	6	2	7	95	8	63	9	51	10	52	11	13	12	77	13	54	14	45	15	37	16	19	17	57	18	19	19	76	
	0	100	1	96	2	49	3	4	4	13	5	40	6	89	7	74	8	60	9	2	10	4	11	68	12	79	13	71	14	86	15	21	16	83	17	39	18	72	19	77	
	0	49	1	58	2	8	3	36	4	56	5	75	6	37	7	28	8	33	9	14	10	40	11	34	12	15	13	88	14	10	15	87	16	49	17	87	18	52	19	20	
	0	95	1	41	2	81	3	32	4	70	5	55	6	52	7	42	8	33	9	13	10	86	11	85	12	9	13	63	14	18	15	1	16	23	17	80	18	60	19	69	
	0	77	1	60	2	8	3	8	4	16	5	1	6	30	7	57	8	14	9	59	10	63	11	61	12	48	13	49	14	49	15	52	16	2	17	48	18	99	19	60	
	0	62	1	38	2	56	3	95	4	39	5	35	6	99	7	29	8	23	9	60	10	69	11	17	12	1	13	78	14	99	15	12	16	46	17	95	18	11	19	88	
	0	2	1	80	2	42	3	32	4	88	5	78	6	68	7	21	8	55	9	55	10	35	11	32	12	63	13	10	14	9	15	27	16	83	17	87	18	86	19	83	
	0	28	1	76	2	71	3	36	4	4	5	92	6	50	7	28	8	98	9	81	10	14	11	18	12	27	13	95	14	74	15	62	16	3	17	9	18	6	19	15	
	0	37	1	16	2	77	3	37	4	55	5	28	6	87	7	85	8	58	9	81	10	4	11	51	12	50	13	27	14	78	15	50	16	22	17	89	18	88	19	48	
	0	28	1	12	2	11	3	72	4	41	5	26	6	66	7	9	8	72	9	50	10	90	11	69	12	20	13	72	14	37	15	48	16	67	17	4	18	13	19	96	
	0	58	1	71	2	91	3	41	4	84	5	90	6	33	7	66	8	32	9	99	10	74	11	94	12	15	13	20	14	6	15	86	16	6	17	95	18	23	19	36	
	0	68	1	48	2	18	3	57	4	80	5	37	6	10	7	64	8	63	9	11	10	78	11	45	12	81	13	31	14	94	15	70	16	51	17	36	18	74	19	81	
	0	28	1	25	2	3	3	100	4	8	5	32	6	7	7	99	8	39	9	36	10	91	11	99	12	11	13	84	14	92	15	93	16	66	17	20	18	28	19	17	
	0	90	1	37	2	95	3	16	4	18	5	95	6	2	7	61	8	54	9	18	10	39	11	19	12	36	13	79	14	87	15	81	16	83	17	68	18	62	19	5	
	0	5	1	95	2	85	3	27	4	16	5	97	6	66	7	50	8	69	9	10	10	40	11	55	12	21	13	17	14	76	15	73	16	73	17	89	18	33	19	38	
	0	98	1	36	2	90	3	52	4	7	5	57	6	35	7	98	8	71	9	5	10	42	11	26	12	23	13	58	14	15	15	35	16	8	17	51	18	98	19	99	
	0	77	1	17	2	37	3	46	4	4	5	64	6	86	7	8	8	99	9	91	10	71	11	37	12	79	13	13	14	29	15	4	16	17	17	35	18	74	19	93	
	0	1	1	54	2	49	3	27	4	73	5	11	6	21	7	79	8	18	9	40	10	73	11	18	12	66	13	7	14	35	15	47	16	74	17	45	18	91	19	72	
	0	54	1	59	2	27	3	3	4	60	5	17	6	17	7	30	8	78	9	49	10	13	11	16	12	13	13	64	14	49	15	75	16	31	17	32	18	47	19	63	
	0	40	1	9	2	87	3	69	4	88	5	2	6	55	7	5	8	56	9	93	10	63	11	18	12	88	13	99	14	49	15	7	16	98	17	85	18	94	19	83	
	0	94	1	35	2	35	3	47	4	87	5	67	6	12	7	28	8	85	9	31	10	63	11	16	12	23	13	1	14	44	15	89	16	91	17	8	18	28	19	25	
	0	98	1	15	2	24	3	86	4	88	5	62	6	54	7	50	8	93	9	33	10	40	11	15	12	70	13	77	14	56	15	16	16	46	17	46	18	48	19	64	
	0	91	1	43	2	86	3	33	4	42	5	38	6	72	7	18	8	44	9	35	10	63	11	10	12	27	13	48	14	21	15	95	16	50	17	63	18	13	19	86	
	0	29	1	84	2	63	3	38	4	24	5	35	6	53	7	13	8	70	9	34	10	14	11	100	12	6	13	87	14	2	15	86	16	71	17	44	18	43	19	11	
	0	78	1	5	2	23	3	24	4	44	5	87	6	22	7	31	8	74	9	76	10	39	11	89	12	5	13	74	14	54	15	55	16	6	17	9	18	46	19	77	
	0	41	1	94	2	66	3	48	4	4	5	85	6	34	7	92	8	11	9	48	10	56	11	18	12	40	13	8	14	100	15	27	16	53	17	89	18	86	19	88	
	0	36	1	28	2	59	3	22	4	53	5	29	6	75	7	28	8	63	9	15	10	9	11	69	12	25	13	22	14	24	15	52	16	47	17	24	18	99	19	62	
	0	74	1	81	2	57	3	21	4	28	5	70	6	47	7	79	8	49	9	82	10	39	11	51	12	60	13	94	14	9	15	70	16	35	17	14	18	69	19	71	
	0	63	1	97	2	44	3	75	4	70	5	100	6	52	7	23	8	46	9	48	10	36	11	96	12	79	13	52	14	32	15	65	16	10	17	58	18	67	19	77	
	0	17	1	49	2	27	3	100	4	87	5	40	6	94	7	60	8	85	9	8	10	95	11	32	12	10	13	23	14	27	15	61	16	73	17	1	18	78	19	6	
	0	57	1	89	2	97	3	14	4	15	5	61	6	51	7	82	8	44	9	71	10	41	11	100	12	37	13	26	14	99	15	30	16	4	17	93	18	37	19	100	
	0	35	1	4	2	54	3	97	4	81	5	86	6	97	7	90	8	10	9	44	10	34	11	41	12	73	13	62	14	79	15	85	16	25	17	51	18	56	19	43	
	0	31	1	11	2	36	3	77	4	40	5	22	6	95	7	63	8	83	9	29	10	14	11	66	12	31	13	33	14	11	15	40	16	46	17	100	18	54	19	39	
	0	41	1	66	2	47	3	92	4	12	5	29	6	5	7	88	8	10	9	94	10	64	11	37	12	12	13	69	14	85	15	46	16	67	17	53	18	52	19	69	
	0	16	1	48	2	34	3	79	4	23	5	52	6	24	7	87	8	3	9	70	10	27	11	99	12	17	13	98	14	99	15	94	16	96	17	49	18	56	19	23	
	0	78	1	67	2	88	3	8	4	50	5	69	6	7	7	61	8	46	9	34	10	47	11	69	12	99	13	38	14	77	15	17	16	19	17	20	18	26	19	24	
	0	3	1	85	2	47	3	98	4	95	5	30	6	72	7	12	8	60	9	58	10	43	11	98	12	81	13	10	14	70	15	68	16	57	17	70	18	50	19	81	
	0	60	1	13	2	95	3	70	4	48	5	39	6	57	7	43	8	92	9	91	10	1	11	75	12	98	13	83	14	58	15	72	16	7	17	46	18	76	19	2	
	0	28	1	96	2	87	3	86	4	66	5	66	6	79	7	73	8	9	9	14	10	7	11	87	12	82	13	100	14	75	15	62	16	40	17	15	18	33	19	62	
	0	50	1	25	2	21	3	90	4	24	5	61	6	65	7	70	8	20	9	63	10	57	11	52	12	4	13	83	14	38	15	82	16	73	17	68	18	66	19	26	
	0	98	1	36	2	21	3	66	4	11	5	64	6	63	7	99	8	9	9	46	10	34	11	72	12	85	13	79	14	22	15	11	16	33	17	88	18	87	19	31	
	0	99	1	16	2	48	3	70	4	16	5	79	6	3	7	91	8	80	9	11	10	41	11	33	12	89	13	92	14	16	15	6	16	57	17	67	18	50	19	98	
	0	81	1	84	2	42	3	24	4	48	5	80	6	87	7	31	8	58	9	10	10	33	11	7	12	87	13	62	14	81	15	39	16	68	17	28	18	3	19	19	
	0	29	1	92	2	59	3	55	4	84	5	62	6	9	7	39	8	2	9	93	10	74	11	31	12	75	13	61	14	41	15	66	16	84	17	97	18	34	19	86	
	0	30	1	29	2	34	3	70	4	22	5	17	6	4	7	97	8	13	9	70	10	53	11	48	12	49	13	10	14	11	15	3	16	21	17	86	18	91	19	78	
	0	34	1	10	2	69	3	65	4	15	5	9	6	73	7	79	8	29	9	18	10	1	11	12	12	4	13	7	14	59	15	45	16	41	17	72	18	61	19	61	
	0	6	1	58	2	10	3	58	4	19	5	90	6	7	7	64	8	19	9	64	10	51	11	46	12	30	13	36	14	37	15	98	16	82	17	24	18	5	19	69	
	0	10	1	18	2	26	3	52	4	90	5	98	6	35	7	43	8	87	9	51	10	76	11	70	12	50	13	82	14	56	15	67	16	36	17	95	18	85	19	37	
	0	50	1	60	2	24	3	15	4	46	5	86	6	84	7	12	8	18	9	30	10	46	11	55	12	28	13	34	14	39	15	83	16	67	17	56	18	30	19	57	
	0	6	1	76	2	92	3	55	4	83	5	15	6	86	7	9	8	84	9	74	10	58	11	59	12	22	13	34	14	7	15	77	16	58	17	78	18	35	19	60	
	0	65	1	16	2	54	3	26	4	26	5	85	6	97	7	29	8	40	9	71	10	17	11	13	12	23	13	76	14	67	15	95	16	73	17	89	18	85	19	43	
	0	90	1	94	2	19	3	78	4	23	5	26	6	27	7	29	8	17	9	56	10	66	11	53	12	74	13	8	14	61	15	76	16	50	17	27	18	29	19	50	
	0	39	1	77	2	95	3	45	4	45	5	85	6	35	7	59	8	70	9	12	10	68	11	9	12	55	13	16	14	58	15	50	16	90	17	57	18	68	19	86	
	0	4	1	89	2	45	3	65	4	68	5	47	6	50	7	80	8	29	9	50	10	9	11	30	12	90	13	44	14	25	15	8	16	14	17	95	18	66	19	99	
	0	83	1	13	2	96	3	24	4	55	5	92	6	88	7	10	8	25	9	53	10	31	11	52	12	46	13	24	14	12	15	14	16	66	17	90	18	53	19	26	
	0	70	1	99	2	74	3	12	4	72	5	95	6	38	7	67	8	39	9	13	10	34	11	63	12	49	13	66	14	20	15	23	16	61	17	69	18	97	19	63	
	0	10	1	23	2	35	3	44	4	24	5	18	6	59	7	61	8	21	9	87	10	7	11	51	12	67	13	85	14	35	15	57	16	88	17	42	18	6	19	40	
	0	7	1	84	2	44	3	58	4	63	5	64	6	80	7	34	8	50	9	59	10	1	11	85	12	92	13	7	14	81	15	1	16	58	17	79	18	93	19	6	
	0	34	1	75	2	59	3	29	4	5	5	5	6	98	7	49	8	32	9	60	10	90	11	53	12	76	13	43	14	24	15	41	16	25	17	44	18	61	19	89	
	0	78	1	11	2	67	3	52	4	19	5	33	6	60	7	87	8	75	9	82	10	16	11	73	12	6	13	39	14	49	15	66	16	3	17	42	18	34	19	52	
	0	8	1	79	2	29	3	50	4	39	5	15	6	2	7	16	8	87	9	92	10	74	11	53	12	68	13	57	14	97	15	36	16	76	17	50	18	72	19	18	
	0	8	1	47	2	70	3	13	4	27	5	1	6	94	7	90	8	90	9	38	10	43	11	89	12	10	13	62	14	76	15	13	16	47	17	63	18	74	19	87	
	0	65	1	78	2	64	3	1	4	53	5	48	6	73	7	60	8	33	9	96	10	46	11	47	12	69	13	92	14	57	15	39	16	23	17	75	18	69	19	55	
	0	22	1	85	2	80	3	61	4	88	5	97	6	30	7	48	8	9	9	56	10	40	11	34	12	60	13	20	14	86	15	77	16	61	17	85	18	29	19	41	
	0	24	1	84	2	65	3	29	4	66	5	82	6	23	7	31	8	41	9	43	10	87	11	43	12	79	13	56	14	74	15	80	16	36	17	28	18	47	19	26	
	0	13	1	22	2	32	3	52	4	78	5	92	6	56	7	66	8	95	9	71	10	11	11	39	12	72	13	87	14	2	15	16	16	26	17	27	18	25	19	17	
	0	37	1	99	2	39	3	62	4	4	5	30	6	6	7	62	8	76	9	3	10	8	11	76	12	38	13	24	14	74	15	38	16	25	17	4	18	31	19	23	
	0	24	1	59	2	80	3	14	4	84	5	87	6	44	7	1	8	85	9	23	10	99	11	76	12	4	13	69	14	42	15	66	16	86	17	84	18	18	19	19	
	0	79	1	57	2	56	3	8	4	33	5	34	6	73	7	16	8	92	9	82	10	90	11	28	12	63	13	84	14	9	15	89	16	78	17	74	18	83	19	15	
	0	29	1	73	2	5	3	86	4	48	5	51	6	54	7	57	8	12	9	54	10	59	11	58	12	61	13	72	14	56	15	24	16	58	17	1	18	35	19	94	
	0	63	1	100	2	78	3	1	4	10	5	35	6	92	7	37	8	98	9	38	10	12	11	14	12	20	13	14	14	7	15	57	16	71	17	67	18	94	19	10	
	0	71	1	23	2	37	3	100	4	75	5	47	6	19	7	100	8	96	9	5	10	26	11	59	12	34	13	80	14	70	15	87	16	75	17	47	18	82	19	66	
	0	14	1	17	2	14	3	18	4	18	5	25	6	93	7	37	8	28	9	47	10	71	11	81	12	43	13	47	14	68	15	77	16	91	17	22	18	25	19	74	
	0	92	1	17	2	59	3	24	4	26	5	1	6	14	7	5	8	22	9	57	10	79	11	68	12	28	13	61	14	70	15	52	16	69	17	95	18	47	19	56	
	0	51	1	78	2	88	3	39	4	11	5	71	6	36	7	25	8	51	9	54	10	3	11	48	12	34	13	21	14	11	15	89	16	9	17	2	18	47	19	55	
	0	36	1	68	2	90	3	31	4	50	5	8	6	51	7	63	8	23	9	8	10	57	11	60	12	60	13	63	14	26	15	83	16	36	17	59	18	81	19	87	
	0	9	1	37	2	28	3	41	4	89	5	91	6	20	7	14	8	61	9	65	10	20	11	58	12	21	13	69	14	45	15	18	16	34	17	36	18	42	19	59	
	0	52	1	39	2	26	3	75	4	75	5	32	6	71	7	29	8	94	9	62	10	70	11	72	12	39	13	84	14	29	15	14	16	22	17	52	18	75	19	55	
	0	93	1	33	2	26	3	97	4	65	5	75	6	83	7	30	8	83	9	99	10	85	11	85	12	22	13	40	14	84	15	83	16	60	17	84	18	90	19	34	
	0	56	1	85	2	97	3	24	4	72	5	7	6	29	7	37	8	61	9	38	10	79	11	59	12	73	13	50	14	56	15	28	16	35	17	75	18	87	19	19	
	0	21	1	20	2	71	3	44	4	11	5	68	6	13	7	88	8	88	9	79	10	48	11	36	12	23	13	59	14	80	15	35	16	17	17	94	18	25	19	88	
	0	9	1	53	2	2	3	87	4	29	5	8	6	30	7	59	8	44	9	37	10	67	11	85	12	69	13	59	14	29	15	8	16	3	17	90	18	18	19	96	
	0	82	1	81	2	72	3	41	4	67	5	9	6	33	7	85	8	4	9	89	10	75	11	38	12	43	13	88	14	99	15	79	16	29	17	46	18	53	19	95	
	0	39	1	80	2	61	3	80	4	45	5	75	6	81	7	5	8	80	9	16	10	35	11	69	12	54	13	89	14	87	15	21	16	39	17	66	18	66	19	65	
	0	51	1	45	2	50	3	68	4	11	5	96	6	90	7	43	8	10	9	14	10	32	11	95	12	77	13	52	14	30	15	39	16	43	17	78	18	47	19	12	
	0	100	1	71	2	88	3	24	4	8	5	29	6	48	7	42	8	44	9	35	10	40	11	28	12	24	13	28	14	7	15	25	16	16	17	13	18	34	19	2	
	0	78	1	91	2	36	3	95	4	50	5	78	6	66	7	31	8	34	9	71	10	90	11	80	12	19	13	25	14	97	15	73	16	12	17	56	18	99	19	86	
	0	54	1	3	2	43	3	30	4	57	5	87	6	81	7	53	8	7	9	1	10	77	11	22	12	43	13	9	14	52	15	8	16	14	17	54	18	45	19	72	
	0	86	1	70	2	2	3	85	4	78	5	2	6	58	7	72	8	94	9	2	10	77	11	84	12	24	13	59	14	31	15	39	16	1	17	71	18	29	19	24	
	0	88	1	23	2	41	3	9	4	96	5	40	6	93	7	17	8	68	9	15	10	55	11	5	12	59	13	39	14	92	15	83	16	77	17	25	18	59	19	20	
	0	11	1	75	2	89	3	85	4	79	5	43	6	8	7	91	8	20	9	34	10	61	11	39	12	54	13	93	14	35	15	75	16	9	17	36	18	53	19	6	
	0	76	1	14	2	96	3	68	4	81	5	25	6	31	7	71	8	92	9	87	10	88	11	11	12	29	13	79	14	28	15	100	16	91	17	10	18	26	19	9	
	0	91	1	21	2	72	3	25	4	34	5	71	6	11	7	22	8	26	9	37	10	59	11	3	12	52	13	2	14	76	15	3	16	40	17	86	18	7	19	24	
	0	34	1	11	2	36	3	71	4	46	5	70	6	89	7	29	8	99	9	96	10	8	11	26	12	36	13	21	14	55	15	98	16	11	17	10	18	85	19	16	
	0	92	1	67	2	68	3	73	4	66	5	80	6	30	7	63	8	89	9	45	10	65	11	51	12	48	13	14	14	53	15	12	16	53	17	4	18	96	19	16	
	0	56	1	58	2	60	3	70	4	57	5	96	6	5	7	94	8	10	9	70	10	9	11	99	12	97	13	18	14	19	15	43	16	43	17	3	18	4	19	4	
	0	55	1	42	2	81	3	34	4	33	5	95	6	89	7	80	8	6	9	50	10	38	11	21	12	77	13	40	14	33	15	89	16	53	17	8	18	27	19	94	
	0	87	1	74	2	59	3	41	4	31	5	7	6	25	7	41	8	62	9	4	10	48	11	85	12	33	13	29	14	61	15	15	16	39	17	43	18	86	19	53	
	0	86	1	18	2	18	3	41	4	60	5	73	6	46	7	58	8	56	9	35	10	24	11	69	12	18	13	74	14	71	15	82	16	93	17	68	18	16	19	91	
	0	100	1	74	2	24	3	3	4	90	5	94	6	12	7	97	8	59	9	9	10	6	11	40	12	47	13	57	14	57	15	39	16	98	17	77	18	56	19	10	
	0	26	1	7	2	24	3	32	4	74	5	31	6	89	7	60	8	15	9	94	10	39	11	42	12	45	13	54	14	78	15	23	16	59	17	81	18	11	19	13	
	0	36	1	86	2	70	3	73	4	35	5	43	6	66	7	64	8	34	9	61	10	16	11	17	12	71	13	31	14	20	15	45	16	88	17	25	18	20	19	17	
	0	37	1	29	2	31	3	33	4	16	5	79	6	75	7	98	8	89	9	47	10	76	11	66	12	56	13	29	14	22	15	68	16	65	17	4	18	25	19	90	
	0	94	1	77	2	8	3	23	4	3	5	70	6	19	7	54	8	27	9	3	10	46	11	6	12	3	13	85	14	23	15	8	16	90	17	62	18	99	19	47	
	0	33	1	62	2	51	3	4	4	32	5	19	6	6	7	12	8	88	9	49	10	75	11	3	12	71	13	56	14	5	15	87	16	19	17	78	18	65	19	46	
	0	80	1	50	2	93	3	87	4	98	5	95	6	64	7	28	8	19	9	99	10	14	11	57	12	45	13	43	14	26	15	3	16	3	17	60	18	66	19	71	
	0	27	1	88	2	7	3	31	4	69	5	23	6	99	7	91	8	50	9	81	10	27	11	66	12	83	13	41	14	55	15	88	16	9	17	93	18	5	19	92	
	0	50	1	69	2	36	3	99	4	79	5	78	6	87	7	31	8	22	9	83	10	26	11	31	12	3	13	6	14	30	15	88	16	71	17	69	18	14	19	37	
	0	60	1	21	2	49	3	40	4	36	5	33	6	78	7	88	8	91	9	92	10	82	11	96	12	52	13	20	14	81	15	18	16	50	17	95	18	98	19	25	
	0	77	1	80	2	65	3	9	4	37	5	12	6	39	7	32	8	53	9	67	10	93	11	14	12	45	13	77	14	78	15	58	16	54	17	13	18	7	19	8	
	0	86	1	29	2	48	3	89	4	25	5	93	6	57	7	37	8	62	9	67	10	90	11	4	12	28	13	84	14	89	15	88	16	70	17	16	18	51	19	38	
	0	29	1	100	2	18	3	17	4	33	5	25	6	34	7	24	8	42	9	2	10	22	11	60	12	62	13	50	14	38	15	1	16	72	17	76	18	40	19	42	
	0	63	1	40	2	23	3	33	4	50	5	47	6	4	7	82	8	92	9	68	10	80	11	79	12	41	13	13	14	32	15	28	16	96	17	61	18	41	19	96	
	0	67	1	75	2	51	3	64	4	89	5	25	6	57	7	90	8	22	9	96	10	93	11	59	12	90	13	91	14	78	15	39	16	32	17	4	18	72	19	21	
	0	69	1	62	2	61	3	53	4	62	5	85	6	66	7	33	8	99	9	4	10	68	11	72	12	74	13	61	14	34	15	28	16	12	17	56	18	88	19	100	
	0	43	1	58	2	18	3	86	4	53	5	29	6	22	7	62	8	73	9	28	10	71	11	70	12	8	13	31	14	87	15	18	16	79	17	41	18	74	19	81	
	0	12	1	40	2	39	3	31	4	43	5	80	6	82	7	83	8	88	9	1	10	23	11	85	12	54	13	93	14	61	15	8	16	22	17	16	18	56	19	66	
	0	94	1	82	2	38	3	60	4	77	5	44	6	5	7	81	8	17	9	69	10	54	11	12	12	81	13	16	14	69	15	98	16	89	17	3	18	17	19	98	
	0	64	1	46	2	79	3	3	4	52	5	30	6	75	7	24	8	84	9	13	10	91	11	91	12	51	13	18	14	81	15	1	16	65	17	80	18	72	19	27	
	0	32	1	16	2	83	3	21	4	81	5	36	6	46	7	55	8	61	9	42	10	50	11	37	12	48	13	5	14	3	15	21	16	21	17	68	18	64	19	33	
	0	51	1	25	2	64	3	2	4	7	5	54	6	100	7	27	8	38	9	14	10	78	11	79	12	20	13	66	14	45	15	2	16	92	17	16	18	59	19	72	
	0	75	1	26	2	64	3	88	4	100	5	96	6	100	7	44	8	48	9	64	10	68	11	54	12	19	13	22	14	61	15	30	16	51	17	55	18	43	19	7	
	0	2	1	52	2	18	3	81	4	36	5	84	6	12	7	33	8	23	9	28	10	59	11	41	12	50	13	51	14	28	15	14	16	72	17	13	18	37	19	46	
	0	82	1	77	2	83	3	64	4	85	5	66	6	89	7	28	8	83	9	4	10	66	11	77	12	44	13	40	14	81	15	57	16	20	17	82	18	80	19	71	
	0	64	1	16	2	22	3	16	4	79	5	64	6	95	7	48	8	56	9	75	10	46	11	77	12	62	13	84	14	81	15	43	16	47	17	59	18	65	19	99	
	0	2	1	15	2	25	3	65	4	36	5	44	6	2	7	56	8	42	9	59	10	49	11	4	12	45	13	36	14	93	15	27	16	46	17	17	18	7	19	62	
	0	5	1	45	2	48	3	89	4	65	5	92	6	50	7	46	8	51	9	99	10	47	11	39	12	45	13	80	14	79	15	22	16	30	17	7	18	18	19	17	
	0	52	1	80	2	63	3	19	4	29	5	28	6	27	7	85	8	34	9	75	10	81	11	100	12	45	13	17	14	86	15	64	16	79	17	26	18	86	19	99	
	0	60	1	5	2	75	3	24	4	32	5	32	6	74	7	41	8	38	9	53	10	40	11	68	12	50	13	100	14	89	15	49	16	72	17	60	18	21	19	71	
	0	92	1	18	2	73	3	22	4	58	5	38	6	97	7	76	8	60	9	13	10	20	11	52	12	2	13	56	14	60	15	90	16	26	17	66	18	84	19	94	
	0	84	1	5	2	76	3	57	4	62	5	87	6	57	7	14	8	30	9	1	10	42	11	43	12	60	13	57	14	71	15	99	16	15	17	56	18	48	19	96	
	0	43	1	46	2	38	3	6	4	49	5	42	6	38	7	62	8	36	9	43	10	27	11	97	12	21	13	25	14	35	15	97	16	74	17	7	18	97	19	34	
	0	19	1	69	2	34	3	15	4	29	5	57	6	27	7	100	8	76	9	74	10	99	11	89	12	57	13	45	14	70	15	68	16	53	17	30	18	22	19	79	
	0	38	1	87	2	1	3	54	4	72	5	64	6	56	7	55	8	42	9	37	10	79	11	77	12	83	13	65	14	86	15	74	16	12	17	5	18	20	19	1	
	0	98	1	58	2	31	3	5	4	85	5	73	6	54	7	8	8	7	9	91	10	95	11	70	12	35	13	25	14	43	15	12	16	45	17	98	18	43	19	59	
	0	100	1	44	2	53	3	82	4	51	5	69	6	70	7	73	8	77	9	94	10	100	11	42	12	91	13	99	14	55	15	2	16	64	17	86	18	44	19	52	
	0	58	1	3	2	41	3	17	4	100	5	37	6	53	7	64	8	64	9	71	10	13	11	90	12	86	13	94	14	36	15	30	16	62	17	70	18	32	19	75	
	0	59	1	99	2	58	3	78	4	97	5	45	6	100	7	15	8	14	9	25	10	97	11	25	12	1	13	1	14	89	15	38	16	88	17	8	18	91	19	58	
	0	25	1	67	2	50	3	95	4	76	5	91	6	4	7	25	8	31	9	26	10	34	11	56	12	35	13	77	14	41	15	7	16	71	17	72	18	49	19	21	
	0	75	1	30	2	69	3	39	4	18	5	53	6	90	7	80	8	89	9	70	10	81	11	86	12	76	13	6	14	25	15	42	16	40	17	24	18	37	19	23	