500 20 1
20
	0	51	1	49	2	7	3	34	4	61	5	63	6	90	7	23	8	67	9	29	10	5	11	40	12	92	13	41	14	67	15	63	16	72	17	30	18	97	19	66	
	0	95	1	18	2	14	3	86	4	63	5	74	6	27	7	49	8	20	9	18	10	48	11	3	12	40	13	77	14	3	15	53	16	36	17	18	18	5	19	45	
	0	80	1	73	2	95	3	74	4	55	5	19	6	2	7	87	8	16	9	84	10	3	11	42	12	33	13	23	14	7	15	3	16	77	17	33	18	6	19	48	
	0	89	1	68	2	35	3	63	4	7	5	75	6	32	7	58	8	79	9	79	10	4	11	56	12	39	13	84	14	80	15	34	16	87	17	54	18	98	19	35	
	0	86	1	55	2	45	3	73	4	9	5	69	6	17	7	42	8	66	9	18	10	82	11	66	12	89	13	48	14	61	15	36	16	46	17	72	18	7	19	89	
	0	54	1	50	2	3	3	2	4	48	5	22	6	51	7	24	8	32	9	67	10	51	11	61	12	96	13	66	14	14	15	99	16	15	17	39	18	37	19	14	
	0	8	1	99	2	30	3	41	4	99	5	85	6	30	7	13	8	39	9	66	10	87	11	64	12	8	13	32	14	30	15	77	16	3	17	68	18	61	19	61	
	0	97	1	8	2	37	3	86	4	57	5	44	6	50	7	61	8	71	9	18	10	12	11	77	12	74	13	17	14	6	15	40	16	96	17	31	18	42	19	43	
	0	45	1	26	2	57	3	53	4	62	5	9	6	77	7	89	8	49	9	64	10	17	11	12	12	99	13	41	14	3	15	10	16	69	17	47	18	38	19	62	
	0	40	1	41	2	88	3	45	4	12	5	17	6	63	7	32	8	83	9	63	10	68	11	54	12	96	13	52	14	16	15	27	16	71	17	16	18	39	19	44	
	0	28	1	32	2	71	3	81	4	57	5	82	6	19	7	21	8	76	9	6	10	5	11	62	12	58	13	89	14	98	15	4	16	50	17	85	18	76	19	36	
	0	78	1	89	2	26	3	97	4	16	5	49	6	16	7	31	8	36	9	13	10	6	11	32	12	26	13	58	14	88	15	16	16	20	17	29	18	12	19	70	
	0	55	1	41	2	8	3	74	4	51	5	97	6	62	7	46	8	56	9	51	10	2	11	88	12	99	13	36	14	87	15	13	16	34	17	63	18	74	19	72	
	0	65	1	98	2	76	3	30	4	62	5	43	6	63	7	46	8	84	9	5	10	17	11	95	12	72	13	16	14	2	15	73	16	89	17	50	18	91	19	81	
	0	58	1	41	2	8	3	20	4	6	5	25	6	82	7	63	8	52	9	39	10	93	11	34	12	41	13	44	14	6	15	2	16	32	17	40	18	97	19	90	
	0	88	1	80	2	28	3	46	4	85	5	71	6	63	7	99	8	37	9	20	10	7	11	27	12	65	13	45	14	66	15	40	16	77	17	71	18	80	19	24	
	0	76	1	90	2	50	3	17	4	9	5	61	6	9	7	72	8	88	9	88	10	97	11	12	12	62	13	54	14	83	15	35	16	5	17	9	18	52	19	8	
	0	58	1	58	2	49	3	93	4	12	5	41	6	41	7	21	8	6	9	46	10	78	11	71	12	61	13	18	14	76	15	97	16	45	17	21	18	31	19	92	
	0	22	1	38	2	16	3	81	4	39	5	96	6	75	7	28	8	44	9	44	10	56	11	81	12	93	13	88	14	72	15	63	16	95	17	71	18	68	19	42	
	0	69	1	92	2	98	3	7	4	87	5	69	6	39	7	7	8	60	9	91	10	5	11	21	12	47	13	88	14	21	15	19	16	30	17	6	18	96	19	91	
	0	38	1	87	2	92	3	89	4	2	5	27	6	58	7	45	8	34	9	81	10	92	11	12	12	83	13	50	14	5	15	75	16	70	17	41	18	100	19	30	
	0	27	1	56	2	63	3	28	4	6	5	88	6	12	7	92	8	61	9	55	10	38	11	58	12	55	13	98	14	27	15	28	16	24	17	67	18	81	19	26	
	0	29	1	17	2	92	3	2	4	60	5	15	6	39	7	32	8	71	9	60	10	87	11	39	12	46	13	79	14	20	15	81	16	62	17	80	18	62	19	8	
	0	24	1	3	2	93	3	30	4	16	5	29	6	21	7	59	8	64	9	15	10	35	11	4	12	36	13	86	14	12	15	88	16	16	17	69	18	4	19	98	
	0	40	1	64	2	62	3	32	4	36	5	57	6	42	7	3	8	49	9	27	10	94	11	45	12	85	13	27	14	9	15	18	16	51	17	76	18	83	19	53	
	0	34	1	91	2	58	3	61	4	40	5	7	6	37	7	78	8	82	9	8	10	24	11	68	12	7	13	59	14	23	15	7	16	6	17	78	18	52	19	100	
	0	98	1	4	2	96	3	77	4	50	5	87	6	90	7	1	8	98	9	80	10	33	11	46	12	77	13	65	14	87	15	30	16	52	17	94	18	14	19	72	
	0	3	1	17	2	66	3	52	4	3	5	35	6	54	7	52	8	64	9	49	10	41	11	74	12	26	13	77	14	29	15	8	16	16	17	6	18	55	19	70	
	0	92	1	71	2	1	3	70	4	98	5	70	6	82	7	38	8	95	9	74	10	76	11	31	12	54	13	47	14	20	15	68	16	76	17	2	18	46	19	57	
	0	93	1	42	2	31	3	6	4	59	5	13	6	57	7	40	8	46	9	81	10	34	11	66	12	73	13	34	14	77	15	14	16	65	17	56	18	99	19	46	
	0	79	1	83	2	58	3	70	4	33	5	23	6	96	7	73	8	2	9	27	10	7	11	100	12	30	13	10	14	56	15	16	16	79	17	16	18	18	19	27	
	0	97	1	63	2	85	3	29	4	93	5	57	6	37	7	73	8	33	9	51	10	85	11	71	12	96	13	48	14	68	15	98	16	77	17	45	18	36	19	98	
	0	25	1	1	2	34	3	8	4	47	5	60	6	69	7	39	8	16	9	78	10	30	11	92	12	77	13	57	14	50	15	94	16	69	17	96	18	20	19	87	
	0	87	1	78	2	10	3	95	4	4	5	7	6	99	7	49	8	9	9	8	10	78	11	61	12	50	13	10	14	94	15	78	16	35	17	17	18	15	19	45	
	0	96	1	94	2	89	3	43	4	81	5	54	6	51	7	63	8	87	9	24	10	46	11	4	12	91	13	34	14	29	15	22	16	60	17	55	18	42	19	9	
	0	95	1	36	2	63	3	92	4	11	5	77	6	39	7	36	8	11	9	65	10	76	11	64	12	82	13	70	14	90	15	97	16	82	17	87	18	17	19	58	
	0	29	1	99	2	80	3	89	4	20	5	6	6	25	7	66	8	61	9	68	10	98	11	74	12	44	13	22	14	63	15	36	16	98	17	6	18	6	19	56	
	0	7	1	3	2	37	3	49	4	7	5	21	6	89	7	41	8	47	9	43	10	80	11	52	12	70	13	26	14	73	15	1	16	51	17	67	18	88	19	9	
	0	42	1	30	2	38	3	46	4	11	5	82	6	58	7	13	8	2	9	61	10	86	11	61	12	34	13	32	14	17	15	63	16	61	17	11	18	11	19	27	
	0	90	1	83	2	96	3	49	4	6	5	26	6	9	7	81	8	79	9	97	10	20	11	40	12	83	13	69	14	55	15	47	16	53	17	63	18	12	19	59	
	0	67	1	89	2	32	3	36	4	89	5	79	6	74	7	84	8	69	9	8	10	19	11	39	12	61	13	39	14	53	15	60	16	25	17	89	18	89	19	43	
	0	94	1	43	2	38	3	35	4	84	5	93	6	16	7	36	8	26	9	30	10	9	11	25	12	30	13	16	14	87	15	16	16	75	17	25	18	23	19	42	
	0	64	1	8	2	42	3	82	4	84	5	85	6	27	7	6	8	67	9	60	10	60	11	29	12	77	13	45	14	27	15	2	16	85	17	2	18	25	19	89	
	0	30	1	90	2	61	3	8	4	41	5	61	6	48	7	5	8	70	9	69	10	40	11	30	12	57	13	83	14	31	15	67	16	17	17	40	18	14	19	63	
	0	65	1	96	2	67	3	74	4	23	5	60	6	21	7	8	8	6	9	84	10	15	11	71	12	28	13	48	14	28	15	84	16	30	17	4	18	62	19	51	
	0	12	1	27	2	60	3	88	4	64	5	41	6	38	7	2	8	53	9	18	10	77	11	63	12	58	13	91	14	33	15	27	16	70	17	48	18	65	19	94	
	0	40	1	43	2	45	3	41	4	68	5	7	6	89	7	77	8	71	9	81	10	33	11	11	12	77	13	1	14	25	15	63	16	57	17	63	18	4	19	32	
	0	63	1	43	2	74	3	10	4	77	5	3	6	91	7	83	8	51	9	48	10	58	11	68	12	50	13	67	14	95	15	95	16	12	17	48	18	2	19	35	
	0	70	1	80	2	86	3	76	4	26	5	45	6	69	7	97	8	92	9	67	10	4	11	48	12	25	13	97	14	67	15	43	16	28	17	22	18	84	19	26	
	0	26	1	36	2	94	3	54	4	92	5	61	6	18	7	66	8	54	9	54	10	49	11	29	12	54	13	65	14	32	15	62	16	43	17	23	18	57	19	84	
	0	94	1	30	2	59	3	18	4	32	5	73	6	98	7	16	8	74	9	58	10	44	11	84	12	54	13	5	14	96	15	59	16	22	17	39	18	22	19	40	
	0	43	1	2	2	67	3	24	4	51	5	44	6	83	7	49	8	96	9	20	10	61	11	61	12	77	13	32	14	52	15	58	16	96	17	73	18	49	19	23	
	0	24	1	57	2	76	3	34	4	67	5	75	6	83	7	53	8	92	9	26	10	61	11	92	12	62	13	19	14	73	15	64	16	2	17	86	18	36	19	10	
	0	28	1	71	2	33	3	67	4	91	5	85	6	8	7	25	8	80	9	13	10	73	11	88	12	24	13	45	14	63	15	31	16	35	17	41	18	81	19	94	
	0	74	1	58	2	25	3	79	4	92	5	94	6	77	7	77	8	21	9	53	10	39	11	88	12	44	13	13	14	29	15	28	16	7	17	62	18	81	19	94	
	0	85	1	12	2	2	3	65	4	48	5	45	6	78	7	27	8	60	9	4	10	84	11	51	12	61	13	52	14	22	15	19	16	85	17	55	18	76	19	50	
	0	94	1	2	2	34	3	75	4	51	5	98	6	13	7	66	8	25	9	61	10	54	11	97	12	46	13	51	14	32	15	72	16	38	17	24	18	88	19	26	
	0	43	1	3	2	86	3	51	4	23	5	26	6	63	7	2	8	32	9	5	10	98	11	28	12	4	13	97	14	32	15	36	16	58	17	37	18	73	19	50	
	0	97	1	31	2	48	3	71	4	92	5	53	6	35	7	10	8	12	9	76	10	89	11	21	12	15	13	71	14	65	15	16	16	30	17	33	18	92	19	3	
	0	42	1	64	2	74	3	19	4	27	5	86	6	62	7	22	8	41	9	30	10	68	11	88	12	20	13	33	14	97	15	43	16	71	17	43	18	91	19	27	
	0	57	1	52	2	42	3	7	4	77	5	31	6	70	7	52	8	5	9	46	10	10	11	39	12	47	13	93	14	10	15	31	16	31	17	94	18	14	19	45	
	0	27	1	62	2	84	3	28	4	68	5	45	6	25	7	85	8	83	9	24	10	7	11	27	12	82	13	8	14	50	15	52	16	73	17	52	18	73	19	100	
	0	80	1	55	2	60	3	88	4	86	5	40	6	81	7	19	8	44	9	23	10	32	11	37	12	45	13	65	14	60	15	65	16	63	17	64	18	79	19	21	
	0	75	1	85	2	49	3	53	4	21	5	92	6	66	7	77	8	71	9	61	10	66	11	4	12	68	13	26	14	43	15	53	16	8	17	48	18	26	19	13	
	0	43	1	82	2	70	3	67	4	67	5	34	6	43	7	84	8	56	9	19	10	99	11	64	12	4	13	73	14	59	15	23	16	99	17	87	18	9	19	85	
	0	70	1	3	2	85	3	83	4	23	5	61	6	42	7	2	8	48	9	74	10	39	11	39	12	2	13	12	14	51	15	90	16	57	17	98	18	54	19	61	
	0	83	1	96	2	6	3	49	4	1	5	97	6	99	7	55	8	33	9	11	10	59	11	68	12	62	13	18	14	70	15	86	16	95	17	14	18	45	19	4	
	0	44	1	57	2	66	3	98	4	55	5	43	6	72	7	14	8	38	9	48	10	29	11	20	12	52	13	97	14	47	15	20	16	59	17	5	18	59	19	29	
	0	2	1	3	2	53	3	58	4	89	5	56	6	96	7	78	8	46	9	79	10	61	11	18	12	2	13	78	14	88	15	78	16	29	17	44	18	75	19	92	
	0	94	1	4	2	77	3	76	4	83	5	13	6	58	7	17	8	74	9	24	10	56	11	75	12	54	13	27	14	2	15	100	16	77	17	20	18	57	19	68	
	0	82	1	74	2	81	3	52	4	6	5	28	6	97	7	54	8	32	9	72	10	12	11	27	12	7	13	36	14	52	15	87	16	37	17	7	18	72	19	25	
	0	49	1	90	2	2	3	87	4	81	5	27	6	39	7	21	8	75	9	92	10	51	11	39	12	82	13	29	14	2	15	34	16	93	17	12	18	42	19	51	
	0	72	1	81	2	66	3	19	4	55	5	93	6	58	7	59	8	5	9	53	10	56	11	63	12	17	13	88	14	93	15	90	16	39	17	67	18	63	19	17	
	0	50	1	21	2	92	3	82	4	90	5	98	6	75	7	1	8	59	9	77	10	41	11	81	12	26	13	69	14	33	15	56	16	22	17	26	18	69	19	44	
	0	62	1	41	2	43	3	92	4	14	5	78	6	85	7	4	8	13	9	95	10	62	11	53	12	43	13	22	14	50	15	56	16	75	17	64	18	72	19	4	
	0	80	1	84	2	54	3	88	4	72	5	54	6	53	7	7	8	18	9	49	10	8	11	100	12	26	13	57	14	84	15	10	16	79	17	75	18	38	19	29	
	0	54	1	39	2	97	3	16	4	98	5	75	6	22	7	6	8	31	9	58	10	46	11	31	12	67	13	28	14	79	15	80	16	68	17	94	18	40	19	55	
	0	69	1	98	2	7	3	22	4	88	5	96	6	56	7	19	8	49	9	28	10	88	11	17	12	93	13	75	14	59	15	26	16	14	17	29	18	4	19	88	
	0	16	1	42	2	24	3	39	4	37	5	6	6	39	7	4	8	41	9	64	10	75	11	92	12	23	13	70	14	89	15	69	16	9	17	62	18	34	19	22	
	0	84	1	4	2	43	3	27	4	92	5	23	6	85	7	15	8	60	9	8	10	64	11	13	12	57	13	39	14	23	15	11	16	17	17	81	18	49	19	25	
	0	99	1	75	2	52	3	39	4	54	5	20	6	56	7	50	8	99	9	30	10	58	11	100	12	32	13	51	14	10	15	64	16	2	17	68	18	94	19	56	
	0	64	1	75	2	26	3	11	4	2	5	73	6	90	7	19	8	65	9	10	10	7	11	31	12	6	13	57	14	18	15	83	16	8	17	41	18	62	19	28	
	0	64	1	46	2	49	3	16	4	80	5	87	6	47	7	80	8	68	9	64	10	95	11	60	12	97	13	59	14	66	15	84	16	67	17	71	18	9	19	11	
	0	71	1	85	2	19	3	2	4	74	5	41	6	82	7	52	8	85	9	37	10	96	11	33	12	18	13	73	14	78	15	98	16	100	17	9	18	84	19	38	
	0	56	1	4	2	46	3	75	4	24	5	15	6	8	7	97	8	36	9	35	10	37	11	12	12	75	13	33	14	7	15	9	16	20	17	62	18	71	19	82	
	0	47	1	39	2	90	3	47	4	23	5	23	6	2	7	94	8	65	9	80	10	78	11	76	12	55	13	84	14	58	15	53	16	60	17	20	18	75	19	73	
	0	74	1	36	2	58	3	37	4	22	5	74	6	41	7	10	8	70	9	50	10	29	11	98	12	52	13	63	14	41	15	75	16	98	17	60	18	68	19	21	
	0	15	1	37	2	41	3	28	4	2	5	73	6	72	7	67	8	7	9	33	10	21	11	90	12	55	13	58	14	70	15	70	16	24	17	9	18	98	19	95	
	0	22	1	80	2	49	3	23	4	24	5	26	6	7	7	37	8	96	9	60	10	8	11	21	12	62	13	67	14	45	15	7	16	48	17	17	18	3	19	100	
	0	3	1	11	2	24	3	6	4	41	5	21	6	75	7	67	8	16	9	78	10	26	11	65	12	19	13	56	14	75	15	93	16	56	17	64	18	24	19	73	
	0	11	1	15	2	71	3	21	4	13	5	20	6	46	7	36	8	41	9	85	10	56	11	21	12	36	13	30	14	42	15	90	16	67	17	25	18	65	19	65	
	0	20	1	80	2	45	3	75	4	33	5	90	6	29	7	72	8	92	9	40	10	90	11	98	12	92	13	81	14	28	15	42	16	61	17	32	18	96	19	97	
	0	89	1	74	2	97	3	56	4	91	5	44	6	73	7	18	8	53	9	98	10	63	11	15	12	89	13	16	14	19	15	87	16	32	17	10	18	45	19	57	
	0	80	1	63	2	20	3	6	4	56	5	62	6	84	7	10	8	30	9	84	10	79	11	16	12	49	13	86	14	53	15	31	16	92	17	32	18	18	19	70	
	0	100	1	8	2	49	3	18	4	82	5	13	6	40	7	55	8	37	9	23	10	35	11	91	12	71	13	64	14	65	15	71	16	22	17	22	18	6	19	36	
	0	31	1	19	2	7	3	82	4	95	5	58	6	65	7	49	8	83	9	16	10	65	11	65	12	6	13	15	14	100	15	92	16	57	17	44	18	31	19	76	
	0	18	1	47	2	38	3	51	4	90	5	52	6	63	7	5	8	82	9	37	10	46	11	68	12	93	13	50	14	59	15	47	16	25	17	39	18	76	19	23	
	0	15	1	8	2	58	3	80	4	56	5	63	6	55	7	99	8	79	9	32	10	10	11	97	12	89	13	49	14	50	15	11	16	36	17	78	18	96	19	62	
	0	32	1	59	2	97	3	43	4	84	5	81	6	49	7	3	8	14	9	19	10	59	11	4	12	9	13	97	14	53	15	3	16	87	17	40	18	58	19	34	
	0	79	1	82	2	7	3	68	4	77	5	65	6	16	7	37	8	23	9	79	10	30	11	88	12	72	13	64	14	82	15	35	16	67	17	51	18	99	19	97	
	0	86	1	60	2	45	3	92	4	28	5	51	6	90	7	86	8	98	9	39	10	74	11	86	12	6	13	65	14	12	15	79	16	94	17	64	18	83	19	76	
	0	84	1	18	2	11	3	28	4	87	5	92	6	38	7	11	8	3	9	61	10	59	11	70	12	25	13	29	14	86	15	35	16	34	17	13	18	76	19	68	
	0	37	1	78	2	11	3	58	4	80	5	66	6	23	7	47	8	44	9	36	10	96	11	49	12	26	13	68	14	44	15	34	16	87	17	52	18	16	19	100	
	0	71	1	62	2	43	3	34	4	95	5	85	6	11	7	98	8	76	9	20	10	17	11	7	12	24	13	38	14	39	15	54	16	96	17	44	18	69	19	56	
	0	23	1	50	2	54	3	86	4	51	5	93	6	81	7	14	8	34	9	38	10	88	11	44	12	44	13	74	14	88	15	81	16	16	17	66	18	67	19	96	
	0	57	1	47	2	7	3	77	4	12	5	43	6	20	7	46	8	79	9	60	10	82	11	66	12	56	13	62	14	21	15	21	16	64	17	3	18	86	19	44	
	0	23	1	35	2	79	3	70	4	94	5	35	6	54	7	11	8	25	9	22	10	26	11	73	12	55	13	95	14	96	15	23	16	23	17	6	18	10	19	83	
	0	85	1	38	2	94	3	100	4	26	5	100	6	38	7	14	8	56	9	25	10	11	11	15	12	98	13	35	14	32	15	10	16	33	17	6	18	81	19	59	
	0	69	1	63	2	41	3	53	4	7	5	43	6	66	7	84	8	23	9	45	10	76	11	84	12	93	13	85	14	45	15	88	16	80	17	56	18	88	19	31	
	0	29	1	53	2	60	3	48	4	31	5	59	6	60	7	76	8	92	9	66	10	33	11	42	12	16	13	96	14	92	15	45	16	32	17	44	18	30	19	34	
	0	31	1	25	2	14	3	37	4	80	5	21	6	47	7	40	8	64	9	46	10	72	11	78	12	88	13	39	14	44	15	43	16	79	17	29	18	42	19	29	
	0	88	1	20	2	14	3	44	4	2	5	21	6	86	7	8	8	59	9	89	10	76	11	63	12	67	13	47	14	5	15	74	16	90	17	59	18	80	19	32	
	0	94	1	83	2	77	3	66	4	24	5	36	6	85	7	87	8	4	9	38	10	38	11	20	12	80	13	95	14	19	15	73	16	55	17	25	18	15	19	74	
	0	64	1	11	2	68	3	100	4	11	5	9	6	68	7	52	8	62	9	23	10	75	11	66	12	8	13	61	14	67	15	88	16	75	17	24	18	25	19	66	
	0	24	1	47	2	9	3	58	4	49	5	85	6	94	7	56	8	87	9	82	10	55	11	92	12	50	13	53	14	62	15	81	16	87	17	65	18	28	19	46	
	0	9	1	40	2	38	3	92	4	39	5	57	6	7	7	27	8	10	9	82	10	98	11	54	12	70	13	58	14	98	15	13	16	95	17	50	18	38	19	26	
	0	75	1	47	2	59	3	53	4	23	5	96	6	66	7	77	8	31	9	89	10	100	11	28	12	31	13	87	14	63	15	51	16	92	17	4	18	4	19	35	
	0	56	1	7	2	90	3	44	4	42	5	49	6	30	7	91	8	74	9	59	10	70	11	63	12	13	13	60	14	79	15	65	16	92	17	79	18	32	19	6	
	0	92	1	59	2	60	3	91	4	3	5	99	6	28	7	47	8	86	9	8	10	99	11	76	12	46	13	10	14	2	15	83	16	100	17	30	18	52	19	36	
	0	25	1	79	2	83	3	99	4	95	5	5	6	42	7	52	8	96	9	75	10	68	11	22	12	73	13	33	14	29	15	50	16	74	17	41	18	35	19	76	
	0	73	1	55	2	15	3	6	4	8	5	32	6	46	7	97	8	8	9	83	10	61	11	22	12	36	13	31	14	9	15	22	16	76	17	50	18	68	19	39	
	0	37	1	96	2	97	3	62	4	86	5	53	6	78	7	49	8	71	9	88	10	45	11	21	12	57	13	7	14	100	15	62	16	21	17	16	18	98	19	28	
	0	79	1	99	2	64	3	59	4	41	5	59	6	81	7	43	8	100	9	15	10	18	11	65	12	91	13	57	14	89	15	57	16	79	17	89	18	72	19	48	
	0	88	1	73	2	34	3	80	4	86	5	38	6	95	7	23	8	58	9	7	10	86	11	61	12	4	13	9	14	77	15	82	16	6	17	90	18	37	19	15	
	0	76	1	76	2	43	3	98	4	28	5	98	6	30	7	53	8	4	9	51	10	6	11	20	12	34	13	83	14	98	15	7	16	64	17	6	18	27	19	54	
	0	71	1	72	2	74	3	72	4	38	5	71	6	9	7	23	8	48	9	56	10	49	11	62	12	10	13	73	14	75	15	71	16	10	17	16	18	21	19	4	
	0	45	1	2	2	100	3	52	4	28	5	31	6	49	7	14	8	60	9	21	10	29	11	61	12	31	13	68	14	50	15	37	16	31	17	36	18	63	19	63	
	0	14	1	94	2	27	3	16	4	76	5	74	6	59	7	99	8	45	9	83	10	11	11	55	12	75	13	89	14	95	15	28	16	40	17	80	18	47	19	3	
	0	60	1	41	2	56	3	26	4	27	5	54	6	94	7	87	8	98	9	19	10	15	11	45	12	1	13	64	14	90	15	92	16	69	17	39	18	18	19	98	
	0	75	1	94	2	2	3	74	4	41	5	22	6	22	7	73	8	99	9	31	10	68	11	56	12	50	13	72	14	56	15	9	16	79	17	43	18	53	19	71	
	0	48	1	66	2	82	3	37	4	17	5	53	6	78	7	8	8	68	9	28	10	69	11	16	12	14	13	94	14	7	15	4	16	34	17	64	18	98	19	6	
	0	13	1	67	2	55	3	15	4	49	5	92	6	94	7	24	8	22	9	3	10	13	11	65	12	39	13	16	14	56	15	12	16	73	17	38	18	74	19	66	
	0	56	1	77	2	79	3	22	4	26	5	90	6	74	7	71	8	60	9	39	10	2	11	23	12	33	13	21	14	30	15	98	16	29	17	79	18	33	19	85	
	0	61	1	89	2	88	3	73	4	53	5	5	6	99	7	4	8	78	9	30	10	76	11	23	12	74	13	10	14	64	15	11	16	93	17	83	18	94	19	61	
	0	59	1	74	2	66	3	76	4	32	5	41	6	11	7	13	8	19	9	16	10	58	11	31	12	100	13	77	14	99	15	43	16	52	17	16	18	14	19	59	
	0	44	1	98	2	54	3	6	4	99	5	64	6	73	7	99	8	81	9	92	10	97	11	7	12	45	13	79	14	83	15	90	16	5	17	22	18	3	19	82	
	0	53	1	39	2	28	3	59	4	2	5	36	6	62	7	26	8	34	9	31	10	34	11	85	12	54	13	49	14	37	15	33	16	72	17	1	18	17	19	10	
	0	2	1	42	2	22	3	89	4	51	5	61	6	49	7	76	8	5	9	100	10	95	11	71	12	17	13	27	14	52	15	95	16	48	17	46	18	29	19	79	
	0	38	1	73	2	85	3	60	4	53	5	52	6	74	7	86	8	51	9	98	10	93	11	89	12	53	13	52	14	28	15	90	16	90	17	8	18	26	19	22	
	0	36	1	9	2	69	3	9	4	18	5	86	6	97	7	81	8	41	9	2	10	32	11	82	12	41	13	38	14	38	15	98	16	73	17	18	18	59	19	58	
	0	18	1	56	2	48	3	51	4	74	5	31	6	37	7	79	8	5	9	80	10	72	11	49	12	37	13	94	14	86	15	24	16	60	17	59	18	23	19	80	
	0	91	1	64	2	19	3	87	4	97	5	86	6	38	7	58	8	57	9	20	10	9	11	84	12	32	13	41	14	31	15	65	16	29	17	78	18	99	19	100	
	0	100	1	1	2	51	3	76	4	34	5	33	6	14	7	16	8	99	9	78	10	59	11	53	12	64	13	6	14	74	15	41	16	47	17	69	18	88	19	17	
	0	14	1	18	2	80	3	46	4	25	5	98	6	37	7	77	8	81	9	34	10	99	11	61	12	63	13	71	14	54	15	55	16	8	17	38	18	93	19	4	
	0	43	1	19	2	80	3	19	4	88	5	89	6	1	7	85	8	36	9	51	10	37	11	33	12	8	13	27	14	3	15	18	16	30	17	100	18	2	19	61	
	0	71	1	95	2	89	3	62	4	66	5	74	6	13	7	26	8	10	9	32	10	42	11	41	12	92	13	34	14	98	15	22	16	76	17	3	18	75	19	23	
	0	7	1	36	2	88	3	84	4	82	5	43	6	4	7	93	8	77	9	9	10	23	11	8	12	91	13	68	14	17	15	54	16	49	17	98	18	13	19	82	
	0	74	1	36	2	47	3	75	4	67	5	71	6	58	7	82	8	64	9	76	10	82	11	71	12	88	13	28	14	65	15	26	16	37	17	55	18	82	19	35	
	0	20	1	87	2	39	3	55	4	72	5	1	6	11	7	46	8	45	9	23	10	53	11	46	12	17	13	65	14	47	15	26	16	75	17	94	18	68	19	64	
	0	16	1	39	2	44	3	29	4	99	5	91	6	33	7	89	8	64	9	19	10	92	11	8	12	94	13	100	14	34	15	25	16	19	17	3	18	31	19	94	
	0	21	1	97	2	53	3	30	4	22	5	24	6	49	7	25	8	24	9	75	10	66	11	63	12	23	13	81	14	47	15	36	16	100	17	66	18	31	19	7	
	0	56	1	62	2	16	3	59	4	95	5	34	6	97	7	94	8	71	9	66	10	17	11	62	12	25	13	41	14	14	15	38	16	74	17	52	18	94	19	74	
	0	66	1	46	2	6	3	71	4	6	5	98	6	21	7	29	8	36	9	55	10	32	11	7	12	13	13	16	14	4	15	5	16	35	17	19	18	68	19	46	
	0	25	1	57	2	97	3	14	4	5	5	93	6	64	7	3	8	97	9	18	10	95	11	35	12	45	13	31	14	32	15	64	16	92	17	76	18	43	19	60	
	0	25	1	95	2	75	3	94	4	19	5	62	6	49	7	66	8	94	9	29	10	22	11	2	12	41	13	5	14	58	15	37	16	61	17	78	18	13	19	32	
	0	34	1	42	2	22	3	65	4	17	5	50	6	23	7	51	8	74	9	30	10	61	11	1	12	1	13	70	14	57	15	50	16	89	17	100	18	71	19	30	
	0	21	1	58	2	43	3	97	4	31	5	89	6	22	7	4	8	85	9	68	10	7	11	13	12	34	13	74	14	88	15	51	16	75	17	51	18	71	19	15	
	0	40	1	22	2	91	3	11	4	35	5	32	6	36	7	85	8	48	9	9	10	2	11	49	12	78	13	44	14	63	15	79	16	78	17	97	18	67	19	79	
	0	78	1	24	2	74	3	51	4	37	5	73	6	45	7	83	8	1	9	42	10	41	11	44	12	98	13	32	14	29	15	43	16	79	17	58	18	39	19	83	
	0	67	1	10	2	14	3	54	4	15	5	86	6	55	7	12	8	91	9	67	10	27	11	57	12	66	13	8	14	9	15	1	16	2	17	69	18	45	19	23	
	0	29	1	87	2	4	3	31	4	75	5	61	6	23	7	9	8	29	9	46	10	87	11	2	12	68	13	62	14	67	15	22	16	19	17	8	18	43	19	81	
	0	65	1	100	2	36	3	92	4	27	5	1	6	32	7	35	8	94	9	58	10	76	11	16	12	18	13	79	14	5	15	43	16	44	17	93	18	44	19	93	
	0	10	1	86	2	30	3	48	4	12	5	34	6	81	7	5	8	30	9	9	10	49	11	25	12	29	13	83	14	23	15	54	16	76	17	88	18	68	19	62	
	0	61	1	37	2	41	3	2	4	96	5	12	6	55	7	4	8	84	9	23	10	46	11	7	12	80	13	80	14	84	15	12	16	2	17	93	18	84	19	59	
	0	52	1	59	2	84	3	52	4	87	5	82	6	32	7	100	8	13	9	27	10	40	11	68	12	74	13	78	14	70	15	60	16	68	17	79	18	50	19	30	
	0	76	1	59	2	59	3	58	4	61	5	9	6	88	7	7	8	92	9	24	10	47	11	35	12	77	13	57	14	61	15	51	16	50	17	45	18	31	19	94	
	0	70	1	55	2	61	3	35	4	42	5	72	6	78	7	56	8	80	9	25	10	39	11	90	12	24	13	87	14	9	15	15	16	28	17	50	18	18	19	71	
	0	95	1	71	2	72	3	70	4	50	5	83	6	38	7	73	8	15	9	57	10	100	11	99	12	28	13	77	14	50	15	95	16	61	17	88	18	56	19	84	
	0	26	1	28	2	33	3	35	4	95	5	96	6	86	7	14	8	93	9	69	10	59	11	42	12	86	13	36	14	33	15	44	16	94	17	9	18	7	19	50	
	0	90	1	33	2	90	3	41	4	89	5	87	6	91	7	26	8	22	9	37	10	57	11	41	12	72	13	69	14	89	15	65	16	22	17	100	18	55	19	23	
	0	80	1	44	2	94	3	87	4	78	5	94	6	67	7	77	8	84	9	3	10	14	11	14	12	51	13	2	14	43	15	54	16	3	17	67	18	41	19	10	
	0	62	1	44	2	62	3	62	4	48	5	53	6	78	7	93	8	5	9	31	10	80	11	58	12	1	13	41	14	39	15	23	16	91	17	75	18	19	19	57	
	0	78	1	92	2	98	3	30	4	5	5	100	6	58	7	35	8	53	9	84	10	67	11	2	12	24	13	44	14	81	15	89	16	61	17	54	18	72	19	54	
	0	51	1	88	2	49	3	42	4	85	5	34	6	7	7	97	8	60	9	11	10	31	11	99	12	92	13	30	14	20	15	73	16	84	17	14	18	66	19	63	
	0	15	1	49	2	74	3	55	4	94	5	74	6	19	7	76	8	12	9	6	10	80	11	68	12	17	13	88	14	54	15	28	16	27	17	70	18	74	19	77	
	0	27	1	99	2	92	3	28	4	36	5	48	6	58	7	87	8	98	9	44	10	28	11	72	12	45	13	24	14	69	15	35	16	26	17	37	18	40	19	8	
	0	87	1	43	2	33	3	47	4	95	5	86	6	55	7	100	8	22	9	16	10	46	11	83	12	21	13	71	14	26	15	8	16	47	17	39	18	12	19	89	
	0	9	1	99	2	65	3	48	4	64	5	11	6	48	7	80	8	64	9	78	10	12	11	1	12	52	13	7	14	32	15	96	16	17	17	59	18	92	19	45	
	0	8	1	42	2	1	3	36	4	29	5	6	6	40	7	91	8	86	9	5	10	69	11	90	12	77	13	63	14	23	15	80	16	14	17	68	18	52	19	94	
	0	29	1	4	2	46	3	46	4	29	5	64	6	40	7	10	8	54	9	19	10	44	11	17	12	88	13	39	14	39	15	87	16	37	17	9	18	32	19	96	
	0	60	1	91	2	13	3	10	4	64	5	63	6	7	7	84	8	57	9	58	10	84	11	71	12	81	13	40	14	68	15	97	16	24	17	100	18	46	19	81	
	0	78	1	20	2	29	3	98	4	19	5	42	6	83	7	84	8	85	9	7	10	21	11	85	12	37	13	53	14	57	15	85	16	68	17	36	18	25	19	72	
	0	100	1	89	2	41	3	93	4	100	5	77	6	45	7	12	8	76	9	62	10	52	11	30	12	34	13	17	14	1	15	65	16	63	17	9	18	93	19	3	
	0	87	1	37	2	6	3	100	4	73	5	79	6	44	7	40	8	69	9	61	10	89	11	59	12	11	13	80	14	54	15	83	16	61	17	40	18	16	19	76	
	0	17	1	77	2	5	3	12	4	2	5	8	6	42	7	54	8	94	9	11	10	6	11	73	12	97	13	30	14	73	15	45	16	72	17	61	18	6	19	14	
	0	41	1	39	2	3	3	54	4	10	5	61	6	63	7	70	8	5	9	65	10	15	11	69	12	100	13	83	14	42	15	39	16	82	17	65	18	46	19	72	
	0	74	1	12	2	61	3	61	4	7	5	98	6	28	7	94	8	30	9	31	10	60	11	63	12	37	13	73	14	42	15	93	16	5	17	55	18	25	19	84	
	0	15	1	87	2	12	3	42	4	43	5	63	6	73	7	31	8	69	9	77	10	54	11	25	12	97	13	60	14	3	15	51	16	91	17	27	18	69	19	85	
	0	96	1	26	2	37	3	91	4	92	5	24	6	12	7	56	8	9	9	54	10	68	11	3	12	80	13	42	14	68	15	72	16	40	17	9	18	38	19	41	
	0	52	1	52	2	74	3	63	4	30	5	39	6	43	7	100	8	27	9	39	10	22	11	92	12	61	13	28	14	10	15	31	16	92	17	35	18	76	19	18	
	0	68	1	54	2	38	3	82	4	80	5	20	6	15	7	15	8	21	9	48	10	52	11	36	12	43	13	53	14	6	15	11	16	78	17	13	18	73	19	3	
	0	7	1	98	2	56	3	21	4	89	5	94	6	78	7	94	8	6	9	55	10	89	11	52	12	24	13	3	14	17	15	18	16	95	17	94	18	69	19	99	
	0	56	1	66	2	19	3	68	4	45	5	33	6	2	7	80	8	23	9	22	10	98	11	20	12	41	13	21	14	35	15	8	16	8	17	37	18	2	19	65	
	0	2	1	75	2	88	3	10	4	52	5	53	6	9	7	26	8	80	9	2	10	98	11	28	12	96	13	66	14	28	15	9	16	91	17	3	18	30	19	32	
	0	90	1	54	2	25	3	96	4	35	5	75	6	75	7	79	8	86	9	7	10	81	11	70	12	59	13	52	14	94	15	80	16	72	17	76	18	49	19	30	
	0	87	1	40	2	58	3	5	4	94	5	32	6	82	7	68	8	73	9	8	10	78	11	49	12	76	13	93	14	15	15	85	16	73	17	33	18	39	19	96	
	0	91	1	93	2	75	3	51	4	74	5	70	6	5	7	6	8	32	9	24	10	37	11	18	12	34	13	11	14	41	15	71	16	40	17	100	18	2	19	52	
	0	34	1	71	2	45	3	96	4	100	5	79	6	83	7	97	8	20	9	23	10	73	11	40	12	60	13	44	14	13	15	95	16	2	17	60	18	70	19	27	
	0	73	1	65	2	94	3	19	4	67	5	100	6	39	7	22	8	56	9	62	10	62	11	42	12	19	13	64	14	53	15	37	16	74	17	96	18	37	19	56	
	0	24	1	84	2	80	3	23	4	71	5	18	6	98	7	27	8	61	9	74	10	53	11	12	12	77	13	19	14	91	15	36	16	87	17	94	18	63	19	82	
	0	56	1	66	2	57	3	48	4	27	5	77	6	60	7	59	8	66	9	76	10	42	11	8	12	41	13	48	14	7	15	81	16	66	17	77	18	94	19	62	
	0	97	1	17	2	10	3	25	4	6	5	90	6	48	7	9	8	13	9	34	10	91	11	7	12	38	13	36	14	85	15	68	16	67	17	76	18	72	19	80	
	0	40	1	71	2	21	3	3	4	66	5	64	6	92	7	93	8	76	9	75	10	22	11	12	12	78	13	81	14	72	15	90	16	63	17	86	18	70	19	22	
	0	50	1	91	2	57	3	100	4	1	5	12	6	78	7	49	8	31	9	65	10	43	11	70	12	73	13	5	14	51	15	92	16	28	17	68	18	81	19	36	
	0	1	1	10	2	74	3	65	4	61	5	41	6	89	7	75	8	56	9	8	10	29	11	8	12	54	13	50	14	78	15	2	16	34	17	50	18	48	19	40	
	0	47	1	69	2	18	3	18	4	83	5	34	6	83	7	72	8	50	9	91	10	39	11	38	12	93	13	61	14	92	15	2	16	46	17	85	18	76	19	87	
	0	69	1	82	2	39	3	30	4	100	5	19	6	79	7	37	8	11	9	82	10	20	11	39	12	30	13	87	14	45	15	51	16	44	17	95	18	5	19	85	
	0	66	1	98	2	14	3	19	4	33	5	47	6	26	7	2	8	45	9	87	10	64	11	39	12	91	13	29	14	63	15	17	16	49	17	61	18	30	19	57	
	0	49	1	92	2	46	3	89	4	85	5	4	6	28	7	99	8	7	9	94	10	30	11	29	12	42	13	84	14	3	15	67	16	71	17	82	18	32	19	29	
	0	73	1	28	2	27	3	7	4	64	5	53	6	54	7	83	8	53	9	100	10	12	11	9	12	49	13	68	14	24	15	79	16	71	17	80	18	99	19	68	
	0	92	1	56	2	41	3	7	4	38	5	6	6	63	7	1	8	21	9	9	10	69	11	47	12	46	13	46	14	79	15	23	16	78	17	23	18	18	19	90	
	0	31	1	61	2	81	3	70	4	70	5	55	6	93	7	34	8	69	9	6	10	58	11	47	12	27	13	6	14	39	15	40	16	47	17	79	18	37	19	46	
	0	90	1	75	2	33	3	37	4	66	5	65	6	77	7	62	8	28	9	85	10	62	11	53	12	28	13	47	14	92	15	20	16	8	17	67	18	2	19	99	
	0	7	1	14	2	24	3	92	4	13	5	98	6	7	7	87	8	13	9	8	10	12	11	66	12	30	13	26	14	81	15	26	16	51	17	37	18	85	19	21	
	0	86	1	5	2	83	3	29	4	24	5	16	6	67	7	43	8	55	9	85	10	61	11	29	12	84	13	25	14	75	15	78	16	60	17	1	18	45	19	48	
	0	15	1	36	2	44	3	1	4	33	5	17	6	4	7	70	8	54	9	100	10	23	11	12	12	72	13	1	14	72	15	1	16	2	17	57	18	33	19	87	
	0	39	1	53	2	74	3	73	4	62	5	47	6	85	7	87	8	50	9	16	10	90	11	55	12	55	13	8	14	72	15	62	16	80	17	24	18	35	19	6	
	0	38	1	73	2	19	3	75	4	38	5	50	6	50	7	57	8	3	9	12	10	57	11	75	12	85	13	36	14	35	15	2	16	98	17	99	18	4	19	1	
	0	62	1	93	2	18	3	73	4	6	5	79	6	46	7	82	8	85	9	54	10	97	11	5	12	20	13	26	14	61	15	2	16	20	17	85	18	68	19	9	
	0	99	1	61	2	81	3	88	4	23	5	4	6	87	7	32	8	51	9	49	10	82	11	49	12	76	13	42	14	99	15	97	16	83	17	70	18	40	19	29	
	0	14	1	57	2	50	3	47	4	40	5	75	6	9	7	60	8	79	9	72	10	30	11	41	12	37	13	71	14	67	15	58	16	27	17	71	18	15	19	55	
	0	71	1	79	2	88	3	7	4	92	5	5	6	63	7	15	8	60	9	28	10	84	11	3	12	78	13	44	14	75	15	80	16	41	17	29	18	18	19	62	
	0	70	1	17	2	1	3	62	4	66	5	51	6	16	7	53	8	68	9	55	10	65	11	59	12	14	13	42	14	30	15	74	16	78	17	96	18	26	19	60	
	0	66	1	22	2	28	3	28	4	97	5	3	6	47	7	25	8	68	9	31	10	18	11	48	12	5	13	63	14	68	15	47	16	82	17	24	18	100	19	52	
	0	10	1	49	2	53	3	45	4	62	5	73	6	12	7	91	8	31	9	57	10	23	11	30	12	80	13	8	14	73	15	11	16	11	17	66	18	59	19	5	
	0	97	1	14	2	44	3	86	4	40	5	57	6	40	7	9	8	96	9	11	10	36	11	12	12	13	13	50	14	73	15	88	16	73	17	81	18	30	19	63	
	0	66	1	10	2	6	3	91	4	95	5	65	6	47	7	89	8	48	9	29	10	74	11	56	12	7	13	66	14	79	15	83	16	3	17	29	18	16	19	27	
	0	37	1	7	2	9	3	37	4	54	5	12	6	32	7	9	8	24	9	93	10	88	11	75	12	66	13	38	14	56	15	63	16	91	17	62	18	22	19	58	
	0	81	1	80	2	85	3	95	4	95	5	78	6	8	7	52	8	50	9	9	10	28	11	53	12	64	13	57	14	26	15	39	16	55	17	69	18	19	19	23	
	0	26	1	79	2	70	3	18	4	73	5	20	6	92	7	68	8	67	9	42	10	58	11	26	12	60	13	63	14	42	15	37	16	53	17	31	18	15	19	61	
	0	14	1	75	2	41	3	11	4	70	5	96	6	6	7	30	8	34	9	92	10	28	11	5	12	76	13	75	14	3	15	2	16	30	17	34	18	58	19	88	
	0	44	1	81	2	62	3	8	4	71	5	14	6	60	7	78	8	48	9	52	10	64	11	66	12	13	13	90	14	58	15	97	16	91	17	49	18	17	19	81	
	0	22	1	48	2	51	3	94	4	86	5	62	6	65	7	81	8	50	9	7	10	51	11	55	12	22	13	80	14	36	15	45	16	69	17	78	18	68	19	46	
	0	93	1	53	2	95	3	35	4	89	5	62	6	64	7	8	8	55	9	40	10	42	11	49	12	83	13	55	14	11	15	31	16	31	17	3	18	82	19	25	
	0	67	1	55	2	31	3	23	4	48	5	3	6	43	7	13	8	2	9	49	10	52	11	46	12	68	13	12	14	28	15	63	16	21	17	54	18	14	19	63	
	0	45	1	12	2	39	3	30	4	69	5	96	6	48	7	22	8	56	9	67	10	92	11	90	12	91	13	49	14	12	15	14	16	55	17	81	18	46	19	96	
	0	86	1	92	2	92	3	21	4	20	5	2	6	31	7	19	8	77	9	52	10	89	11	27	12	2	13	17	14	42	15	12	16	72	17	6	18	27	19	74	
	0	36	1	54	2	13	3	34	4	100	5	79	6	57	7	47	8	51	9	51	10	86	11	10	12	98	13	31	14	79	15	79	16	26	17	94	18	20	19	35	
	0	14	1	95	2	67	3	58	4	29	5	8	6	45	7	74	8	93	9	75	10	23	11	44	12	33	13	87	14	2	15	51	16	92	17	8	18	79	19	38	
	0	79	1	92	2	72	3	98	4	48	5	78	6	41	7	72	8	26	9	49	10	6	11	71	12	22	13	55	14	79	15	58	16	39	17	93	18	70	19	30	
	0	42	1	6	2	36	3	14	4	25	5	38	6	71	7	26	8	14	9	92	10	8	11	84	12	36	13	17	14	6	15	13	16	22	17	82	18	51	19	85	
	0	71	1	74	2	55	3	94	4	55	5	44	6	30	7	15	8	16	9	99	10	42	11	2	12	33	13	99	14	43	15	98	16	68	17	12	18	80	19	23	
	0	63	1	59	2	16	3	32	4	6	5	14	6	29	7	71	8	23	9	97	10	72	11	85	12	98	13	23	14	1	15	14	16	100	17	98	18	98	19	15	
	0	64	1	54	2	29	3	67	4	61	5	33	6	11	7	55	8	43	9	33	10	33	11	94	12	49	13	25	14	93	15	2	16	96	17	77	18	93	19	44	
	0	59	1	36	2	100	3	37	4	63	5	64	6	70	7	29	8	13	9	49	10	47	11	84	12	6	13	79	14	91	15	64	16	74	17	38	18	65	19	82	
	0	82	1	24	2	78	3	58	4	1	5	26	6	22	7	74	8	95	9	97	10	14	11	88	12	38	13	12	14	12	15	67	16	41	17	46	18	100	19	95	
	0	6	1	89	2	72	3	33	4	39	5	82	6	52	7	75	8	36	9	97	10	52	11	82	12	13	13	90	14	79	15	25	16	64	17	10	18	40	19	65	
	0	43	1	92	2	48	3	94	4	20	5	75	6	60	7	41	8	13	9	64	10	40	11	50	12	59	13	46	14	13	15	10	16	86	17	18	18	20	19	66	
	0	76	1	46	2	77	3	99	4	59	5	66	6	7	7	13	8	93	9	9	10	1	11	22	12	55	13	86	14	38	15	23	16	10	17	59	18	26	19	14	
	0	94	1	99	2	82	3	48	4	20	5	16	6	95	7	96	8	36	9	24	10	38	11	66	12	80	13	61	14	63	15	33	16	93	17	93	18	64	19	22	
	0	4	1	87	2	65	3	57	4	8	5	52	6	98	7	75	8	62	9	86	10	44	11	11	12	2	13	83	14	74	15	63	16	34	17	7	18	37	19	38	
	0	57	1	31	2	84	3	47	4	30	5	34	6	54	7	57	8	43	9	42	10	44	11	66	12	1	13	44	14	14	15	95	16	57	17	30	18	62	19	38	
	0	90	1	50	2	82	3	99	4	78	5	99	6	8	7	5	8	12	9	87	10	75	11	64	12	36	13	32	14	100	15	28	16	13	17	37	18	87	19	34	
	0	60	1	42	2	60	3	27	4	28	5	96	6	31	7	67	8	84	9	7	10	16	11	67	12	65	13	81	14	59	15	42	16	37	17	15	18	60	19	90	
	0	22	1	48	2	90	3	11	4	34	5	18	6	12	7	50	8	41	9	74	10	85	11	32	12	41	13	76	14	41	15	50	16	86	17	40	18	65	19	13	
	0	31	1	51	2	46	3	47	4	83	5	89	6	95	7	44	8	85	9	85	10	90	11	88	12	84	13	7	14	66	15	14	16	19	17	66	18	90	19	26	
	0	98	1	81	2	57	3	35	4	1	5	89	6	49	7	51	8	65	9	58	10	98	11	33	12	86	13	80	14	89	15	38	16	73	17	72	18	71	19	18	
	0	43	1	90	2	37	3	17	4	78	5	94	6	97	7	17	8	34	9	40	10	95	11	33	12	93	13	50	14	41	15	40	16	9	17	32	18	13	19	2	
	0	79	1	27	2	30	3	96	4	38	5	39	6	14	7	40	8	9	9	20	10	62	11	95	12	2	13	12	14	95	15	14	16	96	17	30	18	70	19	44	
	0	28	1	7	2	67	3	74	4	68	5	9	6	12	7	74	8	21	9	46	10	37	11	90	12	67	13	75	14	52	15	49	16	31	17	22	18	27	19	64	
	0	89	1	20	2	81	3	67	4	48	5	71	6	14	7	3	8	83	9	63	10	54	11	44	12	5	13	67	14	98	15	47	16	1	17	31	18	84	19	85	
	0	24	1	99	2	77	3	61	4	29	5	19	6	68	7	80	8	45	9	93	10	69	11	60	12	91	13	67	14	35	15	18	16	86	17	66	18	47	19	44	
	0	45	1	22	2	71	3	43	4	76	5	29	6	96	7	90	8	39	9	30	10	73	11	46	12	48	13	90	14	76	15	77	16	25	17	61	18	30	19	38	
	0	23	1	55	2	7	3	82	4	57	5	27	6	64	7	85	8	55	9	26	10	63	11	32	12	8	13	61	14	40	15	64	16	94	17	73	18	37	19	89	
	0	70	1	55	2	63	3	92	4	94	5	83	6	52	7	51	8	96	9	74	10	83	11	46	12	78	13	77	14	43	15	99	16	6	17	99	18	33	19	99	
	0	45	1	94	2	4	3	64	4	3	5	41	6	46	7	72	8	55	9	42	10	97	11	20	12	54	13	22	14	75	15	75	16	73	17	51	18	52	19	62	
	0	60	1	99	2	71	3	32	4	97	5	46	6	52	7	74	8	26	9	22	10	85	11	72	12	97	13	59	14	19	15	60	16	30	17	35	18	76	19	65	
	0	90	1	28	2	99	3	97	4	59	5	76	6	89	7	39	8	55	9	26	10	35	11	47	12	71	13	46	14	1	15	4	16	65	17	3	18	94	19	21	
	0	94	1	54	2	33	3	13	4	98	5	33	6	32	7	64	8	73	9	13	10	75	11	54	12	4	13	40	14	61	15	26	16	81	17	51	18	24	19	21	
	0	93	1	91	2	27	3	7	4	64	5	1	6	25	7	75	8	42	9	36	10	4	11	54	12	4	13	26	14	48	15	25	16	77	17	50	18	91	19	92	
	0	25	1	89	2	94	3	43	4	77	5	54	6	9	7	24	8	13	9	16	10	68	11	68	12	54	13	15	14	26	15	40	16	47	17	66	18	12	19	4	
	0	19	1	60	2	11	3	14	4	70	5	70	6	18	7	40	8	34	9	9	10	55	11	95	12	64	13	49	14	81	15	81	16	96	17	13	18	73	19	43	
	0	82	1	68	2	9	3	28	4	3	5	73	6	57	7	22	8	56	9	51	10	17	11	71	12	14	13	19	14	72	15	77	16	43	17	94	18	36	19	98	
	0	12	1	68	2	98	3	94	4	12	5	75	6	81	7	27	8	50	9	46	10	19	11	23	12	8	13	41	14	88	15	82	16	36	17	74	18	16	19	75	
	0	67	1	10	2	16	3	88	4	52	5	10	6	45	7	90	8	23	9	42	10	33	11	84	12	84	13	55	14	14	15	69	16	64	17	37	18	13	19	81	
	0	27	1	80	2	16	3	68	4	27	5	93	6	77	7	1	8	76	9	53	10	63	11	45	12	61	13	21	14	42	15	64	16	32	17	68	18	83	19	95	
	0	26	1	30	2	50	3	85	4	42	5	75	6	45	7	12	8	68	9	29	10	22	11	87	12	42	13	48	14	96	15	81	16	11	17	90	18	87	19	37	
	0	80	1	51	2	50	3	33	4	68	5	19	6	47	7	30	8	88	9	3	10	98	11	74	12	4	13	22	14	10	15	93	16	21	17	80	18	37	19	42	
	0	28	1	38	2	59	3	98	4	36	5	65	6	7	7	19	8	88	9	62	10	66	11	26	12	36	13	83	14	13	15	11	16	82	17	3	18	1	19	67	
	0	72	1	32	2	10	3	44	4	78	5	50	6	13	7	37	8	90	9	77	10	36	11	92	12	97	13	31	14	64	15	89	16	12	17	60	18	93	19	30	
	0	43	1	23	2	59	3	69	4	23	5	42	6	36	7	11	8	98	9	79	10	86	11	69	12	94	13	49	14	67	15	9	16	42	17	2	18	4	19	52	
	0	49	1	10	2	64	3	94	4	45	5	54	6	6	7	80	8	68	9	64	10	74	11	89	12	47	13	11	14	65	15	77	16	94	17	71	18	26	19	88	
	0	56	1	98	2	62	3	2	4	80	5	22	6	93	7	72	8	66	9	2	10	86	11	26	12	57	13	93	14	78	15	36	16	70	17	22	18	96	19	76	
	0	97	1	82	2	58	3	70	4	12	5	28	6	48	7	50	8	25	9	43	10	29	11	11	12	93	13	31	14	72	15	9	16	79	17	98	18	59	19	90	
	0	57	1	94	2	84	3	91	4	23	5	83	6	6	7	30	8	43	9	95	10	83	11	100	12	62	13	94	14	84	15	75	16	42	17	8	18	69	19	65	
	0	15	1	18	2	31	3	32	4	7	5	64	6	36	7	23	8	98	9	6	10	39	11	11	12	55	13	26	14	41	15	44	16	63	17	30	18	16	19	39	
	0	76	1	84	2	70	3	88	4	37	5	43	6	30	7	89	8	9	9	90	10	39	11	45	12	53	13	3	14	74	15	63	16	16	17	64	18	31	19	87	
	0	38	1	97	2	71	3	39	4	4	5	87	6	6	7	48	8	76	9	14	10	36	11	32	12	33	13	27	14	38	15	100	16	95	17	21	18	74	19	7	
	0	1	1	65	2	11	3	54	4	75	5	50	6	88	7	4	8	10	9	95	10	52	11	21	12	99	13	56	14	25	15	22	16	61	17	95	18	66	19	79	
	0	47	1	94	2	17	3	21	4	74	5	35	6	17	7	89	8	87	9	25	10	25	11	67	12	66	13	27	14	8	15	96	16	88	17	52	18	54	19	74	
	0	7	1	45	2	8	3	49	4	84	5	38	6	15	7	47	8	64	9	43	10	21	11	97	12	4	13	67	14	25	15	46	16	84	17	16	18	10	19	94	
	0	39	1	11	2	16	3	63	4	37	5	91	6	99	7	56	8	93	9	73	10	24	11	86	12	90	13	82	14	58	15	20	16	90	17	72	18	66	19	87	
	0	95	1	35	2	52	3	51	4	98	5	17	6	74	7	46	8	77	9	38	10	98	11	95	12	20	13	18	14	9	15	24	16	69	17	81	18	50	19	1	
	0	74	1	76	2	66	3	76	4	55	5	57	6	34	7	92	8	20	9	93	10	82	11	98	12	57	13	36	14	70	15	88	16	14	17	90	18	18	19	59	
	0	95	1	85	2	75	3	40	4	89	5	62	6	73	7	66	8	86	9	29	10	60	11	11	12	22	13	37	14	36	15	79	16	3	17	68	18	33	19	64	
	0	68	1	2	2	55	3	88	4	42	5	12	6	71	7	9	8	28	9	53	10	63	11	23	12	81	13	69	14	85	15	78	16	72	17	16	18	52	19	45	
	0	96	1	30	2	58	3	22	4	98	5	73	6	98	7	65	8	64	9	42	10	22	11	61	12	36	13	42	14	45	15	77	16	62	17	28	18	76	19	56	
	0	99	1	24	2	22	3	99	4	99	5	2	6	55	7	64	8	42	9	32	10	30	11	64	12	75	13	30	14	59	15	3	16	57	17	68	18	96	19	4	
	0	48	1	43	2	50	3	77	4	48	5	94	6	92	7	24	8	70	9	61	10	4	11	39	12	72	13	39	14	32	15	50	16	17	17	40	18	89	19	79	
	0	58	1	45	2	78	3	56	4	8	5	56	6	64	7	93	8	76	9	49	10	61	11	9	12	50	13	4	14	68	15	67	16	6	17	70	18	88	19	10	
	0	52	1	25	2	8	3	33	4	50	5	51	6	27	7	42	8	52	9	7	10	32	11	65	12	41	13	60	14	38	15	73	16	49	17	80	18	75	19	73	
	0	43	1	49	2	27	3	56	4	94	5	11	6	64	7	39	8	55	9	89	10	48	11	11	12	98	13	2	14	27	15	35	16	90	17	52	18	28	19	89	
	0	14	1	7	2	67	3	28	4	7	5	88	6	1	7	67	8	52	9	30	10	55	11	45	12	46	13	7	14	12	15	68	16	88	17	41	18	7	19	14	
	0	22	1	31	2	38	3	58	4	94	5	26	6	2	7	24	8	56	9	29	10	67	11	40	12	21	13	68	14	26	15	52	16	43	17	50	18	14	19	65	
	0	56	1	34	2	41	3	3	4	16	5	28	6	37	7	43	8	4	9	74	10	4	11	62	12	13	13	97	14	88	15	73	16	62	17	55	18	16	19	88	
	0	48	1	98	2	3	3	94	4	16	5	66	6	30	7	31	8	90	9	37	10	42	11	85	12	37	13	56	14	28	15	50	16	34	17	60	18	51	19	31	
	0	31	1	26	2	8	3	34	4	13	5	71	6	75	7	30	8	54	9	11	10	93	11	3	12	49	13	72	14	6	15	9	16	91	17	90	18	47	19	27	
	0	76	1	30	2	54	3	45	4	43	5	16	6	85	7	15	8	83	9	37	10	72	11	17	12	39	13	61	14	42	15	91	16	14	17	72	18	44	19	66	
	0	28	1	64	2	18	3	82	4	88	5	3	6	83	7	99	8	26	9	74	10	19	11	71	12	84	13	93	14	44	15	74	16	62	17	22	18	87	19	16	
	0	69	1	98	2	17	3	53	4	82	5	4	6	94	7	95	8	39	9	9	10	33	11	1	12	69	13	21	14	66	15	68	16	68	17	6	18	33	19	17	
	0	30	1	39	2	85	3	3	4	39	5	9	6	65	7	7	8	83	9	47	10	2	11	68	12	33	13	61	14	74	15	78	16	55	17	45	18	1	19	9	
	0	41	1	97	2	59	3	54	4	22	5	1	6	22	7	1	8	74	9	18	10	85	11	75	12	97	13	33	14	38	15	16	16	29	17	42	18	17	19	38	
	0	9	1	89	2	27	3	48	4	30	5	22	6	23	7	13	8	86	9	49	10	58	11	17	12	51	13	89	14	34	15	95	16	94	17	50	18	69	19	45	
	0	86	1	74	2	68	3	5	4	69	5	37	6	96	7	65	8	37	9	53	10	4	11	41	12	35	13	97	14	29	15	37	16	54	17	78	18	99	19	82	
	0	35	1	48	2	94	3	7	4	2	5	52	6	2	7	2	8	8	9	55	10	7	11	57	12	12	13	83	14	12	15	50	16	53	17	29	18	58	19	98	
	0	60	1	82	2	62	3	69	4	99	5	51	6	97	7	32	8	30	9	97	10	56	11	45	12	83	13	39	14	76	15	40	16	6	17	39	18	18	19	36	
	0	75	1	15	2	77	3	36	4	99	5	60	6	82	7	51	8	48	9	2	10	17	11	99	12	42	13	80	14	30	15	18	16	88	17	52	18	82	19	36	
	0	5	1	26	2	13	3	30	4	68	5	24	6	20	7	75	8	39	9	17	10	76	11	20	12	72	13	12	14	46	15	70	16	3	17	14	18	50	19	28	
	0	49	1	45	2	72	3	45	4	94	5	19	6	14	7	99	8	67	9	98	10	64	11	14	12	40	13	1	14	5	15	60	16	20	17	41	18	23	19	69	
	0	52	1	39	2	99	3	56	4	32	5	77	6	31	7	44	8	78	9	36	10	36	11	69	12	21	13	20	14	72	15	87	16	17	17	100	18	25	19	58	
	0	14	1	46	2	100	3	21	4	19	5	43	6	82	7	40	8	90	9	48	10	77	11	40	12	78	13	60	14	6	15	34	16	44	17	78	18	15	19	13	
	0	86	1	47	2	92	3	46	4	73	5	73	6	28	7	81	8	35	9	27	10	30	11	69	12	35	13	65	14	49	15	5	16	53	17	100	18	82	19	38	
	0	78	1	51	2	28	3	78	4	12	5	13	6	71	7	11	8	70	9	75	10	42	11	29	12	76	13	51	14	18	15	38	16	66	17	62	18	12	19	8	
	0	3	1	91	2	62	3	53	4	25	5	29	6	72	7	86	8	47	9	71	10	34	11	14	12	100	13	72	14	22	15	23	16	55	17	74	18	80	19	19	
	0	20	1	24	2	29	3	28	4	79	5	87	6	1	7	14	8	35	9	97	10	57	11	87	12	90	13	17	14	98	15	57	16	11	17	51	18	20	19	44	
	0	21	1	37	2	66	3	51	4	60	5	65	6	19	7	69	8	3	9	26	10	90	11	21	12	65	13	29	14	39	15	83	16	16	17	43	18	51	19	30	
	0	24	1	76	2	46	3	14	4	52	5	64	6	52	7	7	8	52	9	52	10	97	11	44	12	83	13	25	14	38	15	91	16	71	17	36	18	14	19	14	
	0	15	1	81	2	53	3	79	4	69	5	42	6	29	7	49	8	87	9	76	10	54	11	90	12	77	13	41	14	76	15	25	16	44	17	9	18	17	19	29	
	0	97	1	14	2	100	3	21	4	8	5	68	6	58	7	16	8	51	9	91	10	83	11	9	12	92	13	88	14	9	15	15	16	13	17	39	18	54	19	98	
	0	15	1	22	2	72	3	73	4	34	5	87	6	70	7	53	8	51	9	7	10	97	11	84	12	79	13	47	14	88	15	100	16	80	17	5	18	86	19	79	
	0	46	1	49	2	7	3	10	4	50	5	51	6	70	7	54	8	15	9	8	10	90	11	79	12	21	13	80	14	51	15	61	16	47	17	73	18	100	19	77	
	0	100	1	43	2	24	3	88	4	51	5	1	6	34	7	20	8	89	9	29	10	50	11	87	12	19	13	85	14	1	15	2	16	32	17	85	18	72	19	39	
	0	33	1	77	2	42	3	15	4	49	5	42	6	52	7	92	8	93	9	57	10	99	11	65	12	85	13	32	14	5	15	21	16	51	17	78	18	57	19	100	
	0	13	1	64	2	37	3	38	4	18	5	81	6	58	7	96	8	59	9	78	10	47	11	92	12	73	13	66	14	33	15	42	16	82	17	77	18	67	19	22	
	0	98	1	70	2	14	3	42	4	83	5	27	6	38	7	94	8	77	9	17	10	73	11	11	12	36	13	52	14	49	15	98	16	4	17	56	18	36	19	60	
	0	7	1	56	2	34	3	31	4	49	5	59	6	96	7	20	8	5	9	69	10	4	11	53	12	24	13	64	14	82	15	31	16	73	17	96	18	70	19	96	
	0	28	1	17	2	39	3	82	4	56	5	24	6	84	7	88	8	3	9	62	10	94	11	23	12	36	13	24	14	7	15	13	16	56	17	16	18	54	19	46	
	0	54	1	17	2	35	3	51	4	18	5	2	6	66	7	44	8	5	9	54	10	32	11	95	12	12	13	32	14	67	15	19	16	46	17	6	18	28	19	20	
	0	97	1	62	2	34	3	7	4	37	5	96	6	32	7	50	8	23	9	97	10	43	11	71	12	16	13	78	14	84	15	25	16	52	17	34	18	75	19	53	
	0	16	1	13	2	50	3	75	4	18	5	5	6	15	7	53	8	77	9	78	10	79	11	69	12	100	13	54	14	56	15	54	16	90	17	24	18	47	19	62	
	0	92	1	22	2	20	3	99	4	64	5	83	6	87	7	7	8	3	9	83	10	3	11	63	12	94	13	38	14	38	15	75	16	40	17	83	18	21	19	53	
	0	91	1	29	2	22	3	76	4	50	5	45	6	36	7	8	8	88	9	19	10	74	11	72	12	89	13	12	14	25	15	14	16	94	17	85	18	55	19	5	
	0	49	1	97	2	1	3	69	4	50	5	13	6	89	7	9	8	4	9	100	10	1	11	17	12	93	13	35	14	5	15	18	16	78	17	23	18	87	19	27	
	0	7	1	94	2	98	3	5	4	48	5	33	6	68	7	97	8	97	9	27	10	46	11	19	12	24	13	12	14	46	15	11	16	28	17	13	18	47	19	51	
	0	53	1	7	2	74	3	83	4	27	5	3	6	96	7	40	8	36	9	60	10	61	11	5	12	67	13	21	14	87	15	57	16	31	17	54	18	75	19	31	
	0	82	1	74	2	34	3	52	4	35	5	48	6	16	7	58	8	26	9	66	10	72	11	41	12	55	13	32	14	40	15	14	16	80	17	86	18	95	19	53	
	0	21	1	32	2	36	3	25	4	11	5	23	6	13	7	48	8	25	9	100	10	70	11	25	12	32	13	66	14	1	15	73	16	22	17	5	18	7	19	45	
	0	98	1	82	2	44	3	1	4	34	5	47	6	8	7	99	8	69	9	63	10	34	11	60	12	31	13	15	14	39	15	80	16	4	17	24	18	80	19	61	
	0	46	1	93	2	80	3	45	4	69	5	62	6	25	7	86	8	53	9	67	10	50	11	92	12	85	13	74	14	3	15	85	16	86	17	56	18	77	19	37	
	0	62	1	86	2	28	3	88	4	88	5	93	6	43	7	97	8	30	9	1	10	4	11	10	12	59	13	30	14	69	15	57	16	39	17	74	18	79	19	22	
	0	96	1	18	2	77	3	67	4	62	5	36	6	25	7	87	8	7	9	30	10	23	11	24	12	74	13	41	14	67	15	30	16	43	17	94	18	70	19	56	
	0	12	1	21	2	25	3	29	4	26	5	16	6	74	7	80	8	14	9	99	10	35	11	43	12	39	13	14	14	29	15	43	16	62	17	24	18	46	19	65	
	0	82	1	35	2	83	3	40	4	42	5	85	6	54	7	78	8	80	9	38	10	60	11	25	12	91	13	37	14	50	15	67	16	37	17	89	18	62	19	91	
	0	75	1	16	2	29	3	99	4	23	5	51	6	25	7	99	8	81	9	49	10	61	11	99	12	38	13	46	14	17	15	34	16	89	17	49	18	36	19	7	
	0	23	1	17	2	35	3	32	4	55	5	85	6	77	7	83	8	11	9	79	10	18	11	97	12	38	13	91	14	85	15	11	16	79	17	73	18	57	19	35	
	0	38	1	88	2	28	3	7	4	31	5	87	6	35	7	33	8	16	9	43	10	86	11	58	12	76	13	87	14	2	15	62	16	63	17	64	18	72	19	55	
	0	28	1	16	2	61	3	18	4	23	5	21	6	83	7	99	8	78	9	92	10	10	11	23	12	50	13	5	14	41	15	23	16	57	17	42	18	72	19	97	
	0	67	1	51	2	13	3	88	4	28	5	85	6	74	7	74	8	80	9	91	10	49	11	37	12	44	13	46	14	35	15	26	16	21	17	48	18	2	19	50	
	0	94	1	69	2	4	3	12	4	21	5	22	6	57	7	12	8	32	9	20	10	73	11	62	12	30	13	82	14	91	15	83	16	29	17	5	18	53	19	69	
	0	77	1	21	2	6	3	82	4	19	5	52	6	53	7	38	8	53	9	72	10	60	11	65	12	67	13	94	14	57	15	85	16	15	17	70	18	61	19	90	
	0	84	1	83	2	76	3	33	4	80	5	27	6	65	7	15	8	93	9	64	10	23	11	57	12	55	13	2	14	100	15	66	16	97	17	65	18	62	19	29	
	0	18	1	72	2	11	3	100	4	27	5	88	6	68	7	14	8	15	9	27	10	3	11	73	12	6	13	4	14	60	15	77	16	74	17	67	18	55	19	18	
	0	19	1	30	2	43	3	80	4	98	5	48	6	95	7	12	8	27	9	87	10	82	11	3	12	33	13	21	14	53	15	47	16	32	17	51	18	86	19	44	
	0	73	1	49	2	92	3	24	4	32	5	71	6	26	7	10	8	11	9	6	10	13	11	74	12	27	13	60	14	21	15	42	16	82	17	24	18	27	19	89	
	0	56	1	65	2	98	3	12	4	82	5	74	6	88	7	42	8	60	9	72	10	85	11	78	12	31	13	25	14	72	15	8	16	68	17	8	18	13	19	93	
	0	48	1	55	2	10	3	8	4	81	5	68	6	22	7	25	8	54	9	84	10	8	11	98	12	52	13	10	14	90	15	1	16	80	17	96	18	53	19	72	
	0	9	1	49	2	72	3	100	4	11	5	79	6	86	7	21	8	5	9	75	10	30	11	89	12	5	13	14	14	80	15	68	16	10	17	23	18	69	19	43	
	0	7	1	4	2	46	3	72	4	59	5	24	6	93	7	1	8	61	9	98	10	37	11	15	12	10	13	11	14	16	15	31	16	85	17	2	18	80	19	75	
	0	19	1	17	2	84	3	74	4	49	5	84	6	58	7	9	8	28	9	98	10	66	11	55	12	44	13	96	14	44	15	38	16	17	17	30	18	71	19	84	
	0	78	1	89	2	70	3	17	4	99	5	63	6	100	7	37	8	82	9	18	10	85	11	70	12	22	13	84	14	75	15	40	16	70	17	85	18	55	19	97	
	0	5	1	51	2	66	3	26	4	62	5	6	6	84	7	27	8	70	9	40	10	64	11	35	12	82	13	8	14	16	15	6	16	88	17	63	18	89	19	72	
	0	30	1	52	2	56	3	69	4	91	5	5	6	68	7	36	8	9	9	100	10	32	11	74	12	12	13	76	14	76	15	94	16	49	17	85	18	72	19	42	
	0	51	1	50	2	85	3	69	4	11	5	44	6	29	7	52	8	62	9	37	10	38	11	16	12	77	13	4	14	91	15	9	16	45	17	5	18	10	19	17	
	0	57	1	29	2	26	3	61	4	45	5	71	6	89	7	97	8	45	9	59	10	62	11	40	12	91	13	11	14	10	15	22	16	38	17	32	18	44	19	97	
	0	11	1	71	2	47	3	91	4	82	5	45	6	76	7	54	8	11	9	38	10	58	11	87	12	44	13	22	14	51	15	94	16	16	17	30	18	56	19	94	
	0	5	1	4	2	20	3	5	4	1	5	69	6	94	7	94	8	62	9	21	10	9	11	46	12	5	13	51	14	25	15	39	16	26	17	68	18	44	19	60	
	0	27	1	42	2	95	3	95	4	94	5	64	6	20	7	8	8	9	9	3	10	49	11	86	12	85	13	29	14	47	15	52	16	95	17	95	18	9	19	54	
	0	92	1	35	2	91	3	75	4	35	5	59	6	79	7	19	8	13	9	52	10	95	11	50	12	84	13	51	14	77	15	12	16	29	17	94	18	89	19	76	
	0	81	1	32	2	45	3	60	4	39	5	90	6	35	7	55	8	36	9	29	10	39	11	97	12	16	13	53	14	20	15	88	16	53	17	29	18	26	19	68	
	0	26	1	30	2	34	3	26	4	18	5	23	6	53	7	70	8	83	9	69	10	62	11	6	12	38	13	91	14	12	15	4	16	61	17	10	18	52	19	64	
	0	89	1	11	2	97	3	31	4	29	5	31	6	62	7	56	8	43	9	24	10	37	11	72	12	22	13	33	14	10	15	30	16	22	17	88	18	67	19	41	
	0	21	1	80	2	23	3	66	4	94	5	22	6	60	7	74	8	16	9	97	10	50	11	48	12	36	13	81	14	11	15	93	16	32	17	83	18	18	19	5	
	0	18	1	39	2	32	3	65	4	41	5	78	6	90	7	90	8	26	9	48	10	37	11	26	12	58	13	37	14	36	15	32	16	36	17	20	18	12	19	47	
	0	19	1	68	2	37	3	78	4	99	5	15	6	8	7	58	8	53	9	26	10	77	11	21	12	8	13	4	14	84	15	87	16	46	17	84	18	21	19	80	
	0	92	1	57	2	77	3	60	4	51	5	76	6	16	7	75	8	24	9	100	10	57	11	54	12	63	13	11	14	61	15	36	16	81	17	21	18	4	19	26	
	0	75	1	58	2	61	3	16	4	83	5	58	6	96	7	96	8	90	9	36	10	27	11	42	12	63	13	97	14	71	15	3	16	16	17	42	18	65	19	57	
	0	55	1	80	2	53	3	91	4	36	5	1	6	66	7	44	8	62	9	88	10	8	11	97	12	47	13	19	14	59	15	12	16	2	17	52	18	57	19	78	
	0	48	1	62	2	7	3	85	4	43	5	42	6	98	7	100	8	84	9	2	10	41	11	3	12	91	13	83	14	51	15	2	16	25	17	55	18	27	19	99	
	0	46	1	78	2	47	3	28	4	57	5	80	6	83	7	79	8	57	9	8	10	62	11	32	12	29	13	29	14	51	15	1	16	76	17	2	18	82	19	98	
	0	92	1	33	2	14	3	12	4	30	5	17	6	8	7	8	8	59	9	64	10	78	11	17	12	1	13	84	14	13	15	30	16	8	17	10	18	4	19	47	
	0	84	1	25	2	20	3	59	4	13	5	93	6	69	7	50	8	10	9	76	10	68	11	65	12	31	13	23	14	46	15	31	16	22	17	62	18	47	19	80	
	0	22	1	81	2	25	3	26	4	27	5	22	6	3	7	91	8	49	9	28	10	88	11	61	12	79	13	3	14	14	15	29	16	12	17	15	18	83	19	64	
	0	58	1	72	2	71	3	93	4	63	5	79	6	78	7	55	8	85	9	2	10	81	11	42	12	81	13	49	14	37	15	73	16	81	17	40	18	64	19	91	
	0	27	1	75	2	90	3	32	4	83	5	78	6	4	7	12	8	5	9	79	10	83	11	66	12	79	13	33	14	71	15	63	16	78	17	17	18	94	19	9	
	0	2	1	88	2	45	3	91	4	77	5	45	6	62	7	27	8	14	9	75	10	13	11	51	12	100	13	82	14	1	15	15	16	98	17	98	18	90	19	67	
	0	93	1	32	2	94	3	61	4	72	5	97	6	69	7	46	8	60	9	14	10	58	11	49	12	93	13	22	14	87	15	2	16	70	17	44	18	20	19	8	
	0	5	1	1	2	9	3	6	4	42	5	54	6	15	7	17	8	10	9	83	10	2	11	47	12	39	13	82	14	64	15	57	16	3	17	87	18	36	19	54	
	0	27	1	26	2	10	3	43	4	55	5	59	6	36	7	71	8	51	9	27	10	19	11	96	12	36	13	47	14	65	15	37	16	21	17	30	18	82	19	71	
	0	58	1	61	2	9	3	39	4	72	5	3	6	53	7	73	8	71	9	55	10	81	11	91	12	36	13	24	14	94	15	66	16	10	17	75	18	43	19	63	
	0	61	1	78	2	91	3	18	4	47	5	2	6	48	7	98	8	2	9	47	10	39	11	21	12	26	13	52	14	65	15	39	16	20	17	52	18	97	19	15	
	0	53	1	9	2	51	3	98	4	50	5	49	6	41	7	43	8	8	9	74	10	81	11	8	12	96	13	35	14	28	15	32	16	60	17	28	18	74	19	79	
	0	69	1	57	2	94	3	50	4	90	5	56	6	53	7	23	8	66	9	55	10	32	11	13	12	7	13	77	14	67	15	98	16	3	17	76	18	45	19	38	
	0	4	1	80	2	13	3	72	4	67	5	57	6	10	7	72	8	84	9	23	10	96	11	99	12	50	13	83	14	51	15	8	16	67	17	21	18	26	19	8	
	0	31	1	44	2	25	3	32	4	59	5	63	6	32	7	32	8	64	9	18	10	80	11	91	12	58	13	50	14	95	15	51	16	55	17	50	18	92	19	91	
	0	56	1	89	2	77	3	83	4	24	5	21	6	10	7	65	8	83	9	35	10	63	11	53	12	31	13	6	14	30	15	64	16	71	17	35	18	62	19	98	
	0	33	1	10	2	60	3	26	4	10	5	46	6	32	7	91	8	87	9	86	10	36	11	68	12	91	13	44	14	57	15	34	16	96	17	36	18	23	19	6	
	0	88	1	6	2	85	3	94	4	50	5	6	6	1	7	56	8	17	9	77	10	18	11	42	12	1	13	57	14	3	15	66	16	64	17	45	18	39	19	50	
	0	60	1	39	2	96	3	25	4	81	5	98	6	73	7	64	8	85	9	36	10	46	11	63	12	49	13	90	14	62	15	96	16	3	17	100	18	12	19	50	
	0	28	1	85	2	87	3	79	4	13	5	50	6	30	7	56	8	5	9	7	10	25	11	23	12	98	13	86	14	14	15	88	16	54	17	21	18	5	19	53	
	0	33	1	68	2	7	3	39	4	74	5	15	6	89	7	53	8	10	9	34	10	5	11	96	12	40	13	7	14	21	15	74	16	44	17	46	18	66	19	28	
	0	31	1	8	2	77	3	3	4	41	5	45	6	44	7	14	8	18	9	11	10	11	11	42	12	77	13	9	14	33	15	12	16	67	17	86	18	20	19	67	
	0	1	1	27	2	41	3	83	4	38	5	75	6	85	7	74	8	71	9	76	10	77	11	66	12	16	13	20	14	3	15	68	16	40	17	28	18	51	19	71	
	0	86	1	74	2	82	3	50	4	44	5	74	6	22	7	80	8	92	9	69	10	47	11	54	12	46	13	37	14	72	15	94	16	12	17	1	18	91	19	71	
	0	50	1	1	2	12	3	77	4	27	5	24	6	52	7	4	8	52	9	22	10	95	11	26	12	72	13	97	14	99	15	53	16	72	17	52	18	44	19	3	
	0	78	1	21	2	86	3	32	4	97	5	28	6	10	7	67	8	48	9	65	10	14	11	33	12	13	13	9	14	86	15	7	16	28	17	78	18	67	19	90	
	0	24	1	88	2	28	3	40	4	70	5	79	6	64	7	11	8	78	9	42	10	69	11	63	12	44	13	39	14	94	15	11	16	84	17	53	18	83	19	80	
	0	13	1	19	2	82	3	56	4	3	5	7	6	53	7	10	8	47	9	31	10	21	11	31	12	6	13	89	14	78	15	69	16	51	17	58	18	5	19	21	
	0	65	1	93	2	35	3	27	4	89	5	41	6	3	7	74	8	89	9	40	10	91	11	70	12	11	13	12	14	99	15	97	16	20	17	3	18	28	19	66	
	0	73	1	76	2	57	3	46	4	55	5	94	6	45	7	65	8	51	9	89	10	76	11	10	12	86	13	88	14	43	15	46	16	35	17	100	18	27	19	46	
	0	48	1	48	2	70	3	97	4	14	5	22	6	98	7	11	8	90	9	78	10	50	11	1	12	4	13	51	14	40	15	11	16	78	17	98	18	48	19	44	
	0	78	1	36	2	56	3	98	4	33	5	60	6	85	7	37	8	66	9	81	10	4	11	98	12	35	13	81	14	83	15	44	16	42	17	10	18	63	19	83	
	0	55	1	56	2	5	3	1	4	98	5	46	6	4	7	62	8	5	9	14	10	17	11	53	12	45	13	98	14	30	15	82	16	34	17	80	18	17	19	8	
	0	96	1	42	2	90	3	98	4	40	5	13	6	72	7	81	8	76	9	33	10	96	11	64	12	4	13	64	14	11	15	92	16	62	17	31	18	36	19	80	
	0	61	1	9	2	83	3	2	4	90	5	1	6	12	7	1	8	76	9	77	10	79	11	58	12	94	13	93	14	96	15	10	16	19	17	17	18	7	19	42	
	0	10	1	61	2	48	3	38	4	88	5	35	6	42	7	36	8	44	9	60	10	45	11	4	12	61	13	80	14	89	15	33	16	63	17	80	18	22	19	43	
	0	47	1	46	2	94	3	40	4	45	5	48	6	82	7	15	8	65	9	75	10	74	11	32	12	6	13	39	14	92	15	5	16	44	17	40	18	4	19	33	
	0	60	1	91	2	66	3	30	4	50	5	39	6	16	7	27	8	47	9	83	10	86	11	32	12	97	13	16	14	64	15	31	16	52	17	69	18	41	19	43	
	0	6	1	71	2	59	3	90	4	23	5	76	6	14	7	97	8	84	9	48	10	82	11	9	12	82	13	30	14	44	15	27	16	80	17	41	18	8	19	83	
	0	98	1	42	2	95	3	97	4	52	5	79	6	12	7	12	8	15	9	74	10	80	11	29	12	30	13	24	14	95	15	42	16	41	17	78	18	94	19	51	
	0	79	1	82	2	28	3	62	4	67	5	47	6	61	7	37	8	70	9	58	10	46	11	78	12	32	13	89	14	90	15	41	16	77	17	62	18	1	19	78	
	0	2	1	45	2	56	3	74	4	24	5	11	6	38	7	42	8	36	9	23	10	99	11	14	12	98	13	55	14	82	15	57	16	69	17	92	18	44	19	11	
	0	6	1	67	2	16	3	77	4	13	5	80	6	5	7	16	8	63	9	65	10	53	11	88	12	97	13	9	14	8	15	36	16	5	17	7	18	88	19	11	
	0	29	1	21	2	29	3	27	4	25	5	78	6	52	7	70	8	26	9	80	10	14	11	98	12	29	13	12	14	2	15	90	16	45	17	59	18	88	19	19	
	0	31	1	49	2	66	3	93	4	80	5	1	6	28	7	14	8	53	9	93	10	81	11	25	12	30	13	66	14	76	15	1	16	87	17	68	18	29	19	85	
	0	9	1	78	2	6	3	48	4	2	5	36	6	94	7	1	8	17	9	98	10	18	11	85	12	21	13	26	14	45	15	18	16	100	17	75	18	93	19	80	
	0	43	1	69	2	53	3	91	4	81	5	76	6	10	7	60	8	93	9	92	10	7	11	89	12	46	13	36	14	45	15	63	16	31	17	48	18	31	19	88	
	0	40	1	5	2	63	3	42	4	52	5	55	6	54	7	19	8	19	9	26	10	35	11	98	12	76	13	21	14	52	15	67	16	29	17	25	18	52	19	16	
	0	79	1	71	2	33	3	19	4	30	5	21	6	38	7	94	8	44	9	51	10	73	11	13	12	66	13	60	14	88	15	94	16	21	17	53	18	93	19	83	
	0	59	1	65	2	12	3	25	4	11	5	72	6	73	7	27	8	38	9	56	10	80	11	41	12	92	13	93	14	10	15	3	16	11	17	76	18	13	19	58	
	0	47	1	53	2	87	3	13	4	19	5	95	6	40	7	82	8	43	9	47	10	18	11	64	12	59	13	58	14	30	15	64	16	97	17	12	18	58	19	72	
	0	52	1	44	2	1	3	92	4	13	5	8	6	51	7	13	8	71	9	59	10	47	11	81	12	22	13	48	14	19	15	40	16	15	17	23	18	87	19	25	
	0	84	1	86	2	89	3	56	4	79	5	72	6	9	7	4	8	94	9	21	10	49	11	82	12	87	13	95	14	8	15	36	16	94	17	35	18	69	19	4	
	0	96	1	37	2	59	3	42	4	57	5	17	6	87	7	69	8	11	9	14	10	38	11	71	12	38	13	9	14	50	15	12	16	96	17	27	18	48	19	56	
	0	66	1	80	2	67	3	16	4	72	5	28	6	72	7	6	8	38	9	28	10	58	11	14	12	92	13	62	14	65	15	49	16	66	17	59	18	56	19	62	
	0	61	1	49	2	16	3	4	4	41	5	73	6	88	7	27	8	12	9	47	10	35	11	63	12	44	13	53	14	53	15	95	16	13	17	3	18	57	19	72	
	0	58	1	24	2	35	3	65	4	6	5	66	6	98	7	51	8	95	9	43	10	83	11	73	12	39	13	28	14	66	15	1	16	55	17	21	18	33	19	3	
	0	17	1	48	2	58	3	76	4	21	5	31	6	1	7	99	8	28	9	83	10	12	11	8	12	66	13	94	14	4	15	50	16	30	17	17	18	70	19	31	
	0	20	1	28	2	82	3	31	4	44	5	88	6	47	7	17	8	94	9	70	10	83	11	38	12	22	13	98	14	75	15	44	16	60	17	83	18	96	19	36	
	0	84	1	50	2	1	3	85	4	33	5	22	6	89	7	36	8	69	9	59	10	24	11	45	12	15	13	72	14	86	15	64	16	20	17	15	18	88	19	61	
	0	98	1	95	2	11	3	77	4	79	5	9	6	99	7	25	8	38	9	72	10	70	11	70	12	9	13	31	14	98	15	40	16	52	17	97	18	94	19	69	
	0	29	1	16	2	68	3	53	4	86	5	43	6	62	7	87	8	79	9	10	10	59	11	95	12	60	13	77	14	58	15	28	16	96	17	29	18	72	19	50	
	0	63	1	74	2	55	3	36	4	19	5	46	6	29	7	68	8	54	9	27	10	62	11	99	12	92	13	64	14	86	15	4	16	57	17	82	18	68	19	89	
	0	17	1	58	2	7	3	45	4	32	5	40	6	54	7	27	8	61	9	42	10	1	11	68	12	2	13	75	14	34	15	3	16	3	17	19	18	26	19	33	
	0	29	1	7	2	35	3	3	4	81	5	27	6	55	7	61	8	33	9	48	10	23	11	43	12	39	13	49	14	14	15	46	16	26	17	63	18	84	19	97	
	0	30	1	72	2	27	3	1	4	52	5	56	6	61	7	75	8	75	9	54	10	24	11	47	12	58	13	18	14	99	15	65	16	36	17	93	18	23	19	60	
	0	50	1	90	2	67	3	42	4	43	5	97	6	8	7	83	8	61	9	26	10	60	11	67	12	24	13	63	14	49	15	7	16	25	17	64	18	35	19	92	
	0	45	1	15	2	23	3	87	4	48	5	47	6	84	7	36	8	21	9	6	10	85	11	34	12	16	13	92	14	79	15	81	16	47	17	16	18	13	19	67	
	0	10	1	30	2	6	3	25	4	74	5	35	6	92	7	73	8	9	9	20	10	55	11	26	12	12	13	90	14	48	15	12	16	21	17	51	18	52	19	70	
	0	44	1	10	2	49	3	26	4	42	5	21	6	97	7	58	8	62	9	96	10	98	11	70	12	76	13	59	14	98	15	55	16	87	17	88	18	82	19	64	
	0	99	1	11	2	70	3	56	4	44	5	95	6	14	7	14	8	2	9	17	10	24	11	33	12	54	13	41	14	79	15	76	16	49	17	98	18	83	19	15	
	0	40	1	27	2	46	3	44	4	76	5	4	6	59	7	64	8	69	9	70	10	58	11	39	12	63	13	19	14	57	15	67	16	13	17	18	18	98	19	53	
	0	38	1	74	2	25	3	98	4	45	5	60	6	24	7	40	8	76	9	26	10	38	11	94	12	5	13	79	14	42	15	14	16	54	17	85	18	23	19	98	
	0	56	1	46	2	82	3	86	4	31	5	84	6	94	7	59	8	8	9	3	10	7	11	82	12	87	13	66	14	89	15	88	16	15	17	89	18	88	19	27	
	0	9	1	9	2	38	3	55	4	42	5	35	6	29	7	11	8	98	9	88	10	76	11	35	12	90	13	38	14	58	15	69	16	89	17	71	18	30	19	68	
	0	87	1	66	2	13	3	32	4	90	5	12	6	37	7	89	8	3	9	81	10	22	11	80	12	62	13	85	14	79	15	44	16	89	17	66	18	76	19	47	
	0	95	1	38	2	52	3	92	4	32	5	59	6	42	7	1	8	25	9	79	10	73	11	37	12	40	13	71	14	33	15	83	16	90	17	60	18	44	19	35	
	0	77	1	92	2	78	3	67	4	31	5	31	6	29	7	3	8	92	9	26	10	18	11	54	12	82	13	62	14	37	15	80	16	7	17	62	18	91	19	8	
	0	37	1	49	2	87	3	11	4	2	5	7	6	6	7	88	8	49	9	43	10	92	11	59	12	85	13	11	14	9	15	73	16	5	17	58	18	20	19	29	
	0	34	1	78	2	55	3	93	4	34	5	57	6	60	7	45	8	70	9	41	10	81	11	45	12	55	13	45	14	64	15	46	16	49	17	52	18	53	19	2	
	0	40	1	49	2	16	3	5	4	84	5	52	6	50	7	97	8	84	9	47	10	52	11	86	12	3	13	85	14	32	15	99	16	4	17	70	18	89	19	97	
	0	81	1	61	2	46	3	93	4	7	5	66	6	87	7	50	8	57	9	87	10	97	11	29	12	66	13	17	14	67	15	61	16	12	17	29	18	93	19	43	
	0	67	1	49	2	41	3	14	4	79	5	57	6	60	7	60	8	52	9	74	10	72	11	13	12	92	13	3	14	48	15	98	16	95	17	72	18	42	19	71	
	0	62	1	20	2	82	3	9	4	68	5	55	6	87	7	74	8	79	9	100	10	23	11	31	12	100	13	78	14	18	15	20	16	7	17	73	18	88	19	45	
	0	13	1	4	2	41	3	13	4	27	5	73	6	51	7	7	8	57	9	65	10	48	11	24	12	52	13	88	14	13	15	15	16	58	17	8	18	10	19	37	
	0	84	1	78	2	31	3	46	4	76	5	38	6	37	7	54	8	33	9	93	10	55	11	85	12	69	13	50	14	80	15	28	16	91	17	65	18	46	19	32	
	0	37	1	66	2	100	3	82	4	60	5	17	6	69	7	14	8	79	9	64	10	34	11	2	12	79	13	64	14	62	15	47	16	14	17	30	18	16	19	42	
	0	87	1	97	2	93	3	28	4	97	5	96	6	93	7	48	8	22	9	77	10	21	11	26	12	49	13	93	14	27	15	25	16	37	17	89	18	59	19	74	
	0	12	1	50	2	53	3	65	4	96	5	41	6	3	7	30	8	40	9	69	10	56	11	36	12	76	13	73	14	71	15	38	16	32	17	79	18	24	19	67	
	0	14	1	95	2	73	3	72	4	46	5	2	6	10	7	77	8	23	9	34	10	90	11	72	12	37	13	39	14	20	15	85	16	3	17	12	18	43	19	43	
	0	75	1	88	2	34	3	22	4	64	5	77	6	16	7	24	8	4	9	87	10	100	11	58	12	90	13	29	14	81	15	42	16	83	17	28	18	15	19	89	
	0	46	1	85	2	82	3	75	4	6	5	70	6	27	7	20	8	17	9	83	10	40	11	7	12	46	13	7	14	64	15	14	16	75	17	25	18	1	19	53	
	0	25	1	67	2	71	3	52	4	86	5	53	6	14	7	20	8	86	9	64	10	91	11	18	12	30	13	39	14	100	15	59	16	62	17	84	18	50	19	84	
	0	44	1	84	2	57	3	81	4	6	5	25	6	99	7	81	8	81	9	97	10	49	11	93	12	29	13	47	14	51	15	75	16	94	17	65	18	47	19	91	
	0	64	1	9	2	30	3	48	4	23	5	90	6	71	7	40	8	77	9	92	10	13	11	2	12	54	13	45	14	79	15	42	16	55	17	2	18	51	19	11	
	0	59	1	41	2	97	3	57	4	86	5	100	6	29	7	49	8	71	9	91	10	13	11	94	12	73	13	84	14	44	15	95	16	34	17	24	18	68	19	67	
	0	89	1	91	2	31	3	53	4	62	5	17	6	41	7	60	8	44	9	79	10	27	11	40	12	27	13	29	14	43	15	56	16	76	17	18	18	33	19	75	
	0	39	1	62	2	14	3	97	4	76	5	45	6	44	7	35	8	86	9	76	10	98	11	11	12	84	13	9	14	70	15	27	16	72	17	79	18	8	19	33	
	0	66	1	20	2	73	3	36	4	67	5	9	6	90	7	18	8	93	9	96	10	100	11	45	12	20	13	78	14	81	15	25	16	10	17	10	18	100	19	35	
	0	42	1	9	2	41	3	48	4	50	5	64	6	65	7	30	8	73	9	1	10	22	11	76	12	81	13	80	14	40	15	42	16	2	17	21	18	15	19	55	
	0	59	1	7	2	96	3	94	4	93	5	10	6	67	7	73	8	50	9	18	10	51	11	68	12	32	13	93	14	38	15	95	16	85	17	99	18	67	19	27	
	0	75	1	50	2	2	3	42	4	84	5	36	6	91	7	63	8	40	9	53	10	64	11	56	12	58	13	2	14	61	15	56	16	58	17	28	18	2	19	65	
	0	17	1	63	2	80	3	38	4	60	5	66	6	48	7	31	8	47	9	60	10	21	11	54	12	88	13	86	14	13	15	86	16	12	17	7	18	28	19	83	
	0	1	1	49	2	49	3	20	4	88	5	45	6	45	7	77	8	11	9	7	10	94	11	93	12	83	13	21	14	65	15	29	16	64	17	46	18	40	19	84	
	0	76	1	23	2	40	3	62	4	2	5	57	6	94	7	44	8	69	9	82	10	81	11	65	12	54	13	34	14	61	15	15	16	31	17	22	18	59	19	98	
	0	8	1	91	2	18	3	14	4	48	5	73	6	68	7	20	8	45	9	8	10	5	11	42	12	9	13	17	14	14	15	76	16	63	17	46	18	82	19	36	
	0	14	1	92	2	100	3	19	4	13	5	18	6	20	7	93	8	95	9	27	10	23	11	50	12	30	13	4	14	70	15	71	16	31	17	91	18	18	19	69	
	0	24	1	32	2	16	3	86	4	10	5	74	6	36	7	96	8	42	9	55	10	76	11	71	12	68	13	70	14	43	15	27	16	28	17	22	18	15	19	51	
	0	21	1	40	2	96	3	11	4	3	5	70	6	95	7	12	8	41	9	34	10	83	11	18	12	32	13	66	14	88	15	47	16	47	17	37	18	98	19	98	
	0	7	1	79	2	76	3	95	4	19	5	91	6	71	7	66	8	82	9	94	10	81	11	76	12	1	13	26	14	80	15	67	16	81	17	13	18	96	19	54	
	0	29	1	59	2	27	3	16	4	5	5	41	6	45	7	73	8	39	9	95	10	8	11	38	12	87	13	98	14	11	15	7	16	98	17	16	18	40	19	52	