500 30 1
30
	0	44	1	13	2	13	3	77	4	7	5	99	6	44	7	27	8	61	9	84	10	42	11	24	12	58	13	40	14	48	15	30	16	70	17	29	18	79	19	89	20	36	21	2	22	48	23	46	24	77	25	54	26	85	27	53	28	29	29	66	
	0	81	1	11	2	94	3	61	4	5	5	17	6	50	7	9	8	75	9	76	10	98	11	72	12	16	13	98	14	17	15	39	16	7	17	39	18	57	19	16	20	13	21	21	22	75	23	51	24	88	25	6	26	30	27	61	28	44	29	7	
	0	30	1	44	2	84	3	71	4	4	5	35	6	70	7	14	8	89	9	6	10	14	11	28	12	69	13	64	14	53	15	26	16	29	17	89	18	7	19	22	20	88	21	83	22	42	23	60	24	71	25	68	26	78	27	38	28	88	29	77	
	0	75	1	70	2	70	3	83	4	70	5	95	6	48	7	95	8	17	9	8	10	27	11	2	12	89	13	21	14	54	15	54	16	89	17	92	18	69	19	67	20	40	21	41	22	74	23	65	24	19	25	75	26	65	27	15	28	59	29	90	
	0	41	1	39	2	7	3	25	4	20	5	76	6	75	7	32	8	40	9	89	10	85	11	20	12	65	13	80	14	15	15	40	16	41	17	27	18	50	19	80	20	38	21	96	22	6	23	62	24	51	25	32	26	80	27	76	28	88	29	65	
	0	13	1	65	2	79	3	33	4	48	5	36	6	5	7	11	8	23	9	26	10	90	11	10	12	70	13	13	14	39	15	76	16	22	17	81	18	22	19	8	20	54	21	83	22	4	23	37	24	69	25	86	26	39	27	51	28	44	29	85	
	0	17	1	21	2	9	3	52	4	25	5	68	6	68	7	15	8	33	9	19	10	34	11	5	12	30	13	52	14	73	15	51	16	29	17	55	18	61	19	27	20	98	21	67	22	1	23	20	24	3	25	25	26	89	27	44	28	70	29	26	
	0	51	1	34	2	20	3	1	4	83	5	75	6	95	7	69	8	14	9	27	10	39	11	40	12	16	13	9	14	50	15	36	16	30	17	18	18	10	19	25	20	67	21	4	22	20	23	62	24	30	25	52	26	98	27	1	28	25	29	34	
	0	12	1	36	2	9	3	93	4	4	5	93	6	43	7	6	8	58	9	70	10	31	11	91	12	68	13	7	14	64	15	69	16	55	17	2	18	72	19	59	20	34	21	49	22	78	23	14	24	35	25	91	26	5	27	69	28	21	29	96	
	0	83	1	22	2	42	3	23	4	11	5	96	6	86	7	22	8	25	9	24	10	40	11	33	12	73	13	19	14	16	15	8	16	16	17	82	18	30	19	55	20	7	21	41	22	87	23	48	24	8	25	90	26	25	27	71	28	23	29	1	
	0	2	1	19	2	97	3	5	4	74	5	70	6	1	7	46	8	86	9	55	10	9	11	71	12	71	13	48	14	28	15	60	16	54	17	10	18	82	19	16	20	22	21	85	22	47	23	44	24	71	25	41	26	22	27	32	28	86	29	31	
	0	71	1	64	2	67	3	30	4	44	5	19	6	94	7	49	8	42	9	100	10	35	11	73	12	74	13	29	14	9	15	69	16	54	17	5	18	31	19	98	20	83	21	19	22	43	23	6	24	46	25	73	26	31	27	89	28	4	29	7	
	0	16	1	34	2	21	3	72	4	9	5	68	6	37	7	64	8	97	9	64	10	10	11	36	12	43	13	44	14	6	15	91	16	88	17	78	18	26	19	14	20	39	21	55	22	55	23	26	24	29	25	84	26	25	27	31	28	6	29	15	
	0	54	1	88	2	88	3	3	4	94	5	7	6	7	7	89	8	14	9	79	10	59	11	39	12	41	13	76	14	55	15	3	16	43	17	33	18	19	19	45	20	5	21	15	22	61	23	86	24	54	25	50	26	20	27	21	28	34	29	26	
	0	61	1	32	2	56	3	8	4	23	5	52	6	25	7	72	8	18	9	34	10	60	11	69	12	49	13	18	14	64	15	12	16	2	17	82	18	7	19	98	20	54	21	52	22	73	23	49	24	50	25	66	26	100	27	75	28	4	29	59	
	0	76	1	46	2	36	3	3	4	18	5	40	6	16	7	87	8	3	9	67	10	66	11	59	12	35	13	10	14	97	15	13	16	79	17	90	18	90	19	2	20	20	21	43	22	62	23	73	24	14	25	7	26	5	27	80	28	61	29	33	
	0	26	1	80	2	24	3	4	4	62	5	53	6	68	7	63	8	95	9	30	10	55	11	13	12	62	13	55	14	42	15	78	16	57	17	92	18	17	19	24	20	95	21	67	22	39	23	4	24	49	25	55	26	30	27	57	28	68	29	7	
	0	61	1	92	2	13	3	54	4	13	5	59	6	64	7	9	8	41	9	83	10	84	11	68	12	14	13	69	14	75	15	22	16	27	17	12	18	88	19	99	20	10	21	37	22	79	23	100	24	44	25	13	26	57	27	70	28	28	29	12	
	0	84	1	76	2	44	3	63	4	52	5	59	6	59	7	59	8	22	9	52	10	71	11	54	12	67	13	61	14	11	15	67	16	61	17	42	18	81	19	17	20	69	21	86	22	35	23	86	24	24	25	66	26	79	27	42	28	53	29	21	
	0	77	1	87	2	56	3	11	4	21	5	83	6	61	7	58	8	11	9	1	10	7	11	85	12	52	13	2	14	45	15	88	16	66	17	96	18	11	19	92	20	95	21	89	22	87	23	33	24	7	25	93	26	42	27	8	28	20	29	98	
	0	93	1	94	2	39	3	50	4	6	5	79	6	50	7	8	8	44	9	2	10	24	11	12	12	96	13	77	14	78	15	83	16	68	17	91	18	8	19	26	20	66	21	27	22	23	23	24	24	51	25	93	26	14	27	80	28	34	29	31	
	0	15	1	38	2	29	3	40	4	34	5	9	6	15	7	92	8	57	9	26	10	79	11	81	12	75	13	16	14	16	15	68	16	95	17	31	18	14	19	65	20	84	21	15	22	74	23	28	24	23	25	58	26	38	27	56	28	45	29	6	
	0	44	1	2	2	68	3	82	4	41	5	87	6	93	7	97	8	46	9	83	10	8	11	100	12	19	13	58	14	47	15	61	16	73	17	29	18	28	19	44	20	54	21	90	22	51	23	83	24	34	25	86	26	93	27	38	28	69	29	7	
	0	51	1	40	2	52	3	78	4	54	5	22	6	10	7	91	8	40	9	41	10	81	11	36	12	37	13	60	14	5	15	44	16	41	17	12	18	53	19	29	20	69	21	39	22	8	23	66	24	96	25	16	26	83	27	98	28	47	29	81	
	0	54	1	86	2	65	3	61	4	13	5	38	6	63	7	93	8	22	9	72	10	84	11	77	12	37	13	74	14	9	15	92	16	36	17	17	18	23	19	36	20	72	21	11	22	54	23	48	24	28	25	33	26	7	27	64	28	57	29	47	
	0	6	1	7	2	67	3	2	4	34	5	93	6	88	7	11	8	21	9	69	10	7	11	66	12	44	13	98	14	53	15	61	16	80	17	57	18	32	19	28	20	56	21	89	22	84	23	47	24	31	25	63	26	82	27	99	28	21	29	94	
	0	51	1	51	2	34	3	100	4	55	5	97	6	31	7	88	8	69	9	60	10	10	11	56	12	4	13	37	14	92	15	58	16	15	17	23	18	66	19	26	20	21	21	85	22	42	23	39	24	78	25	6	26	72	27	31	28	75	29	52	
	0	1	1	43	2	6	3	82	4	19	5	16	6	23	7	60	8	75	9	15	10	47	11	82	12	96	13	50	14	77	15	93	16	65	17	44	18	28	19	17	20	95	21	89	22	27	23	48	24	65	25	7	26	25	27	32	28	44	29	5	
	0	90	1	24	2	55	3	73	4	46	5	69	6	76	7	50	8	29	9	8	10	14	11	73	12	23	13	45	14	64	15	85	16	43	17	6	18	14	19	65	20	47	21	69	22	2	23	16	24	58	25	37	26	89	27	16	28	67	29	8	
	0	57	1	97	2	90	3	95	4	56	5	94	6	86	7	55	8	67	9	11	10	38	11	31	12	85	13	42	14	60	15	100	16	70	17	91	18	52	19	64	20	56	21	11	22	93	23	71	24	61	25	16	26	7	27	60	28	15	29	47	
	0	73	1	63	2	66	3	7	4	57	5	5	6	4	7	66	8	87	9	61	10	55	11	7	12	83	13	43	14	31	15	22	16	84	17	75	18	22	19	18	20	42	21	39	22	66	23	57	24	94	25	90	26	95	27	37	28	13	29	53	
	0	90	1	70	2	7	3	20	4	62	5	47	6	87	7	42	8	74	9	75	10	1	11	83	12	35	13	61	14	95	15	82	16	40	17	50	18	68	19	51	20	16	21	88	22	79	23	3	24	85	25	71	26	37	27	43	28	39	29	46	
	0	16	1	24	2	11	3	47	4	76	5	92	6	22	7	16	8	14	9	98	10	66	11	55	12	91	13	44	14	93	15	35	16	38	17	46	18	49	19	5	20	75	21	68	22	20	23	29	24	33	25	28	26	92	27	1	28	11	29	62	
	0	91	1	32	2	32	3	77	4	97	5	9	6	21	7	10	8	31	9	11	10	59	11	49	12	1	13	13	14	94	15	53	16	23	17	51	18	48	19	21	20	18	21	100	22	75	23	45	24	25	25	55	26	83	27	62	28	75	29	96	
	0	20	1	53	2	33	3	79	4	85	5	88	6	5	7	97	8	73	9	7	10	15	11	24	12	91	13	44	14	54	15	2	16	29	17	1	18	50	19	62	20	9	21	9	22	5	23	49	24	69	25	14	26	1	27	80	28	9	29	82	
	0	39	1	87	2	51	3	43	4	66	5	87	6	31	7	57	8	58	9	93	10	5	11	35	12	71	13	91	14	61	15	85	16	69	17	12	18	29	19	12	20	50	21	60	22	10	23	49	24	41	25	86	26	56	27	1	28	2	29	65	
	0	24	1	54	2	67	3	94	4	57	5	42	6	14	7	48	8	47	9	8	10	12	11	43	12	53	13	69	14	27	15	31	16	69	17	9	18	11	19	45	20	14	21	40	22	64	23	96	24	65	25	64	26	79	27	94	28	82	29	99	
	0	42	1	18	2	22	3	91	4	91	5	82	6	22	7	18	8	29	9	53	10	47	11	73	12	60	13	47	14	73	15	21	16	7	17	14	18	39	19	48	20	51	21	61	22	4	23	66	24	29	25	100	26	80	27	84	28	97	29	2	
	0	44	1	23	2	67	3	11	4	85	5	37	6	32	7	42	8	73	9	40	10	71	11	100	12	53	13	77	14	89	15	59	16	72	17	32	18	42	19	42	20	15	21	63	22	94	23	18	24	22	25	41	26	96	27	22	28	38	29	92	
	0	39	1	24	2	81	3	46	4	90	5	51	6	44	7	85	8	26	9	46	10	67	11	16	12	44	13	43	14	32	15	78	16	96	17	33	18	38	19	14	20	74	21	11	22	41	23	36	24	27	25	66	26	17	27	86	28	60	29	55	
	0	47	1	95	2	95	3	78	4	11	5	63	6	80	7	79	8	55	9	21	10	52	11	55	12	44	13	61	14	52	15	90	16	12	17	57	18	16	19	24	20	77	21	70	22	94	23	7	24	50	25	1	26	70	27	44	28	52	29	24	
	0	69	1	50	2	55	3	35	4	40	5	96	6	55	7	23	8	63	9	19	10	38	11	75	12	66	13	87	14	7	15	7	16	62	17	39	18	34	19	26	20	29	21	53	22	43	23	84	24	93	25	48	26	81	27	28	28	4	29	89	
	0	96	1	33	2	22	3	93	4	90	5	11	6	71	7	8	8	16	9	65	10	72	11	91	12	49	13	21	14	64	15	32	16	85	17	48	18	88	19	56	20	100	21	42	22	56	23	71	24	1	25	21	26	96	27	48	28	5	29	86	
	0	76	1	23	2	37	3	73	4	77	5	86	6	33	7	83	8	46	9	84	10	91	11	63	12	66	13	43	14	52	15	89	16	11	17	42	18	98	19	13	20	76	21	10	22	16	23	47	24	72	25	22	26	66	27	49	28	96	29	61	
	0	56	1	84	2	63	3	40	4	47	5	41	6	40	7	86	8	11	9	11	10	65	11	19	12	80	13	9	14	43	15	38	16	12	17	37	18	11	19	67	20	25	21	88	22	20	23	81	24	60	25	58	26	62	27	42	28	71	29	27	
	0	23	1	23	2	78	3	56	4	88	5	39	6	65	7	88	8	93	9	5	10	23	11	7	12	62	13	50	14	82	15	32	16	70	17	17	18	16	19	35	20	22	21	45	22	79	23	21	24	70	25	89	26	58	27	52	28	37	29	59	
	0	68	1	8	2	70	3	24	4	49	5	56	6	56	7	61	8	47	9	71	10	14	11	50	12	55	13	23	14	44	15	71	16	50	17	79	18	66	19	56	20	52	21	93	22	71	23	7	24	8	25	95	26	31	27	38	28	37	29	55	
	0	1	1	6	2	64	3	67	4	13	5	30	6	94	7	83	8	2	9	89	10	15	11	78	12	72	13	95	14	87	15	67	16	12	17	56	18	68	19	99	20	45	21	47	22	44	23	65	24	67	25	6	26	71	27	71	28	47	29	75	
	0	70	1	29	2	83	3	98	4	84	5	85	6	60	7	66	8	74	9	4	10	78	11	87	12	31	13	16	14	95	15	34	16	25	17	87	18	72	19	49	20	43	21	84	22	61	23	89	24	88	25	37	26	72	27	92	28	97	29	36	
	0	14	1	85	2	11	3	32	4	50	5	44	6	52	7	13	8	71	9	36	10	52	11	97	12	37	13	7	14	16	15	33	16	67	17	8	18	14	19	35	20	4	21	52	22	68	23	61	24	15	25	51	26	16	27	59	28	90	29	87	
	0	1	1	51	2	60	3	28	4	90	5	82	6	51	7	74	8	83	9	92	10	90	11	52	12	84	13	89	14	86	15	38	16	5	17	18	18	96	19	81	20	27	21	71	22	95	23	43	24	99	25	43	26	72	27	29	28	97	29	46	
	0	48	1	39	2	1	3	40	4	25	5	79	6	1	7	49	8	89	9	86	10	74	11	97	12	4	13	65	14	62	15	43	16	37	17	67	18	43	19	3	20	61	21	72	22	75	23	19	24	93	25	25	26	55	27	81	28	22	29	31	
	0	14	1	14	2	26	3	14	4	66	5	97	6	64	7	100	8	86	9	39	10	76	11	80	12	45	13	97	14	31	15	28	16	10	17	57	18	91	19	78	20	2	21	67	22	44	23	2	24	54	25	71	26	82	27	63	28	37	29	31	
	0	66	1	65	2	38	3	10	4	84	5	50	6	51	7	57	8	63	9	57	10	20	11	31	12	65	13	82	14	55	15	84	16	45	17	49	18	9	19	22	20	96	21	83	22	9	23	39	24	16	25	27	26	12	27	55	28	60	29	7	
	0	9	1	7	2	48	3	2	4	19	5	12	6	43	7	22	8	38	9	22	10	16	11	99	12	95	13	72	14	52	15	30	16	97	17	9	18	12	19	36	20	41	21	66	22	62	23	23	24	81	25	90	26	20	27	59	28	53	29	91	
	0	96	1	47	2	94	3	54	4	43	5	87	6	29	7	19	8	95	9	83	10	8	11	92	12	17	13	57	14	8	15	4	16	23	17	51	18	23	19	8	20	14	21	48	22	16	23	56	24	88	25	45	26	86	27	93	28	17	29	58	
	0	13	1	64	2	100	3	50	4	61	5	27	6	61	7	76	8	70	9	19	10	43	11	47	12	96	13	36	14	60	15	53	16	21	17	86	18	20	19	30	20	56	21	70	22	8	23	67	24	85	25	90	26	91	27	69	28	95	29	59	
	0	28	1	59	2	49	3	72	4	59	5	89	6	98	7	59	8	1	9	21	10	87	11	4	12	47	13	76	14	8	15	82	16	62	17	37	18	20	19	34	20	91	21	81	22	77	23	87	24	6	25	19	26	32	27	75	28	65	29	80	
	0	65	1	41	2	7	3	95	4	88	5	16	6	34	7	55	8	28	9	9	10	14	11	81	12	41	13	94	14	68	15	45	16	21	17	57	18	96	19	46	20	63	21	99	22	55	23	18	24	42	25	70	26	64	27	61	28	21	29	19	
	0	69	1	85	2	76	3	70	4	7	5	70	6	74	7	100	8	88	9	88	10	80	11	83	12	22	13	98	14	39	15	13	16	53	17	99	18	46	19	54	20	80	21	24	22	20	23	19	24	24	25	12	26	34	27	80	28	98	29	4	
	0	28	1	98	2	16	3	20	4	67	5	59	6	52	7	96	8	11	9	17	10	14	11	72	12	34	13	89	14	3	15	14	16	77	17	97	18	26	19	5	20	89	21	100	22	87	23	55	24	95	25	73	26	27	27	64	28	98	29	68	
	0	24	1	42	2	86	3	92	4	77	5	62	6	71	7	28	8	42	9	84	10	15	11	57	12	94	13	40	14	33	15	36	16	66	17	22	18	35	19	26	20	24	21	47	22	51	23	87	24	76	25	90	26	98	27	65	28	79	29	49	
	0	41	1	58	2	1	3	85	4	54	5	93	6	37	7	93	8	63	9	64	10	93	11	48	12	70	13	94	14	63	15	67	16	62	17	27	18	3	19	77	20	89	21	36	22	30	23	1	24	43	25	13	26	65	27	14	28	2	29	11	
	0	20	1	35	2	85	3	16	4	71	5	30	6	11	7	69	8	83	9	23	10	61	11	87	12	84	13	54	14	33	15	6	16	94	17	13	18	40	19	79	20	31	21	13	22	27	23	91	24	1	25	16	26	86	27	39	28	41	29	99	
	0	92	1	51	2	87	3	74	4	27	5	59	6	37	7	1	8	59	9	84	10	15	11	56	12	15	13	14	14	5	15	31	16	38	17	2	18	6	19	34	20	52	21	28	22	51	23	16	24	22	25	47	26	48	27	71	28	20	29	48	
	0	7	1	17	2	50	3	5	4	68	5	67	6	14	7	18	8	86	9	9	10	70	11	42	12	14	13	14	14	65	15	69	16	94	17	42	18	15	19	7	20	76	21	27	22	62	23	45	24	66	25	87	26	17	27	88	28	16	29	34	
	0	56	1	29	2	81	3	39	4	34	5	77	6	33	7	41	8	48	9	78	10	19	11	12	12	74	13	44	14	71	15	19	16	16	17	35	18	5	19	57	20	95	21	39	22	82	23	83	24	86	25	67	26	47	27	33	28	72	29	58	
	0	56	1	1	2	87	3	9	4	9	5	75	6	47	7	79	8	37	9	8	10	26	11	30	12	60	13	60	14	48	15	28	16	79	17	26	18	24	19	80	20	36	21	30	22	34	23	96	24	95	25	87	26	39	27	17	28	14	29	48	
	0	55	1	73	2	100	3	93	4	33	5	98	6	97	7	55	8	42	9	15	10	17	11	100	12	15	13	40	14	14	15	54	16	57	17	71	18	25	19	99	20	73	21	41	22	96	23	42	24	76	25	85	26	56	27	41	28	2	29	87	
	0	70	1	38	2	22	3	58	4	25	5	25	6	2	7	8	8	95	9	76	10	21	11	89	12	99	13	62	14	97	15	84	16	27	17	54	18	20	19	61	20	10	21	11	22	2	23	2	24	94	25	37	26	74	27	61	28	8	29	39	
	0	2	1	30	2	97	3	24	4	13	5	19	6	78	7	22	8	33	9	64	10	8	11	57	12	29	13	17	14	10	15	77	16	53	17	67	18	36	19	75	20	53	21	99	22	60	23	73	24	8	25	78	26	100	27	78	28	18	29	26	
	0	100	1	56	2	4	3	2	4	53	5	46	6	49	7	17	8	43	9	86	10	62	11	89	12	64	13	24	14	23	15	56	16	83	17	57	18	30	19	72	20	4	21	10	22	32	23	3	24	14	25	37	26	34	27	34	28	95	29	3	
	0	6	1	3	2	47	3	41	4	48	5	98	6	84	7	88	8	8	9	92	10	97	11	87	12	15	13	100	14	43	15	15	16	94	17	96	18	85	19	71	20	74	21	28	22	77	23	63	24	17	25	10	26	9	27	96	28	57	29	77	
	0	71	1	30	2	29	3	83	4	29	5	24	6	62	7	67	8	28	9	1	10	28	11	1	12	28	13	8	14	6	15	5	16	25	17	83	18	26	19	82	20	29	21	18	22	10	23	43	24	98	25	22	26	60	27	17	28	35	29	25	
	0	45	1	8	2	95	3	40	4	95	5	80	6	31	7	87	8	37	9	64	10	50	11	18	12	52	13	10	14	95	15	78	16	43	17	27	18	45	19	56	20	43	21	66	22	54	23	2	24	45	25	44	26	98	27	7	28	86	29	66	
	0	100	1	44	2	70	3	74	4	57	5	84	6	16	7	9	8	16	9	26	10	82	11	6	12	14	13	99	14	4	15	5	16	30	17	88	18	79	19	66	20	21	21	73	22	49	23	65	24	4	25	55	26	100	27	8	28	67	29	81	
	0	74	1	46	2	39	3	25	4	87	5	8	6	36	7	36	8	1	9	46	10	57	11	99	12	32	13	53	14	20	15	56	16	100	17	96	18	53	19	58	20	54	21	56	22	79	23	28	24	1	25	93	26	12	27	98	28	87	29	34	
	0	71	1	49	2	87	3	98	4	64	5	49	6	69	7	33	8	91	9	14	10	80	11	75	12	93	13	64	14	88	15	59	16	96	17	85	18	37	19	40	20	61	21	88	22	4	23	42	24	77	25	99	26	85	27	91	28	89	29	66	
	0	81	1	62	2	60	3	75	4	59	5	68	6	92	7	31	8	71	9	54	10	95	11	83	12	59	13	83	14	92	15	32	16	66	17	19	18	54	19	25	20	22	21	14	22	46	23	54	24	96	25	58	26	77	27	75	28	67	29	4	
	0	12	1	3	2	80	3	18	4	88	5	79	6	94	7	6	8	58	9	19	10	74	11	47	12	73	13	59	14	57	15	68	16	91	17	32	18	21	19	31	20	41	21	53	22	38	23	57	24	26	25	49	26	39	27	88	28	12	29	27	
	0	98	1	66	2	72	3	94	4	73	5	23	6	48	7	48	8	62	9	2	10	22	11	86	12	82	13	55	14	75	15	5	16	6	17	41	18	93	19	86	20	26	21	51	22	63	23	69	24	31	25	48	26	60	27	92	28	17	29	43	
	0	3	1	21	2	94	3	71	4	78	5	46	6	71	7	83	8	88	9	96	10	88	11	30	12	49	13	42	14	90	15	26	16	82	17	11	18	98	19	86	20	31	21	36	22	41	23	16	24	94	25	69	26	44	27	33	28	77	29	68	
	0	1	1	20	2	68	3	79	4	75	5	85	6	52	7	11	8	36	9	22	10	36	11	17	12	37	13	77	14	35	15	17	16	47	17	61	18	78	19	55	20	85	21	11	22	16	23	42	24	77	25	54	26	72	27	4	28	25	29	6	
	0	27	1	64	2	80	3	38	4	32	5	74	6	74	7	94	8	53	9	21	10	64	11	56	12	96	13	92	14	48	15	74	16	54	17	39	18	57	19	36	20	51	21	78	22	40	23	16	24	72	25	26	26	51	27	24	28	71	29	87	
	0	31	1	45	2	22	3	32	4	66	5	14	6	23	7	86	8	1	9	44	10	66	11	49	12	89	13	63	14	75	15	52	16	13	17	19	18	24	19	70	20	12	21	50	22	17	23	75	24	53	25	93	26	64	27	42	28	79	29	83	
	0	56	1	18	2	96	3	81	4	65	5	20	6	82	7	92	8	96	9	83	10	90	11	61	12	93	13	38	14	9	15	2	16	15	17	83	18	100	19	51	20	57	21	92	22	63	23	4	24	32	25	84	26	98	27	2	28	28	29	93	
	0	76	1	30	2	79	3	13	4	6	5	25	6	48	7	12	8	61	9	66	10	9	11	60	12	36	13	35	14	10	15	4	16	68	17	51	18	99	19	83	20	21	21	1	22	88	23	9	24	30	25	93	26	15	27	23	28	94	29	28	
	0	74	1	8	2	35	3	37	4	40	5	64	6	40	7	23	8	79	9	85	10	86	11	95	12	77	13	66	14	27	15	52	16	40	17	68	18	96	19	62	20	86	21	17	22	13	23	75	24	21	25	19	26	59	27	77	28	56	29	57	
	0	69	1	49	2	52	3	33	4	8	5	66	6	47	7	86	8	54	9	94	10	63	11	82	12	38	13	1	14	15	15	25	16	11	17	71	18	91	19	45	20	31	21	8	22	57	23	89	24	34	25	44	26	9	27	36	28	84	29	22	
	0	45	1	98	2	71	3	2	4	86	5	90	6	78	7	34	8	96	9	12	10	96	11	38	12	36	13	64	14	77	15	96	16	33	17	49	18	52	19	23	20	32	21	23	22	37	23	93	24	73	25	82	26	86	27	48	28	27	29	75	
	0	13	1	17	2	80	3	22	4	97	5	15	6	23	7	18	8	18	9	56	10	51	11	10	12	98	13	7	14	89	15	93	16	95	17	13	18	1	19	5	20	35	21	18	22	82	23	46	24	87	25	92	26	76	27	85	28	64	29	47	
	0	76	1	68	2	32	3	73	4	3	5	92	6	9	7	60	8	7	9	10	10	56	11	21	12	23	13	44	14	77	15	25	16	42	17	31	18	3	19	48	20	12	21	63	22	94	23	87	24	53	25	83	26	33	27	9	28	31	29	87	
	0	16	1	65	2	71	3	56	4	47	5	24	6	7	7	89	8	5	9	94	10	51	11	77	12	19	13	36	14	78	15	78	16	75	17	64	18	24	19	2	20	22	21	64	22	90	23	89	24	7	25	98	26	42	27	65	28	15	29	37	
	0	70	1	97	2	82	3	70	4	68	5	22	6	62	7	22	8	68	9	97	10	56	11	19	12	2	13	95	14	32	15	70	16	26	17	63	18	86	19	91	20	86	21	16	22	15	23	54	24	15	25	99	26	49	27	78	28	32	29	92	
	0	24	1	60	2	21	3	46	4	50	5	18	6	20	7	30	8	2	9	4	10	66	11	36	12	26	13	28	14	44	15	96	16	2	17	50	18	36	19	64	20	69	21	16	22	20	23	75	24	95	25	25	26	15	27	39	28	12	29	29	
	0	96	1	56	2	37	3	37	4	32	5	53	6	41	7	77	8	82	9	68	10	63	11	13	12	61	13	77	14	11	15	14	16	90	17	81	18	51	19	22	20	5	21	13	22	80	23	38	24	39	25	14	26	90	27	81	28	70	29	3	
	0	45	1	6	2	53	3	10	4	38	5	1	6	6	7	81	8	46	9	99	10	31	11	1	12	61	13	74	14	65	15	26	16	19	17	15	18	84	19	29	20	81	21	2	22	27	23	25	24	63	25	14	26	23	27	49	28	51	29	16	
	0	24	1	29	2	50	3	65	4	32	5	21	6	6	7	23	8	61	9	47	10	64	11	48	12	94	13	52	14	99	15	11	16	70	17	5	18	59	19	89	20	4	21	32	22	8	23	99	24	27	25	26	26	47	27	82	28	38	29	49	
	0	27	1	87	2	76	3	43	4	8	5	82	6	32	7	38	8	58	9	36	10	39	11	87	12	85	13	60	14	39	15	29	16	42	17	59	18	27	19	99	20	77	21	54	22	68	23	70	24	1	25	29	26	93	27	78	28	50	29	87	
	0	2	1	9	2	10	3	21	4	56	5	85	6	100	7	65	8	53	9	39	10	45	11	3	12	26	13	60	14	57	15	3	16	71	17	9	18	62	19	50	20	82	21	51	22	59	23	16	24	64	25	16	26	48	27	39	28	81	29	50	
	0	50	1	17	2	43	3	57	4	64	5	59	6	54	7	61	8	13	9	14	10	56	11	46	12	4	13	17	14	40	15	59	16	66	17	93	18	49	19	63	20	38	21	5	22	85	23	27	24	8	25	13	26	71	27	33	28	1	29	81	
	0	59	1	66	2	54	3	56	4	92	5	14	6	16	7	92	8	72	9	41	10	43	11	49	12	4	13	10	14	15	15	41	16	34	17	85	18	5	19	82	20	98	21	11	22	15	23	72	24	93	25	57	26	12	27	59	28	5	29	98	
	0	11	1	12	2	70	3	89	4	82	5	72	6	53	7	27	8	38	9	18	10	68	11	50	12	74	13	54	14	33	15	72	16	22	17	8	18	93	19	31	20	39	21	74	22	97	23	89	24	36	25	66	26	39	27	78	28	76	29	68	
	0	99	1	9	2	59	3	12	4	52	5	56	6	14	7	49	8	91	9	60	10	40	11	53	12	99	13	8	14	79	15	93	16	48	17	46	18	40	19	53	20	55	21	76	22	15	23	98	24	66	25	18	26	27	27	52	28	17	29	86	
	0	34	1	18	2	88	3	40	4	88	5	92	6	3	7	87	8	35	9	40	10	93	11	9	12	84	13	70	14	41	15	63	16	12	17	67	18	5	19	70	20	90	21	73	22	9	23	71	24	73	25	12	26	70	27	33	28	93	29	89	
	0	16	1	40	2	52	3	80	4	77	5	66	6	71	7	33	8	77	9	46	10	95	11	43	12	8	13	27	14	90	15	72	16	50	17	6	18	91	19	14	20	63	21	88	22	79	23	60	24	10	25	11	26	97	27	85	28	28	29	46	
	0	85	1	49	2	4	3	77	4	32	5	73	6	1	7	24	8	16	9	50	10	56	11	61	12	28	13	3	14	94	15	24	16	60	17	48	18	62	19	54	20	75	21	99	22	74	23	38	24	32	25	49	26	4	27	97	28	19	29	70	
	0	41	1	38	2	65	3	22	4	65	5	26	6	28	7	11	8	36	9	24	10	75	11	88	12	9	13	75	14	33	15	41	16	62	17	67	18	56	19	86	20	85	21	55	22	80	23	90	24	94	25	34	26	41	27	24	28	38	29	1	
	0	15	1	33	2	12	3	84	4	2	5	17	6	82	7	32	8	7	9	1	10	31	11	24	12	95	13	90	14	36	15	50	16	2	17	3	18	18	19	57	20	30	21	89	22	23	23	89	24	82	25	75	26	36	27	95	28	54	29	10	
	0	27	1	14	2	50	3	83	4	9	5	92	6	11	7	25	8	33	9	50	10	58	11	43	12	65	13	100	14	56	15	73	16	37	17	64	18	19	19	87	20	94	21	76	22	72	23	58	24	48	25	32	26	53	27	15	28	84	29	74	
	0	34	1	11	2	53	3	30	4	11	5	69	6	97	7	90	8	13	9	72	10	65	11	23	12	67	13	36	14	3	15	98	16	56	17	84	18	68	19	65	20	68	21	39	22	98	23	35	24	16	25	88	26	95	27	87	28	18	29	44	
	0	45	1	78	2	73	3	82	4	14	5	39	6	1	7	61	8	68	9	27	10	8	11	10	12	45	13	74	14	31	15	90	16	36	17	84	18	37	19	92	20	81	21	91	22	33	23	40	24	39	25	54	26	42	27	19	28	66	29	87	
	0	95	1	51	2	39	3	91	4	93	5	60	6	76	7	50	8	66	9	97	10	100	11	50	12	8	13	84	14	99	15	68	16	91	17	72	18	24	19	45	20	64	21	65	22	40	23	36	24	83	25	43	26	57	27	46	28	39	29	60	
	0	99	1	64	2	98	3	1	4	54	5	93	6	84	7	64	8	49	9	55	10	78	11	87	12	15	13	27	14	72	15	17	16	45	17	9	18	90	19	70	20	72	21	70	22	24	23	54	24	21	25	61	26	41	27	99	28	11	29	66	
	0	99	1	3	2	55	3	34	4	10	5	100	6	87	7	72	8	63	9	15	10	30	11	85	12	55	13	65	14	41	15	26	16	33	17	22	18	48	19	12	20	20	21	52	22	47	23	17	24	50	25	43	26	55	27	22	28	27	29	23	
	0	53	1	42	2	74	3	23	4	6	5	8	6	51	7	2	8	14	9	89	10	21	11	72	12	79	13	81	14	34	15	78	16	97	17	44	18	94	19	83	20	52	21	19	22	85	23	30	24	46	25	16	26	6	27	41	28	36	29	63	
	0	57	1	41	2	3	3	54	4	27	5	17	6	48	7	76	8	37	9	37	10	82	11	39	12	47	13	80	14	40	15	3	16	88	17	81	18	87	19	96	20	72	21	15	22	81	23	80	24	1	25	24	26	92	27	3	28	95	29	84	
	0	66	1	75	2	43	3	11	4	30	5	35	6	39	7	24	8	29	9	40	10	88	11	63	12	47	13	95	14	85	15	42	16	61	17	43	18	92	19	20	20	44	21	91	22	87	23	46	24	83	25	76	26	61	27	30	28	29	29	36	
	0	82	1	43	2	98	3	56	4	17	5	43	6	58	7	88	8	6	9	89	10	73	11	32	12	61	13	58	14	66	15	80	16	18	17	63	18	53	19	97	20	30	21	57	22	99	23	39	24	66	25	22	26	70	27	74	28	95	29	28	
	0	74	1	61	2	35	3	86	4	40	5	92	6	96	7	76	8	2	9	25	10	87	11	52	12	44	13	58	14	75	15	8	16	98	17	1	18	87	19	42	20	2	21	64	22	2	23	54	24	40	25	30	26	10	27	84	28	78	29	12	
	0	45	1	18	2	66	3	89	4	89	5	98	6	49	7	51	8	67	9	33	10	74	11	7	12	11	13	80	14	98	15	88	16	46	17	31	18	7	19	5	20	40	21	60	22	67	23	81	24	76	25	42	26	12	27	39	28	67	29	22	
	0	50	1	8	2	58	3	24	4	14	5	33	6	73	7	43	8	67	9	95	10	33	11	48	12	6	13	17	14	25	15	41	16	70	17	35	18	30	19	85	20	58	21	73	22	56	23	4	24	75	25	16	26	41	27	37	28	35	29	79	
	0	28	1	100	2	48	3	63	4	46	5	78	6	89	7	47	8	3	9	48	10	14	11	82	12	56	13	40	14	8	15	31	16	86	17	48	18	50	19	39	20	35	21	25	22	42	23	7	24	56	25	83	26	19	27	1	28	91	29	47	
	0	83	1	97	2	78	3	5	4	94	5	33	6	65	7	89	8	40	9	49	10	54	11	38	12	56	13	62	14	24	15	57	16	29	17	29	18	70	19	4	20	52	21	88	22	53	23	39	24	76	25	22	26	96	27	57	28	40	29	32	
	0	32	1	91	2	27	3	89	4	57	5	78	6	30	7	46	8	28	9	23	10	73	11	14	12	87	13	60	14	48	15	56	16	7	17	67	18	67	19	88	20	57	21	78	22	26	23	78	24	97	25	34	26	35	27	35	28	83	29	9	
	0	52	1	96	2	59	3	99	4	20	5	59	6	40	7	94	8	58	9	85	10	57	11	29	12	7	13	19	14	6	15	35	16	70	17	27	18	94	19	26	20	25	21	31	22	98	23	18	24	78	25	32	26	13	27	52	28	59	29	36	
	0	26	1	83	2	28	3	82	4	40	5	54	6	68	7	76	8	64	9	50	10	55	11	19	12	86	13	71	14	31	15	59	16	18	17	98	18	85	19	90	20	78	21	17	22	20	23	98	24	38	25	91	26	81	27	99	28	3	29	32	
	0	45	1	83	2	24	3	85	4	64	5	42	6	99	7	44	8	43	9	2	10	45	11	49	12	21	13	48	14	66	15	58	16	44	17	10	18	84	19	54	20	43	21	88	22	90	23	98	24	75	25	77	26	28	27	74	28	23	29	47	
	0	6	1	50	2	17	3	19	4	67	5	88	6	44	7	64	8	48	9	1	10	63	11	60	12	22	13	72	14	80	15	96	16	81	17	76	18	87	19	64	20	15	21	75	22	54	23	50	24	10	25	100	26	74	27	17	28	17	29	26	
	0	80	1	19	2	6	3	70	4	61	5	49	6	88	7	46	8	52	9	35	10	48	11	33	12	34	13	99	14	44	15	71	16	100	17	22	18	15	19	26	20	34	21	10	22	49	23	76	24	39	25	88	26	78	27	47	28	70	29	73	
	0	97	1	40	2	100	3	53	4	51	5	7	6	71	7	56	8	90	9	67	10	23	11	4	12	86	13	8	14	48	15	81	16	95	17	25	18	81	19	72	20	53	21	61	22	96	23	39	24	39	25	57	26	98	27	13	28	14	29	15	
	0	63	1	62	2	87	3	87	4	50	5	67	6	82	7	7	8	39	9	32	10	35	11	62	12	47	13	7	14	37	15	30	16	88	17	13	18	94	19	38	20	31	21	4	22	69	23	23	24	42	25	39	26	72	27	51	28	51	29	83	
	0	46	1	73	2	3	3	34	4	4	5	91	6	84	7	86	8	33	9	85	10	44	11	25	12	96	13	56	14	58	15	72	16	83	17	63	18	14	19	19	20	10	21	51	22	9	23	10	24	29	25	86	26	47	27	34	28	42	29	78	
	0	74	1	76	2	99	3	51	4	84	5	19	6	16	7	54	8	57	9	58	10	42	11	37	12	14	13	20	14	61	15	20	16	74	17	47	18	8	19	43	20	23	21	92	22	78	23	72	24	49	25	44	26	75	27	40	28	28	29	33	
	0	46	1	81	2	19	3	17	4	36	5	98	6	82	7	21	8	79	9	94	10	72	11	10	12	80	13	59	14	78	15	32	16	33	17	23	18	81	19	3	20	62	21	99	22	63	23	22	24	76	25	40	26	57	27	57	28	53	29	51	
	0	100	1	87	2	48	3	16	4	98	5	34	6	25	7	82	8	32	9	42	10	84	11	39	12	83	13	16	14	43	15	83	16	75	17	73	18	13	19	40	20	60	21	21	22	10	23	1	24	64	25	52	26	85	27	7	28	91	29	96	
	0	79	1	89	2	31	3	25	4	67	5	92	6	23	7	2	8	42	9	35	10	78	11	76	12	43	13	2	14	100	15	26	16	15	17	77	18	58	19	51	20	44	21	44	22	63	23	89	24	81	25	26	26	64	27	7	28	80	29	94	
	0	49	1	94	2	83	3	88	4	74	5	61	6	72	7	5	8	57	9	78	10	55	11	45	12	97	13	94	14	90	15	38	16	80	17	33	18	80	19	10	20	82	21	75	22	67	23	95	24	22	25	35	26	50	27	98	28	23	29	21	
	0	7	1	25	2	56	3	90	4	34	5	39	6	68	7	57	8	58	9	98	10	18	11	71	12	92	13	57	14	84	15	32	16	3	17	36	18	63	19	92	20	23	21	24	22	55	23	92	24	22	25	72	26	25	27	30	28	93	29	93	
	0	15	1	65	2	15	3	75	4	16	5	74	6	33	7	93	8	54	9	56	10	26	11	12	12	92	13	98	14	98	15	73	16	24	17	11	18	18	19	55	20	77	21	9	22	71	23	88	24	26	25	46	26	61	27	43	28	8	29	28	
	0	58	1	68	2	63	3	71	4	92	5	5	6	85	7	72	8	99	9	68	10	99	11	47	12	96	13	50	14	100	15	86	16	67	17	34	18	28	19	38	20	41	21	92	22	14	23	14	24	19	25	94	26	62	27	6	28	19	29	81	
	0	67	1	3	2	13	3	53	4	44	5	83	6	25	7	6	8	27	9	57	10	51	11	91	12	47	13	32	14	23	15	33	16	31	17	50	18	69	19	77	20	96	21	77	22	62	23	31	24	2	25	84	26	65	27	86	28	28	29	67	
	0	85	1	26	2	98	3	47	4	6	5	33	6	4	7	30	8	10	9	83	10	94	11	93	12	76	13	21	14	39	15	9	16	45	17	24	18	67	19	61	20	99	21	36	22	53	23	24	24	69	25	87	26	65	27	47	28	97	29	85	
	0	79	1	25	2	34	3	69	4	40	5	22	6	54	7	81	8	35	9	79	10	41	11	43	12	85	13	12	14	91	15	44	16	82	17	50	18	43	19	52	20	41	21	24	22	65	23	64	24	6	25	56	26	64	27	85	28	66	29	2	
	0	17	1	5	2	55	3	20	4	55	5	70	6	67	7	82	8	60	9	63	10	52	11	75	12	88	13	27	14	74	15	73	16	77	17	87	18	8	19	53	20	12	21	92	22	13	23	50	24	19	25	98	26	15	27	52	28	65	29	64	
	0	47	1	54	2	14	3	47	4	69	5	5	6	100	7	70	8	9	9	97	10	75	11	29	12	51	13	44	14	8	15	99	16	71	17	42	18	3	19	86	20	74	21	52	22	18	23	97	24	47	25	9	26	50	27	100	28	69	29	52	
	0	24	1	80	2	54	3	76	4	61	5	96	6	64	7	35	8	24	9	25	10	31	11	12	12	69	13	5	14	45	15	88	16	100	17	66	18	6	19	21	20	43	21	33	22	12	23	82	24	53	25	39	26	58	27	91	28	84	29	40	
	0	88	1	73	2	91	3	95	4	97	5	82	6	69	7	94	8	13	9	30	10	88	11	30	12	54	13	22	14	34	15	69	16	97	17	3	18	93	19	80	20	85	21	46	22	35	23	12	24	5	25	48	26	79	27	44	28	100	29	77	
	0	55	1	44	2	79	3	54	4	59	5	86	6	50	7	20	8	14	9	70	10	83	11	7	12	72	13	26	14	20	15	50	16	44	17	47	18	91	19	19	20	75	21	42	22	29	23	19	24	30	25	99	26	65	27	16	28	62	29	55	
	0	76	1	23	2	54	3	54	4	18	5	39	6	95	7	63	8	90	9	96	10	20	11	89	12	90	13	37	14	79	15	4	16	98	17	47	18	8	19	13	20	12	21	86	22	42	23	3	24	94	25	22	26	8	27	90	28	61	29	8	
	0	59	1	26	2	29	3	57	4	85	5	89	6	33	7	20	8	33	9	62	10	85	11	44	12	19	13	97	14	23	15	68	16	10	17	5	18	44	19	78	20	67	21	42	22	52	23	11	24	65	25	72	26	92	27	69	28	50	29	13	
	0	8	1	8	2	93	3	29	4	92	5	98	6	76	7	60	8	25	9	90	10	30	11	59	12	47	13	89	14	67	15	20	16	13	17	88	18	85	19	52	20	42	21	91	22	84	23	41	24	5	25	6	26	8	27	5	28	19	29	69	
	0	86	1	64	2	90	3	70	4	17	5	74	6	78	7	16	8	100	9	17	10	62	11	68	12	42	13	4	14	48	15	7	16	77	17	80	18	5	19	78	20	27	21	42	22	55	23	26	24	47	25	92	26	1	27	88	28	21	29	17	
	0	35	1	49	2	38	3	15	4	40	5	100	6	27	7	22	8	85	9	81	10	3	11	15	12	83	13	38	14	8	15	64	16	100	17	29	18	67	19	15	20	86	21	25	22	93	23	6	24	13	25	46	26	96	27	38	28	68	29	68	
	0	78	1	17	2	44	3	40	4	16	5	2	6	73	7	77	8	66	9	55	10	74	11	98	12	43	13	77	14	44	15	61	16	25	17	53	18	58	19	37	20	23	21	32	22	76	23	73	24	23	25	89	26	34	27	8	28	7	29	46	
	0	29	1	14	2	95	3	68	4	18	5	93	6	70	7	41	8	70	9	14	10	23	11	17	12	21	13	34	14	47	15	37	16	22	17	32	18	40	19	23	20	68	21	49	22	32	23	98	24	56	25	23	26	28	27	99	28	20	29	72	
	0	85	1	2	2	96	3	7	4	42	5	63	6	28	7	37	8	91	9	72	10	90	11	89	12	22	13	31	14	10	15	31	16	47	17	6	18	48	19	31	20	22	21	7	22	40	23	10	24	18	25	31	26	17	27	30	28	45	29	7	
	0	69	1	90	2	16	3	57	4	34	5	1	6	37	7	93	8	32	9	12	10	56	11	23	12	29	13	76	14	54	15	94	16	13	17	43	18	19	19	92	20	58	21	14	22	95	23	24	24	96	25	67	26	14	27	18	28	100	29	50	
	0	54	1	97	2	91	3	9	4	22	5	7	6	26	7	30	8	80	9	63	10	48	11	89	12	51	13	7	14	72	15	2	16	8	17	17	18	81	19	91	20	87	21	79	22	77	23	94	24	11	25	12	26	94	27	46	28	62	29	70	
	0	48	1	35	2	78	3	50	4	24	5	7	6	46	7	100	8	49	9	86	10	69	11	52	12	97	13	6	14	70	15	46	16	87	17	40	18	87	19	33	20	96	21	70	22	72	23	51	24	64	25	62	26	89	27	32	28	15	29	57	
	0	32	1	89	2	58	3	14	4	18	5	18	6	89	7	54	8	92	9	84	10	22	11	31	12	14	13	41	14	75	15	9	16	27	17	17	18	52	19	89	20	25	21	29	22	29	23	30	24	64	25	55	26	36	27	94	28	82	29	98	
	0	72	1	65	2	3	3	86	4	89	5	38	6	62	7	92	8	46	9	91	10	76	11	67	12	1	13	27	14	15	15	61	16	6	17	55	18	24	19	28	20	89	21	81	22	40	23	74	24	51	25	9	26	97	27	89	28	12	29	71	
	0	65	1	38	2	3	3	90	4	39	5	37	6	77	7	99	8	81	9	76	10	31	11	49	12	86	13	56	14	43	15	53	16	14	17	69	18	6	19	8	20	72	21	72	22	26	23	92	24	84	25	11	26	63	27	28	28	82	29	16	
	0	44	1	48	2	55	3	95	4	77	5	4	6	76	7	26	8	51	9	81	10	56	11	32	12	3	13	74	14	35	15	53	16	71	17	98	18	89	19	40	20	43	21	7	22	91	23	51	24	6	25	3	26	90	27	45	28	14	29	19	
	0	99	1	28	2	89	3	17	4	36	5	26	6	57	7	74	8	18	9	21	10	42	11	69	12	26	13	77	14	80	15	88	16	62	17	46	18	62	19	81	20	28	21	47	22	53	23	77	24	14	25	91	26	41	27	85	28	2	29	48	
	0	90	1	34	2	100	3	29	4	39	5	54	6	40	7	50	8	29	9	97	10	97	11	14	12	74	13	34	14	85	15	82	16	69	17	84	18	26	19	29	20	31	21	54	22	8	23	98	24	48	25	7	26	27	27	62	28	44	29	42	
	0	8	1	91	2	12	3	96	4	22	5	59	6	100	7	68	8	66	9	44	10	96	11	29	12	14	13	57	14	28	15	45	16	82	17	44	18	85	19	74	20	9	21	43	22	94	23	25	24	73	25	8	26	95	27	22	28	28	29	50	
	0	78	1	46	2	7	3	30	4	88	5	38	6	47	7	47	8	10	9	22	10	58	11	3	12	33	13	18	14	68	15	90	16	40	17	48	18	84	19	70	20	30	21	29	22	91	23	96	24	16	25	14	26	55	27	45	28	64	29	85	
	0	80	1	81	2	64	3	10	4	36	5	86	6	58	7	36	8	93	9	47	10	13	11	68	12	86	13	100	14	6	15	52	16	27	17	5	18	12	19	77	20	89	21	33	22	2	23	95	24	42	25	28	26	48	27	46	28	73	29	38	
	0	13	1	70	2	63	3	97	4	60	5	41	6	62	7	39	8	73	9	58	10	39	11	64	12	20	13	54	14	48	15	86	16	57	17	42	18	43	19	46	20	86	21	63	22	98	23	92	24	54	25	70	26	7	27	31	28	99	29	96	
	0	64	1	23	2	84	3	79	4	93	5	80	6	17	7	76	8	99	9	24	10	63	11	27	12	29	13	98	14	87	15	81	16	16	17	6	18	3	19	61	20	52	21	17	22	6	23	99	24	47	25	85	26	2	27	19	28	35	29	61	
	0	36	1	5	2	76	3	55	4	51	5	82	6	26	7	32	8	73	9	17	10	92	11	86	12	63	13	65	14	19	15	89	16	71	17	48	18	44	19	31	20	41	21	9	22	14	23	94	24	43	25	95	26	75	27	80	28	18	29	65	
	0	89	1	87	2	31	3	19	4	8	5	39	6	11	7	91	8	31	9	11	10	96	11	74	12	60	13	24	14	48	15	50	16	50	17	30	18	43	19	39	20	98	21	46	22	21	23	38	24	98	25	65	26	77	27	78	28	74	29	62	
	0	30	1	42	2	89	3	47	4	37	5	68	6	33	7	46	8	76	9	28	10	46	11	3	12	26	13	22	14	29	15	19	16	88	17	55	18	8	19	71	20	48	21	55	22	67	23	43	24	92	25	3	26	2	27	30	28	21	29	1	
	0	78	1	50	2	54	3	84	4	55	5	42	6	45	7	16	8	10	9	1	10	82	11	39	12	9	13	63	14	40	15	18	16	52	17	82	18	85	19	79	20	63	21	9	22	17	23	23	24	42	25	97	26	42	27	45	28	12	29	5	
	0	22	1	33	2	17	3	33	4	78	5	96	6	43	7	33	8	88	9	33	10	28	11	27	12	73	13	89	14	79	15	50	16	70	17	68	18	76	19	90	20	96	21	4	22	10	23	97	24	14	25	59	26	32	27	72	28	19	29	4	
	0	15	1	15	2	29	3	63	4	56	5	79	6	94	7	26	8	89	9	26	10	17	11	65	12	55	13	93	14	13	15	90	16	100	17	18	18	62	19	26	20	10	21	50	22	33	23	12	24	5	25	53	26	100	27	72	28	36	29	69	
	0	54	1	96	2	71	3	66	4	9	5	26	6	30	7	83	8	65	9	38	10	70	11	54	12	72	13	7	14	87	15	54	16	21	17	98	18	44	19	90	20	79	21	72	22	70	23	39	24	48	25	4	26	88	27	90	28	74	29	52	
	0	52	1	64	2	57	3	81	4	69	5	23	6	26	7	63	8	36	9	78	10	97	11	43	12	4	13	58	14	42	15	28	16	79	17	91	18	87	19	68	20	31	21	22	22	30	23	72	24	80	25	76	26	57	27	56	28	39	29	41	
	0	28	1	49	2	14	3	64	4	66	5	58	6	75	7	62	8	69	9	41	10	22	11	15	12	44	13	22	14	57	15	12	16	91	17	54	18	75	19	7	20	18	21	58	22	14	23	26	24	25	25	96	26	15	27	78	28	32	29	51	
	0	6	1	44	2	95	3	99	4	82	5	21	6	71	7	24	8	63	9	60	10	25	11	96	12	56	13	6	14	23	15	51	16	24	17	90	18	85	19	99	20	57	21	51	22	33	23	42	24	64	25	30	26	20	27	79	28	27	29	96	
	0	37	1	22	2	86	3	41	4	91	5	32	6	90	7	73	8	38	9	19	10	7	11	43	12	23	13	4	14	9	15	40	16	11	17	70	18	30	19	34	20	14	21	2	22	87	23	75	24	77	25	24	26	12	27	57	28	58	29	14	
	0	82	1	11	2	87	3	54	4	70	5	86	6	3	7	34	8	36	9	13	10	60	11	63	12	81	13	9	14	18	15	21	16	45	17	9	18	34	19	70	20	9	21	66	22	70	23	72	24	54	25	97	26	78	27	34	28	80	29	93	
	0	15	1	39	2	14	3	51	4	8	5	40	6	42	7	97	8	39	9	32	10	64	11	64	12	66	13	39	14	76	15	84	16	90	17	96	18	22	19	60	20	21	21	65	22	54	23	88	24	84	25	20	26	73	27	64	28	41	29	38	
	0	36	1	21	2	47	3	84	4	7	5	39	6	98	7	39	8	42	9	37	10	63	11	91	12	67	13	67	14	86	15	20	16	93	17	86	18	92	19	48	20	78	21	10	22	80	23	61	24	74	25	94	26	48	27	18	28	5	29	50	
	0	60	1	45	2	26	3	33	4	87	5	93	6	87	7	11	8	3	9	30	10	78	11	77	12	28	13	29	14	17	15	21	16	41	17	42	18	34	19	13	20	95	21	86	22	49	23	75	24	82	25	95	26	88	27	59	28	51	29	90	
	0	42	1	20	2	79	3	87	4	79	5	21	6	79	7	80	8	24	9	92	10	93	11	48	12	14	13	3	14	62	15	44	16	58	17	7	18	95	19	13	20	72	21	27	22	52	23	21	24	77	25	69	26	85	27	46	28	88	29	34	
	0	80	1	73	2	35	3	81	4	52	5	88	6	16	7	49	8	86	9	19	10	79	11	10	12	61	13	82	14	43	15	90	16	100	17	12	18	41	19	88	20	59	21	29	22	36	23	74	24	2	25	76	26	24	27	87	28	4	29	28	
	0	62	1	89	2	79	3	14	4	73	5	41	6	94	7	60	8	32	9	46	10	28	11	33	12	31	13	32	14	55	15	68	16	95	17	9	18	66	19	47	20	19	21	62	22	27	23	69	24	37	25	44	26	42	27	10	28	42	29	15	
	0	18	1	55	2	10	3	39	4	69	5	89	6	12	7	57	8	1	9	26	10	19	11	22	12	22	13	91	14	21	15	95	16	91	17	65	18	28	19	98	20	97	21	83	22	19	23	33	24	6	25	50	26	3	27	80	28	35	29	4	
	0	69	1	97	2	49	3	24	4	53	5	84	6	78	7	62	8	91	9	37	10	100	11	35	12	69	13	18	14	39	15	7	16	100	17	46	18	5	19	83	20	5	21	68	22	20	23	55	24	3	25	38	26	71	27	64	28	34	29	49	
	0	97	1	88	2	35	3	58	4	87	5	38	6	33	7	19	8	21	9	2	10	91	11	88	12	77	13	51	14	30	15	42	16	39	17	83	18	22	19	90	20	73	21	80	22	2	23	79	24	75	25	24	26	76	27	33	28	88	29	3	
	0	50	1	93	2	56	3	21	4	76	5	78	6	65	7	91	8	84	9	74	10	22	11	4	12	56	13	71	14	78	15	17	16	78	17	50	18	11	19	6	20	25	21	74	22	35	23	53	24	96	25	31	26	87	27	36	28	93	29	49	
	0	83	1	54	2	96	3	31	4	2	5	52	6	70	7	56	8	40	9	85	10	17	11	12	12	49	13	8	14	41	15	37	16	80	17	27	18	74	19	43	20	82	21	65	22	5	23	15	24	74	25	81	26	49	27	47	28	83	29	29	
	0	80	1	98	2	45	3	63	4	15	5	70	6	52	7	11	8	82	9	28	10	74	11	17	12	28	13	53	14	59	15	83	16	3	17	31	18	4	19	87	20	37	21	7	22	53	23	19	24	96	25	84	26	60	27	82	28	63	29	37	
	0	12	1	22	2	78	3	5	4	74	5	100	6	18	7	8	8	4	9	4	10	83	11	11	12	32	13	3	14	77	15	17	16	60	17	52	18	74	19	85	20	32	21	54	22	14	23	7	24	83	25	28	26	59	27	86	28	39	29	74	
	0	77	1	88	2	9	3	100	4	18	5	86	6	10	7	66	8	11	9	60	10	77	11	46	12	3	13	1	14	54	15	55	16	40	17	100	18	14	19	19	20	17	21	57	22	73	23	68	24	99	25	87	26	5	27	56	28	73	29	16	
	0	89	1	66	2	91	3	96	4	50	5	46	6	65	7	36	8	9	9	60	10	33	11	86	12	100	13	58	14	3	15	49	16	15	17	12	18	38	19	94	20	88	21	73	22	85	23	30	24	86	25	40	26	20	27	12	28	6	29	52	
	0	48	1	95	2	28	3	46	4	33	5	25	6	32	7	44	8	87	9	4	10	91	11	68	12	53	13	10	14	76	15	91	16	47	17	60	18	17	19	72	20	22	21	51	22	59	23	60	24	46	25	90	26	93	27	7	28	51	29	68	
	0	62	1	75	2	97	3	87	4	89	5	94	6	47	7	3	8	3	9	6	10	48	11	41	12	56	13	100	14	53	15	68	16	78	17	57	18	82	19	45	20	19	21	61	22	91	23	15	24	97	25	34	26	63	27	73	28	9	29	29	
	0	9	1	69	2	10	3	5	4	96	5	87	6	80	7	89	8	81	9	2	10	45	11	97	12	27	13	44	14	55	15	89	16	59	17	4	18	9	19	12	20	25	21	93	22	24	23	67	24	35	25	6	26	94	27	55	28	45	29	56	
	0	46	1	62	2	27	3	5	4	65	5	86	6	84	7	59	8	85	9	64	10	44	11	43	12	8	13	44	14	16	15	84	16	74	17	10	18	85	19	50	20	21	21	33	22	99	23	23	24	58	25	32	26	37	27	100	28	52	29	85	
	0	4	1	35	2	59	3	6	4	92	5	98	6	23	7	91	8	66	9	28	10	32	11	71	12	55	13	92	14	80	15	51	16	85	17	14	18	87	19	13	20	9	21	50	22	31	23	79	24	38	25	92	26	75	27	2	28	98	29	5	
	0	98	1	42	2	75	3	9	4	50	5	4	6	36	7	6	8	9	9	47	10	45	11	74	12	57	13	70	14	17	15	42	16	16	17	79	18	68	19	81	20	28	21	80	22	94	23	12	24	90	25	14	26	71	27	67	28	96	29	90	
	0	100	1	38	2	37	3	9	4	95	5	74	6	49	7	98	8	75	9	87	10	71	11	71	12	14	13	92	14	95	15	20	16	45	17	9	18	52	19	98	20	42	21	46	22	7	23	96	24	85	25	72	26	54	27	34	28	5	29	33	
	0	49	1	28	2	17	3	29	4	87	5	91	6	59	7	92	8	41	9	85	10	5	11	3	12	55	13	57	14	77	15	91	16	52	17	35	18	100	19	89	20	97	21	2	22	50	23	64	24	5	25	5	26	80	27	18	28	84	29	12	
	0	66	1	41	2	38	3	16	4	60	5	43	6	56	7	74	8	56	9	28	10	94	11	96	12	43	13	36	14	32	15	35	16	62	17	62	18	11	19	17	20	83	21	75	22	18	23	35	24	37	25	48	26	38	27	99	28	36	29	34	
	0	4	1	71	2	83	3	100	4	79	5	94	6	97	7	36	8	35	9	52	10	14	11	28	12	76	13	14	14	31	15	1	16	11	17	72	18	48	19	93	20	15	21	71	22	39	23	17	24	92	25	43	26	71	27	98	28	58	29	25	
	0	82	1	100	2	56	3	87	4	99	5	18	6	8	7	73	8	36	9	9	10	68	11	92	12	49	13	4	14	47	15	2	16	35	17	57	18	42	19	57	20	8	21	42	22	49	23	16	24	14	25	16	26	90	27	32	28	23	29	93	
	0	57	1	13	2	53	3	17	4	91	5	93	6	71	7	22	8	57	9	62	10	73	11	48	12	51	13	99	14	84	15	39	16	27	17	97	18	98	19	30	20	20	21	16	22	13	23	58	24	25	25	90	26	38	27	45	28	8	29	45	
	0	38	1	5	2	87	3	13	4	77	5	83	6	58	7	80	8	31	9	32	10	6	11	13	12	88	13	30	14	70	15	56	16	36	17	94	18	32	19	55	20	48	21	27	22	18	23	71	24	24	25	28	26	84	27	15	28	90	29	58	
	0	15	1	11	2	68	3	99	4	44	5	17	6	54	7	47	8	11	9	44	10	99	11	25	12	38	13	81	14	30	15	8	16	34	17	39	18	40	19	97	20	54	21	44	22	53	23	12	24	71	25	26	26	77	27	89	28	96	29	40	
	0	46	1	32	2	22	3	97	4	92	5	75	6	68	7	83	8	56	9	25	10	62	11	37	12	66	13	85	14	35	15	24	16	41	17	92	18	17	19	16	20	21	21	46	22	92	23	59	24	42	25	20	26	96	27	79	28	59	29	96	
	0	74	1	85	2	70	3	92	4	73	5	39	6	35	7	84	8	94	9	41	10	40	11	14	12	85	13	56	14	8	15	51	16	75	17	24	18	3	19	88	20	74	21	20	22	43	23	8	24	40	25	25	26	1	27	41	28	8	29	44	
	0	79	1	99	2	41	3	93	4	31	5	56	6	17	7	81	8	4	9	3	10	100	11	8	12	92	13	40	14	91	15	32	16	87	17	64	18	19	19	18	20	99	21	62	22	54	23	46	24	42	25	49	26	8	27	86	28	12	29	86	
	0	23	1	32	2	93	3	54	4	55	5	70	6	51	7	94	8	34	9	83	10	1	11	23	12	56	13	84	14	6	15	64	16	77	17	9	18	17	19	83	20	40	21	89	22	42	23	80	24	80	25	90	26	65	27	53	28	25	29	10	
	0	54	1	27	2	10	3	32	4	93	5	78	6	99	7	50	8	92	9	32	10	11	11	90	12	4	13	80	14	19	15	1	16	5	17	3	18	17	19	100	20	87	21	81	22	100	23	39	24	42	25	52	26	32	27	49	28	68	29	33	
	0	64	1	33	2	31	3	8	4	25	5	14	6	26	7	55	8	8	9	58	10	81	11	20	12	12	13	30	14	73	15	32	16	9	17	6	18	61	19	51	20	19	21	92	22	32	23	37	24	32	25	70	26	20	27	68	28	7	29	13	
	0	81	1	49	2	27	3	46	4	47	5	45	6	38	7	84	8	24	9	56	10	80	11	9	12	6	13	13	14	1	15	1	16	45	17	56	18	18	19	57	20	46	21	42	22	66	23	93	24	17	25	68	26	44	27	79	28	73	29	38	
	0	13	1	33	2	30	3	24	4	43	5	94	6	34	7	50	8	15	9	58	10	53	11	61	12	65	13	41	14	11	15	50	16	59	17	61	18	80	19	51	20	74	21	32	22	73	23	2	24	46	25	39	26	26	27	9	28	83	29	26	
	0	76	1	8	2	56	3	58	4	68	5	54	6	96	7	21	8	73	9	63	10	80	11	74	12	35	13	31	14	100	15	40	16	61	17	97	18	94	19	53	20	54	21	51	22	25	23	63	24	32	25	81	26	39	27	91	28	98	29	29	
	0	51	1	23	2	37	3	49	4	51	5	57	6	34	7	72	8	73	9	39	10	86	11	44	12	52	13	46	14	74	15	42	16	54	17	55	18	2	19	53	20	57	21	5	22	6	23	48	24	79	25	100	26	65	27	37	28	54	29	76	
	0	82	1	47	2	95	3	69	4	52	5	13	6	31	7	83	8	57	9	54	10	52	11	75	12	63	13	9	14	71	15	45	16	28	17	17	18	65	19	86	20	44	21	45	22	56	23	53	24	25	25	95	26	60	27	65	28	23	29	48	
	0	87	1	74	2	86	3	72	4	50	5	77	6	97	7	7	8	30	9	80	10	77	11	83	12	92	13	71	14	55	15	18	16	61	17	12	18	59	19	69	20	30	21	32	22	38	23	59	24	64	25	78	26	63	27	79	28	31	29	4	
	0	26	1	73	2	57	3	22	4	45	5	19	6	94	7	67	8	17	9	53	10	59	11	58	12	77	13	100	14	28	15	29	16	50	17	72	18	28	19	69	20	43	21	45	22	85	23	7	24	28	25	58	26	20	27	91	28	95	29	9	
	0	82	1	91	2	58	3	43	4	68	5	75	6	72	7	81	8	69	9	91	10	18	11	94	12	67	13	71	14	34	15	68	16	18	17	70	18	88	19	97	20	65	21	98	22	14	23	78	24	53	25	5	26	2	27	58	28	40	29	65	
	0	46	1	17	2	67	3	62	4	43	5	4	6	13	7	61	8	43	9	18	10	20	11	17	12	62	13	38	14	77	15	30	16	20	17	68	18	76	19	17	20	30	21	54	22	82	23	70	24	54	25	87	26	12	27	3	28	48	29	27	
	0	17	1	3	2	7	3	94	4	24	5	7	6	78	7	27	8	91	9	48	10	13	11	73	12	60	13	16	14	80	15	17	16	78	17	95	18	82	19	55	20	40	21	88	22	70	23	15	24	94	25	46	26	27	27	41	28	89	29	37	
	0	79	1	80	2	74	3	44	4	91	5	84	6	47	7	84	8	33	9	36	10	14	11	77	12	59	13	46	14	99	15	1	16	12	17	22	18	73	19	51	20	57	21	14	22	88	23	53	24	34	25	37	26	86	27	65	28	2	29	75	
	0	99	1	38	2	61	3	35	4	4	5	67	6	14	7	100	8	69	9	14	10	78	11	54	12	91	13	75	14	56	15	47	16	2	17	48	18	26	19	47	20	50	21	97	22	85	23	56	24	17	25	97	26	77	27	86	28	29	29	79	
	0	23	1	6	2	4	3	95	4	52	5	27	6	78	7	29	8	43	9	66	10	22	11	21	12	48	13	99	14	38	15	90	16	34	17	45	18	96	19	45	20	46	21	15	22	50	23	29	24	93	25	66	26	19	27	35	28	35	29	11	
	0	79	1	52	2	18	3	9	4	10	5	44	6	95	7	80	8	28	9	48	10	24	11	65	12	46	13	21	14	99	15	2	16	13	17	46	18	59	19	62	20	35	21	63	22	57	23	66	24	92	25	47	26	30	27	7	28	42	29	81	
	0	92	1	89	2	37	3	61	4	62	5	45	6	2	7	17	8	26	9	86	10	95	11	23	12	38	13	10	14	17	15	45	16	75	17	47	18	54	19	72	20	7	21	14	22	34	23	7	24	74	25	24	26	89	27	88	28	87	29	8	
	0	37	1	81	2	84	3	26	4	19	5	25	6	20	7	2	8	97	9	10	10	85	11	49	12	67	13	6	14	20	15	8	16	42	17	70	18	21	19	66	20	5	21	91	22	63	23	20	24	13	25	33	26	4	27	25	28	24	29	27	
	0	42	1	69	2	14	3	100	4	8	5	23	6	51	7	12	8	36	9	18	10	41	11	2	12	49	13	73	14	62	15	42	16	60	17	8	18	67	19	36	20	83	21	47	22	13	23	60	24	43	25	49	26	95	27	49	28	45	29	22	
	0	89	1	32	2	5	3	89	4	84	5	10	6	38	7	81	8	72	9	94	10	73	11	100	12	35	13	6	14	96	15	70	16	70	17	78	18	31	19	29	20	31	21	95	22	15	23	14	24	22	25	41	26	59	27	56	28	33	29	39	
	0	44	1	13	2	97	3	28	4	92	5	76	6	26	7	47	8	100	9	58	10	71	11	80	12	40	13	46	14	42	15	2	16	64	17	77	18	87	19	38	20	36	21	84	22	17	23	30	24	44	25	11	26	69	27	88	28	6	29	58	
	0	84	1	6	2	90	3	75	4	67	5	38	6	96	7	27	8	82	9	54	10	33	11	48	12	62	13	25	14	8	15	17	16	28	17	18	18	36	19	16	20	36	21	59	22	76	23	40	24	39	25	51	26	62	27	66	28	45	29	68	
	0	37	1	6	2	82	3	7	4	57	5	96	6	76	7	14	8	33	9	74	10	18	11	56	12	61	13	74	14	12	15	90	16	30	17	40	18	84	19	42	20	8	21	28	22	57	23	96	24	63	25	98	26	47	27	84	28	33	29	47	
	0	43	1	86	2	7	3	57	4	56	5	82	6	55	7	36	8	55	9	88	10	79	11	8	12	75	13	69	14	25	15	63	16	46	17	77	18	98	19	19	20	77	21	25	22	100	23	17	24	23	25	97	26	20	27	33	28	58	29	10	
	0	94	1	62	2	74	3	96	4	61	5	71	6	90	7	3	8	3	9	11	10	16	11	9	12	45	13	90	14	33	15	25	16	3	17	73	18	51	19	96	20	92	21	64	22	41	23	24	24	85	25	24	26	73	27	86	28	48	29	2	
	0	40	1	96	2	51	3	83	4	78	5	29	6	95	7	63	8	36	9	97	10	73	11	46	12	76	13	96	14	44	15	11	16	65	17	8	18	45	19	98	20	32	21	26	22	67	23	44	24	94	25	71	26	17	27	51	28	36	29	16	
	0	31	1	97	2	53	3	72	4	74	5	79	6	52	7	98	8	5	9	49	10	46	11	89	12	13	13	83	14	82	15	25	16	83	17	92	18	100	19	41	20	53	21	52	22	32	23	96	24	4	25	89	26	42	27	93	28	86	29	7	
	0	39	1	37	2	44	3	25	4	77	5	48	6	98	7	28	8	15	9	64	10	94	11	74	12	40	13	95	14	27	15	95	16	79	17	57	18	7	19	64	20	77	21	73	22	13	23	82	24	79	25	20	26	78	27	3	28	3	29	68	
	0	6	1	32	2	34	3	80	4	64	5	90	6	76	7	73	8	63	9	63	10	43	11	36	12	47	13	94	14	77	15	47	16	91	17	31	18	98	19	23	20	60	21	96	22	63	23	88	24	44	25	100	26	90	27	4	28	38	29	69	
	0	86	1	54	2	91	3	75	4	18	5	58	6	19	7	49	8	94	9	51	10	49	11	72	12	41	13	37	14	7	15	80	16	11	17	37	18	82	19	61	20	40	21	51	22	54	23	71	24	66	25	6	26	70	27	9	28	48	29	84	
	0	68	1	24	2	83	3	80	4	61	5	22	6	38	7	81	8	48	9	54	10	54	11	29	12	32	13	24	14	89	15	92	16	91	17	4	18	93	19	4	20	78	21	71	22	35	23	13	24	8	25	82	26	89	27	98	28	32	29	27	
	0	90	1	58	2	3	3	24	4	90	5	54	6	74	7	91	8	3	9	88	10	64	11	28	12	86	13	61	14	16	15	89	16	74	17	88	18	35	19	19	20	70	21	21	22	33	23	43	24	54	25	70	26	95	27	32	28	58	29	9	
	0	64	1	73	2	15	3	100	4	76	5	84	6	87	7	19	8	71	9	88	10	99	11	91	12	95	13	100	14	40	15	65	16	6	17	96	18	92	19	17	20	26	21	17	22	39	23	32	24	26	25	95	26	90	27	9	28	38	29	86	
	0	23	1	31	2	60	3	95	4	15	5	53	6	67	7	44	8	18	9	93	10	13	11	7	12	97	13	47	14	44	15	33	16	98	17	94	18	65	19	90	20	88	21	11	22	57	23	9	24	72	25	93	26	65	27	9	28	25	29	94	
	0	98	1	32	2	38	3	80	4	7	5	9	6	55	7	22	8	39	9	25	10	18	11	46	12	87	13	98	14	47	15	23	16	100	17	39	18	66	19	31	20	37	21	9	22	65	23	94	24	20	25	20	26	62	27	8	28	43	29	99	
	0	99	1	77	2	87	3	53	4	17	5	48	6	1	7	23	8	38	9	73	10	21	11	2	12	89	13	19	14	21	15	99	16	45	17	3	18	78	19	36	20	5	21	82	22	74	23	15	24	35	25	63	26	14	27	41	28	83	29	64	
	0	22	1	79	2	39	3	95	4	76	5	5	6	61	7	86	8	38	9	93	10	29	11	4	12	41	13	68	14	17	15	31	16	63	17	56	18	23	19	47	20	36	21	17	22	15	23	17	24	32	25	62	26	35	27	21	28	60	29	13	
	0	91	1	26	2	88	3	87	4	97	5	35	6	38	7	81	8	18	9	15	10	42	11	91	12	91	13	15	14	79	15	71	16	64	17	64	18	49	19	23	20	11	21	60	22	11	23	1	24	76	25	53	26	35	27	56	28	84	29	61	
	0	74	1	23	2	64	3	74	4	36	5	86	6	58	7	38	8	29	9	89	10	64	11	79	12	6	13	65	14	92	15	32	16	42	17	38	18	12	19	96	20	51	21	7	22	62	23	41	24	34	25	6	26	64	27	38	28	4	29	35	
	0	59	1	94	2	27	3	60	4	81	5	39	6	94	7	71	8	93	9	74	10	5	11	60	12	15	13	62	14	12	15	19	16	89	17	69	18	66	19	70	20	58	21	20	22	78	23	71	24	70	25	90	26	75	27	28	28	27	29	55	
	0	50	1	21	2	67	3	16	4	40	5	3	6	70	7	95	8	26	9	24	10	87	11	57	12	65	13	18	14	2	15	59	16	2	17	61	18	6	19	13	20	61	21	18	22	82	23	96	24	24	25	61	26	46	27	28	28	91	29	100	
	0	20	1	62	2	72	3	80	4	64	5	47	6	53	7	61	8	66	9	96	10	84	11	4	12	15	13	18	14	13	15	97	16	99	17	52	18	39	19	99	20	45	21	93	22	1	23	50	24	100	25	96	26	43	27	56	28	67	29	94	
	0	78	1	73	2	57	3	77	4	92	5	42	6	47	7	87	8	85	9	94	10	7	11	19	12	56	13	98	14	89	15	82	16	63	17	98	18	41	19	47	20	27	21	93	22	16	23	47	24	10	25	40	26	44	27	31	28	22	29	24	
	0	4	1	40	2	75	3	56	4	32	5	97	6	86	7	2	8	83	9	37	10	65	11	85	12	23	13	4	14	19	15	100	16	6	17	40	18	73	19	16	20	51	21	12	22	38	23	99	24	19	25	61	26	49	27	25	28	34	29	70	
	0	61	1	37	2	25	3	66	4	51	5	21	6	39	7	34	8	84	9	55	10	97	11	12	12	89	13	6	14	15	15	34	16	12	17	49	18	17	19	92	20	23	21	76	22	14	23	29	24	89	25	22	26	1	27	94	28	18	29	20	
	0	74	1	1	2	73	3	86	4	7	5	45	6	65	7	11	8	68	9	67	10	95	11	35	12	68	13	1	14	28	15	18	16	59	17	95	18	47	19	1	20	94	21	78	22	35	23	21	24	11	25	40	26	66	27	68	28	38	29	47	
	0	33	1	30	2	87	3	68	4	28	5	25	6	37	7	84	8	6	9	22	10	64	11	69	12	32	13	33	14	77	15	78	16	47	17	65	18	48	19	41	20	72	21	68	22	66	23	67	24	11	25	96	26	88	27	11	28	51	29	54	
	0	15	1	7	2	81	3	26	4	23	5	2	6	64	7	37	8	80	9	83	10	38	11	79	12	92	13	88	14	66	15	49	16	7	17	1	18	14	19	22	20	39	21	61	22	15	23	66	24	65	25	93	26	75	27	20	28	90	29	52	
	0	19	1	61	2	43	3	22	4	67	5	14	6	60	7	96	8	64	9	50	10	55	11	82	12	53	13	94	14	22	15	20	16	33	17	98	18	46	19	21	20	80	21	13	22	11	23	94	24	56	25	47	26	77	27	67	28	8	29	83	
	0	93	1	79	2	6	3	91	4	66	5	80	6	11	7	22	8	76	9	6	10	72	11	24	12	23	13	58	14	14	15	62	16	19	17	25	18	61	19	42	20	3	21	75	22	62	23	52	24	67	25	98	26	52	27	55	28	9	29	6	
	0	90	1	53	2	81	3	10	4	12	5	29	6	25	7	50	8	80	9	35	10	65	11	44	12	40	13	79	14	42	15	30	16	93	17	88	18	62	19	34	20	74	21	72	22	17	23	34	24	27	25	92	26	95	27	11	28	45	29	30	
	0	10	1	100	2	9	3	79	4	26	5	83	6	37	7	8	8	87	9	15	10	23	11	80	12	24	13	66	14	68	15	95	16	3	17	59	18	28	19	63	20	61	21	17	22	85	23	20	24	24	25	46	26	29	27	95	28	18	29	14	
	0	97	1	8	2	62	3	64	4	44	5	44	6	27	7	59	8	70	9	62	10	41	11	51	12	87	13	82	14	37	15	87	16	56	17	56	18	39	19	79	20	5	21	12	22	47	23	63	24	24	25	18	26	37	27	27	28	66	29	81	
	0	30	1	19	2	35	3	25	4	25	5	42	6	40	7	57	8	42	9	18	10	86	11	9	12	74	13	78	14	42	15	97	16	64	17	89	18	73	19	26	20	49	21	76	22	9	23	30	24	67	25	87	26	33	27	82	28	59	29	2	
	0	22	1	66	2	97	3	49	4	67	5	53	6	33	7	75	8	53	9	14	10	69	11	64	12	4	13	3	14	35	15	45	16	29	17	88	18	1	19	65	20	78	21	54	22	6	23	58	24	59	25	18	26	3	27	8	28	11	29	64	
	0	75	1	78	2	38	3	52	4	29	5	98	6	82	7	88	8	77	9	65	10	14	11	78	12	86	13	36	14	26	15	58	16	51	17	7	18	75	19	67	20	36	21	58	22	42	23	50	24	68	25	47	26	12	27	35	28	41	29	85	
	0	78	1	8	2	32	3	83	4	70	5	58	6	64	7	8	8	6	9	90	10	18	11	43	12	96	13	98	14	87	15	27	16	47	17	20	18	74	19	29	20	26	21	24	22	8	23	71	24	47	25	31	26	98	27	53	28	40	29	54	
	0	74	1	87	2	22	3	70	4	23	5	49	6	54	7	82	8	35	9	64	10	41	11	8	12	34	13	38	14	94	15	25	16	65	17	57	18	8	19	39	20	77	21	33	22	95	23	32	24	47	25	31	26	85	27	5	28	61	29	91	
	0	30	1	42	2	47	3	14	4	31	5	18	6	39	7	29	8	41	9	24	10	98	11	49	12	70	13	100	14	5	15	64	16	74	17	83	18	65	19	6	20	7	21	93	22	91	23	29	24	37	25	41	26	83	27	87	28	2	29	68	
	0	36	1	25	2	75	3	32	4	70	5	6	6	70	7	77	8	4	9	70	10	76	11	81	12	81	13	17	14	28	15	63	16	34	17	84	18	17	19	90	20	1	21	98	22	6	23	16	24	29	25	64	26	30	27	39	28	50	29	39	
	0	79	1	25	2	68	3	32	4	55	5	76	6	64	7	2	8	49	9	1	10	91	11	92	12	30	13	56	14	56	15	2	16	14	17	42	18	57	19	2	20	6	21	7	22	18	23	48	24	56	25	67	26	2	27	31	28	87	29	45	
	0	70	1	11	2	49	3	42	4	68	5	71	6	85	7	45	8	41	9	91	10	22	11	47	12	55	13	44	14	52	15	34	16	19	17	53	18	41	19	39	20	79	21	47	22	31	23	81	24	71	25	13	26	92	27	22	28	38	29	92	
	0	23	1	48	2	20	3	58	4	75	5	32	6	64	7	70	8	2	9	99	10	65	11	5	12	88	13	35	14	69	15	21	16	58	17	31	18	13	19	82	20	94	21	75	22	47	23	57	24	5	25	21	26	26	27	41	28	80	29	100	
	0	22	1	45	2	8	3	3	4	68	5	17	6	57	7	84	8	97	9	49	10	46	11	59	12	31	13	4	14	27	15	45	16	60	17	27	18	91	19	50	20	96	21	1	22	34	23	47	24	73	25	30	26	43	27	94	28	46	29	44	
	0	60	1	91	2	1	3	82	4	59	5	75	6	18	7	36	8	67	9	48	10	66	11	17	12	56	13	57	14	41	15	60	16	20	17	46	18	48	19	34	20	76	21	67	22	90	23	21	24	83	25	57	26	22	27	62	28	50	29	54	
	0	39	1	61	2	42	3	50	4	8	5	5	6	87	7	95	8	54	9	47	10	17	11	42	12	28	13	33	14	1	15	68	16	5	17	32	18	73	19	88	20	2	21	83	22	45	23	76	24	5	25	47	26	27	27	79	28	93	29	43	
	0	82	1	77	2	56	3	37	4	16	5	77	6	94	7	68	8	81	9	24	10	48	11	82	12	32	13	52	14	70	15	41	16	69	17	93	18	5	19	93	20	68	21	100	22	25	23	85	24	98	25	2	26	75	27	19	28	97	29	23	
	0	95	1	23	2	91	3	100	4	82	5	56	6	44	7	8	8	43	9	14	10	33	11	58	12	28	13	8	14	10	15	100	16	68	17	6	18	51	19	55	20	67	21	83	22	52	23	15	24	26	25	76	26	30	27	83	28	57	29	53	
	0	5	1	47	2	43	3	2	4	24	5	90	6	90	7	26	8	32	9	3	10	92	11	72	12	2	13	52	14	38	15	74	16	81	17	68	18	67	19	87	20	76	21	59	22	52	23	22	24	92	25	91	26	64	27	13	28	73	29	19	
	0	19	1	44	2	80	3	9	4	2	5	98	6	90	7	28	8	86	9	27	10	71	11	37	12	64	13	20	14	45	15	94	16	77	17	80	18	80	19	74	20	6	21	40	22	99	23	12	24	5	25	9	26	78	27	66	28	67	29	55	
	0	77	1	93	2	85	3	2	4	88	5	63	6	50	7	57	8	28	9	42	10	55	11	62	12	65	13	4	14	28	15	8	16	54	17	29	18	23	19	82	20	67	21	64	22	14	23	89	24	78	25	51	26	24	27	25	28	58	29	10	
	0	100	1	26	2	100	3	98	4	47	5	5	6	63	7	15	8	58	9	66	10	99	11	75	12	21	13	20	14	83	15	47	16	71	17	36	18	16	19	1	20	38	21	43	22	30	23	8	24	78	25	11	26	63	27	35	28	38	29	14	
	0	30	1	57	2	86	3	74	4	66	5	93	6	49	7	85	8	68	9	51	10	7	11	25	12	35	13	67	14	88	15	77	16	83	17	66	18	29	19	86	20	4	21	25	22	3	23	76	24	62	25	49	26	30	27	21	28	74	29	1	
	0	47	1	72	2	48	3	93	4	70	5	36	6	21	7	71	8	59	9	36	10	71	11	42	12	96	13	15	14	43	15	79	16	52	17	85	18	75	19	10	20	11	21	36	22	14	23	53	24	87	25	9	26	29	27	78	28	67	29	3	
	0	88	1	76	2	86	3	15	4	50	5	52	6	19	7	43	8	31	9	44	10	21	11	92	12	52	13	51	14	78	15	31	16	32	17	55	18	93	19	87	20	1	21	85	22	96	23	49	24	93	25	99	26	100	27	50	28	33	29	97	
	0	28	1	82	2	69	3	93	4	85	5	66	6	94	7	88	8	30	9	63	10	8	11	47	12	74	13	91	14	59	15	40	16	43	17	49	18	2	19	62	20	42	21	56	22	99	23	96	24	41	25	10	26	14	27	8	28	79	29	27	
	0	29	1	89	2	62	3	65	4	93	5	47	6	7	7	6	8	59	9	7	10	41	11	77	12	86	13	8	14	48	15	3	16	20	17	16	18	22	19	22	20	76	21	37	22	29	23	32	24	44	25	63	26	21	27	33	28	33	29	54	
	0	43	1	43	2	5	3	74	4	48	5	64	6	87	7	71	8	39	9	95	10	69	11	64	12	7	13	44	14	39	15	88	16	17	17	44	18	92	19	71	20	36	21	100	22	75	23	75	24	88	25	75	26	57	27	22	28	17	29	72	
	0	9	1	61	2	6	3	31	4	37	5	36	6	66	7	15	8	52	9	61	10	15	11	13	12	77	13	63	14	49	15	24	16	19	17	38	18	34	19	60	20	2	21	77	22	28	23	81	24	79	25	37	26	21	27	13	28	56	29	29	
	0	87	1	42	2	51	3	8	4	99	5	31	6	65	7	86	8	9	9	27	10	99	11	80	12	73	13	68	14	1	15	47	16	53	17	53	18	100	19	68	20	23	21	25	22	50	23	69	24	75	25	53	26	3	27	66	28	98	29	97	
	0	31	1	21	2	86	3	48	4	63	5	20	6	78	7	27	8	74	9	22	10	40	11	35	12	17	13	52	14	54	15	31	16	63	17	74	18	35	19	92	20	12	21	39	22	12	23	40	24	48	25	77	26	4	27	74	28	56	29	51	
	0	24	1	84	2	32	3	32	4	19	5	33	6	28	7	25	8	26	9	42	10	34	11	91	12	16	13	31	14	14	15	98	16	98	17	71	18	86	19	23	20	74	21	52	22	95	23	69	24	53	25	33	26	96	27	92	28	59	29	90	
	0	86	1	91	2	47	3	42	4	9	5	99	6	5	7	13	8	47	9	49	10	33	11	66	12	11	13	17	14	84	15	4	16	82	17	42	18	5	19	36	20	18	21	62	22	50	23	93	24	18	25	14	26	54	27	48	28	34	29	2	
	0	97	1	76	2	48	3	59	4	63	5	87	6	5	7	87	8	1	9	8	10	60	11	51	12	93	13	9	14	8	15	100	16	41	17	41	18	32	19	15	20	19	21	29	22	19	23	83	24	44	25	83	26	69	27	57	28	31	29	48	
	0	99	1	99	2	21	3	93	4	87	5	59	6	88	7	19	8	96	9	90	10	49	11	43	12	14	13	61	14	7	15	3	16	49	17	32	18	41	19	6	20	64	21	46	22	64	23	20	24	45	25	85	26	15	27	51	28	92	29	15	
	0	80	1	11	2	69	3	95	4	100	5	44	6	27	7	34	8	14	9	61	10	3	11	65	12	48	13	85	14	22	15	79	16	99	17	58	18	50	19	25	20	99	21	27	22	52	23	30	24	96	25	55	26	88	27	2	28	15	29	84	
	0	94	1	19	2	72	3	75	4	22	5	26	6	77	7	45	8	31	9	76	10	76	11	10	12	60	13	41	14	19	15	30	16	71	17	30	18	25	19	4	20	100	21	51	22	80	23	1	24	10	25	96	26	78	27	67	28	25	29	61	
	0	37	1	23	2	36	3	62	4	69	5	44	6	61	7	12	8	48	9	80	10	4	11	30	12	68	13	94	14	61	15	44	16	13	17	6	18	14	19	14	20	13	21	91	22	9	23	18	24	11	25	7	26	15	27	43	28	60	29	72	
	0	39	1	74	2	69	3	10	4	61	5	3	6	1	7	76	8	78	9	50	10	50	11	77	12	81	13	4	14	57	15	73	16	17	17	24	18	11	19	70	20	67	21	70	22	31	23	13	24	15	25	91	26	13	27	1	28	42	29	36	
	0	64	1	9	2	53	3	49	4	61	5	75	6	87	7	7	8	66	9	33	10	58	11	10	12	58	13	73	14	12	15	61	16	50	17	18	18	4	19	75	20	20	21	85	22	86	23	94	24	83	25	62	26	89	27	24	28	52	29	11	
	0	76	1	6	2	4	3	31	4	82	5	98	6	36	7	25	8	51	9	33	10	62	11	40	12	91	13	25	14	41	15	95	16	62	17	85	18	16	19	86	20	94	21	19	22	100	23	40	24	94	25	15	26	9	27	96	28	7	29	54	
	0	35	1	62	2	41	3	70	4	54	5	35	6	91	7	69	8	59	9	81	10	60	11	50	12	62	13	65	14	79	15	79	16	86	17	36	18	78	19	69	20	48	21	85	22	87	23	71	24	48	25	45	26	60	27	53	28	88	29	61	
	0	33	1	1	2	35	3	49	4	68	5	15	6	27	7	30	8	81	9	95	10	72	11	6	12	100	13	21	14	46	15	40	16	77	17	28	18	17	19	34	20	58	21	77	22	40	23	83	24	59	25	38	26	99	27	14	28	51	29	75	
	0	94	1	34	2	3	3	65	4	43	5	44	6	22	7	22	8	83	9	67	10	29	11	46	12	55	13	80	14	96	15	55	16	62	17	84	18	40	19	97	20	99	21	63	22	91	23	28	24	53	25	83	26	47	27	86	28	1	29	86	
	0	44	1	58	2	73	3	23	4	30	5	55	6	44	7	8	8	19	9	91	10	90	11	41	12	97	13	67	14	66	15	91	16	35	17	64	18	90	19	31	20	75	21	72	22	19	23	23	24	13	25	55	26	43	27	35	28	98	29	81	
	0	51	1	22	2	23	3	93	4	15	5	36	6	93	7	49	8	97	9	24	10	38	11	21	12	88	13	99	14	11	15	2	16	83	17	91	18	34	19	7	20	58	21	3	22	63	23	98	24	14	25	64	26	47	27	37	28	74	29	81	
	0	64	1	29	2	1	3	100	4	20	5	29	6	86	7	100	8	67	9	80	10	78	11	36	12	64	13	12	14	93	15	98	16	42	17	99	18	34	19	77	20	77	21	28	22	29	23	77	24	57	25	72	26	23	27	60	28	1	29	7	
	0	5	1	86	2	57	3	1	4	70	5	30	6	10	7	21	8	71	9	60	10	94	11	81	12	44	13	25	14	81	15	25	16	41	17	89	18	22	19	83	20	46	21	100	22	40	23	44	24	17	25	76	26	10	27	4	28	35	29	30	
	0	37	1	88	2	50	3	85	4	49	5	81	6	42	7	12	8	26	9	86	10	26	11	80	12	10	13	18	14	22	15	73	16	56	17	100	18	8	19	18	20	51	21	32	22	43	23	37	24	94	25	11	26	60	27	78	28	92	29	32	
	0	64	1	11	2	69	3	29	4	68	5	28	6	20	7	61	8	61	9	80	10	91	11	59	12	71	13	4	14	85	15	57	16	73	17	66	18	6	19	36	20	33	21	87	22	90	23	71	24	50	25	99	26	44	27	92	28	76	29	1	
	0	81	1	6	2	17	3	41	4	70	5	1	6	78	7	97	8	79	9	20	10	56	11	24	12	30	13	69	14	14	15	40	16	80	17	20	18	16	19	100	20	7	21	34	22	70	23	6	24	57	25	89	26	46	27	86	28	33	29	16	
	0	23	1	70	2	68	3	95	4	87	5	94	6	3	7	89	8	50	9	61	10	60	11	36	12	75	13	51	14	79	15	100	16	14	17	47	18	4	19	9	20	55	21	9	22	18	23	53	24	89	25	40	26	46	27	96	28	76	29	94	
	0	98	1	26	2	50	3	52	4	77	5	24	6	89	7	69	8	41	9	65	10	70	11	100	12	49	13	68	14	41	15	78	16	33	17	15	18	13	19	90	20	20	21	86	22	39	23	55	24	48	25	18	26	95	27	92	28	96	29	81	
	0	19	1	27	2	43	3	30	4	45	5	25	6	81	7	52	8	84	9	67	10	64	11	88	12	75	13	81	14	89	15	8	16	70	17	11	18	49	19	42	20	62	21	61	22	36	23	53	24	31	25	85	26	17	27	4	28	16	29	45	
	0	51	1	53	2	4	3	82	4	95	5	26	6	64	7	59	8	58	9	18	10	78	11	51	12	20	13	82	14	89	15	94	16	48	17	40	18	55	19	16	20	23	21	54	22	20	23	48	24	84	25	4	26	16	27	52	28	20	29	64	
	0	48	1	74	2	3	3	6	4	29	5	50	6	35	7	31	8	91	9	83	10	42	11	56	12	70	13	81	14	36	15	16	16	52	17	77	18	47	19	24	20	27	21	9	22	78	23	67	24	96	25	86	26	8	27	77	28	73	29	10	
	0	2	1	33	2	59	3	36	4	33	5	54	6	97	7	68	8	39	9	8	10	34	11	73	12	36	13	24	14	69	15	21	16	52	17	42	18	92	19	43	20	72	21	16	22	66	23	40	24	87	25	64	26	63	27	12	28	24	29	11	
	0	70	1	65	2	54	3	84	4	73	5	19	6	35	7	75	8	41	9	99	10	90	11	79	12	33	13	69	14	92	15	68	16	58	17	36	18	62	19	23	20	77	21	92	22	61	23	16	24	45	25	11	26	42	27	21	28	11	29	22	
	0	33	1	65	2	88	3	97	4	97	5	100	6	54	7	10	8	39	9	19	10	59	11	23	12	97	13	64	14	7	15	10	16	18	17	87	18	98	19	5	20	16	21	56	22	87	23	3	24	73	25	24	26	23	27	81	28	6	29	43	
	0	73	1	60	2	29	3	5	4	54	5	40	6	79	7	50	8	98	9	39	10	8	11	37	12	59	13	76	14	72	15	52	16	34	17	53	18	66	19	45	20	96	21	76	22	90	23	8	24	53	25	33	26	76	27	48	28	77	29	99	
	0	84	1	26	2	1	3	62	4	90	5	18	6	69	7	44	8	92	9	93	10	64	11	88	12	46	13	4	14	92	15	30	16	98	17	18	18	92	19	54	20	16	21	17	22	84	23	33	24	6	25	83	26	93	27	94	28	18	29	21	
	0	26	1	79	2	96	3	25	4	3	5	99	6	11	7	80	8	84	9	88	10	83	11	14	12	86	13	66	14	29	15	38	16	14	17	66	18	28	19	23	20	83	21	97	22	53	23	1	24	67	25	9	26	26	27	11	28	53	29	74	
	0	27	1	5	2	98	3	47	4	89	5	21	6	79	7	64	8	48	9	34	10	15	11	13	12	21	13	9	14	74	15	60	16	37	17	58	18	74	19	11	20	2	21	79	22	61	23	18	24	60	25	4	26	60	27	7	28	6	29	49	
	0	39	1	37	2	91	3	9	4	30	5	94	6	56	7	45	8	72	9	33	10	78	11	70	12	83	13	21	14	93	15	37	16	14	17	100	18	15	19	63	20	27	21	2	22	23	23	13	24	99	25	80	26	81	27	86	28	11	29	75	
	0	56	1	80	2	65	3	38	4	99	5	53	6	26	7	89	8	21	9	6	10	80	11	22	12	7	13	71	14	11	15	50	16	84	17	82	18	36	19	88	20	86	21	79	22	45	23	9	24	24	25	33	26	1	27	64	28	92	29	99	
	0	65	1	82	2	58	3	58	4	36	5	54	6	86	7	94	8	88	9	47	10	51	11	23	12	62	13	38	14	1	15	5	16	56	17	39	18	66	19	33	20	49	21	9	22	49	23	73	24	77	25	2	26	8	27	84	28	7	29	78	
	0	33	1	63	2	2	3	95	4	68	5	43	6	92	7	9	8	27	9	26	10	6	11	16	12	75	13	69	14	9	15	51	16	7	17	100	18	17	19	41	20	19	21	50	22	85	23	55	24	14	25	61	26	14	27	20	28	33	29	26	
	0	1	1	54	2	4	3	50	4	13	5	66	6	4	7	12	8	53	9	51	10	88	11	22	12	24	13	64	14	84	15	4	16	34	17	67	18	4	19	32	20	3	21	71	22	86	23	32	24	56	25	6	26	28	27	15	28	25	29	28	
	0	45	1	82	2	7	3	11	4	86	5	52	6	74	7	16	8	8	9	32	10	11	11	8	12	25	13	43	14	57	15	84	16	88	17	35	18	34	19	83	20	91	21	33	22	32	23	53	24	80	25	52	26	74	27	53	28	96	29	51	
	0	65	1	69	2	96	3	65	4	25	5	46	6	45	7	57	8	93	9	75	10	72	11	68	12	70	13	23	14	80	15	71	16	5	17	91	18	1	19	10	20	55	21	38	22	9	23	91	24	7	25	43	26	40	27	93	28	42	29	69	
	0	40	1	49	2	19	3	87	4	83	5	98	6	74	7	51	8	35	9	1	10	43	11	77	12	21	13	52	14	50	15	21	16	58	17	24	18	85	19	65	20	23	21	82	22	82	23	82	24	39	25	14	26	49	27	10	28	87	29	60	
	0	54	1	14	2	42	3	84	4	82	5	62	6	10	7	30	8	72	9	54	10	47	11	92	12	80	13	58	14	11	15	35	16	22	17	10	18	60	19	96	20	36	21	6	22	83	23	66	24	91	25	9	26	98	27	62	28	33	29	97	
	0	33	1	88	2	97	3	44	4	32	5	70	6	98	7	19	8	13	9	36	10	9	11	87	12	57	13	98	14	55	15	44	16	86	17	65	18	20	19	53	20	9	21	32	22	46	23	43	24	97	25	15	26	70	27	60	28	9	29	15	
	0	52	1	72	2	29	3	22	4	38	5	59	6	24	7	71	8	48	9	25	10	19	11	21	12	71	13	29	14	10	15	19	16	56	17	25	18	93	19	83	20	26	21	40	22	61	23	61	24	20	25	67	26	37	27	77	28	94	29	62	
	0	43	1	22	2	48	3	84	4	84	5	1	6	59	7	46	8	25	9	65	10	55	11	28	12	77	13	4	14	4	15	65	16	68	17	11	18	75	19	36	20	77	21	37	22	78	23	77	24	72	25	22	26	50	27	47	28	90	29	95	
	0	89	1	21	2	86	3	45	4	40	5	79	6	50	7	58	8	58	9	66	10	43	11	45	12	31	13	100	14	2	15	62	16	77	17	43	18	37	19	95	20	33	21	94	22	66	23	86	24	10	25	5	26	58	27	10	28	15	29	93	
	0	57	1	18	2	86	3	35	4	34	5	13	6	33	7	3	8	86	9	29	10	72	11	31	12	43	13	59	14	29	15	82	16	43	17	95	18	78	19	75	20	100	21	29	22	70	23	33	24	27	25	59	26	71	27	64	28	32	29	51	
	0	87	1	47	2	1	3	1	4	92	5	5	6	17	7	82	8	46	9	100	10	61	11	24	12	49	13	84	14	27	15	31	16	57	17	1	18	44	19	94	20	79	21	96	22	48	23	10	24	25	25	51	26	89	27	3	28	57	29	77	
	0	8	1	55	2	62	3	96	4	31	5	41	6	17	7	31	8	28	9	21	10	76	11	76	12	55	13	6	14	93	15	67	16	65	17	93	18	90	19	25	20	33	21	63	22	12	23	67	24	96	25	78	26	62	27	99	28	67	29	94	
	0	80	1	66	2	96	3	92	4	49	5	37	6	35	7	29	8	55	9	97	10	16	11	64	12	54	13	53	14	55	15	85	16	32	17	82	18	12	19	73	20	84	21	27	22	37	23	55	24	77	25	28	26	57	27	66	28	18	29	78	
	0	10	1	86	2	12	3	5	4	67	5	93	6	36	7	28	8	97	9	98	10	67	11	38	12	68	13	24	14	20	15	58	16	18	17	77	18	66	19	46	20	20	21	60	22	3	23	62	24	81	25	81	26	57	27	11	28	4	29	40	
	0	96	1	95	2	54	3	100	4	93	5	55	6	41	7	90	8	53	9	52	10	28	11	79	12	45	13	52	14	76	15	22	16	71	17	96	18	8	19	11	20	27	21	91	22	81	23	68	24	36	25	50	26	64	27	87	28	66	29	40	
	0	42	1	94	2	32	3	66	4	27	5	95	6	42	7	71	8	22	9	14	10	91	11	38	12	60	13	13	14	93	15	1	16	96	17	48	18	74	19	82	20	56	21	59	22	50	23	68	24	67	25	86	26	91	27	35	28	83	29	38	
	0	2	1	90	2	49	3	34	4	63	5	23	6	44	7	89	8	61	9	95	10	30	11	87	12	23	13	7	14	11	15	27	16	59	17	33	18	68	19	12	20	26	21	48	22	51	23	72	24	9	25	71	26	59	27	18	28	11	29	58	
	0	98	1	44	2	83	3	90	4	51	5	5	6	16	7	79	8	33	9	78	10	84	11	45	12	38	13	32	14	27	15	4	16	75	17	86	18	87	19	70	20	1	21	80	22	42	23	2	24	49	25	31	26	18	27	78	28	19	29	5	
	0	76	1	26	2	28	3	17	4	99	5	36	6	7	7	72	8	92	9	37	10	96	11	15	12	57	13	2	14	21	15	9	16	87	17	60	18	65	19	37	20	61	21	2	22	5	23	30	24	22	25	65	26	5	27	51	28	43	29	26	
	0	85	1	1	2	34	3	63	4	42	5	80	6	23	7	40	8	9	9	33	10	78	11	61	12	11	13	63	14	74	15	70	16	95	17	30	18	29	19	100	20	92	21	33	22	64	23	2	24	6	25	4	26	47	27	63	28	40	29	9	
	0	74	1	34	2	40	3	20	4	10	5	78	6	36	7	74	8	63	9	93	10	86	11	6	12	55	13	96	14	67	15	79	16	56	17	80	18	64	19	59	20	84	21	23	22	49	23	70	24	46	25	42	26	79	27	96	28	64	29	99	
	0	22	1	20	2	68	3	8	4	28	5	92	6	92	7	66	8	5	9	82	10	7	11	21	12	32	13	62	14	18	15	92	16	99	17	11	18	55	19	6	20	68	21	16	22	93	23	20	24	68	25	71	26	41	27	30	28	36	29	100	
	0	94	1	18	2	74	3	33	4	9	5	10	6	1	7	87	8	47	9	11	10	90	11	85	12	67	13	38	14	45	15	12	16	71	17	44	18	88	19	82	20	19	21	78	22	39	23	85	24	46	25	86	26	40	27	100	28	55	29	65	
	0	41	1	18	2	72	3	22	4	5	5	83	6	9	7	1	8	28	9	51	10	19	11	89	12	35	13	22	14	67	15	9	16	64	17	42	18	15	19	93	20	62	21	32	22	4	23	21	24	49	25	30	26	39	27	54	28	74	29	38	
	0	94	1	89	2	43	3	85	4	26	5	62	6	74	7	7	8	4	9	93	10	3	11	10	12	53	13	65	14	63	15	62	16	19	17	5	18	41	19	19	20	49	21	1	22	36	23	3	24	94	25	30	26	75	27	99	28	27	29	18	
	0	34	1	13	2	63	3	64	4	20	5	88	6	85	7	30	8	19	9	72	10	82	11	38	12	48	13	78	14	96	15	78	16	47	17	72	18	50	19	12	20	72	21	86	22	45	23	50	24	83	25	16	26	57	27	15	28	96	29	88	
	0	74	1	45	2	91	3	40	4	18	5	6	6	86	7	49	8	96	9	38	10	5	11	59	12	58	13	59	14	50	15	49	16	84	17	96	18	87	19	65	20	30	21	40	22	17	23	53	24	16	25	67	26	87	27	73	28	25	29	46	
	0	64	1	13	2	97	3	64	4	6	5	48	6	71	7	45	8	36	9	19	10	72	11	43	12	75	13	63	14	30	15	81	16	85	17	78	18	58	19	96	20	42	21	41	22	25	23	78	24	60	25	75	26	53	27	41	28	51	29	70	
	0	49	1	100	2	19	3	18	4	27	5	45	6	3	7	100	8	10	9	15	10	34	11	26	12	8	13	48	14	83	15	5	16	16	17	100	18	97	19	96	20	45	21	49	22	29	23	87	24	17	25	54	26	38	27	100	28	21	29	86	
	0	68	1	90	2	31	3	33	4	49	5	44	6	56	7	62	8	93	9	61	10	63	11	1	12	24	13	77	14	80	15	70	16	90	17	1	18	58	19	100	20	94	21	81	22	86	23	3	24	12	25	95	26	4	27	95	28	82	29	71	
	0	23	1	89	2	98	3	78	4	77	5	33	6	62	7	57	8	77	9	86	10	41	11	86	12	46	13	59	14	78	15	38	16	57	17	20	18	3	19	38	20	74	21	16	22	61	23	48	24	84	25	66	26	54	27	2	28	99	29	91	
	0	40	1	78	2	56	3	14	4	20	5	69	6	40	7	99	8	67	9	62	10	9	11	70	12	75	13	100	14	78	15	29	16	85	17	36	18	86	19	93	20	24	21	32	22	89	23	30	24	80	25	40	26	79	27	31	28	76	29	84	
	0	82	1	36	2	24	3	96	4	43	5	62	6	35	7	12	8	68	9	68	10	83	11	83	12	25	13	13	14	22	15	86	16	97	17	83	18	3	19	7	20	56	21	48	22	30	23	17	24	24	25	76	26	33	27	7	28	12	29	45	
	0	70	1	28	2	25	3	62	4	2	5	73	6	20	7	76	8	87	9	58	10	45	11	56	12	22	13	29	14	52	15	11	16	27	17	89	18	41	19	64	20	30	21	79	22	78	23	10	24	20	25	18	26	85	27	26	28	95	29	24	
	0	11	1	84	2	19	3	82	4	88	5	79	6	54	7	69	8	44	9	60	10	83	11	68	12	55	13	83	14	24	15	82	16	43	17	40	18	65	19	100	20	80	21	65	22	21	23	68	24	45	25	93	26	52	27	77	28	45	29	82	
	0	66	1	43	2	46	3	72	4	16	5	92	6	39	7	46	8	9	9	80	10	30	11	46	12	4	13	42	14	10	15	44	16	85	17	71	18	57	19	77	20	90	21	80	22	60	23	82	24	64	25	38	26	60	27	84	28	31	29	90	
	0	7	1	46	2	50	3	92	4	96	5	90	6	49	7	35	8	86	9	74	10	33	11	66	12	39	13	71	14	34	15	95	16	26	17	45	18	89	19	1	20	62	21	1	22	95	23	1	24	46	25	26	26	75	27	5	28	35	29	44	
	0	96	1	100	2	13	3	52	4	12	5	7	6	42	7	97	8	85	9	9	10	32	11	88	12	8	13	19	14	98	15	86	16	52	17	71	18	47	19	20	20	1	21	86	22	47	23	36	24	91	25	70	26	34	27	55	28	47	29	21	
	0	75	1	71	2	12	3	20	4	78	5	78	6	42	7	8	8	6	9	74	10	9	11	90	12	55	13	92	14	77	15	31	16	91	17	47	18	91	19	63	20	24	21	54	22	47	23	92	24	63	25	74	26	100	27	95	28	8	29	51	
	0	50	1	42	2	59	3	39	4	51	5	93	6	29	7	60	8	86	9	63	10	3	11	99	12	76	13	97	14	45	15	21	16	100	17	54	18	63	19	47	20	35	21	83	22	51	23	46	24	69	25	53	26	62	27	24	28	27	29	61	
	0	68	1	79	2	50	3	20	4	79	5	39	6	36	7	24	8	20	9	48	10	43	11	40	12	22	13	34	14	59	15	99	16	27	17	13	18	46	19	5	20	73	21	89	22	19	23	22	24	26	25	50	26	10	27	35	28	25	29	69	
	0	44	1	8	2	50	3	55	4	90	5	100	6	76	7	52	8	16	9	84	10	45	11	100	12	77	13	43	14	6	15	34	16	58	17	12	18	38	19	58	20	1	21	74	22	18	23	33	24	96	25	20	26	3	27	4	28	66	29	100	
	0	92	1	78	2	30	3	11	4	66	5	10	6	58	7	64	8	97	9	21	10	11	11	50	12	77	13	81	14	44	15	4	16	24	17	40	18	69	19	34	20	80	21	13	22	91	23	66	24	13	25	83	26	5	27	30	28	60	29	77	
	0	29	1	18	2	1	3	25	4	6	5	75	6	87	7	89	8	42	9	61	10	51	11	98	12	44	13	82	14	65	15	95	16	85	17	43	18	75	19	79	20	91	21	36	22	58	23	69	24	30	25	97	26	86	27	36	28	71	29	72	
	0	34	1	65	2	4	3	48	4	26	5	84	6	63	7	23	8	63	9	53	10	26	11	3	12	9	13	59	14	68	15	95	16	43	17	22	18	78	19	36	20	7	21	43	22	17	23	20	24	52	25	56	26	52	27	84	28	74	29	71	
	0	90	1	49	2	9	3	3	4	45	5	81	6	39	7	14	8	74	9	47	10	96	11	87	12	3	13	11	14	44	15	81	16	11	17	93	18	52	19	33	20	65	21	3	22	81	23	92	24	54	25	2	26	46	27	60	28	40	29	25	
	0	88	1	8	2	98	3	62	4	97	5	25	6	30	7	51	8	19	9	12	10	11	11	65	12	43	13	34	14	32	15	39	16	83	17	30	18	100	19	81	20	92	21	73	22	36	23	12	24	4	25	82	26	15	27	63	28	7	29	22	
	0	95	1	85	2	85	3	60	4	90	5	98	6	18	7	73	8	54	9	17	10	22	11	72	12	97	13	14	14	49	15	32	16	76	17	72	18	98	19	81	20	48	21	54	22	3	23	10	24	81	25	36	26	97	27	50	28	56	29	99	
	0	37	1	22	2	71	3	65	4	100	5	86	6	67	7	62	8	52	9	96	10	9	11	18	12	5	13	21	14	61	15	89	16	56	17	71	18	89	19	79	20	46	21	79	22	31	23	94	24	48	25	48	26	60	27	89	28	35	29	35	
	0	32	1	65	2	39	3	19	4	78	5	31	6	38	7	10	8	64	9	13	10	54	11	1	12	35	13	36	14	79	15	28	16	15	17	80	18	65	19	45	20	50	21	66	22	62	23	38	24	72	25	78	26	29	27	83	28	27	29	20	
	0	70	1	74	2	88	3	65	4	20	5	31	6	14	7	68	8	78	9	80	10	74	11	24	12	18	13	22	14	45	15	78	16	81	17	18	18	55	19	19	20	100	21	98	22	28	23	51	24	87	25	49	26	24	27	88	28	36	29	34	
	0	87	1	62	2	39	3	98	4	36	5	29	6	46	7	84	8	9	9	9	10	40	11	85	12	61	13	35	14	95	15	41	16	93	17	4	18	98	19	52	20	28	21	47	22	80	23	8	24	85	25	80	26	60	27	92	28	47	29	56	
	0	55	1	94	2	5	3	61	4	45	5	83	6	48	7	78	8	27	9	83	10	94	11	24	12	53	13	80	14	49	15	52	16	92	17	3	18	97	19	66	20	18	21	53	22	6	23	51	24	63	25	33	26	51	27	71	28	49	29	44	
	0	32	1	89	2	24	3	7	4	76	5	62	6	9	7	93	8	47	9	94	10	60	11	24	12	97	13	87	14	44	15	53	16	57	17	46	18	66	19	12	20	12	21	28	22	98	23	66	24	3	25	44	26	72	27	38	28	5	29	46	
	0	79	1	8	2	40	3	36	4	28	5	97	6	24	7	62	8	70	9	61	10	21	11	73	12	17	13	2	14	51	15	64	16	81	17	64	18	13	19	7	20	61	21	63	22	62	23	22	24	53	25	90	26	73	27	14	28	42	29	19	
	0	10	1	87	2	13	3	52	4	75	5	32	6	44	7	83	8	13	9	7	10	48	11	93	12	60	13	22	14	62	15	34	16	26	17	21	18	77	19	14	20	27	21	75	22	6	23	42	24	67	25	64	26	36	27	64	28	21	29	72	
	0	87	1	96	2	65	3	88	4	68	5	36	6	60	7	46	8	42	9	51	10	55	11	3	12	96	13	31	14	90	15	98	16	87	17	64	18	92	19	97	20	7	21	82	22	5	23	11	24	51	25	67	26	79	27	10	28	26	29	75	
	0	42	1	46	2	45	3	12	4	7	5	27	6	59	7	65	8	16	9	89	10	15	11	3	12	14	13	72	14	21	15	3	16	67	17	96	18	20	19	28	20	88	21	47	22	84	23	73	24	60	25	15	26	72	27	15	28	63	29	32	
	0	44	1	4	2	5	3	49	4	62	5	61	6	77	7	31	8	46	9	6	10	90	11	42	12	11	13	23	14	47	15	92	16	48	17	88	18	81	19	17	20	37	21	26	22	18	23	77	24	43	25	41	26	51	27	34	28	67	29	13	
	0	85	1	78	2	60	3	97	4	42	5	29	6	44	7	57	8	92	9	11	10	78	11	75	12	24	13	80	14	93	15	9	16	73	17	93	18	48	19	50	20	54	21	93	22	81	23	21	24	74	25	62	26	93	27	48	28	11	29	97	
	0	39	1	91	2	7	3	48	4	5	5	93	6	52	7	45	8	20	9	28	10	86	11	9	12	34	13	29	14	39	15	20	16	35	17	19	18	59	19	65	20	5	21	53	22	98	23	87	24	98	25	71	26	80	27	17	28	61	29	53	
	0	68	1	11	2	64	3	19	4	32	5	58	6	4	7	17	8	92	9	86	10	2	11	36	12	37	13	80	14	63	15	83	16	6	17	78	18	12	19	59	20	67	21	91	22	16	23	41	24	47	25	3	26	94	27	82	28	40	29	24	
	0	27	1	69	2	81	3	41	4	73	5	82	6	36	7	68	8	75	9	11	10	66	11	91	12	58	13	19	14	32	15	60	16	80	17	97	18	15	19	77	20	87	21	50	22	61	23	18	24	53	25	39	26	55	27	82	28	23	29	22	
	0	87	1	86	2	36	3	11	4	7	5	2	6	68	7	92	8	31	9	2	10	50	11	5	12	41	13	45	14	96	15	91	16	59	17	24	18	85	19	63	20	7	21	85	22	66	23	67	24	91	25	88	26	66	27	86	28	90	29	27	
	0	75	1	97	2	72	3	35	4	95	5	55	6	50	7	47	8	55	9	97	10	10	11	84	12	40	13	22	14	34	15	99	16	83	17	30	18	99	19	58	20	19	21	70	22	42	23	47	24	55	25	85	26	78	27	76	28	25	29	23	
	0	14	1	51	2	47	3	1	4	99	5	87	6	68	7	5	8	89	9	47	10	11	11	32	12	95	13	3	14	1	15	7	16	100	17	22	18	21	19	32	20	70	21	41	22	69	23	89	24	19	25	31	26	59	27	55	28	35	29	2	
	0	18	1	24	2	17	3	78	4	39	5	47	6	68	7	94	8	36	9	94	10	25	11	75	12	33	13	34	14	52	15	53	16	42	17	11	18	77	19	37	20	60	21	79	22	94	23	29	24	80	25	4	26	6	27	96	28	10	29	50	
	0	73	1	97	2	92	3	31	4	63	5	71	6	99	7	71	8	91	9	36	10	11	11	16	12	70	13	90	14	39	15	95	16	44	17	59	18	58	19	38	20	43	21	37	22	90	23	29	24	70	25	50	26	43	27	88	28	53	29	10	
	0	84	1	14	2	100	3	47	4	27	5	23	6	41	7	83	8	59	9	1	10	36	11	9	12	76	13	38	14	59	15	65	16	70	17	3	18	39	19	18	20	25	21	88	22	98	23	25	24	29	25	43	26	85	27	12	28	11	29	55	
	0	62	1	30	2	17	3	2	4	68	5	31	6	76	7	49	8	75	9	13	10	83	11	76	12	84	13	65	14	7	15	21	16	37	17	67	18	9	19	5	20	33	21	68	22	20	23	38	24	19	25	86	26	66	27	61	28	78	29	59	
	0	35	1	79	2	18	3	4	4	89	5	24	6	93	7	97	8	46	9	84	10	21	11	34	12	23	13	5	14	57	15	40	16	96	17	59	18	71	19	81	20	74	21	7	22	54	23	50	24	95	25	43	26	66	27	92	28	30	29	6	
	0	50	1	43	2	63	3	84	4	40	5	63	6	28	7	10	8	39	9	85	10	1	11	68	12	50	13	37	14	70	15	96	16	29	17	82	18	40	19	51	20	71	21	47	22	84	23	47	24	39	25	73	26	84	27	35	28	31	29	86	
	0	31	1	76	2	6	3	4	4	40	5	64	6	21	7	4	8	17	9	97	10	63	11	15	12	2	13	53	14	11	15	3	16	50	17	57	18	43	19	19	20	27	21	33	22	83	23	68	24	63	25	22	26	99	27	15	28	14	29	11	
	0	77	1	92	2	46	3	33	4	83	5	54	6	41	7	85	8	29	9	50	10	70	11	93	12	80	13	55	14	9	15	80	16	11	17	75	18	53	19	28	20	63	21	83	22	4	23	74	24	11	25	48	26	54	27	59	28	97	29	18	
	0	34	1	29	2	77	3	59	4	38	5	14	6	99	7	61	8	14	9	31	10	79	11	2	12	21	13	77	14	38	15	33	16	84	17	20	18	52	19	14	20	32	21	80	22	34	23	22	24	83	25	5	26	64	27	60	28	27	29	8	
	0	23	1	24	2	62	3	75	4	78	5	87	6	45	7	47	8	68	9	18	10	68	11	24	12	60	13	79	14	20	15	79	16	65	17	29	18	61	19	49	20	63	21	3	22	64	23	2	24	74	25	100	26	24	27	78	28	34	29	12	
	0	92	1	87	2	72	3	79	4	57	5	77	6	94	7	67	8	66	9	39	10	45	11	87	12	54	13	66	14	84	15	86	16	13	17	49	18	21	19	67	20	44	21	43	22	59	23	95	24	87	25	6	26	33	27	65	28	73	29	45	
	0	9	1	19	2	62	3	25	4	73	5	74	6	92	7	93	8	42	9	31	10	9	11	68	12	23	13	29	14	53	15	84	16	19	17	79	18	53	19	76	20	30	21	91	22	88	23	27	24	22	25	53	26	54	27	96	28	21	29	38	
	0	51	1	79	2	44	3	78	4	17	5	70	6	24	7	48	8	6	9	97	10	77	11	5	12	97	13	44	14	40	15	16	16	56	17	2	18	88	19	9	20	56	21	7	22	57	23	25	24	9	25	72	26	77	27	66	28	9	29	35	
	0	16	1	9	2	24	3	59	4	92	5	20	6	17	7	1	8	31	9	87	10	68	11	24	12	65	13	94	14	91	15	24	16	41	17	29	18	88	19	25	20	51	21	96	22	2	23	48	24	20	25	37	26	20	27	98	28	39	29	98	
	0	32	1	21	2	33	3	35	4	63	5	37	6	88	7	42	8	22	9	55	10	92	11	30	12	5	13	39	14	51	15	69	16	40	17	3	18	63	19	34	20	36	21	36	22	54	23	9	24	51	25	13	26	5	27	28	28	56	29	6	
	0	94	1	20	2	50	3	44	4	65	5	21	6	21	7	98	8	17	9	7	10	48	11	37	12	45	13	16	14	1	15	41	16	26	17	7	18	74	19	59	20	53	21	48	22	80	23	63	24	51	25	64	26	79	27	15	28	95	29	64	
	0	6	1	23	2	59	3	100	4	25	5	12	6	54	7	93	8	29	9	72	10	67	11	16	12	99	13	12	14	1	15	51	16	17	17	58	18	67	19	31	20	82	21	58	22	79	23	32	24	5	25	58	26	10	27	8	28	30	29	18	
	0	78	1	6	2	53	3	81	4	25	5	75	6	52	7	63	8	78	9	48	10	35	11	53	12	66	13	60	14	27	15	91	16	49	17	58	18	56	19	18	20	6	21	62	22	56	23	73	24	5	25	68	26	30	27	50	28	37	29	57	
	0	12	1	1	2	99	3	63	4	17	5	12	6	26	7	69	8	38	9	95	10	55	11	51	12	32	13	17	14	17	15	92	16	55	17	81	18	55	19	89	20	83	21	61	22	95	23	71	24	36	25	84	26	83	27	21	28	20	29	50	
	0	73	1	48	2	36	3	50	4	44	5	1	6	55	7	13	8	99	9	1	10	44	11	18	12	83	13	72	14	51	15	47	16	5	17	23	18	41	19	17	20	56	21	40	22	13	23	80	24	17	25	44	26	74	27	54	28	90	29	32	
	0	50	1	30	2	69	3	97	4	88	5	7	6	83	7	77	8	98	9	87	10	59	11	84	12	43	13	90	14	73	15	37	16	69	17	10	18	5	19	38	20	11	21	96	22	73	23	6	24	70	25	2	26	36	27	33	28	34	29	56	
	0	28	1	3	2	28	3	79	4	31	5	19	6	42	7	17	8	82	9	76	10	23	11	6	12	19	13	81	14	57	15	23	16	41	17	100	18	25	19	89	20	62	21	97	22	70	23	18	24	9	25	57	26	3	27	56	28	98	29	91	
	0	27	1	35	2	95	3	40	4	47	5	48	6	100	7	67	8	63	9	43	10	15	11	20	12	97	13	87	14	83	15	24	16	59	17	67	18	88	19	31	20	96	21	65	22	32	23	38	24	87	25	74	26	68	27	92	28	31	29	61	
	0	61	1	77	2	27	3	100	4	46	5	62	6	98	7	81	8	92	9	72	10	43	11	11	12	17	13	90	14	48	15	13	16	70	17	15	18	93	19	8	20	68	21	85	22	77	23	52	24	18	25	88	26	4	27	5	28	54	29	75	
	0	95	1	13	2	29	3	57	4	64	5	18	6	73	7	72	8	74	9	14	10	70	11	51	12	86	13	67	14	25	15	63	16	77	17	44	18	29	19	67	20	19	21	63	22	27	23	29	24	40	25	93	26	53	27	5	28	30	29	56	
	0	47	1	38	2	26	3	4	4	84	5	12	6	12	7	72	8	44	9	16	10	86	11	76	12	39	13	67	14	64	15	100	16	5	17	49	18	31	19	80	20	60	21	59	22	17	23	80	24	8	25	53	26	78	27	100	28	49	29	34	
	0	53	1	93	2	60	3	9	4	96	5	26	6	92	7	52	8	37	9	41	10	100	11	17	12	46	13	10	14	75	15	69	16	33	17	46	18	27	19	74	20	83	21	26	22	46	23	49	24	27	25	71	26	83	27	35	28	82	29	50	
	0	58	1	54	2	72	3	16	4	15	5	92	6	58	7	44	8	73	9	81	10	60	11	82	12	59	13	18	14	39	15	20	16	5	17	20	18	69	19	40	20	25	21	41	22	100	23	85	24	96	25	5	26	44	27	23	28	96	29	93	
	0	16	1	86	2	43	3	25	4	33	5	59	6	62	7	35	8	80	9	37	10	53	11	74	12	65	13	31	14	79	15	73	16	56	17	19	18	90	19	97	20	52	21	20	22	49	23	33	24	83	25	29	26	74	27	28	28	94	29	77	
	0	39	1	2	2	49	3	28	4	60	5	36	6	91	7	40	8	4	9	63	10	68	11	34	12	10	13	56	14	20	15	7	16	79	17	49	18	50	19	54	20	5	21	12	22	37	23	52	24	2	25	64	26	55	27	39	28	55	29	97	
	0	63	1	41	2	48	3	66	4	13	5	65	6	19	7	99	8	9	9	84	10	69	11	50	12	48	13	65	14	64	15	74	16	9	17	100	18	23	19	41	20	20	21	93	22	19	23	24	24	18	25	85	26	28	27	49	28	100	29	2	
	0	24	1	81	2	25	3	71	4	8	5	45	6	54	7	79	8	14	9	89	10	77	11	47	12	2	13	57	14	52	15	80	16	65	17	52	18	12	19	44	20	11	21	39	22	66	23	28	24	80	25	25	26	13	27	7	28	80	29	43	
	0	6	1	14	2	89	3	24	4	2	5	82	6	46	7	10	8	10	9	52	10	73	11	43	12	1	13	36	14	77	15	12	16	39	17	67	18	67	19	16	20	9	21	72	22	27	23	10	24	17	25	36	26	84	27	88	28	64	29	85	
	0	24	1	40	2	75	3	11	4	85	5	37	6	79	7	72	8	34	9	11	10	77	11	88	12	18	13	44	14	82	15	1	16	51	17	43	18	73	19	28	20	94	21	56	22	63	23	79	24	92	25	78	26	28	27	76	28	14	29	21	
	0	1	1	72	2	54	3	27	4	8	5	18	6	9	7	72	8	64	9	51	10	64	11	79	12	62	13	73	14	71	15	13	16	53	17	68	18	41	19	71	20	19	21	81	22	12	23	64	24	96	25	47	26	36	27	23	28	8	29	76	
	0	7	1	79	2	13	3	72	4	72	5	80	6	87	7	30	8	77	9	94	10	33	11	52	12	56	13	18	14	77	15	13	16	4	17	98	18	12	19	54	20	14	21	82	22	56	23	49	24	26	25	57	26	30	27	82	28	73	29	73	
	0	12	1	61	2	94	3	98	4	88	5	37	6	76	7	34	8	11	9	43	10	72	11	43	12	30	13	58	14	14	15	72	16	99	17	95	18	10	19	57	20	60	21	95	22	30	23	85	24	4	25	76	26	87	27	70	28	39	29	9	
	0	34	1	80	2	9	3	74	4	16	5	83	6	66	7	23	8	30	9	59	10	33	11	45	12	23	13	90	14	59	15	83	16	83	17	45	18	43	19	84	20	81	21	1	22	41	23	30	24	37	25	45	26	76	27	47	28	85	29	96	
	0	45	1	96	2	7	3	24	4	30	5	31	6	5	7	2	8	11	9	73	10	20	11	18	12	68	13	25	14	45	15	28	16	15	17	21	18	1	19	53	20	42	21	91	22	49	23	16	24	70	25	56	26	68	27	24	28	87	29	57	
	0	25	1	34	2	85	3	71	4	44	5	41	6	23	7	28	8	8	9	58	10	22	11	12	12	63	13	7	14	25	15	18	16	91	17	76	18	72	19	49	20	42	21	96	22	39	23	24	24	37	25	54	26	85	27	6	28	37	29	32	
	0	82	1	18	2	19	3	85	4	27	5	9	6	14	7	63	8	53	9	30	10	66	11	100	12	5	13	24	14	96	15	98	16	75	17	5	18	9	19	95	20	97	21	71	22	57	23	46	24	38	25	63	26	86	27	16	28	81	29	73	
	0	2	1	19	2	32	3	39	4	46	5	69	6	43	7	91	8	79	9	2	10	95	11	4	12	31	13	67	14	99	15	69	16	57	17	63	18	94	19	52	20	91	21	76	22	81	23	62	24	18	25	67	26	72	27	68	28	12	29	22	
	0	97	1	4	2	54	3	23	4	2	5	90	6	27	7	73	8	1	9	13	10	25	11	2	12	37	13	38	14	99	15	24	16	11	17	11	18	52	19	42	20	43	21	13	22	100	23	48	24	45	25	84	26	54	27	84	28	64	29	20	
	0	18	1	47	2	15	3	37	4	84	5	26	6	23	7	25	8	81	9	82	10	89	11	59	12	35	13	55	14	68	15	16	16	69	17	22	18	3	19	73	20	28	21	39	22	9	23	43	24	29	25	90	26	54	27	51	28	27	29	91	
	0	19	1	14	2	73	3	47	4	1	5	6	6	51	7	2	8	43	9	52	10	73	11	35	12	78	13	48	14	97	15	50	16	71	17	59	18	37	19	18	20	77	21	92	22	14	23	22	24	4	25	15	26	89	27	35	28	22	29	16	
	0	67	1	29	2	20	3	27	4	44	5	32	6	48	7	37	8	68	9	65	10	83	11	69	12	63	13	16	14	70	15	82	16	3	17	65	18	63	19	34	20	97	21	92	22	46	23	76	24	68	25	7	26	61	27	72	28	81	29	63	
	0	2	1	91	2	88	3	22	4	19	5	62	6	61	7	43	8	72	9	18	10	44	11	41	12	26	13	66	14	95	15	22	16	55	17	55	18	17	19	81	20	27	21	25	22	27	23	99	24	50	25	85	26	51	27	78	28	32	29	74	
	0	97	1	32	2	94	3	63	4	20	5	42	6	65	7	15	8	1	9	22	10	53	11	71	12	92	13	5	14	53	15	22	16	16	17	9	18	39	19	88	20	44	21	90	22	60	23	81	24	95	25	63	26	93	27	82	28	68	29	44	
	0	7	1	13	2	41	3	21	4	70	5	29	6	14	7	2	8	18	9	34	10	43	11	41	12	47	13	14	14	39	15	56	16	59	17	78	18	71	19	24	20	68	21	20	22	99	23	29	24	33	25	13	26	55	27	41	28	55	29	4	
	0	6	1	43	2	9	3	53	4	4	5	80	6	61	7	61	8	15	9	44	10	40	11	43	12	33	13	55	14	10	15	56	16	65	17	68	18	80	19	5	20	51	21	60	22	47	23	1	24	73	25	36	26	98	27	21	28	33	29	37	
	0	40	1	95	2	1	3	88	4	27	5	75	6	51	7	17	8	37	9	43	10	13	11	33	12	89	13	55	14	40	15	93	16	70	17	25	18	18	19	60	20	97	21	99	22	73	23	44	24	61	25	17	26	4	27	29	28	44	29	30	
	0	73	1	2	2	12	3	15	4	73	5	83	6	67	7	19	8	85	9	34	10	29	11	79	12	10	13	38	14	73	15	45	16	59	17	11	18	15	19	69	20	90	21	4	22	29	23	56	24	61	25	9	26	88	27	61	28	55	29	54	
	0	42	1	38	2	93	3	12	4	34	5	68	6	14	7	5	8	41	9	75	10	19	11	88	12	40	13	80	14	8	15	9	16	15	17	86	18	44	19	7	20	92	21	51	22	57	23	91	24	85	25	44	26	62	27	83	28	28	29	29	
	0	67	1	88	2	49	3	99	4	59	5	88	6	32	7	93	8	57	9	52	10	35	11	17	12	93	13	29	14	67	15	87	16	69	17	56	18	27	19	16	20	76	21	48	22	19	23	61	24	100	25	59	26	40	27	8	28	25	29	28	
	0	55	1	68	2	34	3	12	4	100	5	37	6	91	7	98	8	92	9	27	10	32	11	89	12	96	13	40	14	98	15	81	16	99	17	96	18	52	19	61	20	10	21	81	22	22	23	72	24	78	25	29	26	97	27	47	28	6	29	43	
	0	46	1	39	2	96	3	52	4	94	5	60	6	11	7	18	8	2	9	53	10	16	11	94	12	81	13	45	14	61	15	88	16	19	17	67	18	70	19	79	20	61	21	58	22	31	23	68	24	32	25	99	26	75	27	91	28	62	29	79	
	0	60	1	22	2	81	3	82	4	39	5	43	6	22	7	30	8	15	9	4	10	84	11	82	12	94	13	98	14	39	15	26	16	4	17	30	18	12	19	80	20	9	21	15	22	29	23	25	24	94	25	98	26	15	27	6	28	88	29	73	
	0	78	1	83	2	85	3	96	4	69	5	69	6	91	7	54	8	13	9	29	10	51	11	34	12	57	13	88	14	79	15	50	16	18	17	42	18	77	19	36	20	60	21	91	22	24	23	18	24	46	25	4	26	4	27	62	28	14	29	17	
	0	82	1	65	2	49	3	11	4	38	5	89	6	2	7	93	8	98	9	84	10	21	11	64	12	60	13	29	14	48	15	8	16	55	17	3	18	86	19	91	20	55	21	52	22	61	23	5	24	47	25	54	26	98	27	2	28	40	29	28	
	0	58	1	27	2	57	3	17	4	36	5	23	6	66	7	57	8	30	9	66	10	58	11	51	12	2	13	5	14	13	15	55	16	90	17	45	18	66	19	13	20	20	21	79	22	94	23	62	24	92	25	1	26	2	27	28	28	40	29	78	
	0	59	1	28	2	3	3	92	4	13	5	82	6	61	7	63	8	69	9	20	10	47	11	71	12	64	13	57	14	2	15	26	16	50	17	46	18	11	19	32	20	20	21	16	22	66	23	28	24	30	25	57	26	72	27	72	28	36	29	99	
	0	12	1	50	2	16	3	31	4	64	5	57	6	54	7	23	8	10	9	87	10	96	11	27	12	53	13	97	14	37	15	39	16	43	17	49	18	64	19	62	20	14	21	100	22	53	23	20	24	22	25	64	26	48	27	49	28	71	29	9	
	0	47	1	69	2	22	3	73	4	8	5	24	6	82	7	86	8	47	9	63	10	73	11	95	12	26	13	5	14	22	15	59	16	63	17	25	18	71	19	45	20	22	21	33	22	72	23	14	24	48	25	76	26	35	27	17	28	40	29	82	
	0	85	1	65	2	82	3	100	4	94	5	30	6	10	7	95	8	17	9	78	10	38	11	57	12	16	13	67	14	20	15	55	16	44	17	93	18	11	19	94	20	52	21	90	22	53	23	5	24	60	25	10	26	39	27	61	28	57	29	33	
	0	21	1	80	2	71	3	76	4	4	5	97	6	92	7	59	8	82	9	32	10	4	11	18	12	6	13	62	14	31	15	51	16	21	17	7	18	83	19	85	20	81	21	64	22	89	23	91	24	64	25	65	26	99	27	3	28	36	29	27	
	0	20	1	47	2	63	3	16	4	77	5	65	6	2	7	84	8	21	9	19	10	41	11	96	12	20	13	17	14	82	15	66	16	92	17	92	18	46	19	51	20	9	21	20	22	72	23	81	24	94	25	58	26	71	27	18	28	33	29	93	
	0	77	1	30	2	28	3	78	4	59	5	49	6	75	7	92	8	77	9	28	10	88	11	30	12	70	13	38	14	45	15	20	16	11	17	68	18	24	19	24	20	61	21	47	22	91	23	81	24	62	25	26	26	20	27	86	28	15	29	46	
	0	22	1	5	2	76	3	57	4	10	5	88	6	8	7	32	8	16	9	98	10	91	11	22	12	89	13	20	14	22	15	75	16	22	17	2	18	66	19	30	20	20	21	68	22	65	23	73	24	56	25	1	26	82	27	82	28	41	29	47	
	0	88	1	7	2	17	3	11	4	34	5	58	6	96	7	40	8	6	9	47	10	77	11	35	12	65	13	6	14	68	15	1	16	52	17	9	18	36	19	60	20	61	21	58	22	6	23	64	24	43	25	75	26	34	27	19	28	55	29	15	
	0	59	1	45	2	84	3	41	4	7	5	90	6	92	7	51	8	92	9	46	10	30	11	64	12	18	13	98	14	39	15	8	16	57	17	61	18	88	19	22	20	43	21	53	22	73	23	73	24	64	25	21	26	33	27	12	28	38	29	100	
	0	51	1	71	2	8	3	68	4	85	5	86	6	91	7	74	8	100	9	89	10	37	11	54	12	24	13	58	14	46	15	35	16	21	17	4	18	60	19	31	20	75	21	93	22	34	23	58	24	54	25	55	26	49	27	61	28	71	29	32	
	0	56	1	47	2	28	3	79	4	18	5	56	6	11	7	76	8	70	9	37	10	98	11	11	12	15	13	67	14	10	15	18	16	26	17	24	18	47	19	13	20	94	21	77	22	32	23	43	24	74	25	98	26	52	27	23	28	73	29	69	
	0	76	1	44	2	15	3	26	4	99	5	75	6	40	7	25	8	81	9	86	10	72	11	4	12	20	13	95	14	91	15	67	16	82	17	11	18	18	19	50	20	4	21	13	22	17	23	43	24	59	25	74	26	47	27	90	28	31	29	6	
	0	29	1	42	2	88	3	3	4	56	5	45	6	96	7	75	8	27	9	51	10	19	11	4	12	40	13	17	14	45	15	43	16	47	17	9	18	8	19	25	20	37	21	87	22	86	23	30	24	7	25	87	26	13	27	60	28	72	29	82	
	0	42	1	64	2	23	3	82	4	40	5	53	6	87	7	37	8	47	9	78	10	77	11	54	12	22	13	71	14	59	15	12	16	33	17	20	18	100	19	17	20	47	21	44	22	12	23	55	24	7	25	60	26	39	27	26	28	90	29	45	
	0	70	1	37	2	39	3	33	4	57	5	15	6	19	7	35	8	91	9	98	10	8	11	17	12	88	13	6	14	1	15	22	16	37	17	12	18	99	19	90	20	75	21	71	22	59	23	25	24	54	25	17	26	93	27	53	28	45	29	100	
	0	69	1	95	2	92	3	71	4	60	5	65	6	62	7	31	8	74	9	99	10	25	11	27	12	47	13	40	14	6	15	75	16	88	17	65	18	38	19	78	20	25	21	76	22	91	23	19	24	69	25	7	26	68	27	46	28	38	29	39	
	0	2	1	69	2	62	3	92	4	28	5	93	6	43	7	75	8	46	9	100	10	16	11	79	12	100	13	72	14	100	15	75	16	57	17	49	18	36	19	9	20	57	21	18	22	69	23	43	24	76	25	93	26	100	27	98	28	98	29	98	
	0	35	1	12	2	16	3	9	4	86	5	7	6	3	7	31	8	54	9	53	10	73	11	20	12	5	13	23	14	77	15	46	16	11	17	42	18	60	19	1	20	69	21	4	22	54	23	14	24	96	25	3	26	26	27	13	28	81	29	78	
	0	84	1	55	2	73	3	97	4	9	5	52	6	32	7	89	8	52	9	64	10	10	11	61	12	11	13	45	14	34	15	85	16	32	17	61	18	7	19	100	20	76	21	25	22	65	23	24	24	79	25	1	26	63	27	68	28	50	29	64	
	0	47	1	20	2	77	3	100	4	50	5	5	6	55	7	31	8	48	9	44	10	45	11	57	12	60	13	19	14	89	15	74	16	94	17	87	18	81	19	16	20	6	21	26	22	91	23	14	24	22	25	81	26	50	27	17	28	36	29	54	
	0	62	1	36	2	58	3	91	4	14	5	79	6	63	7	83	8	48	9	100	10	47	11	98	12	39	13	37	14	2	15	73	16	21	17	30	18	53	19	12	20	43	21	88	22	46	23	92	24	22	25	24	26	24	27	77	28	31	29	10	
	0	92	1	20	2	8	3	86	4	47	5	71	6	78	7	64	8	71	9	70	10	79	11	24	12	92	13	15	14	74	15	73	16	77	17	73	18	85	19	23	20	92	21	49	22	90	23	80	24	65	25	13	26	38	27	56	28	50	29	18	
	0	8	1	53	2	15	3	16	4	35	5	46	6	1	7	97	8	46	9	12	10	12	11	59	12	57	13	96	14	28	15	9	16	45	17	100	18	80	19	60	20	8	21	16	22	75	23	49	24	4	25	77	26	93	27	7	28	70	29	36	
	0	96	1	39	2	15	3	74	4	36	5	48	6	39	7	64	8	73	9	68	10	58	11	47	12	53	13	94	14	24	15	6	16	6	17	98	18	33	19	95	20	61	21	70	22	26	23	84	24	13	25	36	26	11	27	86	28	99	29	68	
	0	90	1	73	2	71	3	49	4	8	5	40	6	41	7	72	8	36	9	53	10	17	11	44	12	21	13	60	14	57	15	34	16	14	17	7	18	62	19	53	20	37	21	1	22	83	23	71	24	99	25	5	26	70	27	98	28	20	29	76	
	0	95	1	93	2	62	3	96	4	18	5	87	6	45	7	23	8	41	9	98	10	70	11	99	12	4	13	93	14	53	15	27	16	70	17	53	18	65	19	32	20	21	21	2	22	38	23	51	24	70	25	30	26	15	27	14	28	14	29	43	
	0	2	1	14	2	41	3	42	4	22	5	31	6	10	7	53	8	4	9	48	10	67	11	60	12	70	13	35	14	76	15	76	16	83	17	46	18	70	19	1	20	23	21	35	22	58	23	58	24	52	25	32	26	37	27	25	28	11	29	39	
	0	50	1	76	2	10	3	13	4	77	5	78	6	99	7	56	8	62	9	95	10	57	11	23	12	57	13	79	14	46	15	42	16	5	17	100	18	62	19	30	20	55	21	3	22	95	23	6	24	50	25	8	26	66	27	65	28	25	29	62	
	0	82	1	64	2	6	3	24	4	44	5	85	6	82	7	15	8	67	9	41	10	66	11	22	12	2	13	19	14	77	15	99	16	68	17	42	18	68	19	37	20	76	21	89	22	71	23	31	24	37	25	55	26	24	27	8	28	69	29	62	
	0	27	1	97	2	51	3	21	4	97	5	24	6	7	7	41	8	26	9	75	10	84	11	72	12	15	13	60	14	68	15	73	16	96	17	100	18	87	19	72	20	64	21	76	22	69	23	7	24	91	25	40	26	62	27	24	28	81	29	31	
	0	61	1	6	2	37	3	84	4	100	5	62	6	99	7	23	8	8	9	13	10	88	11	11	12	5	13	51	14	20	15	68	16	10	17	84	18	75	19	21	20	55	21	73	22	37	23	88	24	67	25	99	26	43	27	47	28	64	29	95	
	0	52	1	59	2	6	3	1	4	28	5	97	6	81	7	87	8	96	9	77	10	59	11	58	12	71	13	98	14	90	15	40	16	34	17	63	18	6	19	45	20	64	21	8	22	76	23	23	24	8	25	69	26	52	27	34	28	63	29	16	
	0	69	1	58	2	49	3	51	4	7	5	100	6	44	7	37	8	100	9	84	10	34	11	86	12	55	13	40	14	53	15	70	16	43	17	34	18	16	19	11	20	97	21	11	22	80	23	27	24	98	25	68	26	60	27	95	28	17	29	71	
	0	75	1	39	2	4	3	8	4	1	5	28	6	100	7	59	8	89	9	80	10	94	11	9	12	50	13	98	14	6	15	94	16	44	17	97	18	29	19	56	20	98	21	3	22	47	23	87	24	79	25	95	26	98	27	82	28	18	29	19	
	0	37	1	71	2	78	3	24	4	41	5	88	6	63	7	52	8	47	9	1	10	63	11	34	12	68	13	74	14	14	15	18	16	69	17	64	18	53	19	84	20	30	21	60	22	5	23	15	24	63	25	92	26	52	27	39	28	51	29	63	
	0	1	1	16	2	33	3	14	4	62	5	66	6	100	7	4	8	71	9	77	10	94	11	26	12	58	13	58	14	17	15	35	16	85	17	81	18	54	19	91	20	80	21	39	22	88	23	37	24	48	25	12	26	70	27	63	28	81	29	17	
	0	53	1	42	2	61	3	18	4	69	5	87	6	90	7	46	8	49	9	95	10	90	11	26	12	93	13	76	14	97	15	34	16	73	17	80	18	100	19	28	20	41	21	43	22	29	23	41	24	18	25	75	26	56	27	96	28	23	29	76	
	0	65	1	95	2	64	3	94	4	79	5	14	6	16	7	6	8	5	9	96	10	92	11	25	12	68	13	92	14	90	15	72	16	78	17	84	18	44	19	77	20	94	21	53	22	26	23	71	24	12	25	76	26	28	27	93	28	8	29	49	
	0	75	1	38	2	91	3	74	4	12	5	29	6	82	7	67	8	7	9	80	10	48	11	52	12	58	13	69	14	15	15	33	16	19	17	1	18	67	19	73	20	2	21	6	22	79	23	42	24	28	25	4	26	93	27	90	28	94	29	21	
	0	12	1	95	2	50	3	25	4	49	5	9	6	65	7	34	8	39	9	21	10	73	11	56	12	100	13	74	14	38	15	85	16	34	17	80	18	100	19	88	20	42	21	28	22	23	23	68	24	8	25	51	26	68	27	49	28	44	29	48	