100 40 1
40
	0	13	1	27	2	105	3	83	4	50	5	73	6	46	7	45	8	87	9	40	10	94	11	48	12	41	13	31	14	95	15	83	16	47	17	4	18	87	19	87	20	56	21	43	22	115	23	36	24	27	25	65	26	44	27	33	28	10	29	73	30	101	31	13	32	50	33	104	34	23	35	81	36	32	37	42	38	78	39	63	
	0	25	1	27	2	112	3	83	4	34	5	64	6	34	7	41	8	84	9	44	10	97	11	49	12	56	13	37	14	91	15	72	16	48	17	12	18	75	19	82	20	58	21	44	22	110	23	23	24	27	25	68	26	36	27	28	28	24	29	85	30	93	31	3	32	58	33	101	34	18	35	82	36	24	37	39	38	77	39	70	
	0	21	1	40	2	106	3	90	4	36	5	75	6	36	7	57	8	86	9	40	10	95	11	57	12	42	13	29	14	108	15	90	16	55	17	18	18	78	19	74	20	50	21	55	22	99	23	28	24	35	25	67	26	34	27	37	28	26	29	81	30	103	31	18	32	42	33	91	34	35	35	81	36	24	37	36	38	85	39	75	
	0	15	1	28	2	94	3	79	4	50	5	70	6	46	7	51	8	97	9	32	10	87	11	52	12	52	13	24	14	99	15	75	16	45	17	15	18	89	19	77	20	50	21	53	22	110	23	29	24	16	25	78	26	42	27	29	28	8	29	76	30	95	31	20	32	45	33	95	34	21	35	72	36	22	37	53	38	88	39	79	
	0	23	1	31	2	113	3	87	4	32	5	64	6	30	7	52	8	93	9	28	10	93	11	48	12	49	13	35	14	98	15	73	16	51	17	22	18	77	19	70	20	42	21	55	22	106	23	25	24	34	25	72	26	29	27	37	28	10	29	84	30	109	31	5	32	60	33	98	34	29	35	70	36	25	37	53	38	78	39	69	
	0	24	1	26	2	99	3	84	4	44	5	83	6	46	7	50	8	90	9	31	10	101	11	56	12	48	13	32	14	100	15	85	16	52	17	15	18	85	19	70	20	45	21	57	22	112	23	40	24	18	25	59	26	37	27	30	28	26	29	75	30	107	31	20	32	54	33	93	34	37	35	75	36	15	37	49	38	90	39	78	
	0	11	1	39	2	103	3	94	4	38	5	72	6	43	7	60	8	91	9	37	10	88	11	59	12	60	13	23	14	95	15	77	16	42	17	15	18	79	19	68	20	48	21	57	22	111	23	33	24	16	25	71	26	35	27	32	28	18	29	68	30	103	31	14	32	45	33	106	34	33	35	82	36	22	37	44	38	91	39	68	
	0	9	1	33	2	108	3	80	4	36	5	69	6	28	7	52	8	86	9	44	10	93	11	47	12	53	13	23	14	97	15	81	16	47	17	17	18	93	19	72	20	58	21	57	22	101	23	40	24	33	25	73	26	33	27	29	28	24	29	75	30	107	31	3	32	43	33	104	34	32	35	84	36	26	37	41	38	79	39	77	
	0	16	1	34	2	111	3	80	4	45	5	68	6	29	7	51	8	99	9	31	10	102	11	53	12	46	13	38	14	104	15	73	16	60	17	9	18	78	19	74	20	58	21	55	22	113	23	24	24	30	25	73	26	43	27	38	28	20	29	79	30	100	31	3	32	53	33	99	34	26	35	69	36	30	37	50	38	83	39	66	
	0	22	1	35	2	97	3	89	4	41	5	78	6	30	7	46	8	102	9	35	10	94	11	55	12	42	13	31	14	108	15	81	16	43	17	20	18	76	19	83	20	58	21	51	22	115	23	26	24	21	25	74	26	31	27	33	28	26	29	82	30	106	31	2	32	56	33	92	34	27	35	79	36	15	37	54	38	83	39	74	
	0	16	1	40	2	102	3	97	4	33	5	79	6	33	7	43	8	98	9	35	10	95	11	62	12	51	13	38	14	96	15	90	16	50	17	11	18	94	19	78	20	48	21	47	22	101	23	33	24	25	25	59	26	29	27	28	28	18	29	84	30	104	31	18	32	52	33	101	34	24	35	74	36	24	37	54	38	88	39	75	
	0	10	1	39	2	100	3	93	4	35	5	68	6	34	7	57	8	86	9	28	10	103	11	61	12	46	13	28	14	93	15	79	16	46	17	9	18	90	19	75	20	44	21	45	22	110	23	35	24	18	25	65	26	40	27	39	28	7	29	72	30	107	31	12	32	50	33	96	34	32	35	72	36	19	37	36	38	90	39	80	
	0	28	1	41	2	104	3	95	4	32	5	64	6	36	7	54	8	93	9	43	10	105	11	43	12	53	13	23	14	109	15	79	16	58	17	18	18	80	19	78	20	50	21	56	22	101	23	25	24	26	25	74	26	33	27	29	28	14	29	73	30	101	31	2	32	41	33	98	34	23	35	82	36	22	37	43	38	79	39	69	
	0	12	1	33	2	108	3	95	4	33	5	66	6	40	7	54	8	103	9	34	10	91	11	59	12	58	13	33	14	97	15	76	16	56	17	4	18	76	19	85	20	49	21	45	22	110	23	27	24	23	25	64	26	45	27	26	28	10	29	76	30	102	31	17	32	50	33	90	34	24	35	85	36	27	37	51	38	89	39	75	
	0	18	1	35	2	102	3	91	4	45	5	67	6	37	7	53	8	89	9	31	10	90	11	53	12	48	13	22	14	100	15	78	16	51	17	20	18	86	19	76	20	41	21	44	22	114	23	29	24	31	25	70	26	33	27	36	28	21	29	73	30	104	31	3	32	56	33	91	34	28	35	73	36	26	37	46	38	79	39	74	
	0	18	1	33	2	95	3	93	4	44	5	75	6	33	7	49	8	100	9	31	10	87	11	48	12	56	13	22	14	94	15	89	16	51	17	18	18	75	19	78	20	41	21	52	22	100	23	22	24	27	25	72	26	48	27	37	28	9	29	75	30	101	31	6	32	47	33	102	34	22	35	72	36	17	37	54	38	95	39	75	
	0	13	1	29	2	104	3	83	4	51	5	77	6	42	7	41	8	96	9	28	10	91	11	45	12	56	13	20	14	96	15	75	16	56	17	21	18	80	19	81	20	39	21	54	22	107	23	33	24	25	25	67	26	37	27	22	28	15	29	69	30	108	31	18	32	57	33	91	34	27	35	85	36	17	37	55	38	87	39	68	
	0	23	1	28	2	100	3	90	4	51	5	64	6	37	7	50	8	100	9	30	10	99	11	62	12	41	13	38	14	109	15	82	16	56	17	18	18	77	19	85	20	52	21	45	22	110	23	26	24	24	25	73	26	40	27	26	28	21	29	79	30	104	31	10	32	59	33	101	34	35	35	82	36	32	37	50	38	92	39	63	
	0	17	1	27	2	113	3	84	4	39	5	82	6	39	7	55	8	91	9	30	10	93	11	45	12	46	13	27	14	90	15	79	16	46	17	11	18	86	19	73	20	54	21	45	22	105	23	40	24	21	25	63	26	30	27	39	28	17	29	83	30	101	31	13	32	60	33	95	34	24	35	74	36	33	37	43	38	91	39	67	
	0	12	1	33	2	97	3	89	4	46	5	81	6	36	7	49	8	103	9	42	10	105	11	59	12	55	13	24	14	92	15	73	16	49	17	10	18	88	19	73	20	57	21	44	22	101	23	39	24	29	25	59	26	39	27	28	28	10	29	81	30	97	31	9	32	43	33	106	34	35	35	80	36	30	37	45	38	90	39	79	
	0	26	1	37	2	106	3	84	4	39	5	66	6	34	7	58	8	96	9	35	10	102	11	58	12	47	13	22	14	91	15	79	16	57	17	4	18	82	19	75	20	55	21	51	22	113	23	39	24	29	25	66	26	34	27	36	28	15	29	72	30	110	31	21	32	58	33	89	34	33	35	70	36	26	37	53	38	95	39	70	
	0	24	1	23	2	99	3	94	4	36	5	67	6	44	7	56	8	90	9	31	10	105	11	56	12	44	13	29	14	92	15	71	16	44	17	23	18	89	19	75	20	46	21	43	22	112	23	28	24	33	25	72	26	46	27	25	28	26	29	72	30	106	31	21	32	44	33	96	34	24	35	79	36	28	37	48	38	94	39	69	
	0	22	1	34	2	105	3	83	4	47	5	75	6	33	7	44	8	88	9	40	10	94	11	59	12	60	13	23	14	104	15	75	16	56	17	16	18	79	19	82	20	47	21	58	22	103	23	40	24	22	25	73	26	42	27	41	28	18	29	70	30	103	31	10	32	54	33	104	34	23	35	77	36	28	37	48	38	78	39	67	
	0	9	1	30	2	99	3	85	4	33	5	74	6	45	7	53	8	98	9	45	10	88	11	58	12	51	13	20	14	104	15	80	16	41	17	16	18	88	19	87	20	51	21	55	22	105	23	39	24	29	25	65	26	35	27	36	28	11	29	73	30	100	31	19	32	58	33	89	34	35	35	81	36	21	37	44	38	85	39	74	
	0	26	1	37	2	107	3	79	4	33	5	69	6	36	7	45	8	87	9	43	10	100	11	46	12	51	13	38	14	100	15	88	16	54	17	18	18	82	19	85	20	56	21	54	22	114	23	39	24	21	25	66	26	30	27	39	28	19	29	80	30	100	31	8	32	55	33	104	34	30	35	74	36	21	37	38	38	77	39	80	
	0	25	1	30	2	103	3	84	4	35	5	76	6	39	7	46	8	96	9	36	10	95	11	62	12	43	13	30	14	95	15	79	16	50	17	22	18	91	19	70	20	55	21	56	22	113	23	26	24	18	25	76	26	34	27	36	28	10	29	78	30	111	31	14	32	50	33	93	34	30	35	85	36	21	37	38	38	77	39	71	
	0	13	1	26	2	102	3	96	4	44	5	70	6	38	7	45	8	90	9	36	10	87	11	43	12	47	13	32	14	98	15	86	16	59	17	7	18	86	19	71	20	49	21	41	22	113	23	27	24	19	25	70	26	45	27	30	28	19	29	83	30	106	31	2	32	57	33	97	34	29	35	75	36	16	37	45	38	87	39	76	
	0	25	1	31	2	108	3	97	4	32	5	79	6	40	7	60	8	92	9	43	10	104	11	52	12	42	13	31	14	100	15	75	16	53	17	11	18	88	19	86	20	40	21	51	22	103	23	31	24	20	25	75	26	47	27	28	28	7	29	68	30	96	31	19	32	42	33	105	34	28	35	87	36	23	37	54	38	93	39	70	
	0	22	1	39	2	105	3	80	4	37	5	71	6	35	7	60	8	103	9	27	10	88	11	58	12	51	13	39	14	91	15	88	16	58	17	17	18	84	19	87	20	45	21	47	22	115	23	31	24	23	25	59	26	29	27	38	28	23	29	72	30	93	31	20	32	45	33	89	34	26	35	70	36	23	37	37	38	88	39	65	
	0	21	1	30	2	101	3	95	4	51	5	72	6	41	7	57	8	103	9	32	10	95	11	61	12	42	13	20	14	93	15	77	16	44	17	14	18	93	19	87	20	55	21	53	22	101	23	23	24	17	25	66	26	35	27	30	28	12	29	68	30	102	31	16	32	43	33	105	34	31	35	82	36	26	37	42	38	88	39	61	
	0	19	1	39	2	99	3	81	4	51	5	80	6	46	7	43	8	84	9	42	10	95	11	49	12	43	13	39	14	102	15	71	16	51	17	11	18	84	19	78	20	50	21	43	22	113	23	28	24	20	25	64	26	39	27	40	28	26	29	82	30	107	31	5	32	57	33	91	34	31	35	70	36	16	37	37	38	93	39	72	
	0	22	1	42	2	99	3	92	4	37	5	77	6	39	7	52	8	101	9	44	10	87	11	45	12	47	13	37	14	105	15	77	16	53	17	8	18	90	19	68	20	53	21	58	22	100	23	28	24	35	25	74	26	43	27	32	28	9	29	71	30	105	31	12	32	50	33	98	34	30	35	82	36	20	37	49	38	87	39	77	
	0	21	1	33	2	113	3	83	4	37	5	75	6	32	7	56	8	91	9	32	10	99	11	59	12	43	13	25	14	99	15	73	16	51	17	13	18	81	19	69	20	50	21	41	22	103	23	22	24	20	25	70	26	33	27	41	28	7	29	77	30	100	31	7	32	51	33	102	34	37	35	71	36	17	37	48	38	78	39	80	
	0	17	1	30	2	107	3	90	4	38	5	83	6	33	7	59	8	90	9	30	10	95	11	55	12	42	13	37	14	107	15	81	16	52	17	4	18	93	19	72	20	56	21	44	22	107	23	39	24	28	25	77	26	31	27	30	28	23	29	67	30	93	31	17	32	44	33	100	34	27	35	72	36	19	37	54	38	77	39	72	
	0	21	1	27	2	94	3	95	4	49	5	75	6	31	7	46	8	92	9	40	10	88	11	54	12	51	13	38	14	101	15	83	16	51	17	8	18	93	19	75	20	48	21	49	22	96	23	26	24	35	25	76	26	32	27	36	28	15	29	70	30	107	31	19	32	59	33	92	34	24	35	82	36	31	37	37	38	77	39	70	
	0	22	1	25	2	102	3	81	4	49	5	83	6	45	7	52	8	85	9	35	10	91	11	44	12	54	13	34	14	107	15	82	16	58	17	9	18	94	19	82	20	51	21	45	22	99	23	21	24	16	25	75	26	45	27	41	28	25	29	82	30	104	31	11	32	46	33	87	34	33	35	77	36	25	37	49	38	88	39	76	
	0	13	1	32	2	95	3	84	4	51	5	71	6	42	7	52	8	88	9	33	10	102	11	43	12	42	13	38	14	96	15	77	16	50	17	15	18	88	19	85	20	53	21	46	22	97	23	22	24	23	25	75	26	33	27	28	28	12	29	70	30	102	31	16	32	54	33	102	34	32	35	71	36	29	37	53	38	88	39	71	
	0	27	1	34	2	109	3	82	4	32	5	74	6	30	7	49	8	95	9	39	10	103	11	46	12	41	13	22	14	100	15	73	16	51	17	8	18	84	19	69	20	55	21	46	22	113	23	34	24	31	25	68	26	42	27	37	28	8	29	75	30	109	31	19	32	43	33	92	34	30	35	82	36	17	37	39	38	87	39	79	
	0	12	1	40	2	101	3	91	4	36	5	71	6	34	7	43	8	85	9	29	10	88	11	49	12	53	13	25	14	101	15	71	16	51	17	4	18	75	19	81	20	45	21	45	22	109	23	30	24	22	25	59	26	36	27	28	28	7	29	75	30	97	31	16	32	46	33	90	34	19	35	76	36	28	37	40	38	77	39	74	
	0	14	1	30	2	106	3	86	4	33	5	66	6	29	7	52	8	84	9	40	10	101	11	54	12	47	13	39	14	108	15	75	16	45	17	8	18	89	19	68	20	47	21	54	22	113	23	26	24	34	25	68	26	29	27	30	28	13	29	84	30	99	31	21	32	54	33	94	34	19	35	76	36	19	37	43	38	87	39	79	
	0	28	1	28	2	106	3	90	4	37	5	82	6	37	7	57	8	91	9	37	10	93	11	55	12	52	13	35	14	103	15	73	16	55	17	11	18	87	19	77	20	47	21	42	22	98	23	32	24	32	25	73	26	44	27	22	28	12	29	83	30	105	31	8	32	59	33	105	34	25	35	80	36	25	37	38	38	82	39	62	
	0	28	1	40	2	101	3	78	4	39	5	70	6	28	7	43	8	93	9	45	10	97	11	59	12	41	13	22	14	106	15	71	16	55	17	13	18	87	19	69	20	42	21	52	22	107	23	26	24	27	25	69	26	48	27	35	28	19	29	66	30	93	31	13	32	41	33	106	34	23	35	72	36	31	37	47	38	87	39	63	
	0	26	1	29	2	102	3	91	4	38	5	77	6	39	7	50	8	84	9	36	10	101	11	51	12	52	13	24	14	96	15	72	16	47	17	22	18	88	19	85	20	52	21	47	22	96	23	33	24	18	25	62	26	30	27	40	28	15	29	75	30	97	31	11	32	52	33	105	34	30	35	74	36	32	37	49	38	84	39	61	
	0	13	1	38	2	108	3	90	4	39	5	75	6	34	7	51	8	102	9	28	10	104	11	53	12	45	13	27	14	93	15	77	16	44	17	18	18	75	19	69	20	42	21	49	22	105	23	39	24	35	25	65	26	45	27	34	28	22	29	82	30	104	31	4	32	59	33	90	34	29	35	77	36	20	37	50	38	77	39	62	
	0	27	1	42	2	111	3	92	4	50	5	78	6	37	7	51	8	84	9	30	10	105	11	54	12	48	13	36	14	94	15	80	16	52	17	18	18	91	19	84	20	39	21	59	22	103	23	23	24	21	25	67	26	46	27	24	28	24	29	73	30	107	31	14	32	41	33	98	34	28	35	83	36	30	37	43	38	82	39	77	
	0	23	1	34	2	107	3	91	4	47	5	77	6	32	7	50	8	91	9	36	10	89	11	62	12	52	13	36	14	92	15	76	16	45	17	17	18	92	19	68	20	54	21	51	22	106	23	40	24	19	25	78	26	43	27	37	28	13	29	82	30	105	31	18	32	57	33	103	34	30	35	72	36	23	37	45	38	87	39	78	
	0	19	1	38	2	103	3	80	4	49	5	74	6	30	7	50	8	84	9	42	10	99	11	48	12	57	13	30	14	109	15	72	16	53	17	9	18	79	19	69	20	39	21	47	22	101	23	24	24	16	25	77	26	34	27	31	28	8	29	73	30	111	31	9	32	58	33	94	34	26	35	72	36	24	37	55	38	94	39	67	
	0	17	1	27	2	112	3	88	4	47	5	64	6	37	7	53	8	102	9	40	10	96	11	44	12	56	13	30	14	94	15	88	16	44	17	9	18	91	19	77	20	56	21	55	22	108	23	39	24	16	25	66	26	30	27	39	28	12	29	70	30	108	31	19	32	54	33	91	34	24	35	70	36	33	37	49	38	83	39	66	
	0	12	1	35	2	112	3	92	4	50	5	70	6	36	7	44	8	101	9	36	10	91	11	53	12	49	13	21	14	102	15	88	16	56	17	19	18	79	19	78	20	41	21	52	22	100	23	24	24	16	25	78	26	42	27	36	28	11	29	74	30	98	31	18	32	47	33	90	34	19	35	79	36	20	37	39	38	81	39	62	
	0	13	1	31	2	101	3	91	4	37	5	74	6	44	7	43	8	101	9	31	10	91	11	57	12	50	13	33	14	109	15	75	16	59	17	16	18	89	19	74	20	44	21	50	22	96	23	30	24	22	25	62	26	34	27	29	28	12	29	84	30	102	31	14	32	53	33	98	34	36	35	88	36	20	37	47	38	82	39	70	
	0	9	1	41	2	104	3	79	4	47	5	68	6	30	7	57	8	96	9	37	10	101	11	48	12	57	13	25	14	106	15	90	16	59	17	8	18	94	19	87	20	56	21	42	22	100	23	36	24	28	25	64	26	30	27	29	28	25	29	70	30	105	31	21	32	60	33	93	34	26	35	82	36	22	37	51	38	81	39	66	
	0	15	1	35	2	113	3	94	4	39	5	77	6	31	7	53	8	102	9	29	10	105	11	44	12	42	13	23	14	101	15	86	16	55	17	6	18	91	19	82	20	56	21	55	22	103	23	27	24	22	25	68	26	48	27	39	28	7	29	84	30	96	31	6	32	60	33	105	34	25	35	69	36	20	37	37	38	85	39	72	
	0	19	1	38	2	110	3	92	4	50	5	76	6	32	7	47	8	92	9	44	10	105	11	44	12	55	13	29	14	101	15	84	16	60	17	8	18	90	19	77	20	44	21	46	22	114	23	30	24	28	25	70	26	40	27	27	28	12	29	83	30	96	31	5	32	45	33	91	34	29	35	87	36	24	37	42	38	77	39	71	
	0	28	1	26	2	100	3	82	4	42	5	80	6	42	7	58	8	93	9	44	10	103	11	55	12	51	13	20	14	94	15	73	16	50	17	20	18	92	19	72	20	47	21	50	22	99	23	30	24	17	25	71	26	40	27	37	28	23	29	69	30	111	31	18	32	45	33	92	34	34	35	74	36	16	37	46	38	76	39	71	
	0	14	1	39	2	107	3	81	4	38	5	76	6	32	7	44	8	87	9	37	10	103	11	46	12	56	13	35	14	101	15	78	16	52	17	23	18	88	19	73	20	39	21	49	22	103	23	34	24	30	25	70	26	34	27	31	28	24	29	78	30	93	31	2	32	60	33	101	34	34	35	82	36	26	37	37	38	91	39	64	
	0	22	1	33	2	113	3	84	4	45	5	65	6	42	7	46	8	97	9	45	10	103	11	56	12	56	13	22	14	107	15	82	16	60	17	5	18	81	19	74	20	52	21	51	22	102	23	39	24	28	25	60	26	36	27	34	28	20	29	84	30	110	31	9	32	47	33	106	34	27	35	72	36	15	37	46	38	94	39	79	
	0	17	1	33	2	100	3	93	4	34	5	78	6	32	7	57	8	88	9	27	10	94	11	48	12	45	13	33	14	94	15	71	16	56	17	6	18	77	19	76	20	58	21	48	22	112	23	34	24	34	25	61	26	40	27	24	28	11	29	72	30	101	31	5	32	47	33	101	34	36	35	74	36	30	37	46	38	91	39	80	
	0	12	1	28	2	95	3	87	4	46	5	77	6	43	7	53	8	100	9	45	10	91	11	54	12	60	13	36	14	108	15	75	16	44	17	21	18	80	19	71	20	45	21	46	22	101	23	35	24	31	25	75	26	33	27	23	28	24	29	78	30	111	31	7	32	42	33	106	34	32	35	78	36	19	37	38	38	77	39	74	
	0	11	1	36	2	98	3	86	4	49	5	79	6	41	7	60	8	87	9	39	10	98	11	53	12	47	13	38	14	93	15	89	16	45	17	17	18	81	19	83	20	54	21	53	22	101	23	29	24	33	25	72	26	36	27	27	28	19	29	79	30	95	31	9	32	60	33	92	34	37	35	76	36	18	37	53	38	82	39	73	
	0	26	1	24	2	107	3	89	4	36	5	69	6	39	7	49	8	94	9	35	10	100	11	46	12	53	13	28	14	91	15	82	16	42	17	11	18	81	19	85	20	51	21	51	22	110	23	35	24	32	25	67	26	29	27	34	28	16	29	71	30	110	31	6	32	60	33	103	34	37	35	74	36	22	37	41	38	81	39	66	
	0	12	1	32	2	103	3	94	4	40	5	82	6	27	7	52	8	103	9	27	10	98	11	51	12	57	13	25	14	105	15	84	16	45	17	15	18	91	19	79	20	43	21	48	22	112	23	21	24	33	25	78	26	45	27	24	28	21	29	79	30	108	31	13	32	54	33	96	34	32	35	74	36	22	37	36	38	76	39	62	
	0	28	1	39	2	100	3	89	4	34	5	73	6	28	7	48	8	88	9	32	10	96	11	60	12	52	13	32	14	101	15	83	16	57	17	11	18	79	19	84	20	45	21	58	22	98	23	28	24	31	25	62	26	48	27	30	28	21	29	84	30	102	31	20	32	44	33	95	34	37	35	72	36	17	37	49	38	88	39	69	
	0	27	1	25	2	104	3	78	4	41	5	76	6	33	7	60	8	92	9	44	10	99	11	60	12	52	13	33	14	98	15	85	16	42	17	11	18	78	19	80	20	52	21	44	22	115	23	23	24	23	25	75	26	31	27	23	28	7	29	76	30	107	31	11	32	44	33	102	34	30	35	78	36	14	37	37	38	91	39	70	
	0	16	1	42	2	106	3	93	4	41	5	76	6	30	7	49	8	93	9	37	10	91	11	45	12	41	13	31	14	108	15	76	16	53	17	6	18	76	19	74	20	43	21	45	22	115	23	36	24	16	25	60	26	40	27	34	28	19	29	85	30	103	31	13	32	53	33	94	34	36	35	80	36	19	37	40	38	95	39	64	
	0	27	1	40	2	110	3	82	4	37	5	68	6	30	7	60	8	86	9	26	10	88	11	50	12	56	13	32	14	97	15	76	16	56	17	5	18	79	19	69	20	54	21	40	22	107	23	37	24	29	25	71	26	39	27	27	28	16	29	73	30	95	31	21	32	51	33	95	34	25	35	73	36	19	37	43	38	92	39	61	
	0	22	1	23	2	110	3	89	4	35	5	74	6	37	7	55	8	87	9	44	10	94	11	51	12	60	13	34	14	97	15	89	16	48	17	21	18	77	19	80	20	49	21	51	22	100	23	23	24	30	25	62	26	41	27	27	28	23	29	73	30	97	31	5	32	44	33	105	34	29	35	82	36	17	37	53	38	94	39	64	
	0	14	1	40	2	109	3	79	4	50	5	83	6	36	7	43	8	89	9	39	10	91	11	44	12	52	13	31	14	106	15	78	16	50	17	10	18	91	19	80	20	56	21	52	22	101	23	29	24	35	25	70	26	33	27	41	28	12	29	85	30	104	31	3	32	46	33	96	34	28	35	78	36	27	37	45	38	78	39	66	
	0	25	1	38	2	96	3	85	4	45	5	82	6	33	7	59	8	97	9	27	10	92	11	44	12	44	13	23	14	94	15	80	16	49	17	16	18	91	19	84	20	50	21	52	22	112	23	33	24	31	25	61	26	45	27	27	28	17	29	76	30	110	31	11	32	58	33	101	34	22	35	81	36	21	37	42	38	78	39	71	
	0	14	1	28	2	103	3	92	4	36	5	72	6	31	7	58	8	94	9	30	10	87	11	57	12	50	13	21	14	108	15	84	16	47	17	12	18	84	19	71	20	51	21	54	22	98	23	22	24	21	25	68	26	34	27	35	28	21	29	78	30	95	31	16	32	51	33	97	34	25	35	69	36	30	37	44	38	87	39	64	
	0	10	1	37	2	103	3	81	4	49	5	78	6	35	7	59	8	98	9	34	10	106	11	46	12	52	13	27	14	109	15	81	16	49	17	10	18	92	19	77	20	44	21	53	22	115	23	21	24	27	25	66	26	34	27	39	28	18	29	67	30	99	31	12	32	53	33	93	34	18	35	70	36	22	37	42	38	93	39	71	
	0	20	1	26	2	100	3	87	4	38	5	76	6	43	7	53	8	86	9	32	10	92	11	58	12	43	13	36	14	102	15	88	16	60	17	21	18	81	19	78	20	49	21	56	22	112	23	26	24	33	25	78	26	48	27	25	28	7	29	83	30	96	31	7	32	42	33	90	34	21	35	85	36	26	37	50	38	82	39	75	
	0	9	1	39	2	96	3	88	4	32	5	77	6	30	7	54	8	85	9	41	10	97	11	53	12	45	13	35	14	96	15	85	16	42	17	21	18	94	19	83	20	56	21	54	22	107	23	29	24	25	25	61	26	47	27	34	28	11	29	78	30	102	31	11	32	55	33	99	34	21	35	75	36	23	37	55	38	82	39	64	
	0	28	1	35	2	109	3	89	4	43	5	66	6	46	7	43	8	90	9	41	10	88	11	50	12	49	13	39	14	101	15	87	16	43	17	23	18	93	19	69	20	40	21	40	22	115	23	39	24	33	25	69	26	47	27	37	28	12	29	84	30	95	31	5	32	53	33	91	34	28	35	83	36	17	37	44	38	91	39	62	
	0	25	1	40	2	103	3	83	4	44	5	68	6	40	7	55	8	88	9	30	10	87	11	48	12	60	13	32	14	103	15	89	16	59	17	15	18	79	19	71	20	44	21	51	22	99	23	36	24	16	25	73	26	33	27	32	28	25	29	82	30	98	31	6	32	57	33	91	34	20	35	69	36	25	37	46	38	85	39	64	
	0	22	1	25	2	107	3	79	4	32	5	78	6	28	7	50	8	93	9	38	10	104	11	62	12	60	13	22	14	108	15	76	16	59	17	23	18	90	19	82	20	43	21	41	22	99	23	36	24	20	25	63	26	41	27	31	28	23	29	73	30	100	31	5	32	58	33	104	34	33	35	74	36	33	37	43	38	83	39	77	
	0	21	1	41	2	102	3	91	4	33	5	68	6	37	7	48	8	91	9	29	10	96	11	55	12	45	13	34	14	109	15	83	16	48	17	6	18	77	19	70	20	48	21	58	22	112	23	27	24	35	25	75	26	40	27	40	28	13	29	84	30	95	31	6	32	49	33	104	34	31	35	87	36	26	37	36	38	95	39	76	
	0	13	1	38	2	97	3	80	4	39	5	79	6	37	7	59	8	87	9	37	10	102	11	56	12	46	13	37	14	109	15	80	16	48	17	11	18	84	19	87	20	43	21	43	22	105	23	34	24	23	25	78	26	34	27	25	28	8	29	83	30	97	31	8	32	48	33	94	34	32	35	71	36	16	37	51	38	76	39	71	
	0	19	1	39	2	97	3	84	4	43	5	81	6	36	7	41	8	85	9	42	10	105	11	52	12	56	13	37	14	105	15	88	16	56	17	23	18	85	19	78	20	46	21	56	22	105	23	30	24	19	25	71	26	45	27	39	28	25	29	66	30	111	31	11	32	45	33	92	34	36	35	84	36	21	37	53	38	94	39	72	
	0	26	1	31	2	98	3	92	4	51	5	68	6	36	7	47	8	98	9	28	10	106	11	48	12	47	13	26	14	94	15	74	16	41	17	5	18	83	19	76	20	41	21	51	22	99	23	32	24	31	25	64	26	43	27	31	28	15	29	74	30	96	31	6	32	55	33	94	34	36	35	74	36	15	37	54	38	92	39	80	
	0	12	1	31	2	98	3	83	4	49	5	75	6	31	7	44	8	103	9	27	10	98	11	53	12	41	13	34	14	92	15	84	16	53	17	7	18	77	19	72	20	56	21	40	22	102	23	30	24	31	25	63	26	31	27	36	28	17	29	83	30	102	31	19	32	51	33	88	34	35	35	72	36	33	37	39	38	76	39	73	
	0	11	1	23	2	100	3	78	4	44	5	69	6	44	7	49	8	99	9	40	10	97	11	55	12	57	13	23	14	108	15	81	16	42	17	9	18	81	19	86	20	44	21	47	22	111	23	37	24	21	25	77	26	38	27	31	28	14	29	81	30	95	31	18	32	56	33	103	34	24	35	74	36	18	37	50	38	95	39	74	
	0	14	1	42	2	113	3	85	4	47	5	79	6	39	7	52	8	87	9	33	10	103	11	46	12	41	13	30	14	93	15	71	16	56	17	19	18	83	19	74	20	51	21	43	22	112	23	31	24	21	25	73	26	42	27	24	28	22	29	75	30	110	31	3	32	59	33	91	34	32	35	87	36	25	37	37	38	92	39	65	
	0	20	1	27	2	113	3	86	4	38	5	82	6	45	7	46	8	94	9	29	10	103	11	57	12	54	13	37	14	92	15	77	16	54	17	7	18	85	19	77	20	42	21	41	22	108	23	24	24	30	25	76	26	40	27	27	28	7	29	73	30	101	31	6	32	58	33	91	34	21	35	75	36	25	37	44	38	92	39	63	
	0	23	1	26	2	101	3	80	4	46	5	71	6	33	7	44	8	100	9	34	10	97	11	44	12	45	13	38	14	91	15	87	16	60	17	21	18	78	19	78	20	51	21	48	22	115	23	32	24	24	25	62	26	35	27	37	28	20	29	82	30	105	31	7	32	56	33	89	34	22	35	73	36	17	37	44	38	87	39	77	
	0	24	1	38	2	103	3	83	4	49	5	82	6	38	7	44	8	102	9	30	10	105	11	59	12	59	13	25	14	104	15	90	16	42	17	19	18	76	19	69	20	57	21	40	22	101	23	22	24	27	25	68	26	30	27	28	28	7	29	85	30	97	31	5	32	48	33	89	34	33	35	88	36	16	37	52	38	82	39	80	
	0	10	1	37	2	95	3	84	4	50	5	68	6	30	7	57	8	88	9	38	10	91	11	60	12	50	13	35	14	90	15	73	16	52	17	11	18	91	19	78	20	40	21	50	22	114	23	26	24	26	25	70	26	42	27	39	28	14	29	84	30	98	31	20	32	44	33	88	34	29	35	76	36	32	37	55	38	90	39	78	
	0	10	1	27	2	104	3	83	4	44	5	66	6	44	7	60	8	103	9	30	10	95	11	54	12	56	13	27	14	108	15	87	16	55	17	14	18	84	19	74	20	40	21	41	22	97	23	26	24	17	25	61	26	39	27	36	28	7	29	75	30	111	31	13	32	45	33	105	34	28	35	71	36	30	37	41	38	88	39	66	
	0	24	1	25	2	104	3	93	4	49	5	68	6	36	7	42	8	90	9	27	10	97	11	61	12	51	13	32	14	93	15	76	16	45	17	10	18	76	19	72	20	51	21	49	22	114	23	22	24	31	25	59	26	41	27	40	28	20	29	70	30	96	31	9	32	52	33	105	34	32	35	77	36	30	37	49	38	93	39	69	
	0	21	1	40	2	110	3	81	4	50	5	70	6	32	7	55	8	87	9	40	10	95	11	49	12	55	13	26	14	101	15	85	16	54	17	19	18	79	19	79	20	50	21	40	22	96	23	38	24	23	25	70	26	45	27	30	28	13	29	78	30	97	31	20	32	51	33	89	34	28	35	84	36	19	37	43	38	76	39	75	
	0	23	1	27	2	100	3	96	4	49	5	76	6	28	7	55	8	102	9	44	10	96	11	53	12	54	13	34	14	107	15	86	16	43	17	15	18	86	19	85	20	42	21	49	22	106	23	35	24	19	25	74	26	35	27	39	28	11	29	76	30	93	31	9	32	54	33	92	34	34	35	82	36	15	37	49	38	77	39	74	
	0	26	1	40	2	97	3	91	4	45	5	77	6	45	7	42	8	102	9	40	10	98	11	45	12	51	13	39	14	91	15	87	16	53	17	10	18	81	19	87	20	39	21	57	22	105	23	35	24	29	25	70	26	37	27	29	28	17	29	83	30	105	31	6	32	51	33	100	34	27	35	80	36	19	37	39	38	90	39	68	
	0	18	1	30	2	101	3	92	4	44	5	83	6	34	7	54	8	100	9	30	10	94	11	52	12	60	13	30	14	100	15	87	16	43	17	4	18	93	19	72	20	55	21	50	22	103	23	25	24	34	25	61	26	33	27	33	28	18	29	82	30	111	31	4	32	44	33	98	34	34	35	79	36	17	37	41	38	94	39	70	
	0	15	1	31	2	107	3	92	4	35	5	67	6	43	7	57	8	102	9	30	10	102	11	57	12	53	13	34	14	107	15	79	16	55	17	17	18	83	19	70	20	39	21	57	22	96	23	38	24	35	25	73	26	33	27	29	28	22	29	78	30	103	31	6	32	56	33	93	34	32	35	83	36	28	37	38	38	85	39	72	
	0	26	1	33	2	102	3	90	4	32	5	81	6	35	7	53	8	89	9	38	10	91	11	61	12	55	13	33	14	100	15	72	16	44	17	11	18	85	19	72	20	48	21	45	22	112	23	37	24	26	25	71	26	31	27	37	28	8	29	68	30	103	31	14	32	47	33	106	34	25	35	78	36	30	37	43	38	86	39	67	
	0	23	1	23	2	108	3	79	4	39	5	76	6	30	7	46	8	94	9	43	10	94	11	54	12	50	13	24	14	93	15	82	16	51	17	9	18	89	19	76	20	39	21	55	22	104	23	33	24	30	25	64	26	30	27	34	28	26	29	85	30	107	31	11	32	55	33	89	34	33	35	82	36	19	37	41	38	82	39	62	
	0	28	1	41	2	96	3	96	4	50	5	77	6	43	7	55	8	84	9	30	10	93	11	53	12	54	13	22	14	103	15	73	16	45	17	20	18	91	19	82	20	43	21	48	22	102	23	26	24	30	25	69	26	46	27	31	28	13	29	74	30	94	31	4	32	50	33	89	34	21	35	88	36	16	37	41	38	89	39	72	
	0	15	1	35	2	110	3	92	4	50	5	82	6	38	7	42	8	88	9	28	10	104	11	53	12	45	13	28	14	97	15	79	16	48	17	6	18	90	19	78	20	49	21	42	22	97	23	34	24	32	25	71	26	38	27	35	28	17	29	84	30	98	31	5	32	48	33	96	34	28	35	82	36	29	37	38	38	94	39	61	
	0	13	1	33	2	95	3	80	4	34	5	81	6	35	7	54	8	99	9	28	10	100	11	47	12	44	13	21	14	109	15	81	16	59	17	17	18	92	19	78	20	46	21	56	22	99	23	39	24	29	25	60	26	47	27	23	28	8	29	74	30	110	31	15	32	49	33	99	34	32	35	88	36	17	37	36	38	89	39	63	
	0	20	1	28	2	96	3	94	4	39	5	81	6	38	7	44	8	97	9	37	10	101	11	46	12	58	13	39	14	94	15	86	16	49	17	16	18	93	19	76	20	45	21	48	22	102	23	27	24	23	25	61	26	48	27	25	28	19	29	78	30	103	31	6	32	54	33	101	34	23	35	82	36	33	37	39	38	86	39	69	
	0	11	1	25	2	94	3	97	4	44	5	66	6	43	7	55	8	98	9	26	10	104	11	45	12	48	13	22	14	95	15	85	16	50	17	4	18	87	19	71	20	51	21	51	22	104	23	33	24	33	25	62	26	44	27	27	28	9	29	66	30	100	31	4	32	45	33	103	34	28	35	81	36	28	37	41	38	82	39	75	