100 40 1
40
	0	30	1	51	2	102	3	45	4	95	5	86	6	95	7	41	8	27	9	81	10	26	11	38	12	110	13	61	14	53	15	51	16	76	17	101	18	96	19	60	20	84	21	32	22	48	23	46	24	17	25	98	26	24	27	86	28	107	29	110	30	97	31	45	32	59	33	62	34	76	35	37	36	10	37	78	38	118	39	40	
	0	32	1	46	2	86	3	51	4	82	5	83	6	96	7	39	8	30	9	71	10	20	11	45	12	107	13	56	14	59	15	67	16	62	17	111	18	91	19	61	20	93	21	23	22	50	23	39	24	10	25	91	26	14	27	95	28	96	29	115	30	100	31	37	32	53	33	64	34	88	35	45	36	3	37	69	38	115	39	41	
	0	23	1	48	2	103	3	35	4	93	5	83	6	89	7	22	8	34	9	86	10	23	11	35	12	116	13	63	14	49	15	50	16	60	17	112	18	99	19	64	20	82	21	31	22	41	23	45	24	17	25	93	26	23	27	102	28	95	29	118	30	100	31	43	32	47	33	53	34	76	35	34	36	2	37	80	38	101	39	51	
	0	26	1	54	2	88	3	43	4	82	5	69	6	81	7	38	8	32	9	87	10	26	11	40	12	116	13	52	14	58	15	57	16	64	17	110	18	96	19	53	20	85	21	32	22	34	23	40	24	11	25	98	26	25	27	93	28	99	29	99	30	113	31	38	32	44	33	63	34	84	35	43	36	10	37	72	38	106	39	50	
	0	40	1	51	2	98	3	45	4	93	5	81	6	86	7	28	8	22	9	69	10	25	11	30	12	111	13	64	14	55	15	54	16	63	17	100	18	90	19	52	20	78	21	31	22	40	23	42	24	16	25	98	26	21	27	94	28	108	29	108	30	105	31	42	32	49	33	63	34	78	35	35	36	7	37	61	38	103	39	54	
	0	27	1	60	2	85	3	40	4	76	5	73	6	80	7	40	8	32	9	79	10	24	11	40	12	99	13	51	14	47	15	63	16	66	17	99	18	104	19	58	20	88	21	24	22	47	23	32	24	21	25	86	26	23	27	93	28	94	29	117	30	113	31	34	32	56	33	56	34	71	35	37	36	7	37	63	38	100	39	49	
	0	36	1	60	2	91	3	43	4	92	5	76	6	96	7	28	8	15	9	70	10	37	11	37	12	102	13	57	14	56	15	49	16	75	17	104	18	89	19	53	20	93	21	26	22	37	23	39	24	13	25	92	26	16	27	89	28	96	29	100	30	111	31	38	32	53	33	52	34	73	35	35	36	19	37	64	38	116	39	49	
	0	28	1	51	2	94	3	43	4	79	5	76	6	86	7	39	8	24	9	68	10	20	11	35	12	108	13	50	14	60	15	56	16	78	17	100	18	104	19	59	20	85	21	19	22	36	23	35	24	17	25	85	26	24	27	85	28	104	29	101	30	97	31	38	32	58	33	68	34	79	35	30	36	10	37	72	38	109	39	43	
	0	22	1	59	2	91	3	45	4	94	5	80	6	90	7	36	8	32	9	69	10	22	11	39	12	107	13	56	14	49	15	66	16	69	17	107	18	99	19	56	20	83	21	35	22	47	23	46	24	15	25	87	26	28	27	92	28	109	29	100	30	105	31	27	32	50	33	61	34	87	35	26	36	7	37	62	38	103	39	42	
	0	30	1	61	2	87	3	49	4	81	5	84	6	81	7	29	8	24	9	86	10	21	11	47	12	109	13	59	14	47	15	63	16	74	17	108	18	99	19	55	20	97	21	30	22	47	23	34	24	24	25	90	26	13	27	97	28	102	29	105	30	109	31	41	32	54	33	59	34	82	35	29	36	19	37	64	38	114	39	49	
	0	33	1	56	2	90	3	50	4	83	5	71	6	86	7	27	8	34	9	72	10	32	11	47	12	109	13	67	14	57	15	58	16	79	17	96	18	87	19	64	20	84	21	28	22	51	23	38	24	14	25	92	26	30	27	93	28	95	29	105	30	105	31	30	32	44	33	59	34	69	35	38	36	10	37	78	38	109	39	51	
	0	21	1	58	2	95	3	36	4	78	5	83	6	84	7	32	8	33	9	87	10	29	11	40	12	101	13	51	14	65	15	58	16	61	17	108	18	101	19	50	20	79	21	36	22	41	23	42	24	9	25	93	26	30	27	102	28	99	29	115	30	97	31	34	32	56	33	56	34	71	35	34	36	18	37	62	38	113	39	46	
	0	22	1	46	2	85	3	37	4	77	5	73	6	85	7	23	8	22	9	81	10	34	11	36	12	98	13	53	14	55	15	67	16	78	17	107	18	93	19	51	20	83	21	17	22	38	23	39	24	8	25	88	26	14	27	90	28	92	29	106	30	110	31	38	32	46	33	51	34	72	35	34	36	12	37	63	38	107	39	46	
	0	40	1	47	2	91	3	35	4	80	5	85	6	83	7	33	8	21	9	81	10	25	11	43	12	98	13	69	14	53	15	62	16	75	17	108	18	91	19	56	20	96	21	24	22	46	23	39	24	18	25	88	26	20	27	86	28	106	29	102	30	113	31	35	32	41	33	58	34	70	35	28	36	10	37	66	38	112	39	38	
	0	36	1	63	2	102	3	40	4	78	5	75	6	89	7	30	8	18	9	84	10	30	11	38	12	98	13	55	14	62	15	54	16	67	17	102	18	96	19	57	20	97	21	24	22	43	23	31	24	16	25	87	26	21	27	86	28	99	29	110	30	109	31	43	32	49	33	56	34	85	35	30	36	4	37	66	38	116	39	55	
	0	21	1	55	2	101	3	44	4	83	5	73	6	91	7	23	8	15	9	75	10	33	11	47	12	112	13	57	14	57	15	63	16	78	17	101	18	91	19	57	20	92	21	23	22	48	23	42	24	27	25	99	26	19	27	93	28	97	29	106	30	104	31	36	32	50	33	54	34	80	35	39	36	20	37	69	38	114	39	57	
	0	35	1	61	2	97	3	40	4	84	5	81	6	83	7	22	8	16	9	85	10	19	11	46	12	113	13	69	14	61	15	67	16	73	17	111	18	97	19	63	20	87	21	19	22	40	23	35	24	11	25	88	26	26	27	99	28	100	29	109	30	112	31	35	32	53	33	65	34	79	35	34	36	3	37	72	38	111	39	48	
	0	30	1	54	2	95	3	50	4	87	5	70	6	83	7	32	8	27	9	69	10	18	11	38	12	108	13	62	14	60	15	64	16	66	17	101	18	104	19	53	20	86	21	36	22	46	23	38	24	12	25	93	26	26	27	93	28	93	29	101	30	107	31	36	32	49	33	52	34	73	35	37	36	11	37	72	38	99	39	46	
	0	31	1	56	2	98	3	46	4	84	5	87	6	83	7	39	8	27	9	87	10	30	11	43	12	108	13	64	14	63	15	67	16	67	17	112	18	87	19	66	20	82	21	30	22	39	23	29	24	23	25	97	26	18	27	101	28	99	29	111	30	110	31	37	32	41	33	49	34	69	35	34	36	3	37	68	38	100	39	52	
	0	40	1	59	2	103	3	41	4	78	5	76	6	95	7	24	8	25	9	85	10	31	11	38	12	115	13	52	14	60	15	56	16	76	17	110	18	87	19	65	20	91	21	31	22	41	23	31	24	13	25	83	26	26	27	88	28	94	29	111	30	95	31	36	32	53	33	50	34	70	35	26	36	17	37	76	38	113	39	53	
	0	31	1	50	2	102	3	45	4	92	5	71	6	87	7	23	8	21	9	69	10	35	11	35	12	109	13	68	14	60	15	56	16	77	17	106	18	100	19	65	20	92	21	19	22	46	23	37	24	11	25	84	26	23	27	89	28	93	29	113	30	102	31	45	32	43	33	51	34	86	35	43	36	19	37	70	38	116	39	51	
	0	35	1	45	2	97	3	33	4	92	5	70	6	79	7	38	8	28	9	87	10	19	11	36	12	107	13	68	14	63	15	54	16	74	17	107	18	92	19	54	20	89	21	29	22	48	23	32	24	17	25	96	26	28	27	100	28	94	29	118	30	104	31	35	32	51	33	60	34	86	35	33	36	7	37	62	38	101	39	43	
	0	35	1	51	2	102	3	33	4	92	5	79	6	89	7	40	8	20	9	73	10	34	11	37	12	97	13	61	14	58	15	48	16	76	17	97	18	101	19	64	20	80	21	19	22	36	23	45	24	19	25	94	26	19	27	99	28	92	29	99	30	95	31	46	32	46	33	66	34	71	35	26	36	21	37	77	38	106	39	44	
	0	40	1	53	2	101	3	40	4	77	5	69	6	95	7	32	8	33	9	69	10	22	11	37	12	102	13	68	14	64	15	63	16	60	17	111	18	92	19	66	20	82	21	17	22	41	23	30	24	12	25	96	26	14	27	103	28	103	29	107	30	103	31	34	32	44	33	49	34	77	35	27	36	5	37	71	38	111	39	41	
	0	39	1	58	2	92	3	32	4	87	5	74	6	89	7	34	8	15	9	85	10	36	11	39	12	109	13	59	14	65	15	49	16	66	17	99	18	87	19	54	20	84	21	31	22	47	23	41	24	11	25	92	26	15	27	85	28	101	29	116	30	108	31	37	32	48	33	65	34	71	35	38	36	7	37	62	38	109	39	41	
	0	24	1	49	2	97	3	40	4	78	5	83	6	94	7	24	8	34	9	87	10	30	11	41	12	98	13	62	14	62	15	66	16	61	17	98	18	90	19	65	20	81	21	23	22	48	23	30	24	14	25	92	26	21	27	87	28	109	29	101	30	102	31	40	32	56	33	53	34	72	35	44	36	16	37	80	38	111	39	38	
	0	26	1	51	2	98	3	41	4	94	5	82	6	94	7	33	8	15	9	69	10	27	11	33	12	97	13	50	14	59	15	59	16	64	17	96	18	87	19	53	20	97	21	29	22	38	23	37	24	9	25	96	26	29	27	96	28	108	29	104	30	106	31	46	32	54	33	63	34	81	35	27	36	6	37	61	38	116	39	53	
	0	25	1	58	2	95	3	32	4	95	5	78	6	90	7	38	8	30	9	79	10	35	11	47	12	113	13	59	14	60	15	66	16	68	17	111	18	92	19	53	20	90	21	30	22	38	23	46	24	27	25	94	26	30	27	87	28	110	29	110	30	95	31	46	32	41	33	49	34	74	35	42	36	19	37	69	38	108	39	40	
	0	35	1	51	2	89	3	38	4	82	5	76	6	84	7	24	8	20	9	76	10	25	11	48	12	104	13	64	14	53	15	52	16	79	17	94	18	93	19	53	20	90	21	36	22	32	23	40	24	25	25	88	26	26	27	100	28	100	29	109	30	113	31	45	32	49	33	50	34	71	35	31	36	5	37	65	38	109	39	54	
	0	21	1	56	2	95	3	46	4	83	5	71	6	79	7	28	8	18	9	76	10	34	11	48	12	113	13	52	14	65	15	60	16	75	17	109	18	96	19	62	20	86	21	24	22	48	23	39	24	9	25	93	26	29	27	94	28	103	29	106	30	104	31	43	32	57	33	52	34	74	35	36	36	2	37	69	38	111	39	40	
	0	36	1	44	2	91	3	51	4	88	5	69	6	87	7	24	8	29	9	79	10	27	11	43	12	101	13	61	14	55	15	52	16	64	17	109	18	97	19	52	20	87	21	27	22	35	23	34	24	21	25	93	26	23	27	89	28	96	29	103	30	96	31	33	32	50	33	68	34	75	35	30	36	10	37	62	38	109	39	56	
	0	29	1	48	2	101	3	47	4	92	5	75	6	90	7	34	8	23	9	87	10	26	11	40	12	115	13	65	14	52	15	51	16	76	17	107	18	90	19	51	20	84	21	36	22	35	23	36	24	19	25	93	26	21	27	103	28	109	29	114	30	108	31	42	32	48	33	49	34	84	35	41	36	3	37	63	38	105	39	40	
	0	22	1	54	2	97	3	41	4	95	5	87	6	80	7	25	8	19	9	74	10	24	11	32	12	109	13	66	14	65	15	53	16	72	17	99	18	94	19	55	20	94	21	29	22	33	23	43	24	17	25	84	26	21	27	90	28	97	29	110	30	109	31	44	32	52	33	55	34	70	35	36	36	3	37	61	38	99	39	41	
	0	32	1	57	2	93	3	41	4	77	5	69	6	91	7	29	8	29	9	78	10	21	11	35	12	114	13	56	14	59	15	48	16	75	17	112	18	96	19	67	20	90	21	23	22	43	23	30	24	8	25	100	26	25	27	89	28	91	29	114	30	100	31	32	32	55	33	63	34	81	35	27	36	3	37	64	38	103	39	46	
	0	22	1	51	2	102	3	40	4	86	5	80	6	83	7	35	8	33	9	69	10	37	11	36	12	112	13	68	14	55	15	56	16	68	17	113	18	91	19	56	20	80	21	22	22	33	23	31	24	16	25	93	26	13	27	97	28	109	29	107	30	112	31	36	32	52	33	58	34	80	35	39	36	13	37	73	38	105	39	51	
	0	25	1	52	2	93	3	36	4	89	5	78	6	80	7	23	8	19	9	83	10	33	11	47	12	113	13	66	14	62	15	49	16	69	17	96	18	90	19	57	20	97	21	35	22	35	23	37	24	8	25	90	26	20	27	84	28	100	29	104	30	103	31	46	32	52	33	62	34	84	35	32	36	9	37	71	38	115	39	39	
	0	31	1	53	2	87	3	34	4	89	5	79	6	90	7	33	8	20	9	75	10	27	11	29	12	104	13	63	14	57	15	49	16	79	17	96	18	94	19	58	20	82	21	34	22	50	23	43	24	9	25	81	26	13	27	97	28	97	29	114	30	102	31	28	32	51	33	52	34	80	35	27	36	18	37	61	38	104	39	56	
	0	30	1	61	2	100	3	42	4	76	5	85	6	85	7	27	8	34	9	79	10	18	11	46	12	105	13	62	14	59	15	59	16	78	17	96	18	91	19	68	20	90	21	36	22	36	23	42	24	18	25	83	26	29	27	100	28	96	29	109	30	112	31	37	32	50	33	55	34	73	35	37	36	20	37	65	38	102	39	54	
	0	38	1	57	2	102	3	37	4	86	5	84	6	86	7	39	8	25	9	79	10	24	11	31	12	110	13	62	14	58	15	63	16	72	17	98	18	93	19	66	20	94	21	22	22	39	23	27	24	20	25	92	26	21	27	94	28	96	29	116	30	109	31	40	32	47	33	55	34	79	35	41	36	9	37	61	38	110	39	39	
	0	21	1	48	2	101	3	45	4	76	5	76	6	91	7	31	8	18	9	72	10	27	11	29	12	114	13	67	14	59	15	50	16	71	17	99	18	88	19	60	20	93	21	24	22	44	23	42	24	10	25	91	26	23	27	94	28	92	29	102	30	106	31	35	32	44	33	61	34	85	35	26	36	11	37	70	38	101	39	50	
	0	26	1	57	2	103	3	32	4	95	5	71	6	81	7	37	8	19	9	86	10	34	11	37	12	102	13	65	14	52	15	58	16	75	17	100	18	104	19	66	20	92	21	26	22	40	23	46	24	22	25	87	26	16	27	99	28	101	29	112	30	110	31	37	32	44	33	58	34	74	35	44	36	2	37	71	38	99	39	38	
	0	32	1	46	2	92	3	41	4	91	5	85	6	78	7	41	8	31	9	84	10	32	11	38	12	101	13	54	14	49	15	65	16	61	17	105	18	91	19	53	20	81	21	18	22	39	23	42	24	19	25	92	26	30	27	98	28	98	29	113	30	112	31	27	32	52	33	61	34	85	35	26	36	14	37	78	38	109	39	38	
	0	23	1	45	2	94	3	41	4	84	5	73	6	80	7	38	8	20	9	78	10	33	11	45	12	110	13	57	14	49	15	48	16	67	17	112	18	106	19	55	20	84	21	20	22	33	23	27	24	19	25	87	26	22	27	89	28	96	29	116	30	114	31	28	32	44	33	51	34	71	35	34	36	10	37	65	38	109	39	46	
	0	24	1	48	2	103	3	41	4	91	5	74	6	88	7	30	8	32	9	75	10	19	11	37	12	116	13	63	14	61	15	64	16	71	17	102	18	91	19	61	20	85	21	32	22	36	23	38	24	26	25	96	26	16	27	85	28	106	29	100	30	99	31	34	32	58	33	62	34	71	35	44	36	3	37	65	38	112	39	57	
	0	40	1	58	2	99	3	38	4	84	5	74	6	82	7	28	8	24	9	79	10	22	11	47	12	105	13	69	14	47	15	48	16	61	17	111	18	93	19	50	20	91	21	19	22	40	23	33	24	27	25	92	26	27	27	101	28	98	29	114	30	103	31	34	32	41	33	56	34	72	35	27	36	7	37	67	38	111	39	45	
	0	39	1	61	2	89	3	34	4	91	5	79	6	95	7	40	8	26	9	87	10	24	11	42	12	104	13	59	14	52	15	62	16	67	17	97	18	99	19	55	20	97	21	33	22	46	23	27	24	10	25	98	26	14	27	84	28	101	29	105	30	103	31	41	32	56	33	55	34	84	35	30	36	7	37	72	38	102	39	56	
	0	24	1	55	2	104	3	38	4	83	5	71	6	79	7	27	8	21	9	72	10	36	11	34	12	114	13	52	14	51	15	64	16	66	17	102	18	105	19	67	20	84	21	24	22	51	23	46	24	9	25	94	26	22	27	96	28	94	29	106	30	103	31	34	32	55	33	55	34	70	35	36	36	10	37	71	38	114	39	52	
	0	25	1	62	2	103	3	35	4	86	5	74	6	80	7	27	8	28	9	72	10	18	11	43	12	108	13	69	14	62	15	51	16	78	17	100	18	91	19	53	20	90	21	18	22	43	23	39	24	16	25	81	26	16	27	86	28	95	29	105	30	114	31	38	32	44	33	62	34	79	35	44	36	12	37	80	38	118	39	41	
	0	21	1	60	2	93	3	33	4	87	5	86	6	92	7	37	8	21	9	78	10	32	11	46	12	106	13	63	14	64	15	61	16	77	17	113	18	93	19	68	20	90	21	25	22	46	23	33	24	17	25	99	26	19	27	94	28	105	29	99	30	107	31	34	32	55	33	59	34	72	35	31	36	6	37	76	38	110	39	47	
	0	36	1	53	2	96	3	50	4	88	5	85	6	91	7	25	8	16	9	83	10	18	11	40	12	102	13	60	14	60	15	54	16	66	17	107	18	97	19	65	20	87	21	33	22	32	23	33	24	17	25	85	26	21	27	92	28	104	29	99	30	96	31	37	32	40	33	50	34	71	35	38	36	8	37	65	38	105	39	56	
	0	31	1	50	2	97	3	32	4	77	5	81	6	94	7	30	8	24	9	82	10	33	11	45	12	102	13	67	14	52	15	63	16	76	17	102	18	103	19	57	20	85	21	30	22	37	23	37	24	18	25	90	26	27	27	98	28	95	29	115	30	106	31	37	32	48	33	50	34	75	35	30	36	16	37	76	38	114	39	55	
	0	34	1	53	2	100	3	45	4	86	5	75	6	78	7	27	8	17	9	72	10	27	11	44	12	114	13	66	14	61	15	52	16	69	17	102	18	98	19	58	20	90	21	30	22	43	23	46	24	22	25	100	26	18	27	86	28	110	29	118	30	110	31	37	32	43	33	56	34	76	35	40	36	4	37	80	38	108	39	46	
	0	24	1	50	2	86	3	37	4	80	5	88	6	85	7	28	8	33	9	74	10	21	11	33	12	97	13	54	14	51	15	53	16	69	17	110	18	91	19	55	20	80	21	30	22	32	23	43	24	10	25	99	26	13	27	92	28	110	29	99	30	105	31	38	32	42	33	68	34	85	35	36	36	17	37	71	38	113	39	39	
	0	32	1	60	2	95	3	33	4	94	5	83	6	89	7	28	8	20	9	68	10	29	11	38	12	115	13	56	14	53	15	52	16	76	17	111	18	92	19	51	20	89	21	17	22	51	23	41	24	9	25	99	26	19	27	93	28	107	29	116	30	102	31	29	32	44	33	63	34	81	35	45	36	4	37	65	38	114	39	45	
	0	36	1	44	2	100	3	43	4	84	5	77	6	80	7	36	8	19	9	70	10	35	11	40	12	106	13	64	14	63	15	55	16	69	17	104	18	101	19	67	20	88	21	17	22	48	23	39	24	27	25	92	26	14	27	89	28	110	29	114	30	97	31	30	32	52	33	67	34	87	35	34	36	15	37	66	38	99	39	45	
	0	30	1	55	2	99	3	44	4	80	5	72	6	84	7	28	8	32	9	81	10	30	11	39	12	116	13	69	14	55	15	60	16	70	17	113	18	88	19	65	20	94	21	21	22	37	23	31	24	16	25	91	26	30	27	97	28	99	29	106	30	96	31	31	32	57	33	54	34	77	35	27	36	11	37	65	38	109	39	46	
	0	38	1	50	2	97	3	34	4	87	5	78	6	93	7	41	8	32	9	69	10	31	11	33	12	110	13	63	14	55	15	67	16	61	17	103	18	98	19	57	20	86	21	17	22	50	23	28	24	16	25	95	26	20	27	102	28	92	29	112	30	109	31	42	32	51	33	66	34	77	35	26	36	12	37	75	38	111	39	41	
	0	27	1	59	2	102	3	46	4	89	5	71	6	86	7	40	8	15	9	81	10	34	11	29	12	99	13	68	14	56	15	50	16	74	17	113	18	91	19	54	20	83	21	28	22	36	23	42	24	23	25	95	26	20	27	98	28	104	29	116	30	97	31	46	32	48	33	62	34	74	35	37	36	3	37	76	38	111	39	52	
	0	21	1	57	2	103	3	36	4	94	5	83	6	85	7	24	8	32	9	68	10	35	11	30	12	109	13	68	14	47	15	61	16	62	17	94	18	103	19	68	20	82	21	34	22	35	23	42	24	10	25	90	26	17	27	85	28	96	29	115	30	104	31	30	32	48	33	57	34	73	35	29	36	19	37	73	38	103	39	49	
	0	34	1	50	2	89	3	49	4	80	5	79	6	89	7	31	8	29	9	83	10	27	11	34	12	101	13	60	14	59	15	49	16	76	17	107	18	105	19	64	20	93	21	22	22	37	23	30	24	24	25	95	26	27	27	93	28	91	29	102	30	113	31	28	32	58	33	50	34	71	35	29	36	2	37	80	38	104	39	52	
	0	33	1	61	2	87	3	35	4	89	5	75	6	79	7	28	8	28	9	76	10	26	11	32	12	99	13	50	14	50	15	61	16	77	17	105	18	105	19	65	20	80	21	25	22	42	23	46	24	14	25	95	26	25	27	93	28	106	29	111	30	109	31	29	32	54	33	50	34	77	35	35	36	11	37	65	38	105	39	38	
	0	36	1	49	2	87	3	40	4	93	5	87	6	83	7	35	8	23	9	72	10	34	11	40	12	104	13	56	14	60	15	54	16	72	17	110	18	87	19	60	20	80	21	25	22	49	23	32	24	18	25	94	26	23	27	102	28	104	29	111	30	100	31	43	32	58	33	66	34	72	35	43	36	20	37	63	38	106	39	56	
	0	28	1	62	2	88	3	35	4	87	5	80	6	86	7	32	8	17	9	77	10	19	11	38	12	110	13	59	14	64	15	54	16	62	17	109	18	87	19	69	20	96	21	36	22	41	23	37	24	21	25	84	26	16	27	84	28	96	29	113	30	112	31	40	32	56	33	55	34	79	35	42	36	12	37	61	38	111	39	39	
	0	36	1	45	2	104	3	32	4	92	5	75	6	80	7	35	8	24	9	81	10	33	11	33	12	97	13	62	14	63	15	54	16	64	17	109	18	92	19	50	20	89	21	28	22	34	23	35	24	16	25	88	26	26	27	94	28	95	29	115	30	109	31	40	32	40	33	49	34	75	35	42	36	11	37	71	38	117	39	46	
	0	36	1	57	2	103	3	36	4	83	5	77	6	83	7	28	8	26	9	75	10	37	11	43	12	109	13	69	14	50	15	48	16	76	17	110	18	93	19	63	20	79	21	21	22	32	23	43	24	11	25	93	26	31	27	89	28	106	29	101	30	100	31	37	32	55	33	56	34	82	35	38	36	21	37	75	38	100	39	45	
	0	37	1	49	2	89	3	44	4	79	5	84	6	88	7	38	8	18	9	71	10	25	11	34	12	107	13	62	14	60	15	56	16	62	17	108	18	97	19	59	20	95	21	33	22	39	23	46	24	10	25	97	26	24	27	98	28	102	29	112	30	104	31	44	32	50	33	52	34	72	35	41	36	17	37	71	38	109	39	43	
	0	39	1	57	2	90	3	36	4	88	5	83	6	92	7	39	8	18	9	80	10	23	11	41	12	110	13	68	14	59	15	55	16	75	17	107	18	104	19	66	20	84	21	17	22	50	23	35	24	8	25	87	26	25	27	86	28	109	29	110	30	105	31	28	32	42	33	53	34	72	35	31	36	12	37	65	38	107	39	54	
	0	32	1	56	2	102	3	33	4	84	5	84	6	80	7	29	8	24	9	70	10	31	11	32	12	100	13	58	14	57	15	67	16	64	17	99	18	91	19	51	20	80	21	19	22	35	23	41	24	18	25	97	26	31	27	102	28	105	29	118	30	96	31	46	32	44	33	57	34	69	35	32	36	12	37	69	38	109	39	53	
	0	40	1	49	2	96	3	33	4	90	5	77	6	80	7	27	8	19	9	72	10	20	11	39	12	107	13	51	14	58	15	48	16	63	17	105	18	98	19	61	20	80	21	26	22	32	23	44	24	15	25	89	26	23	27	89	28	91	29	110	30	95	31	44	32	59	33	63	34	69	35	42	36	15	37	72	38	99	39	48	
	0	25	1	56	2	89	3	36	4	88	5	77	6	89	7	29	8	33	9	78	10	20	11	45	12	111	13	58	14	52	15	59	16	68	17	109	18	100	19	65	20	82	21	35	22	42	23	40	24	22	25	90	26	28	27	94	28	101	29	101	30	97	31	42	32	43	33	52	34	81	35	37	36	21	37	72	38	100	39	38	
	0	33	1	55	2	85	3	40	4	84	5	69	6	83	7	37	8	30	9	82	10	28	11	35	12	100	13	53	14	56	15	49	16	61	17	94	18	106	19	60	20	82	21	21	22	49	23	44	24	15	25	84	26	12	27	99	28	96	29	100	30	105	31	27	32	54	33	59	34	85	35	33	36	12	37	70	38	107	39	48	
	0	28	1	53	2	91	3	35	4	76	5	75	6	89	7	37	8	28	9	84	10	31	11	44	12	104	13	63	14	55	15	51	16	68	17	100	18	102	19	50	20	82	21	17	22	50	23	29	24	8	25	84	26	22	27	102	28	106	29	112	30	97	31	30	32	53	33	59	34	83	35	34	36	19	37	69	38	105	39	38	
	0	33	1	51	2	86	3	39	4	93	5	79	6	79	7	24	8	15	9	78	10	29	11	36	12	103	13	60	14	62	15	52	16	79	17	100	18	106	19	66	20	80	21	33	22	37	23	33	24	14	25	86	26	15	27	86	28	106	29	100	30	104	31	34	32	41	33	60	34	88	35	27	36	7	37	61	38	108	39	43	
	0	33	1	58	2	98	3	39	4	84	5	74	6	86	7	33	8	30	9	86	10	30	11	35	12	116	13	67	14	51	15	56	16	77	17	95	18	98	19	62	20	78	21	26	22	43	23	36	24	27	25	100	26	24	27	100	28	108	29	113	30	104	31	36	32	48	33	54	34	75	35	36	36	21	37	65	38	111	39	54	
	0	23	1	49	2	91	3	36	4	78	5	78	6	80	7	34	8	21	9	76	10	24	11	47	12	97	13	52	14	49	15	56	16	72	17	105	18	95	19	52	20	91	21	33	22	49	23	34	24	26	25	97	26	26	27	96	28	101	29	109	30	101	31	42	32	59	33	57	34	81	35	26	36	3	37	76	38	108	39	49	
	0	32	1	59	2	100	3	50	4	84	5	75	6	95	7	39	8	22	9	77	10	31	11	35	12	113	13	50	14	64	15	49	16	67	17	102	18	100	19	53	20	86	21	17	22	48	23	43	24	27	25	83	26	18	27	91	28	109	29	107	30	102	31	44	32	56	33	64	34	73	35	37	36	14	37	62	38	114	39	39	
	0	23	1	54	2	102	3	37	4	80	5	80	6	81	7	32	8	27	9	86	10	27	11	38	12	116	13	62	14	51	15	57	16	65	17	101	18	90	19	61	20	80	21	19	22	46	23	44	24	12	25	99	26	30	27	94	28	93	29	100	30	102	31	28	32	48	33	67	34	81	35	39	36	9	37	75	38	108	39	56	
	0	27	1	58	2	99	3	36	4	86	5	75	6	91	7	24	8	20	9	78	10	31	11	39	12	100	13	61	14	65	15	55	16	67	17	103	18	97	19	57	20	97	21	19	22	45	23	30	24	22	25	86	26	27	27	99	28	92	29	104	30	109	31	33	32	55	33	51	34	78	35	34	36	16	37	64	38	100	39	39	
	0	28	1	60	2	86	3	50	4	92	5	84	6	84	7	31	8	27	9	82	10	23	11	29	12	109	13	64	14	60	15	51	16	61	17	98	18	97	19	57	20	82	21	36	22	32	23	38	24	12	25	90	26	16	27	85	28	93	29	111	30	113	31	46	32	43	33	52	34	69	35	38	36	17	37	71	38	116	39	44	
	0	23	1	61	2	101	3	47	4	80	5	74	6	97	7	31	8	17	9	78	10	33	11	37	12	101	13	57	14	48	15	51	16	76	17	102	18	105	19	51	20	91	21	22	22	34	23	33	24	14	25	82	26	25	27	99	28	105	29	110	30	96	31	41	32	57	33	51	34	74	35	43	36	16	37	74	38	102	39	52	
	0	24	1	44	2	89	3	47	4	93	5	70	6	81	7	37	8	23	9	69	10	18	11	37	12	98	13	56	14	58	15	57	16	78	17	110	18	99	19	68	20	85	21	35	22	44	23	35	24	15	25	91	26	27	27	101	28	99	29	101	30	112	31	31	32	41	33	68	34	88	35	42	36	19	37	70	38	111	39	51	
	0	22	1	57	2	103	3	45	4	90	5	81	6	97	7	35	8	30	9	85	10	26	11	30	12	116	13	54	14	53	15	65	16	79	17	111	18	94	19	54	20	97	21	18	22	39	23	27	24	13	25	89	26	21	27	84	28	101	29	106	30	104	31	29	32	45	33	63	34	79	35	34	36	4	37	72	38	106	39	47	
	0	34	1	52	2	94	3	43	4	91	5	83	6	86	7	26	8	26	9	74	10	19	11	46	12	116	13	63	14	54	15	57	16	78	17	109	18	106	19	51	20	83	21	21	22	45	23	45	24	19	25	97	26	28	27	96	28	104	29	114	30	109	31	38	32	55	33	64	34	82	35	28	36	14	37	72	38	104	39	44	
	0	30	1	57	2	91	3	35	4	93	5	70	6	84	7	22	8	19	9	85	10	31	11	40	12	116	13	66	14	54	15	61	16	67	17	97	18	94	19	66	20	78	21	18	22	43	23	28	24	16	25	89	26	17	27	101	28	107	29	116	30	112	31	41	32	58	33	60	34	77	35	31	36	4	37	63	38	114	39	55	
	0	34	1	55	2	100	3	48	4	95	5	75	6	94	7	29	8	19	9	80	10	18	11	36	12	100	13	51	14	58	15	63	16	79	17	101	18	101	19	50	20	81	21	36	22	39	23	39	24	12	25	86	26	31	27	93	28	101	29	102	30	97	31	46	32	57	33	66	34	73	35	40	36	10	37	73	38	106	39	52	
	0	34	1	56	2	97	3	47	4	86	5	87	6	85	7	23	8	23	9	70	10	21	11	32	12	98	13	50	14	46	15	67	16	70	17	111	18	90	19	61	20	86	21	25	22	34	23	42	24	21	25	97	26	25	27	86	28	109	29	111	30	112	31	39	32	43	33	67	34	76	35	30	36	19	37	62	38	105	39	48	
	0	35	1	59	2	104	3	45	4	93	5	70	6	80	7	25	8	23	9	79	10	36	11	40	12	98	13	64	14	50	15	56	16	79	17	107	18	101	19	56	20	84	21	25	22	46	23	28	24	18	25	83	26	31	27	90	28	93	29	111	30	99	31	34	32	58	33	51	34	72	35	27	36	11	37	62	38	109	39	54	
	0	39	1	51	2	102	3	33	4	81	5	75	6	79	7	25	8	25	9	71	10	19	11	48	12	111	13	56	14	64	15	63	16	75	17	106	18	96	19	56	20	85	21	27	22	42	23	29	24	22	25	99	26	15	27	92	28	103	29	117	30	106	31	28	32	42	33	61	34	74	35	36	36	13	37	67	38	104	39	39	
	0	39	1	48	2	103	3	43	4	79	5	78	6	84	7	31	8	15	9	81	10	36	11	34	12	108	13	55	14	62	15	66	16	79	17	100	18	96	19	52	20	82	21	33	22	50	23	27	24	21	25	92	26	14	27	92	28	98	29	102	30	113	31	40	32	55	33	63	34	88	35	29	36	16	37	67	38	109	39	55	
	0	23	1	58	2	86	3	40	4	93	5	87	6	90	7	29	8	21	9	72	10	27	11	29	12	110	13	66	14	58	15	60	16	70	17	110	18	98	19	69	20	92	21	31	22	38	23	30	24	19	25	85	26	25	27	91	28	102	29	114	30	96	31	31	32	41	33	63	34	76	35	40	36	14	37	71	38	115	39	40	
	0	23	1	48	2	85	3	49	4	82	5	86	6	85	7	38	8	34	9	70	10	18	11	35	12	104	13	68	14	52	15	60	16	66	17	103	18	91	19	64	20	92	21	17	22	34	23	28	24	19	25	95	26	22	27	91	28	98	29	103	30	105	31	27	32	55	33	65	34	75	35	33	36	16	37	75	38	99	39	53	
	0	26	1	44	2	95	3	39	4	91	5	69	6	88	7	33	8	27	9	78	10	20	11	48	12	116	13	66	14	55	15	50	16	65	17	107	18	96	19	64	20	90	21	24	22	42	23	41	24	18	25	93	26	31	27	100	28	110	29	109	30	110	31	43	32	50	33	62	34	72	35	26	36	4	37	64	38	100	39	41	
	0	21	1	60	2	87	3	46	4	76	5	88	6	95	7	33	8	18	9	79	10	35	11	34	12	106	13	63	14	61	15	63	16	76	17	110	18	88	19	52	20	96	21	25	22	45	23	31	24	20	25	99	26	30	27	99	28	95	29	99	30	108	31	42	32	44	33	63	34	81	35	35	36	21	37	66	38	113	39	48	
	0	34	1	59	2	101	3	38	4	83	5	79	6	93	7	23	8	31	9	78	10	26	11	44	12	111	13	52	14	56	15	50	16	62	17	99	18	97	19	51	20	79	21	36	22	43	23	33	24	17	25	91	26	21	27	92	28	91	29	110	30	110	31	28	32	54	33	54	34	71	35	29	36	6	37	61	38	113	39	38	
	0	33	1	59	2	101	3	32	4	85	5	72	6	86	7	26	8	23	9	68	10	19	11	39	12	115	13	62	14	47	15	62	16	68	17	106	18	90	19	50	20	95	21	32	22	50	23	43	24	20	25	98	26	31	27	95	28	99	29	102	30	96	31	27	32	44	33	54	34	69	35	43	36	17	37	65	38	114	39	43	
	0	27	1	48	2	102	3	51	4	82	5	80	6	89	7	26	8	31	9	77	10	36	11	29	12	105	13	58	14	54	15	48	16	75	17	96	18	103	19	61	20	82	21	30	22	50	23	30	24	9	25	84	26	16	27	95	28	101	29	117	30	97	31	42	32	48	33	60	34	87	35	43	36	19	37	72	38	108	39	54	
	0	29	1	51	2	87	3	46	4	79	5	79	6	78	7	23	8	24	9	70	10	25	11	42	12	115	13	62	14	54	15	64	16	64	17	108	18	95	19	52	20	85	21	27	22	34	23	28	24	14	25	100	26	23	27	93	28	102	29	116	30	103	31	41	32	53	33	65	34	72	35	35	36	19	37	62	38	106	39	57	
	0	28	1	56	2	89	3	35	4	82	5	71	6	93	7	37	8	25	9	72	10	26	11	39	12	104	13	69	14	64	15	63	16	78	17	100	18	92	19	50	20	88	21	34	22	35	23	43	24	12	25	100	26	22	27	86	28	91	29	105	30	104	31	41	32	47	33	51	34	74	35	39	36	8	37	79	38	115	39	38	
	0	30	1	56	2	101	3	48	4	93	5	86	6	91	7	36	8	29	9	78	10	30	11	35	12	100	13	69	14	55	15	66	16	69	17	109	18	95	19	57	20	90	21	33	22	43	23	36	24	16	25	82	26	12	27	90	28	100	29	102	30	111	31	31	32	54	33	54	34	84	35	39	36	11	37	76	38	107	39	38	
	0	35	1	48	2	89	3	49	4	80	5	80	6	81	7	34	8	32	9	74	10	22	11	48	12	103	13	50	14	58	15	56	16	72	17	95	18	106	19	62	20	89	21	33	22	47	23	45	24	12	25	97	26	14	27	102	28	92	29	101	30	102	31	39	32	40	33	58	34	79	35	43	36	3	37	79	38	117	39	42	