100 40 1
40
	0	58	1	91	2	34	3	41	4	99	5	26	6	83	7	21	8	47	9	33	10	22	11	18	12	46	13	69	14	53	15	115	16	64	17	109	18	48	19	104	20	32	21	56	22	92	23	42	24	81	25	50	26	28	27	82	28	59	29	54	30	45	31	45	32	3	33	98	34	88	35	41	36	86	37	62	38	30	39	44	
	0	60	1	78	2	34	3	51	4	102	5	11	6	96	7	19	8	42	9	31	10	20	11	17	12	55	13	56	14	59	15	111	16	62	17	111	18	47	19	109	20	49	21	59	22	86	23	39	24	74	25	43	26	22	27	83	28	60	29	55	30	52	31	53	32	17	33	88	34	72	35	41	36	87	37	65	38	39	39	49	
	0	67	1	76	2	39	3	47	4	97	5	27	6	85	7	18	8	58	9	30	10	27	11	15	12	40	13	75	14	53	15	114	16	56	17	104	18	51	19	96	20	42	21	59	22	89	23	41	24	77	25	53	26	27	27	98	28	55	29	58	30	48	31	47	32	15	33	89	34	76	35	46	36	74	37	60	38	41	39	47	
	0	62	1	90	2	32	3	47	4	90	5	17	6	97	7	22	8	60	9	39	10	18	11	24	12	52	13	72	14	70	15	105	16	52	17	114	18	44	19	105	20	45	21	56	22	90	23	48	24	67	25	46	26	41	27	101	28	67	29	47	30	45	31	54	32	16	33	83	34	84	35	47	36	70	37	56	38	38	39	50	
	0	60	1	79	2	26	3	49	4	89	5	29	6	82	7	24	8	54	9	41	10	17	11	14	12	51	13	72	14	63	15	106	16	59	17	104	18	50	19	92	20	50	21	51	22	88	23	42	24	76	25	46	26	33	27	94	28	64	29	52	30	37	31	46	32	21	33	83	34	86	35	39	36	79	37	65	38	43	39	58	
	0	51	1	92	2	29	3	40	4	100	5	21	6	92	7	28	8	44	9	23	10	24	11	16	12	39	13	75	14	67	15	103	16	62	17	107	18	48	19	102	20	40	21	56	22	83	23	44	24	69	25	62	26	23	27	93	28	66	29	53	30	49	31	58	32	8	33	96	34	71	35	45	36	75	37	63	38	44	39	41	
	0	56	1	88	2	31	3	55	4	96	5	24	6	84	7	20	8	43	9	26	10	13	11	13	12	58	13	73	14	64	15	101	16	55	17	104	18	53	19	105	20	37	21	70	22	97	23	47	24	81	25	52	26	28	27	97	28	56	29	64	30	35	31	50	32	21	33	96	34	73	35	51	36	79	37	48	38	48	39	53	
	0	64	1	75	2	42	3	55	4	99	5	12	6	82	7	27	8	60	9	28	10	16	11	19	12	40	13	66	14	68	15	104	16	62	17	96	18	52	19	99	20	41	21	51	22	84	23	51	24	65	25	53	26	32	27	89	28	64	29	49	30	45	31	62	32	10	33	100	34	75	35	38	36	86	37	56	38	41	39	51	
	0	62	1	75	2	31	3	45	4	94	5	16	6	90	7	28	8	48	9	25	10	18	11	15	12	43	13	60	14	53	15	102	16	57	17	115	18	39	19	96	20	51	21	59	22	83	23	50	24	67	25	55	26	24	27	96	28	57	29	64	30	49	31	55	32	14	33	89	34	79	35	42	36	87	37	62	38	31	39	58	
	0	54	1	93	2	35	3	53	4	105	5	16	6	93	7	33	8	44	9	34	10	13	11	27	12	49	13	59	14	55	15	115	16	66	17	100	18	43	19	95	20	49	21	66	22	83	23	42	24	72	25	54	26	29	27	93	28	58	29	49	30	33	31	57	32	18	33	91	34	74	35	37	36	83	37	56	38	42	39	49	
	0	53	1	88	2	42	3	38	4	103	5	23	6	82	7	19	8	46	9	40	10	8	11	15	12	49	13	67	14	57	15	106	16	55	17	112	18	43	19	104	20	32	21	68	22	87	23	46	24	74	25	44	26	22	27	97	28	67	29	57	30	37	31	58	32	8	33	91	34	73	35	50	36	82	37	66	38	33	39	51	
	0	57	1	82	2	35	3	52	4	98	5	27	6	96	7	16	8	57	9	27	10	9	11	28	12	45	13	59	14	57	15	110	16	69	17	96	18	53	19	94	20	39	21	64	22	81	23	34	24	73	25	53	26	34	27	98	28	63	29	51	30	45	31	54	32	12	33	100	34	83	35	46	36	86	37	50	38	29	39	42	
	0	58	1	78	2	37	3	53	4	105	5	21	6	89	7	27	8	50	9	33	10	22	11	20	12	46	13	73	14	59	15	111	16	58	17	99	18	45	19	103	20	39	21	57	22	86	23	51	24	80	25	52	26	38	27	94	28	64	29	62	30	42	31	54	32	6	33	91	34	72	35	38	36	68	37	51	38	43	39	46	
	0	56	1	91	2	23	3	55	4	100	5	29	6	83	7	17	8	49	9	33	10	17	11	19	12	42	13	61	14	53	15	110	16	55	17	108	18	51	19	92	20	32	21	52	22	86	23	47	24	66	25	44	26	32	27	98	28	66	29	62	30	33	31	59	32	13	33	98	34	78	35	52	36	86	37	54	38	44	39	46	
	0	68	1	75	2	42	3	44	4	94	5	19	6	85	7	22	8	54	9	40	10	22	11	26	12	46	13	75	14	70	15	106	16	55	17	106	18	52	19	93	20	45	21	60	22	83	23	47	24	64	25	59	26	25	27	90	28	67	29	54	30	37	31	59	32	17	33	100	34	81	35	42	36	72	37	66	38	44	39	43	
	0	57	1	91	2	41	3	44	4	99	5	25	6	91	7	35	8	51	9	23	10	21	11	23	12	44	13	57	14	69	15	103	16	50	17	113	18	39	19	105	20	40	21	55	22	88	23	46	24	63	25	51	26	23	27	101	28	65	29	54	30	36	31	56	32	6	33	102	34	88	35	51	36	72	37	65	38	34	39	57	
	0	63	1	81	2	25	3	48	4	88	5	13	6	91	7	30	8	52	9	41	10	11	11	26	12	53	13	61	14	65	15	103	16	61	17	99	18	41	19	107	20	35	21	59	22	80	23	43	24	75	25	60	26	22	27	87	28	72	29	61	30	44	31	55	32	9	33	89	34	71	35	42	36	79	37	64	38	47	39	56	
	0	66	1	86	2	31	3	46	4	99	5	30	6	87	7	16	8	47	9	25	10	18	11	18	12	40	13	66	14	52	15	112	16	58	17	113	18	40	19	101	20	42	21	60	22	82	23	34	24	76	25	49	26	34	27	89	28	69	29	53	30	35	31	52	32	9	33	88	34	89	35	41	36	71	37	48	38	39	39	54	
	0	63	1	84	2	34	3	42	4	92	5	15	6	95	7	27	8	47	9	27	10	22	11	23	12	48	13	60	14	67	15	111	16	63	17	104	18	43	19	106	20	38	21	66	22	91	23	33	24	71	25	45	26	38	27	93	28	67	29	55	30	50	31	49	32	21	33	97	34	77	35	46	36	71	37	52	38	44	39	56	
	0	56	1	83	2	27	3	57	4	98	5	24	6	87	7	24	8	53	9	29	10	19	11	30	12	39	13	72	14	60	15	100	16	68	17	110	18	55	19	109	20	47	21	55	22	81	23	43	24	77	25	51	26	34	27	84	28	70	29	51	30	43	31	64	32	9	33	86	34	86	35	50	36	69	37	52	38	29	39	53	
	0	51	1	78	2	34	3	45	4	104	5	11	6	83	7	23	8	41	9	37	10	27	11	23	12	45	13	72	14	64	15	100	16	61	17	114	18	40	19	97	20	44	21	63	22	90	23	49	24	63	25	44	26	35	27	93	28	53	29	61	30	42	31	57	32	19	33	83	34	78	35	39	36	87	37	66	38	48	39	55	
	0	59	1	77	2	41	3	53	4	104	5	26	6	99	7	34	8	60	9	35	10	19	11	20	12	51	13	68	14	71	15	102	16	54	17	107	18	48	19	98	20	49	21	69	22	96	23	40	24	73	25	60	26	32	27	92	28	70	29	58	30	48	31	59	32	19	33	84	34	74	35	49	36	83	37	50	38	41	39	55	
	0	51	1	87	2	34	3	57	4	100	5	23	6	85	7	32	8	56	9	37	10	26	11	13	12	49	13	57	14	58	15	112	16	60	17	105	18	45	19	100	20	48	21	59	22	84	23	33	24	75	25	50	26	31	27	99	28	68	29	47	30	39	31	46	32	18	33	102	34	83	35	54	36	85	37	53	38	42	39	56	
	0	64	1	93	2	41	3	44	4	93	5	21	6	87	7	32	8	53	9	41	10	10	11	13	12	50	13	60	14	52	15	99	16	68	17	103	18	48	19	106	20	38	21	61	22	81	23	50	24	80	25	56	26	38	27	87	28	71	29	63	30	51	31	58	32	12	33	85	34	89	35	39	36	85	37	59	38	43	39	41	
	0	59	1	74	2	24	3	56	4	87	5	14	6	97	7	34	8	55	9	37	10	24	11	15	12	49	13	71	14	65	15	101	16	62	17	115	18	47	19	94	20	40	21	51	22	95	23	37	24	79	25	56	26	35	27	89	28	69	29	52	30	52	31	45	32	12	33	89	34	71	35	42	36	79	37	58	38	29	39	57	
	0	64	1	81	2	25	3	48	4	90	5	15	6	86	7	32	8	50	9	35	10	10	11	21	12	50	13	58	14	62	15	98	16	61	17	114	18	54	19	109	20	41	21	63	22	84	23	34	24	70	25	44	26	33	27	95	28	61	29	61	30	42	31	52	32	20	33	93	34	72	35	36	36	76	37	56	38	47	39	42	
	0	58	1	79	2	30	3	49	4	90	5	26	6	82	7	25	8	59	9	33	10	15	11	21	12	53	13	70	14	67	15	111	16	64	17	104	18	51	19	109	20	49	21	65	22	94	23	33	24	77	25	56	26	37	27	92	28	68	29	48	30	46	31	46	32	14	33	91	34	77	35	51	36	74	37	49	38	48	39	41	
	0	65	1	86	2	39	3	56	4	91	5	22	6	98	7	30	8	58	9	39	10	27	11	27	12	57	13	59	14	60	15	114	16	52	17	107	18	44	19	101	20	50	21	70	22	94	23	42	24	75	25	50	26	26	27	95	28	58	29	62	30	35	31	58	32	13	33	85	34	82	35	38	36	71	37	57	38	32	39	52	
	0	51	1	87	2	37	3	46	4	90	5	16	6	80	7	32	8	48	9	24	10	21	11	16	12	48	13	56	14	53	15	108	16	51	17	102	18	49	19	93	20	38	21	52	22	80	23	48	24	69	25	52	26	30	27	84	28	68	29	57	30	45	31	61	32	17	33	90	34	87	35	55	36	77	37	65	38	33	39	42	
	0	65	1	76	2	23	3	50	4	103	5	11	6	99	7	24	8	42	9	40	10	22	11	28	12	45	13	60	14	65	15	100	16	67	17	101	18	44	19	106	20	50	21	60	22	92	23	47	24	69	25	61	26	29	27	82	28	59	29	50	30	48	31	59	32	17	33	96	34	82	35	36	36	86	37	65	38	47	39	44	
	0	68	1	80	2	23	3	43	4	88	5	13	6	95	7	16	8	45	9	35	10	15	11	19	12	41	13	69	14	55	15	108	16	68	17	105	18	41	19	100	20	47	21	67	22	95	23	34	24	77	25	57	26	23	27	101	28	64	29	47	30	36	31	61	32	6	33	84	34	79	35	46	36	70	37	66	38	29	39	40	
	0	57	1	80	2	29	3	55	4	88	5	19	6	86	7	26	8	43	9	39	10	18	11	12	12	47	13	61	14	68	15	111	16	68	17	115	18	54	19	111	20	36	21	68	22	91	23	36	24	75	25	49	26	33	27	99	28	65	29	58	30	48	31	50	32	8	33	97	34	80	35	45	36	87	37	63	38	33	39	40	
	0	66	1	90	2	29	3	41	4	87	5	15	6	80	7	17	8	51	9	30	10	16	11	28	12	57	13	70	14	57	15	113	16	68	17	99	18	54	19	95	20	42	21	53	22	89	23	47	24	69	25	44	26	25	27	98	28	69	29	46	30	37	31	64	32	4	33	87	34	78	35	40	36	79	37	57	38	35	39	57	
	0	60	1	85	2	25	3	57	4	97	5	21	6	99	7	21	8	41	9	38	10	17	11	15	12	54	13	60	14	59	15	104	16	63	17	108	18	56	19	111	20	50	21	55	22	91	23	50	24	80	25	60	26	33	27	89	28	71	29	50	30	40	31	60	32	7	33	91	34	73	35	55	36	79	37	60	38	31	39	42	
	0	58	1	75	2	42	3	52	4	86	5	16	6	95	7	27	8	41	9	33	10	21	11	12	12	48	13	68	14	55	15	104	16	68	17	105	18	47	19	108	20	40	21	70	22	81	23	51	24	80	25	61	26	25	27	93	28	53	29	59	30	48	31	48	32	12	33	102	34	88	35	43	36	69	37	65	38	33	39	55	
	0	57	1	76	2	37	3	40	4	97	5	30	6	80	7	27	8	43	9	31	10	9	11	23	12	53	13	70	14	62	15	105	16	65	17	104	18	54	19	109	20	33	21	55	22	83	23	33	24	76	25	58	26	28	27	96	28	68	29	48	30	35	31	58	32	16	33	90	34	88	35	36	36	77	37	55	38	35	39	59	
	0	67	1	81	2	35	3	42	4	101	5	27	6	82	7	29	8	48	9	39	10	11	11	13	12	56	13	75	14	61	15	117	16	55	17	104	18	54	19	106	20	38	21	70	22	90	23	43	24	77	25	49	26	41	27	101	28	53	29	50	30	46	31	56	32	11	33	100	34	76	35	47	36	82	37	53	38	40	39	48	
	0	58	1	85	2	28	3	46	4	100	5	13	6	81	7	35	8	42	9	35	10	10	11	30	12	57	13	74	14	55	15	103	16	66	17	108	18	51	19	92	20	50	21	60	22	80	23	34	24	70	25	43	26	37	27	88	28	68	29	45	30	52	31	53	32	6	33	83	34	77	35	53	36	84	37	57	38	38	39	58	
	0	54	1	81	2	26	3	57	4	86	5	16	6	82	7	35	8	45	9	23	10	24	11	23	12	54	13	66	14	58	15	103	16	56	17	102	18	53	19	94	20	38	21	54	22	87	23	47	24	76	25	52	26	37	27	82	28	68	29	52	30	37	31	60	32	7	33	87	34	71	35	41	36	69	37	57	38	34	39	51	
	0	65	1	80	2	29	3	41	4	96	5	16	6	87	7	23	8	42	9	40	10	19	11	25	12	42	13	75	14	63	15	110	16	63	17	107	18	56	19	108	20	41	21	64	22	92	23	42	24	78	25	59	26	39	27	94	28	68	29	46	30	34	31	55	32	4	33	85	34	85	35	54	36	87	37	58	38	41	39	42	
	0	70	1	89	2	35	3	40	4	91	5	15	6	89	7	21	8	43	9	30	10	22	11	21	12	50	13	61	14	56	15	102	16	51	17	112	18	48	19	98	20	40	21	58	22	80	23	50	24	78	25	59	26	28	27	95	28	53	29	64	30	42	31	61	32	12	33	86	34	74	35	36	36	86	37	51	38	39	39	46	
	0	64	1	86	2	32	3	45	4	95	5	17	6	98	7	29	8	55	9	40	10	8	11	14	12	53	13	58	14	53	15	109	16	61	17	109	18	39	19	105	20	49	21	70	22	83	23	38	24	71	25	48	26	26	27	90	28	62	29	57	30	44	31	63	32	8	33	93	34	89	35	38	36	86	37	54	38	37	39	42	
	0	63	1	81	2	38	3	45	4	96	5	21	6	92	7	30	8	44	9	22	10	25	11	17	12	54	13	65	14	65	15	104	16	67	17	96	18	46	19	107	20	40	21	60	22	93	23	35	24	71	25	55	26	22	27	97	28	60	29	48	30	34	31	56	32	4	33	99	34	71	35	50	36	70	37	65	38	37	39	50	
	0	68	1	88	2	39	3	53	4	99	5	14	6	92	7	30	8	44	9	31	10	19	11	13	12	40	13	67	14	65	15	108	16	51	17	110	18	47	19	105	20	45	21	56	22	88	23	38	24	78	25	60	26	28	27	101	28	66	29	48	30	47	31	54	32	10	33	102	34	71	35	48	36	83	37	53	38	40	39	57	
	0	68	1	82	2	39	3	38	4	104	5	14	6	94	7	24	8	60	9	23	10	22	11	15	12	49	13	65	14	67	15	104	16	69	17	103	18	45	19	110	20	39	21	55	22	92	23	45	24	63	25	52	26	35	27	89	28	58	29	62	30	35	31	54	32	13	33	92	34	80	35	47	36	71	37	47	38	39	39	53	
	0	51	1	81	2	37	3	42	4	103	5	15	6	83	7	20	8	46	9	27	10	8	11	18	12	44	13	67	14	68	15	102	16	63	17	113	18	43	19	107	20	41	21	65	22	86	23	47	24	74	25	50	26	26	27	92	28	65	29	61	30	35	31	49	32	8	33	95	34	84	35	54	36	83	37	56	38	42	39	44	
	0	64	1	87	2	32	3	46	4	91	5	15	6	95	7	27	8	45	9	32	10	12	11	18	12	42	13	68	14	55	15	100	16	66	17	98	18	41	19	111	20	36	21	56	22	87	23	38	24	77	25	50	26	30	27	100	28	54	29	58	30	35	31	62	32	3	33	83	34	82	35	36	36	74	37	63	38	42	39	44	
	0	61	1	86	2	31	3	47	4	102	5	14	6	96	7	31	8	44	9	32	10	18	11	23	12	56	13	69	14	66	15	111	16	66	17	96	18	39	19	101	20	34	21	54	22	95	23	39	24	76	25	49	26	24	27	98	28	67	29	61	30	38	31	54	32	20	33	98	34	87	35	40	36	80	37	56	38	34	39	53	
	0	65	1	88	2	25	3	53	4	99	5	18	6	92	7	17	8	53	9	30	10	16	11	18	12	54	13	59	14	52	15	105	16	61	17	109	18	53	19	104	20	50	21	53	22	90	23	37	24	69	25	55	26	35	27	82	28	69	29	47	30	51	31	46	32	11	33	83	34	72	35	43	36	70	37	56	38	38	39	55	
	0	64	1	89	2	40	3	38	4	96	5	21	6	87	7	21	8	56	9	39	10	10	11	16	12	42	13	60	14	68	15	114	16	50	17	99	18	37	19	105	20	51	21	65	22	88	23	37	24	73	25	57	26	41	27	92	28	56	29	59	30	36	31	57	32	16	33	102	34	71	35	38	36	72	37	53	38	45	39	52	
	0	51	1	78	2	33	3	40	4	101	5	13	6	82	7	26	8	60	9	38	10	25	11	21	12	42	13	63	14	68	15	103	16	68	17	98	18	55	19	101	20	49	21	62	22	85	23	33	24	62	25	58	26	35	27	94	28	71	29	59	30	46	31	61	32	16	33	102	34	83	35	46	36	84	37	60	38	42	39	55	
	0	66	1	89	2	40	3	49	4	86	5	19	6	90	7	27	8	45	9	28	10	23	11	20	12	50	13	66	14	61	15	116	16	61	17	106	18	46	19	110	20	46	21	70	22	83	23	34	24	62	25	44	26	22	27	98	28	54	29	46	30	38	31	45	32	11	33	96	34	88	35	48	36	72	37	48	38	32	39	42	
	0	56	1	90	2	34	3	57	4	104	5	20	6	93	7	28	8	49	9	26	10	9	11	21	12	45	13	58	14	67	15	117	16	61	17	102	18	51	19	95	20	48	21	54	22	84	23	35	24	78	25	43	26	25	27	92	28	66	29	63	30	45	31	54	32	18	33	100	34	73	35	48	36	81	37	47	38	29	39	51	
	0	52	1	92	2	31	3	49	4	98	5	15	6	93	7	28	8	52	9	32	10	25	11	30	12	55	13	56	14	53	15	108	16	56	17	115	18	56	19	103	20	45	21	57	22	87	23	49	24	65	25	51	26	39	27	101	28	63	29	60	30	50	31	49	32	12	33	87	34	81	35	45	36	80	37	65	38	46	39	41	
	0	68	1	80	2	28	3	55	4	92	5	21	6	88	7	24	8	51	9	22	10	23	11	16	12	46	13	60	14	63	15	107	16	69	17	108	18	37	19	111	20	36	21	53	22	88	23	51	24	75	25	56	26	30	27	93	28	70	29	54	30	37	31	62	32	4	33	87	34	87	35	46	36	83	37	54	38	35	39	49	
	0	58	1	83	2	31	3	40	4	100	5	28	6	80	7	32	8	52	9	37	10	14	11	15	12	40	13	73	14	55	15	108	16	66	17	113	18	52	19	101	20	50	21	61	22	97	23	43	24	64	25	59	26	38	27	93	28	55	29	46	30	40	31	55	32	13	33	86	34	73	35	47	36	71	37	61	38	45	39	50	
	0	58	1	86	2	37	3	46	4	103	5	18	6	93	7	33	8	48	9	37	10	11	11	29	12	54	13	71	14	59	15	111	16	69	17	111	18	54	19	109	20	42	21	57	22	90	23	36	24	68	25	55	26	40	27	94	28	60	29	48	30	33	31	54	32	7	33	98	34	81	35	54	36	80	37	59	38	31	39	41	
	0	51	1	75	2	34	3	42	4	101	5	11	6	94	7	28	8	47	9	41	10	22	11	29	12	43	13	60	14	68	15	98	16	62	17	97	18	51	19	110	20	51	21	56	22	92	23	34	24	71	25	59	26	40	27	94	28	56	29	56	30	33	31	54	32	16	33	86	34	74	35	41	36	87	37	64	38	35	39	40	
	0	53	1	81	2	39	3	44	4	94	5	11	6	81	7	24	8	48	9	28	10	19	11	30	12	53	13	72	14	59	15	109	16	50	17	114	18	39	19	96	20	38	21	70	22	91	23	50	24	62	25	62	26	33	27	93	28	60	29	55	30	36	31	62	32	8	33	85	34	81	35	53	36	71	37	49	38	47	39	45	
	0	58	1	86	2	25	3	41	4	104	5	19	6	97	7	27	8	49	9	23	10	19	11	30	12	53	13	68	14	71	15	109	16	64	17	107	18	49	19	108	20	41	21	70	22	81	23	34	24	68	25	55	26	23	27	97	28	63	29	62	30	49	31	52	32	18	33	90	34	75	35	53	36	70	37	56	38	36	39	40	
	0	69	1	77	2	23	3	55	4	97	5	27	6	87	7	16	8	52	9	24	10	10	11	24	12	39	13	62	14	54	15	113	16	57	17	105	18	41	19	93	20	48	21	69	22	82	23	42	24	74	25	59	26	33	27	97	28	54	29	47	30	37	31	49	32	14	33	86	34	89	35	55	36	83	37	57	38	33	39	46	
	0	60	1	89	2	31	3	40	4	105	5	23	6	99	7	31	8	51	9	24	10	10	11	16	12	52	13	68	14	52	15	106	16	60	17	110	18	51	19	104	20	44	21	65	22	97	23	52	24	78	25	46	26	35	27	86	28	72	29	47	30	40	31	59	32	2	33	86	34	80	35	55	36	72	37	51	38	38	39	52	
	0	56	1	86	2	40	3	39	4	87	5	20	6	82	7	24	8	57	9	25	10	23	11	22	12	58	13	71	14	68	15	110	16	50	17	109	18	39	19	97	20	40	21	60	22	81	23	45	24	81	25	52	26	32	27	100	28	60	29	49	30	36	31	60	32	16	33	99	34	75	35	50	36	84	37	57	38	43	39	47	
	0	56	1	81	2	36	3	56	4	100	5	23	6	92	7	19	8	44	9	41	10	21	11	29	12	57	13	74	14	71	15	110	16	68	17	109	18	40	19	110	20	49	21	56	22	78	23	47	24	64	25	60	26	26	27	90	28	59	29	59	30	45	31	60	32	20	33	93	34	83	35	42	36	87	37	55	38	29	39	54	
	0	68	1	85	2	35	3	56	4	99	5	17	6	91	7	32	8	42	9	27	10	25	11	19	12	41	13	69	14	58	15	112	16	52	17	114	18	37	19	103	20	39	21	69	22	88	23	35	24	63	25	57	26	23	27	89	28	70	29	61	30	36	31	53	32	7	33	84	34	78	35	46	36	73	37	47	38	32	39	53	
	0	61	1	85	2	37	3	56	4	95	5	16	6	88	7	26	8	58	9	23	10	17	11	18	12	39	13	58	14	56	15	100	16	50	17	96	18	49	19	107	20	47	21	61	22	95	23	50	24	70	25	49	26	40	27	98	28	58	29	64	30	52	31	48	32	6	33	92	34	88	35	37	36	73	37	59	38	33	39	47	
	0	51	1	93	2	30	3	40	4	104	5	23	6	96	7	19	8	54	9	36	10	11	11	17	12	54	13	60	14	71	15	107	16	55	17	99	18	52	19	94	20	48	21	57	22	78	23	47	24	64	25	59	26	41	27	98	28	57	29	46	30	37	31	56	32	10	33	101	34	76	35	47	36	68	37	53	38	39	39	58	
	0	56	1	92	2	38	3	49	4	92	5	12	6	80	7	21	8	44	9	38	10	15	11	16	12	40	13	62	14	61	15	111	16	68	17	99	18	39	19	111	20	48	21	55	22	95	23	37	24	62	25	49	26	31	27	90	28	53	29	50	30	48	31	58	32	16	33	101	34	85	35	48	36	68	37	65	38	41	39	57	
	0	64	1	77	2	40	3	41	4	98	5	29	6	88	7	23	8	59	9	32	10	20	11	19	12	47	13	71	14	66	15	100	16	55	17	113	18	46	19	101	20	48	21	62	22	88	23	40	24	63	25	45	26	27	27	85	28	63	29	54	30	43	31	56	32	3	33	83	34	89	35	42	36	79	37	48	38	39	39	44	
	0	61	1	80	2	41	3	56	4	104	5	21	6	85	7	21	8	57	9	30	10	16	11	25	12	47	13	70	14	52	15	115	16	52	17	113	18	40	19	101	20	50	21	51	22	86	23	36	24	66	25	46	26	40	27	94	28	65	29	53	30	33	31	46	32	15	33	96	34	77	35	45	36	69	37	56	38	44	39	58	
	0	53	1	83	2	37	3	40	4	100	5	29	6	87	7	17	8	50	9	38	10	8	11	15	12	56	13	57	14	60	15	113	16	57	17	110	18	38	19	92	20	42	21	61	22	93	23	36	24	67	25	44	26	32	27	95	28	72	29	52	30	49	31	47	32	14	33	99	34	77	35	45	36	80	37	62	38	35	39	56	
	0	60	1	85	2	35	3	55	4	88	5	11	6	97	7	29	8	56	9	36	10	11	11	24	12	56	13	75	14	67	15	99	16	64	17	100	18	50	19	110	20	38	21	53	22	86	23	41	24	72	25	52	26	34	27	82	28	66	29	56	30	41	31	62	32	5	33	99	34	87	35	42	36	71	37	49	38	41	39	58	
	0	61	1	91	2	42	3	55	4	89	5	19	6	99	7	20	8	43	9	22	10	25	11	24	12	43	13	72	14	54	15	112	16	55	17	96	18	38	19	94	20	48	21	69	22	81	23	45	24	66	25	58	26	35	27	94	28	66	29	52	30	40	31	46	32	21	33	84	34	76	35	39	36	79	37	49	38	40	39	47	
	0	61	1	86	2	30	3	51	4	88	5	18	6	90	7	17	8	42	9	22	10	14	11	19	12	52	13	63	14	67	15	100	16	53	17	115	18	42	19	94	20	34	21	62	22	87	23	44	24	75	25	56	26	24	27	84	28	60	29	49	30	40	31	56	32	8	33	98	34	71	35	52	36	69	37	57	38	47	39	46	
	0	67	1	93	2	35	3	48	4	94	5	26	6	96	7	30	8	57	9	36	10	20	11	23	12	53	13	60	14	69	15	104	16	64	17	97	18	43	19	96	20	51	21	61	22	93	23	34	24	66	25	61	26	34	27	84	28	65	29	45	30	45	31	50	32	3	33	85	34	73	35	38	36	87	37	56	38	44	39	57	
	0	64	1	75	2	24	3	42	4	92	5	11	6	91	7	35	8	58	9	33	10	27	11	15	12	53	13	58	14	64	15	101	16	59	17	114	18	44	19	109	20	38	21	53	22	88	23	51	24	75	25	55	26	38	27	83	28	57	29	59	30	42	31	56	32	4	33	88	34	81	35	49	36	82	37	58	38	42	39	59	
	0	51	1	74	2	38	3	49	4	88	5	28	6	89	7	16	8	43	9	26	10	27	11	22	12	52	13	70	14	71	15	109	16	61	17	101	18	46	19	101	20	32	21	63	22	86	23	40	24	80	25	47	26	22	27	82	28	65	29	48	30	42	31	52	32	4	33	95	34	89	35	39	36	77	37	59	38	44	39	40	
	0	51	1	86	2	27	3	40	4	98	5	23	6	83	7	28	8	52	9	22	10	23	11	23	12	52	13	69	14	53	15	107	16	67	17	115	18	45	19	105	20	41	21	67	22	93	23	34	24	66	25	46	26	35	27	87	28	60	29	52	30	45	31	49	32	3	33	83	34	86	35	50	36	68	37	56	38	36	39	47	
	0	68	1	80	2	30	3	38	4	96	5	28	6	80	7	23	8	47	9	34	10	11	11	21	12	45	13	72	14	56	15	111	16	61	17	114	18	53	19	105	20	38	21	68	22	96	23	34	24	64	25	62	26	40	27	89	28	65	29	55	30	49	31	62	32	3	33	92	34	77	35	50	36	73	37	47	38	44	39	52	
	0	63	1	81	2	33	3	43	4	100	5	18	6	85	7	27	8	45	9	30	10	13	11	17	12	53	13	73	14	60	15	111	16	64	17	114	18	37	19	95	20	43	21	58	22	86	23	49	24	66	25	46	26	33	27	99	28	53	29	62	30	36	31	57	32	21	33	95	34	90	35	51	36	80	37	62	38	30	39	52	
	0	60	1	76	2	29	3	39	4	93	5	14	6	93	7	33	8	55	9	37	10	14	11	25	12	46	13	60	14	66	15	101	16	62	17	114	18	43	19	100	20	41	21	51	22	80	23	35	24	71	25	59	26	31	27	101	28	63	29	61	30	40	31	59	32	17	33	96	34	76	35	42	36	83	37	62	38	43	39	43	
	0	54	1	81	2	23	3	49	4	86	5	29	6	93	7	19	8	54	9	33	10	26	11	26	12	56	13	58	14	69	15	113	16	67	17	103	18	46	19	98	20	33	21	66	22	95	23	35	24	65	25	53	26	41	27	96	28	61	29	46	30	36	31	45	32	21	33	83	34	71	35	46	36	72	37	48	38	38	39	59	
	0	62	1	92	2	26	3	51	4	91	5	27	6	82	7	18	8	58	9	30	10	19	11	14	12	56	13	67	14	70	15	105	16	50	17	97	18	54	19	107	20	43	21	57	22	85	23	37	24	79	25	57	26	36	27	88	28	60	29	54	30	49	31	46	32	7	33	84	34	82	35	44	36	78	37	52	38	32	39	52	
	0	54	1	89	2	23	3	43	4	93	5	30	6	92	7	34	8	43	9	41	10	27	11	28	12	56	13	74	14	70	15	105	16	59	17	109	18	50	19	94	20	46	21	62	22	83	23	36	24	68	25	45	26	33	27	85	28	63	29	56	30	36	31	53	32	2	33	96	34	73	35	55	36	68	37	47	38	42	39	55	
	0	58	1	75	2	24	3	40	4	87	5	11	6	94	7	21	8	55	9	32	10	22	11	12	12	52	13	63	14	70	15	99	16	63	17	109	18	37	19	98	20	37	21	60	22	95	23	47	24	72	25	58	26	27	27	85	28	65	29	58	30	45	31	58	32	9	33	102	34	77	35	48	36	78	37	57	38	42	39	48	
	0	54	1	84	2	41	3	55	4	98	5	19	6	97	7	19	8	47	9	22	10	13	11	20	12	46	13	58	14	54	15	103	16	58	17	111	18	50	19	97	20	50	21	65	22	94	23	38	24	73	25	57	26	41	27	90	28	53	29	59	30	48	31	47	32	3	33	99	34	84	35	42	36	83	37	54	38	29	39	44	
	0	55	1	87	2	28	3	53	4	105	5	26	6	80	7	25	8	43	9	31	10	12	11	12	12	54	13	72	14	70	15	100	16	51	17	99	18	41	19	96	20	48	21	53	22	90	23	40	24	78	25	47	26	31	27	98	28	53	29	51	30	35	31	58	32	6	33	99	34	80	35	55	36	71	37	50	38	29	39	58	
	0	59	1	91	2	26	3	53	4	93	5	15	6	95	7	29	8	45	9	31	10	15	11	16	12	43	13	68	14	68	15	107	16	67	17	102	18	48	19	104	20	45	21	55	22	90	23	37	24	66	25	47	26	39	27	96	28	55	29	57	30	42	31	56	32	10	33	93	34	78	35	48	36	73	37	63	38	48	39	51	
	0	51	1	76	2	27	3	43	4	91	5	14	6	92	7	23	8	59	9	29	10	8	11	26	12	52	13	71	14	54	15	106	16	51	17	96	18	44	19	104	20	38	21	69	22	94	23	35	24	81	25	56	26	22	27	100	28	66	29	62	30	33	31	64	32	15	33	91	34	80	35	41	36	72	37	47	38	37	39	47	
	0	59	1	90	2	34	3	44	4	97	5	23	6	90	7	21	8	41	9	28	10	15	11	17	12	54	13	66	14	54	15	104	16	62	17	114	18	46	19	101	20	48	21	59	22	86	23	50	24	71	25	57	26	37	27	91	28	70	29	50	30	48	31	47	32	5	33	87	34	76	35	48	36	70	37	55	38	43	39	52	
	0	51	1	92	2	29	3	57	4	86	5	30	6	93	7	18	8	54	9	34	10	26	11	27	12	56	13	68	14	52	15	104	16	58	17	111	18	39	19	104	20	32	21	69	22	86	23	40	24	79	25	51	26	34	27	99	28	66	29	63	30	33	31	63	32	11	33	89	34	75	35	37	36	76	37	47	38	47	39	49	
	0	62	1	80	2	39	3	47	4	103	5	21	6	84	7	17	8	51	9	26	10	16	11	20	12	40	13	62	14	59	15	114	16	61	17	107	18	40	19	92	20	50	21	56	22	78	23	41	24	70	25	53	26	31	27	84	28	62	29	45	30	38	31	51	32	18	33	102	34	84	35	42	36	68	37	52	38	40	39	53	
	0	53	1	80	2	23	3	50	4	104	5	28	6	87	7	25	8	54	9	27	10	27	11	26	12	58	13	75	14	57	15	115	16	52	17	98	18	40	19	96	20	40	21	61	22	85	23	39	24	68	25	59	26	30	27	83	28	59	29	47	30	48	31	54	32	12	33	99	34	89	35	43	36	73	37	62	38	41	39	52	
	0	58	1	87	2	33	3	54	4	99	5	19	6	93	7	23	8	51	9	22	10	10	11	28	12	43	13	72	14	68	15	110	16	50	17	103	18	37	19	99	20	51	21	56	22	87	23	41	24	81	25	43	26	33	27	92	28	59	29	54	30	42	31	56	32	6	33	102	34	79	35	49	36	78	37	49	38	33	39	50	
	0	57	1	79	2	29	3	56	4	97	5	28	6	94	7	22	8	51	9	40	10	23	11	11	12	47	13	66	14	59	15	114	16	64	17	110	18	46	19	110	20	47	21	68	22	90	23	51	24	80	25	62	26	35	27	95	28	59	29	50	30	40	31	55	32	8	33	94	34	77	35	39	36	77	37	65	38	42	39	55	
	0	51	1	92	2	38	3	43	4	86	5	16	6	89	7	34	8	55	9	25	10	16	11	29	12	49	13	74	14	66	15	104	16	67	17	100	18	55	19	101	20	38	21	66	22	78	23	38	24	69	25	60	26	32	27	91	28	65	29	53	30	37	31	58	32	16	33	100	34	83	35	47	36	71	37	56	38	32	39	54	
	0	69	1	75	2	31	3	54	4	99	5	11	6	98	7	27	8	48	9	38	10	13	11	30	12	43	13	66	14	70	15	112	16	52	17	100	18	47	19	96	20	45	21	67	22	86	23	44	24	62	25	56	26	39	27	89	28	70	29	56	30	43	31	49	32	9	33	101	34	88	35	51	36	71	37	66	38	42	39	45	
	0	56	1	88	2	37	3	51	4	98	5	27	6	89	7	25	8	41	9	40	10	14	11	11	12	52	13	57	14	56	15	115	16	50	17	100	18	44	19	98	20	48	21	62	22	87	23	47	24	76	25	44	26	26	27	86	28	67	29	61	30	40	31	57	32	15	33	95	34	90	35	47	36	68	37	55	38	35	39	50	
	0	62	1	88	2	25	3	52	4	97	5	22	6	99	7	16	8	57	9	26	10	18	11	15	12	48	13	65	14	55	15	98	16	53	17	97	18	39	19	93	20	42	21	65	22	83	23	44	24	68	25	62	26	24	27	86	28	64	29	46	30	43	31	47	32	2	33	90	34	72	35	47	36	79	37	64	38	47	39	50	
	0	55	1	80	2	33	3	45	4	96	5	16	6	97	7	18	8	60	9	26	10	22	11	28	12	39	13	58	14	58	15	116	16	56	17	107	18	38	19	106	20	33	21	61	22	79	23	33	24	68	25	45	26	30	27	98	28	56	29	61	30	46	31	55	32	16	33	90	34	79	35	55	36	71	37	51	38	33	39	46	