100 50 1
50
	0	92	1	53	2	28	3	103	4	25	5	40	6	93	7	99	8	81	9	99	10	40	11	52	12	8	13	19	14	23	15	113	16	50	17	23	18	74	19	66	20	58	21	30	22	70	23	92	24	43	25	84	26	98	27	60	28	73	29	36	30	3	31	35	32	41	33	88	34	74	35	43	36	84	37	68	38	100	39	42	40	95	41	48	42	82	43	33	44	53	45	104	46	82	47	110	48	16	49	24	
	0	106	1	44	2	24	3	97	4	20	5	41	6	86	7	105	8	96	9	113	10	34	11	59	12	17	13	14	14	13	15	105	16	64	17	25	18	81	19	67	20	75	21	37	22	64	23	105	24	40	25	77	26	88	27	65	28	66	29	21	30	14	31	47	32	51	33	82	34	90	35	59	36	81	37	71	38	101	39	43	40	97	41	49	42	75	43	25	44	66	45	101	46	71	47	106	48	19	49	34	
	0	105	1	46	2	25	3	105	4	19	5	45	6	83	7	96	8	84	9	104	10	29	11	61	12	14	13	17	14	19	15	116	16	66	17	34	18	81	19	62	20	76	21	21	22	63	23	103	24	47	25	95	26	85	27	64	28	73	29	32	30	6	31	41	32	41	33	87	34	86	35	60	36	96	37	70	38	111	39	53	40	103	41	51	42	74	43	33	44	55	45	108	46	68	47	97	48	4	49	23	
	0	96	1	48	2	34	3	109	4	16	5	51	6	99	7	108	8	82	9	105	10	32	11	62	12	18	13	18	14	12	15	99	16	58	17	40	18	62	19	71	20	67	21	26	22	68	23	102	24	41	25	88	26	87	27	59	28	61	29	37	30	11	31	32	32	38	33	81	34	78	35	53	36	84	37	78	38	104	39	60	40	102	41	57	42	74	43	32	44	54	45	101	46	76	47	109	48	5	49	22	
	0	110	1	45	2	16	3	91	4	27	5	47	6	100	7	94	8	92	9	111	10	31	11	52	12	9	13	14	14	17	15	104	16	49	17	34	18	76	19	62	20	60	21	33	22	66	23	96	24	42	25	80	26	87	27	68	28	66	29	34	30	7	31	40	32	35	33	85	34	76	35	57	36	77	37	71	38	113	39	44	40	104	41	64	42	75	43	18	44	57	45	120	46	72	47	105	48	22	49	21	
	0	97	1	54	2	27	3	110	4	22	5	35	6	90	7	90	8	94	9	109	10	46	11	70	12	21	13	13	14	21	15	109	16	52	17	21	18	74	19	72	20	70	21	34	22	65	23	94	24	55	25	92	26	89	27	67	28	76	29	27	30	3	31	36	32	38	33	82	34	81	35	47	36	89	37	73	38	102	39	47	40	104	41	60	42	81	43	35	44	63	45	103	46	75	47	102	48	20	49	22	
	0	102	1	42	2	25	3	105	4	30	5	34	6	82	7	98	8	93	9	116	10	31	11	71	12	24	13	11	14	18	15	99	16	65	17	22	18	71	19	79	20	71	21	20	22	63	23	105	24	47	25	94	26	90	27	71	28	70	29	30	30	17	31	48	32	47	33	78	34	75	35	41	36	85	37	74	38	106	39	47	40	97	41	63	42	90	43	24	44	61	45	106	46	85	47	94	48	5	49	18	
	0	98	1	41	2	16	3	101	4	33	5	34	6	92	7	97	8	86	9	106	10	34	11	61	12	22	13	20	14	6	15	110	16	60	17	22	18	66	19	73	20	63	21	25	22	58	23	97	24	51	25	79	26	82	27	55	28	62	29	23	30	19	31	48	32	36	33	82	34	77	35	52	36	92	37	82	38	99	39	45	40	92	41	61	42	83	43	18	44	64	45	114	46	81	47	94	48	15	49	22	
	0	100	1	49	2	21	3	107	4	28	5	38	6	100	7	90	8	90	9	103	10	36	11	53	12	9	13	22	14	19	15	100	16	59	17	37	18	65	19	78	20	73	21	33	22	69	23	88	24	57	25	85	26	94	27	70	28	59	29	22	30	15	31	49	32	48	33	95	34	85	35	48	36	81	37	80	38	105	39	56	40	95	41	66	42	82	43	32	44	64	45	104	46	66	47	105	48	5	49	28	
	0	92	1	39	2	29	3	107	4	31	5	42	6	99	7	107	8	82	9	108	10	39	11	61	12	11	13	13	14	13	15	105	16	48	17	30	18	65	19	73	20	63	21	32	22	57	23	88	24	42	25	92	26	79	27	55	28	76	29	23	30	15	31	31	32	48	33	77	34	76	35	51	36	77	37	78	38	96	39	55	40	94	41	65	42	81	43	35	44	56	45	103	46	78	47	97	48	13	49	18	
	0	103	1	50	2	16	3	96	4	33	5	49	6	100	7	101	8	88	9	106	10	42	11	69	12	11	13	17	14	7	15	100	16	65	17	38	18	77	19	70	20	58	21	30	22	65	23	96	24	40	25	82	26	80	27	63	28	61	29	19	30	15	31	48	32	46	33	77	34	75	35	56	36	88	37	80	38	99	39	41	40	100	41	65	42	80	43	22	44	48	45	107	46	75	47	107	48	18	49	36	
	0	107	1	40	2	25	3	110	4	16	5	45	6	98	7	90	8	87	9	117	10	35	11	70	12	11	13	17	14	19	15	112	16	55	17	34	18	79	19	80	20	65	21	38	22	55	23	92	24	47	25	91	26	84	27	56	28	73	29	21	30	19	31	44	32	42	33	78	34	89	35	48	36	92	37	72	38	107	39	60	40	90	41	55	42	85	43	33	44	56	45	102	46	85	47	110	48	23	49	34	
	0	108	1	48	2	31	3	91	4	31	5	35	6	91	7	105	8	88	9	103	10	48	11	58	12	20	13	27	14	9	15	113	16	60	17	25	18	67	19	65	20	61	21	39	22	56	23	93	24	46	25	86	26	88	27	60	28	66	29	24	30	8	31	32	32	52	33	77	34	78	35	52	36	82	37	65	38	105	39	48	40	101	41	57	42	93	43	25	44	50	45	118	46	83	47	93	48	21	49	33	
	0	110	1	41	2	17	3	105	4	26	5	35	6	81	7	95	8	87	9	115	10	43	11	53	12	16	13	11	14	23	15	104	16	53	17	22	18	81	19	78	20	58	21	22	22	60	23	101	24	56	25	90	26	90	27	72	28	76	29	36	30	3	31	37	32	47	33	84	34	88	35	46	36	88	37	68	38	106	39	44	40	104	41	47	42	77	43	18	44	64	45	118	46	82	47	110	48	4	49	19	
	0	110	1	45	2	32	3	110	4	16	5	37	6	83	7	96	8	84	9	118	10	40	11	68	12	8	13	9	14	20	15	112	16	61	17	24	18	78	19	75	20	59	21	26	22	57	23	105	24	54	25	77	26	91	27	64	28	61	29	20	30	11	31	37	32	47	33	78	34	87	35	44	36	82	37	80	38	98	39	57	40	102	41	47	42	76	43	31	44	66	45	109	46	74	47	106	48	14	49	19	
	0	107	1	53	2	23	3	110	4	17	5	43	6	81	7	97	8	97	9	117	10	31	11	69	12	22	13	23	14	11	15	109	16	48	17	27	18	81	19	71	20	58	21	29	22	58	23	88	24	45	25	93	26	93	27	55	28	63	29	32	30	2	31	38	32	52	33	88	34	82	35	45	36	78	37	71	38	112	39	51	40	91	41	55	42	91	43	24	44	52	45	104	46	84	47	105	48	20	49	30	
	0	93	1	51	2	23	3	98	4	30	5	43	6	85	7	96	8	90	9	107	10	37	11	60	12	27	13	27	14	7	15	113	16	63	17	37	18	79	19	73	20	65	21	25	22	62	23	105	24	41	25	78	26	84	27	69	28	62	29	23	30	14	31	41	32	35	33	83	34	85	35	60	36	93	37	70	38	101	39	46	40	102	41	60	42	92	43	29	44	56	45	113	46	80	47	108	48	20	49	31	
	0	104	1	40	2	33	3	100	4	21	5	36	6	97	7	90	8	81	9	103	10	48	11	52	12	14	13	28	14	22	15	102	16	48	17	27	18	78	19	67	20	68	21	26	22	64	23	88	24	46	25	83	26	96	27	55	28	67	29	27	30	13	31	46	32	47	33	78	34	91	35	47	36	81	37	78	38	105	39	48	40	98	41	63	42	88	43	32	44	54	45	103	46	82	47	95	48	14	49	21	
	0	105	1	46	2	20	3	96	4	26	5	49	6	85	7	101	8	85	9	113	10	40	11	57	12	10	13	18	14	17	15	113	16	57	17	30	18	81	19	80	20	68	21	36	22	53	23	103	24	53	25	95	26	80	27	63	28	61	29	21	30	16	31	31	32	39	33	91	34	87	35	56	36	81	37	78	38	106	39	54	40	98	41	63	42	87	43	33	44	58	45	103	46	71	47	92	48	18	49	25	
	0	94	1	45	2	33	3	95	4	16	5	38	6	93	7	106	8	95	9	111	10	45	11	60	12	9	13	14	14	14	15	114	16	62	17	24	18	65	19	75	20	73	21	33	22	55	23	101	24	55	25	93	26	84	27	66	28	72	29	25	30	21	31	34	32	43	33	84	34	88	35	52	36	83	37	70	38	107	39	47	40	90	41	62	42	81	43	16	44	63	45	114	46	69	47	109	48	6	49	29	
	0	101	1	56	2	16	3	99	4	30	5	41	6	85	7	89	8	79	9	103	10	45	11	61	12	19	13	18	14	10	15	114	16	47	17	36	18	66	19	71	20	58	21	21	22	60	23	99	24	45	25	82	26	81	27	55	28	67	29	19	30	8	31	39	32	45	33	85	34	84	35	57	36	77	37	68	38	98	39	57	40	99	41	52	42	77	43	25	44	53	45	104	46	73	47	108	48	12	49	17	
	0	97	1	43	2	19	3	103	4	34	5	48	6	97	7	108	8	86	9	105	10	29	11	54	12	25	13	26	14	5	15	100	16	52	17	21	18	70	19	68	20	63	21	31	22	54	23	94	24	51	25	90	26	86	27	58	28	68	29	32	30	10	31	33	32	45	33	90	34	84	35	51	36	77	37	76	38	95	39	57	40	85	41	59	42	78	43	30	44	49	45	116	46	80	47	110	48	4	49	30	
	0	97	1	57	2	24	3	103	4	22	5	49	6	83	7	90	8	78	9	103	10	36	11	63	12	23	13	15	14	8	15	110	16	58	17	39	18	75	19	62	20	74	21	29	22	66	23	103	24	49	25	80	26	89	27	73	28	74	29	37	30	21	31	36	32	36	33	92	34	89	35	48	36	95	37	75	38	104	39	54	40	96	41	51	42	91	43	21	44	55	45	102	46	81	47	94	48	17	49	23	
	0	110	1	43	2	19	3	102	4	15	5	47	6	81	7	94	8	87	9	111	10	40	11	71	12	12	13	18	14	10	15	117	16	66	17	21	18	62	19	64	20	64	21	39	22	67	23	104	24	54	25	90	26	88	27	73	28	65	29	21	30	9	31	36	32	38	33	95	34	75	35	49	36	91	37	77	38	113	39	51	40	89	41	66	42	92	43	25	44	50	45	101	46	83	47	103	48	12	49	26	
	0	93	1	44	2	18	3	98	4	21	5	48	6	95	7	108	8	93	9	103	10	30	11	69	12	23	13	21	14	11	15	107	16	52	17	37	18	77	19	72	20	66	21	37	22	69	23	95	24	49	25	90	26	97	27	63	28	63	29	22	30	6	31	47	32	42	33	91	34	81	35	60	36	89	37	76	38	103	39	43	40	100	41	54	42	84	43	32	44	49	45	120	46	70	47	100	48	4	49	34	
	0	110	1	39	2	23	3	94	4	24	5	49	6	84	7	106	8	92	9	109	10	32	11	59	12	8	13	12	14	12	15	108	16	59	17	36	18	80	19	63	20	63	21	33	22	58	23	92	24	48	25	82	26	83	27	65	28	71	29	27	30	20	31	46	32	54	33	79	34	78	35	54	36	82	37	78	38	101	39	60	40	86	41	57	42	74	43	25	44	52	45	105	46	68	47	94	48	8	49	35	
	0	96	1	53	2	20	3	103	4	32	5	44	6	96	7	103	8	93	9	103	10	45	11	55	12	19	13	16	14	21	15	113	16	62	17	22	18	81	19	75	20	75	21	39	22	52	23	87	24	55	25	78	26	91	27	74	28	66	29	30	30	16	31	36	32	52	33	81	34	75	35	49	36	80	37	83	38	110	39	55	40	101	41	65	42	77	43	24	44	62	45	104	46	72	47	101	48	13	49	18	
	0	103	1	44	2	25	3	102	4	33	5	48	6	92	7	108	8	80	9	105	10	33	11	61	12	15	13	9	14	6	15	104	16	66	17	29	18	74	19	75	20	72	21	24	22	68	23	104	24	49	25	84	26	80	27	73	28	64	29	36	30	21	31	44	32	35	33	95	34	76	35	48	36	77	37	79	38	98	39	50	40	103	41	48	42	85	43	20	44	55	45	109	46	80	47	106	48	19	49	27	
	0	109	1	49	2	19	3	108	4	24	5	46	6	82	7	94	8	90	9	118	10	39	11	70	12	10	13	18	14	23	15	110	16	53	17	24	18	63	19	67	20	60	21	22	22	58	23	98	24	51	25	90	26	80	27	74	28	70	29	19	30	15	31	39	32	43	33	84	34	81	35	53	36	95	37	75	38	99	39	44	40	85	41	56	42	75	43	27	44	57	45	110	46	80	47	103	48	20	49	34	
	0	99	1	42	2	25	3	100	4	17	5	41	6	89	7	94	8	96	9	102	10	48	11	62	12	15	13	22	14	15	15	102	16	49	17	31	18	74	19	80	20	60	21	26	22	70	23	97	24	39	25	91	26	87	27	56	28	77	29	24	30	18	31	49	32	39	33	90	34	72	35	54	36	80	37	83	38	97	39	46	40	87	41	63	42	79	43	21	44	62	45	103	46	72	47	103	48	12	49	26	
	0	94	1	42	2	33	3	93	4	22	5	39	6	93	7	98	8	87	9	109	10	41	11	57	12	27	13	23	14	9	15	102	16	66	17	23	18	67	19	74	20	73	21	29	22	69	23	104	24	39	25	87	26	89	27	55	28	66	29	29	30	14	31	35	32	40	33	78	34	85	35	44	36	96	37	64	38	99	39	42	40	94	41	48	42	87	43	32	44	57	45	115	46	68	47	98	48	19	49	30	
	0	99	1	42	2	23	3	109	4	26	5	33	6	92	7	92	8	81	9	101	10	40	11	54	12	21	13	19	14	6	15	101	16	58	17	33	18	68	19	65	20	74	21	22	22	69	23	102	24	53	25	79	26	91	27	73	28	71	29	20	30	14	31	36	32	50	33	91	34	74	35	47	36	81	37	81	38	107	39	58	40	97	41	66	42	74	43	17	44	48	45	113	46	79	47	97	48	10	49	31	
	0	100	1	48	2	27	3	107	4	21	5	37	6	86	7	95	8	97	9	112	10	42	11	70	12	11	13	28	14	23	15	103	16	54	17	33	18	64	19	73	20	64	21	23	22	51	23	105	24	51	25	90	26	79	27	56	28	75	29	28	30	15	31	30	32	42	33	89	34	84	35	46	36	85	37	79	38	97	39	43	40	93	41	49	42	83	43	31	44	62	45	107	46	78	47	98	48	19	49	26	
	0	110	1	51	2	35	3	95	4	27	5	35	6	89	7	95	8	87	9	108	10	35	11	65	12	16	13	22	14	13	15	102	16	49	17	22	18	66	19	77	20	76	21	37	22	65	23	100	24	46	25	78	26	95	27	55	28	65	29	20	30	6	31	34	32	41	33	81	34	83	35	45	36	89	37	82	38	113	39	48	40	91	41	65	42	76	43	20	44	58	45	111	46	68	47	111	48	15	49	32	
	0	92	1	57	2	16	3	94	4	20	5	38	6	89	7	105	8	83	9	99	10	43	11	58	12	14	13	18	14	17	15	118	16	66	17	23	18	65	19	66	20	58	21	36	22	59	23	89	24	54	25	87	26	83	27	59	28	75	29	33	30	2	31	46	32	54	33	84	34	82	35	45	36	95	37	79	38	103	39	53	40	92	41	49	42	86	43	19	44	62	45	118	46	76	47	95	48	12	49	24	
	0	99	1	58	2	31	3	102	4	31	5	36	6	82	7	97	8	89	9	105	10	47	11	65	12	19	13	16	14	16	15	103	16	51	17	38	18	72	19	75	20	63	21	21	22	61	23	87	24	46	25	84	26	90	27	70	28	70	29	30	30	21	31	40	32	46	33	76	34	78	35	54	36	83	37	77	38	97	39	45	40	92	41	52	42	82	43	20	44	64	45	107	46	76	47	101	48	18	49	32	
	0	101	1	47	2	33	3	104	4	27	5	49	6	88	7	99	8	94	9	105	10	33	11	59	12	26	13	13	14	7	15	111	16	61	17	26	18	80	19	72	20	68	21	20	22	60	23	93	24	47	25	83	26	87	27	63	28	59	29	24	30	8	31	46	32	53	33	78	34	74	35	41	36	96	37	71	38	106	39	58	40	104	41	50	42	86	43	26	44	47	45	114	46	72	47	103	48	19	49	23	
	0	108	1	47	2	30	3	104	4	30	5	51	6	99	7	97	8	84	9	101	10	48	11	56	12	27	13	28	14	13	15	101	16	48	17	38	18	77	19	66	20	68	21	38	22	62	23	100	24	40	25	85	26	87	27	66	28	62	29	19	30	14	31	43	32	52	33	89	34	79	35	47	36	90	37	79	38	100	39	60	40	85	41	51	42	75	43	16	44	63	45	110	46	81	47	93	48	17	49	20	
	0	108	1	43	2	24	3	91	4	20	5	42	6	100	7	89	8	79	9	101	10	46	11	53	12	8	13	28	14	8	15	113	16	50	17	24	18	67	19	72	20	72	21	24	22	57	23	97	24	50	25	90	26	83	27	64	28	62	29	18	30	15	31	38	32	53	33	93	34	73	35	51	36	91	37	83	38	112	39	57	40	92	41	51	42	74	43	16	44	55	45	101	46	68	47	100	48	12	49	36	
	0	111	1	46	2	27	3	107	4	34	5	34	6	81	7	105	8	88	9	114	10	37	11	71	12	16	13	13	14	5	15	108	16	57	17	29	18	70	19	70	20	59	21	22	22	54	23	88	24	48	25	81	26	81	27	68	28	66	29	32	30	12	31	41	32	42	33	79	34	87	35	48	36	77	37	72	38	107	39	52	40	93	41	62	42	76	43	19	44	48	45	120	46	80	47	99	48	4	49	24	
	0	92	1	47	2	33	3	94	4	29	5	41	6	99	7	95	8	85	9	112	10	36	11	59	12	12	13	11	14	10	15	116	16	61	17	26	18	70	19	68	20	62	21	32	22	54	23	96	24	44	25	93	26	94	27	61	28	59	29	34	30	8	31	39	32	54	33	80	34	72	35	54	36	88	37	65	38	109	39	60	40	94	41	61	42	82	43	34	44	59	45	116	46	74	47	105	48	16	49	26	
	0	94	1	52	2	26	3	91	4	25	5	43	6	92	7	91	8	89	9	102	10	42	11	68	12	11	13	28	14	15	15	99	16	63	17	39	18	69	19	79	20	67	21	32	22	69	23	92	24	49	25	90	26	80	27	64	28	64	29	19	30	10	31	37	32	38	33	87	34	91	35	48	36	80	37	80	38	111	39	48	40	90	41	49	42	93	43	19	44	50	45	120	46	71	47	100	48	10	49	18	
	0	93	1	43	2	24	3	91	4	34	5	47	6	82	7	96	8	94	9	116	10	47	11	59	12	24	13	23	14	15	15	110	16	65	17	38	18	72	19	61	20	58	21	22	22	67	23	89	24	57	25	77	26	80	27	71	28	58	29	26	30	8	31	42	32	54	33	85	34	85	35	48	36	96	37	83	38	95	39	52	40	93	41	62	42	85	43	34	44	49	45	119	46	66	47	109	48	7	49	20	
	0	94	1	42	2	21	3	95	4	25	5	44	6	98	7	92	8	90	9	113	10	45	11	67	12	18	13	21	14	15	15	102	16	61	17	24	18	81	19	63	20	63	21	34	22	58	23	92	24	48	25	78	26	90	27	67	28	64	29	26	30	17	31	40	32	52	33	76	34	77	35	58	36	89	37	75	38	102	39	47	40	101	41	47	42	92	43	35	44	65	45	118	46	81	47	94	48	21	49	29	
	0	98	1	44	2	33	3	92	4	18	5	40	6	84	7	94	8	94	9	109	10	32	11	53	12	19	13	27	14	17	15	114	16	55	17	37	18	75	19	68	20	65	21	21	22	62	23	91	24	45	25	94	26	81	27	67	28	72	29	20	30	13	31	40	32	51	33	82	34	74	35	41	36	93	37	77	38	97	39	59	40	93	41	52	42	80	43	34	44	63	45	106	46	67	47	105	48	10	49	27	
	0	97	1	43	2	19	3	92	4	21	5	37	6	97	7	94	8	84	9	117	10	42	11	52	12	18	13	13	14	10	15	104	16	53	17	35	18	69	19	61	20	67	21	23	22	64	23	97	24	40	25	80	26	88	27	58	28	75	29	23	30	21	31	39	32	50	33	77	34	74	35	48	36	93	37	66	38	96	39	50	40	97	41	53	42	92	43	32	44	61	45	110	46	69	47	110	48	22	49	21	
	0	94	1	57	2	22	3	96	4	33	5	37	6	89	7	97	8	83	9	102	10	46	11	64	12	24	13	22	14	9	15	118	16	48	17	36	18	79	19	65	20	74	21	34	22	65	23	100	24	51	25	80	26	96	27	58	28	64	29	28	30	5	31	48	32	37	33	93	34	88	35	46	36	88	37	69	38	112	39	46	40	87	41	63	42	90	43	33	44	48	45	112	46	73	47	94	48	19	49	17	
	0	107	1	44	2	25	3	97	4	28	5	40	6	98	7	89	8	82	9	102	10	44	11	53	12	18	13	15	14	16	15	105	16	56	17	38	18	77	19	63	20	60	21	28	22	61	23	93	24	54	25	91	26	90	27	68	28	61	29	19	30	20	31	48	32	46	33	76	34	81	35	54	36	90	37	66	38	96	39	43	40	92	41	62	42	86	43	32	44	62	45	119	46	69	47	93	48	5	49	17	
	0	99	1	42	2	23	3	103	4	29	5	44	6	86	7	107	8	83	9	116	10	30	11	60	12	16	13	25	14	22	15	103	16	55	17	39	18	79	19	74	20	68	21	31	22	52	23	91	24	47	25	89	26	85	27	64	28	71	29	33	30	13	31	48	32	41	33	81	34	78	35	49	36	88	37	74	38	112	39	57	40	100	41	66	42	86	43	35	44	58	45	102	46	80	47	106	48	9	49	24	
	0	94	1	51	2	22	3	92	4	34	5	43	6	85	7	107	8	90	9	101	10	32	11	54	12	16	13	14	14	22	15	100	16	60	17	29	18	71	19	63	20	73	21	31	22	62	23	95	24	47	25	91	26	79	27	66	28	66	29	21	30	6	31	35	32	50	33	88	34	81	35	48	36	82	37	75	38	99	39	50	40	93	41	51	42	81	43	17	44	59	45	109	46	74	47	108	48	12	49	22	
	0	101	1	48	2	31	3	98	4	27	5	39	6	84	7	104	8	82	9	100	10	47	11	59	12	16	13	21	14	10	15	105	16	66	17	24	18	65	19	71	20	75	21	36	22	59	23	91	24	44	25	84	26	81	27	56	28	73	29	25	30	16	31	35	32	42	33	88	34	73	35	60	36	94	37	66	38	96	39	41	40	96	41	63	42	78	43	18	44	49	45	109	46	83	47	109	48	9	49	36	
	0	104	1	47	2	30	3	107	4	32	5	45	6	92	7	89	8	87	9	106	10	33	11	58	12	20	13	20	14	19	15	110	16	59	17	28	18	72	19	64	20	72	21	28	22	61	23	92	24	56	25	78	26	80	27	68	28	68	29	20	30	8	31	39	32	53	33	78	34	90	35	42	36	86	37	78	38	94	39	44	40	98	41	62	42	92	43	32	44	65	45	107	46	79	47	101	48	9	49	19	
	0	94	1	48	2	28	3	91	4	30	5	50	6	95	7	94	8	95	9	108	10	35	11	55	12	27	13	24	14	13	15	99	16	47	17	28	18	73	19	69	20	74	21	20	22	54	23	97	24	40	25	77	26	79	27	70	28	76	29	25	30	19	31	48	32	48	33	78	34	87	35	54	36	95	37	81	38	103	39	57	40	86	41	62	42	87	43	22	44	48	45	119	46	84	47	93	48	19	49	25	
	0	94	1	42	2	29	3	107	4	28	5	41	6	91	7	94	8	82	9	114	10	43	11	56	12	13	13	18	14	19	15	106	16	58	17	33	18	78	19	77	20	75	21	39	22	61	23	91	24	39	25	85	26	97	27	71	28	61	29	18	30	12	31	35	32	42	33	81	34	87	35	51	36	78	37	75	38	108	39	51	40	102	41	49	42	93	43	33	44	57	45	101	46	74	47	97	48	17	49	21	
	0	110	1	58	2	34	3	101	4	26	5	39	6	90	7	98	8	85	9	104	10	29	11	70	12	24	13	10	14	13	15	105	16	47	17	30	18	71	19	61	20	66	21	23	22	54	23	97	24	45	25	82	26	84	27	59	28	60	29	32	30	7	31	48	32	54	33	81	34	77	35	52	36	93	37	76	38	105	39	55	40	102	41	61	42	86	43	31	44	55	45	106	46	81	47	111	48	21	49	28	
	0	108	1	41	2	29	3	106	4	18	5	50	6	94	7	106	8	86	9	99	10	32	11	57	12	26	13	15	14	9	15	102	16	60	17	35	18	74	19	67	20	60	21	39	22	55	23	101	24	58	25	81	26	80	27	63	28	61	29	20	30	2	31	37	32	47	33	92	34	79	35	53	36	89	37	67	38	103	39	52	40	86	41	54	42	74	43	16	44	63	45	111	46	76	47	101	48	20	49	32	
	0	108	1	48	2	19	3	96	4	29	5	48	6	87	7	99	8	86	9	107	10	33	11	67	12	20	13	17	14	5	15	113	16	47	17	37	18	64	19	67	20	64	21	31	22	52	23	102	24	54	25	93	26	82	27	68	28	62	29	26	30	15	31	36	32	37	33	84	34	91	35	52	36	82	37	65	38	101	39	59	40	86	41	65	42	81	43	33	44	64	45	109	46	67	47	100	48	9	49	30	
	0	105	1	53	2	28	3	96	4	19	5	41	6	92	7	98	8	97	9	107	10	40	11	67	12	17	13	10	14	18	15	108	16	52	17	23	18	65	19	76	20	65	21	38	22	66	23	104	24	45	25	77	26	94	27	56	28	62	29	34	30	15	31	44	32	50	33	84	34	84	35	59	36	85	37	78	38	97	39	50	40	104	41	50	42	88	43	24	44	58	45	103	46	70	47	105	48	17	49	31	
	0	95	1	39	2	21	3	98	4	24	5	45	6	99	7	106	8	90	9	114	10	37	11	56	12	23	13	14	14	21	15	99	16	56	17	24	18	77	19	66	20	68	21	36	22	69	23	88	24	52	25	80	26	83	27	67	28	66	29	21	30	18	31	48	32	54	33	79	34	75	35	55	36	81	37	67	38	113	39	43	40	100	41	54	42	93	43	25	44	60	45	102	46	85	47	98	48	21	49	26	
	0	108	1	56	2	23	3	99	4	34	5	45	6	95	7	97	8	79	9	117	10	45	11	68	12	27	13	26	14	9	15	111	16	66	17	37	18	63	19	66	20	59	21	32	22	55	23	88	24	58	25	81	26	97	27	59	28	77	29	28	30	3	31	46	32	44	33	80	34	73	35	51	36	80	37	78	38	94	39	58	40	91	41	66	42	89	43	34	44	50	45	120	46	81	47	105	48	14	49	26	
	0	103	1	39	2	25	3	105	4	19	5	37	6	85	7	106	8	78	9	110	10	48	11	54	12	9	13	12	14	20	15	111	16	55	17	39	18	75	19	79	20	74	21	27	22	56	23	96	24	44	25	81	26	87	27	67	28	76	29	21	30	11	31	35	32	36	33	92	34	75	35	45	36	85	37	67	38	107	39	48	40	93	41	59	42	78	43	19	44	55	45	110	46	83	47	105	48	20	49	28	
	0	94	1	43	2	33	3	94	4	15	5	37	6	97	7	105	8	85	9	106	10	44	11	70	12	18	13	14	14	22	15	100	16	50	17	24	18	73	19	66	20	70	21	27	22	59	23	98	24	48	25	80	26	89	27	68	28	58	29	29	30	6	31	33	32	36	33	84	34	74	35	57	36	94	37	73	38	96	39	54	40	90	41	65	42	90	43	30	44	62	45	102	46	85	47	111	48	17	49	27	
	0	106	1	44	2	26	3	101	4	21	5	50	6	92	7	102	8	95	9	99	10	41	11	64	12	12	13	17	14	22	15	108	16	52	17	39	18	65	19	75	20	66	21	22	22	55	23	103	24	55	25	82	26	86	27	62	28	70	29	19	30	10	31	30	32	42	33	93	34	77	35	60	36	82	37	75	38	101	39	53	40	94	41	52	42	78	43	20	44	51	45	114	46	68	47	111	48	7	49	18	
	0	94	1	43	2	18	3	94	4	18	5	41	6	82	7	97	8	94	9	115	10	35	11	67	12	15	13	12	14	9	15	108	16	62	17	31	18	74	19	64	20	63	21	34	22	60	23	89	24	54	25	90	26	88	27	72	28	65	29	37	30	3	31	46	32	42	33	95	34	77	35	48	36	81	37	73	38	111	39	52	40	91	41	56	42	89	43	19	44	54	45	108	46	81	47	103	48	17	49	31	
	0	102	1	43	2	29	3	102	4	25	5	47	6	81	7	94	8	80	9	113	10	43	11	53	12	27	13	19	14	8	15	110	16	58	17	40	18	79	19	65	20	57	21	35	22	62	23	101	24	57	25	87	26	97	27	59	28	72	29	31	30	2	31	47	32	41	33	94	34	76	35	44	36	91	37	81	38	94	39	51	40	98	41	61	42	87	43	18	44	61	45	120	46	79	47	99	48	7	49	30	
	0	99	1	43	2	27	3	98	4	21	5	38	6	90	7	96	8	88	9	109	10	35	11	52	12	9	13	16	14	14	15	114	16	48	17	38	18	67	19	73	20	69	21	27	22	65	23	92	24	44	25	91	26	90	27	56	28	60	29	30	30	10	31	46	32	40	33	90	34	90	35	59	36	87	37	81	38	107	39	49	40	87	41	63	42	91	43	19	44	66	45	105	46	68	47	100	48	19	49	31	
	0	109	1	47	2	32	3	94	4	22	5	33	6	86	7	101	8	96	9	118	10	37	11	63	12	24	13	14	14	13	15	105	16	61	17	29	18	62	19	80	20	62	21	35	22	56	23	93	24	42	25	77	26	95	27	64	28	63	29	28	30	15	31	30	32	52	33	79	34	90	35	41	36	82	37	79	38	105	39	60	40	88	41	63	42	81	43	21	44	54	45	120	46	66	47	105	48	18	49	18	
	0	110	1	46	2	32	3	99	4	26	5	50	6	94	7	95	8	78	9	116	10	45	11	58	12	18	13	28	14	7	15	109	16	62	17	29	18	73	19	69	20	70	21	21	22	57	23	91	24	40	25	87	26	97	27	68	28	75	29	36	30	18	31	36	32	54	33	79	34	83	35	42	36	86	37	67	38	103	39	47	40	94	41	55	42	80	43	32	44	63	45	119	46	73	47	92	48	16	49	19	
	0	106	1	51	2	22	3	99	4	16	5	51	6	90	7	97	8	97	9	102	10	34	11	65	12	21	13	17	14	16	15	114	16	65	17	35	18	76	19	79	20	70	21	28	22	66	23	98	24	57	25	95	26	81	27	63	28	73	29	20	30	17	31	34	32	53	33	89	34	83	35	52	36	77	37	82	38	113	39	46	40	103	41	55	42	93	43	20	44	64	45	107	46	75	47	97	48	21	49	21	
	0	95	1	50	2	31	3	110	4	18	5	47	6	99	7	95	8	87	9	112	10	30	11	55	12	17	13	20	14	6	15	113	16	66	17	35	18	62	19	71	20	60	21	29	22	64	23	98	24	52	25	80	26	98	27	72	28	59	29	23	30	7	31	44	32	53	33	78	34	75	35	59	36	79	37	66	38	106	39	48	40	87	41	57	42	89	43	22	44	55	45	118	46	76	47	97	48	7	49	18	
	0	107	1	53	2	31	3	110	4	18	5	39	6	85	7	99	8	80	9	100	10	38	11	69	12	26	13	15	14	18	15	107	16	63	17	32	18	76	19	62	20	68	21	27	22	63	23	86	24	41	25	86	26	90	27	73	28	62	29	34	30	11	31	49	32	36	33	89	34	75	35	51	36	94	37	64	38	101	39	46	40	86	41	64	42	74	43	18	44	62	45	118	46	78	47	94	48	18	49	25	
	0	102	1	39	2	21	3	101	4	22	5	33	6	95	7	95	8	78	9	106	10	45	11	70	12	14	13	21	14	13	15	109	16	58	17	34	18	76	19	80	20	72	21	23	22	68	23	87	24	42	25	78	26	96	27	56	28	76	29	34	30	7	31	48	32	47	33	93	34	89	35	44	36	93	37	83	38	111	39	44	40	85	41	48	42	93	43	33	44	47	45	114	46	79	47	108	48	13	49	31	
	0	99	1	57	2	20	3	97	4	31	5	49	6	93	7	98	8	81	9	104	10	39	11	54	12	13	13	14	14	16	15	118	16	61	17	34	18	68	19	80	20	66	21	35	22	55	23	91	24	52	25	88	26	81	27	60	28	60	29	26	30	2	31	44	32	35	33	82	34	82	35	49	36	85	37	67	38	98	39	53	40	97	41	53	42	82	43	30	44	63	45	110	46	69	47	94	48	16	49	24	
	0	107	1	40	2	28	3	101	4	34	5	40	6	88	7	91	8	96	9	116	10	44	11	57	12	18	13	25	14	5	15	106	16	63	17	25	18	68	19	72	20	60	21	32	22	53	23	94	24	41	25	82	26	86	27	66	28	74	29	27	30	18	31	38	32	38	33	76	34	73	35	42	36	79	37	71	38	101	39	44	40	92	41	53	42	83	43	30	44	56	45	104	46	71	47	101	48	7	49	31	
	0	109	1	55	2	17	3	98	4	20	5	36	6	98	7	100	8	83	9	118	10	34	11	57	12	23	13	10	14	19	15	110	16	58	17	31	18	69	19	66	20	69	21	27	22	55	23	96	24	44	25	95	26	96	27	62	28	75	29	27	30	11	31	40	32	37	33	79	34	91	35	44	36	81	37	74	38	102	39	55	40	102	41	56	42	86	43	34	44	65	45	104	46	81	47	110	48	12	49	18	
	0	102	1	57	2	26	3	92	4	30	5	49	6	93	7	105	8	84	9	107	10	41	11	65	12	27	13	12	14	18	15	99	16	53	17	32	18	70	19	75	20	76	21	23	22	54	23	93	24	49	25	77	26	96	27	73	28	71	29	25	30	8	31	34	32	46	33	86	34	87	35	47	36	88	37	80	38	100	39	53	40	90	41	57	42	86	43	22	44	64	45	109	46	69	47	109	48	14	49	26	
	0	97	1	40	2	32	3	95	4	22	5	46	6	99	7	98	8	89	9	112	10	41	11	60	12	14	13	20	14	21	15	111	16	55	17	27	18	64	19	75	20	62	21	21	22	68	23	90	24	50	25	93	26	80	27	60	28	63	29	26	30	8	31	34	32	46	33	89	34	79	35	57	36	91	37	69	38	102	39	54	40	89	41	56	42	84	43	34	44	56	45	114	46	74	47	106	48	13	49	26	
	0	109	1	40	2	25	3	106	4	24	5	37	6	81	7	106	8	82	9	100	10	29	11	65	12	26	13	15	14	15	15	105	16	65	17	21	18	75	19	63	20	71	21	21	22	63	23	92	24	48	25	84	26	93	27	65	28	74	29	30	30	19	31	31	32	53	33	93	34	76	35	44	36	94	37	70	38	94	39	41	40	88	41	56	42	84	43	18	44	48	45	104	46	85	47	107	48	11	49	33	
	0	98	1	50	2	20	3	108	4	26	5	50	6	82	7	101	8	85	9	104	10	37	11	71	12	15	13	22	14	14	15	113	16	59	17	32	18	67	19	67	20	64	21	22	22	66	23	96	24	42	25	76	26	82	27	63	28	75	29	37	30	19	31	36	32	49	33	90	34	91	35	48	36	91	37	65	38	94	39	42	40	103	41	65	42	90	43	27	44	57	45	103	46	71	47	93	48	14	49	35	
	0	97	1	55	2	27	3	105	4	34	5	44	6	99	7	97	8	83	9	100	10	39	11	55	12	11	13	23	14	6	15	113	16	62	17	32	18	79	19	69	20	69	21	32	22	52	23	95	24	48	25	84	26	83	27	69	28	71	29	28	30	6	31	31	32	47	33	93	34	88	35	45	36	82	37	76	38	104	39	58	40	101	41	51	42	91	43	26	44	61	45	102	46	76	47	94	48	19	49	22	
	0	106	1	58	2	35	3	109	4	19	5	36	6	83	7	107	8	81	9	107	10	48	11	63	12	8	13	18	14	24	15	115	16	52	17	32	18	65	19	70	20	59	21	37	22	66	23	89	24	49	25	89	26	89	27	67	28	69	29	35	30	10	31	49	32	51	33	78	34	90	35	52	36	81	37	76	38	113	39	53	40	94	41	63	42	86	43	19	44	59	45	116	46	84	47	99	48	8	49	28	
	0	96	1	39	2	21	3	107	4	24	5	35	6	87	7	97	8	96	9	103	10	36	11	60	12	18	13	28	14	11	15	115	16	57	17	33	18	68	19	68	20	59	21	28	22	69	23	93	24	51	25	83	26	79	27	62	28	71	29	32	30	2	31	43	32	35	33	89	34	85	35	60	36	86	37	74	38	104	39	49	40	91	41	48	42	75	43	24	44	49	45	106	46	66	47	102	48	23	49	30	
	0	96	1	46	2	16	3	101	4	21	5	33	6	96	7	96	8	84	9	104	10	41	11	56	12	14	13	25	14	24	15	107	16	48	17	31	18	68	19	73	20	57	21	39	22	59	23	95	24	45	25	79	26	94	27	62	28	58	29	20	30	7	31	36	32	45	33	86	34	72	35	46	36	84	37	82	38	102	39	46	40	86	41	56	42	92	43	34	44	55	45	108	46	69	47	93	48	17	49	25	
	0	92	1	43	2	33	3	97	4	31	5	40	6	86	7	104	8	89	9	115	10	29	11	58	12	10	13	12	14	8	15	103	16	61	17	23	18	64	19	76	20	72	21	28	22	53	23	86	24	50	25	95	26	79	27	55	28	69	29	30	30	2	31	35	32	40	33	86	34	79	35	57	36	90	37	73	38	96	39	53	40	88	41	49	42	86	43	22	44	58	45	104	46	82	47	105	48	8	49	20	
	0	100	1	53	2	30	3	98	4	17	5	45	6	100	7	99	8	81	9	118	10	48	11	54	12	22	13	9	14	20	15	117	16	61	17	31	18	75	19	80	20	67	21	38	22	69	23	101	24	58	25	92	26	85	27	63	28	63	29	20	30	19	31	44	32	51	33	76	34	75	35	46	36	88	37	75	38	100	39	50	40	95	41	51	42	84	43	23	44	51	45	108	46	80	47	100	48	17	49	18	
	0	100	1	58	2	35	3	105	4	32	5	37	6	83	7	93	8	85	9	112	10	31	11	70	12	12	13	28	14	8	15	113	16	56	17	29	18	80	19	67	20	60	21	23	22	52	23	88	24	39	25	83	26	79	27	56	28	75	29	29	30	10	31	37	32	45	33	77	34	82	35	48	36	81	37	80	38	95	39	50	40	103	41	64	42	75	43	31	44	48	45	106	46	83	47	94	48	18	49	35	
	0	105	1	57	2	22	3	91	4	15	5	40	6	82	7	99	8	81	9	117	10	38	11	62	12	20	13	18	14	8	15	118	16	65	17	29	18	67	19	78	20	74	21	23	22	56	23	102	24	48	25	89	26	93	27	64	28	71	29	29	30	17	31	36	32	48	33	93	34	78	35	53	36	81	37	64	38	99	39	48	40	101	41	47	42	89	43	31	44	62	45	117	46	78	47	94	48	8	49	17	
	0	105	1	49	2	28	3	91	4	23	5	49	6	97	7	91	8	87	9	113	10	45	11	66	12	21	13	10	14	6	15	101	16	65	17	24	18	74	19	70	20	75	21	21	22	64	23	87	24	44	25	89	26	93	27	74	28	61	29	23	30	20	31	30	32	40	33	83	34	80	35	54	36	79	37	65	38	102	39	57	40	87	41	48	42	75	43	34	44	49	45	110	46	67	47	93	48	7	49	26	
	0	93	1	50	2	21	3	105	4	21	5	48	6	90	7	105	8	85	9	103	10	34	11	56	12	22	13	9	14	8	15	116	16	49	17	34	18	74	19	74	20	68	21	35	22	56	23	105	24	43	25	86	26	80	27	74	28	76	29	24	30	7	31	46	32	41	33	81	34	90	35	51	36	86	37	81	38	95	39	45	40	94	41	52	42	92	43	21	44	64	45	106	46	77	47	103	48	5	49	34	
	0	97	1	40	2	32	3	106	4	27	5	41	6	96	7	91	8	91	9	106	10	41	11	71	12	8	13	16	14	8	15	118	16	60	17	36	18	80	19	71	20	74	21	25	22	68	23	100	24	57	25	79	26	95	27	69	28	64	29	24	30	14	31	41	32	43	33	89	34	90	35	42	36	80	37	81	38	101	39	58	40	88	41	65	42	88	43	35	44	61	45	105	46	81	47	99	48	19	49	18	
	0	97	1	50	2	19	3	95	4	28	5	48	6	87	7	96	8	88	9	104	10	36	11	69	12	10	13	18	14	18	15	114	16	52	17	33	18	73	19	66	20	70	21	27	22	52	23	102	24	49	25	89	26	92	27	57	28	60	29	29	30	7	31	33	32	41	33	87	34	85	35	43	36	90	37	73	38	105	39	43	40	99	41	65	42	77	43	18	44	49	45	115	46	71	47	95	48	12	49	18	
	0	100	1	54	2	25	3	97	4	17	5	43	6	98	7	95	8	81	9	116	10	30	11	62	12	14	13	16	14	21	15	112	16	51	17	21	18	74	19	74	20	60	21	22	22	68	23	91	24	52	25	87	26	89	27	70	28	72	29	23	30	8	31	33	32	48	33	88	34	78	35	60	36	90	37	70	38	102	39	43	40	102	41	56	42	85	43	31	44	49	45	113	46	68	47	94	48	22	49	18	
	0	99	1	50	2	25	3	96	4	18	5	38	6	93	7	91	8	84	9	117	10	29	11	68	12	12	13	9	14	15	15	101	16	58	17	24	18	62	19	62	20	58	21	27	22	59	23	105	24	58	25	81	26	84	27	69	28	61	29	21	30	14	31	40	32	38	33	85	34	79	35	41	36	79	37	80	38	107	39	54	40	99	41	53	42	75	43	20	44	55	45	113	46	83	47	110	48	23	49	18	
	0	92	1	57	2	19	3	92	4	33	5	49	6	99	7	89	8	93	9	112	10	36	11	62	12	13	13	18	14	14	15	112	16	48	17	25	18	71	19	69	20	69	21	34	22	65	23	91	24	43	25	81	26	87	27	70	28	65	29	36	30	16	31	38	32	44	33	88	34	73	35	51	36	92	37	71	38	99	39	56	40	101	41	50	42	89	43	28	44	50	45	117	46	73	47	98	48	23	49	35	
	0	99	1	45	2	23	3	94	4	23	5	50	6	88	7	100	8	89	9	106	10	37	11	57	12	17	13	12	14	13	15	112	16	54	17	36	18	68	19	72	20	61	21	34	22	56	23	89	24	50	25	76	26	93	27	73	28	65	29	28	30	18	31	33	32	50	33	84	34	83	35	57	36	91	37	75	38	96	39	41	40	91	41	61	42	77	43	33	44	61	45	118	46	67	47	111	48	13	49	30	
	0	101	1	54	2	16	3	93	4	16	5	50	6	83	7	104	8	93	9	99	10	38	11	63	12	15	13	16	14	16	15	114	16	65	17	22	18	81	19	79	20	68	21	32	22	52	23	96	24	55	25	94	26	82	27	69	28	67	29	19	30	7	31	32	32	38	33	86	34	81	35	45	36	77	37	78	38	94	39	60	40	100	41	53	42	80	43	17	44	51	45	116	46	66	47	95	48	7	49	27	
	0	95	1	57	2	17	3	92	4	17	5	37	6	88	7	93	8	90	9	108	10	47	11	64	12	21	13	28	14	24	15	102	16	58	17	30	18	77	19	66	20	63	21	25	22	56	23	94	24	56	25	78	26	93	27	55	28	68	29	34	30	13	31	39	32	39	33	91	34	82	35	45	36	77	37	76	38	100	39	59	40	91	41	47	42	91	43	33	44	61	45	115	46	75	47	93	48	18	49	24	
	0	94	1	46	2	31	3	109	4	20	5	45	6	99	7	91	8	91	9	114	10	48	11	61	12	22	13	15	14	6	15	113	16	48	17	34	18	74	19	80	20	66	21	32	22	53	23	89	24	46	25	90	26	80	27	68	28	69	29	31	30	14	31	35	32	41	33	77	34	88	35	41	36	82	37	77	38	105	39	56	40	85	41	56	42	91	43	32	44	55	45	110	46	73	47	101	48	15	49	17	
	0	96	1	54	2	31	3	106	4	23	5	36	6	97	7	106	8	95	9	108	10	44	11	65	12	14	13	23	14	5	15	108	16	47	17	39	18	81	19	79	20	72	21	23	22	57	23	94	24	50	25	88	26	94	27	68	28	70	29	24	30	21	31	37	32	44	33	80	34	82	35	45	36	85	37	82	38	101	39	60	40	97	41	56	42	90	43	32	44	63	45	118	46	76	47	92	48	12	49	24	
	0	101	1	46	2	23	3	107	4	34	5	50	6	99	7	96	8	78	9	108	10	48	11	54	12	25	13	28	14	12	15	102	16	54	17	33	18	68	19	72	20	59	21	23	22	61	23	87	24	46	25	91	26	88	27	56	28	66	29	23	30	8	31	45	32	50	33	84	34	81	35	41	36	93	37	77	38	103	39	44	40	86	41	61	42	92	43	25	44	52	45	102	46	74	47	94	48	16	49	31	