200 30 1
30
	0	15	1	62	2	91	3	42	4	74	5	34	6	85	7	93	8	65	9	85	10	87	11	78	12	103	13	87	14	68	15	47	16	85	17	68	18	114	19	29	20	45	21	96	22	74	23	78	24	61	25	72	26	103	27	96	28	99	29	40	
	0	15	1	57	2	82	3	51	4	64	5	38	6	69	7	99	8	51	9	75	10	77	11	83	12	107	13	79	14	78	15	34	16	82	17	67	18	113	19	45	20	47	21	96	22	58	23	72	24	54	25	80	26	97	27	89	28	102	29	39	
	0	27	1	72	2	86	3	46	4	67	5	47	6	71	7	101	8	58	9	85	10	91	11	74	12	105	13	83	14	79	15	46	16	86	17	84	18	113	19	33	20	37	21	97	22	65	23	71	24	60	25	76	26	88	27	82	28	100	29	26	
	0	17	1	66	2	78	3	40	4	71	5	44	6	70	7	90	8	56	9	80	10	91	11	74	12	102	13	82	14	85	15	48	16	89	17	68	18	104	19	28	20	36	21	104	22	61	23	83	24	60	25	74	26	93	27	91	28	103	29	27	
	0	29	1	70	2	92	3	48	4	72	5	33	6	77	7	104	8	62	9	86	10	77	11	76	12	117	13	70	14	85	15	35	16	86	17	76	18	114	19	26	20	42	21	96	22	67	23	80	24	56	25	74	26	102	27	83	28	105	29	29	
	0	26	1	57	2	90	3	54	4	77	5	35	6	78	7	87	8	59	9	73	10	81	11	89	12	109	13	76	14	69	15	38	16	91	17	71	18	113	19	38	20	34	21	104	22	61	23	73	24	54	25	73	26	104	27	82	28	105	29	29	
	0	21	1	59	2	84	3	56	4	75	5	42	6	75	7	105	8	66	9	88	10	89	11	79	12	106	13	85	14	77	15	42	16	89	17	79	18	99	19	28	20	41	21	101	22	76	23	76	24	63	25	87	26	86	27	80	28	95	29	37	
	0	19	1	59	2	92	3	52	4	74	5	32	6	78	7	98	8	59	9	76	10	95	11	89	12	102	13	70	14	74	15	44	16	75	17	69	18	117	19	34	20	51	21	99	22	61	23	80	24	49	25	80	26	87	27	97	28	91	29	37	
	0	26	1	60	2	86	3	56	4	58	5	40	6	72	7	86	8	58	9	73	10	86	11	85	12	99	13	84	14	79	15	37	16	79	17	76	18	108	19	40	20	38	21	101	22	62	23	73	24	56	25	72	26	101	27	83	28	106	29	38	
	0	16	1	55	2	96	3	45	4	59	5	42	6	82	7	103	8	59	9	80	10	76	11	80	12	103	13	85	14	79	15	46	16	76	17	85	18	104	19	34	20	40	21	101	22	67	23	87	24	55	25	74	26	87	27	82	28	95	29	41	
	0	14	1	69	2	93	3	50	4	60	5	42	6	87	7	90	8	54	9	72	10	92	11	75	12	117	13	74	14	75	15	44	16	89	17	68	18	111	19	27	20	42	21	103	22	76	23	74	24	48	25	71	26	85	27	91	28	107	29	35	
	0	28	1	70	2	81	3	43	4	63	5	29	6	86	7	101	8	64	9	75	10	94	11	84	12	99	13	71	14	81	15	38	16	78	17	84	18	115	19	28	20	48	21	107	22	65	23	75	24	48	25	89	26	104	27	96	28	105	29	37	
	0	26	1	64	2	77	3	52	4	68	5	46	6	74	7	103	8	62	9	70	10	90	11	75	12	116	13	83	14	83	15	50	16	72	17	71	18	109	19	34	20	35	21	102	22	76	23	87	24	62	25	88	26	98	27	88	28	92	29	27	
	0	18	1	60	2	83	3	43	4	67	5	47	6	79	7	102	8	67	9	86	10	90	11	84	12	100	13	79	14	75	15	42	16	91	17	78	18	115	19	34	20	34	21	105	22	63	23	83	24	44	25	89	26	86	27	80	28	102	29	41	
	0	16	1	68	2	88	3	48	4	75	5	35	6	72	7	88	8	65	9	78	10	94	11	87	12	104	13	79	14	73	15	32	16	77	17	76	18	113	19	43	20	52	21	115	22	76	23	68	24	45	25	84	26	88	27	92	28	97	29	34	
	0	16	1	58	2	93	3	38	4	75	5	44	6	84	7	87	8	58	9	84	10	93	11	71	12	105	13	69	14	67	15	39	16	78	17	78	18	107	19	29	20	41	21	112	22	72	23	71	24	50	25	73	26	92	27	81	28	108	29	30	
	0	15	1	55	2	77	3	50	4	58	5	44	6	69	7	87	8	59	9	86	10	84	11	77	12	115	13	69	14	77	15	39	16	84	17	74	18	114	19	28	20	51	21	105	22	77	23	77	24	45	25	80	26	90	27	90	28	96	29	38	
	0	13	1	64	2	96	3	39	4	72	5	42	6	80	7	91	8	62	9	75	10	86	11	88	12	99	13	84	14	83	15	49	16	88	17	71	18	118	19	42	20	53	21	111	22	71	23	86	24	63	25	78	26	97	27	89	28	105	29	36	
	0	27	1	68	2	87	3	47	4	62	5	32	6	79	7	104	8	49	9	77	10	78	11	74	12	113	13	76	14	85	15	41	16	80	17	82	18	100	19	39	20	39	21	113	22	72	23	78	24	61	25	88	26	88	27	92	28	103	29	41	
	0	14	1	57	2	87	3	44	4	73	5	47	6	76	7	88	8	53	9	71	10	78	11	86	12	114	13	78	14	77	15	39	16	91	17	79	18	116	19	39	20	38	21	97	22	59	23	79	24	53	25	78	26	89	27	87	28	99	29	43	
	0	12	1	65	2	79	3	51	4	61	5	48	6	74	7	104	8	61	9	71	10	92	11	84	12	99	13	76	14	81	15	33	16	82	17	77	18	116	19	42	20	39	21	101	22	66	23	69	24	63	25	74	26	100	27	87	28	97	29	26	
	0	18	1	58	2	86	3	49	4	65	5	32	6	70	7	95	8	67	9	73	10	84	11	70	12	106	13	70	14	67	15	37	16	88	17	81	18	106	19	30	20	51	21	102	22	67	23	75	24	48	25	88	26	99	27	83	28	91	29	40	
	0	20	1	67	2	95	3	54	4	76	5	32	6	82	7	89	8	50	9	77	10	90	11	79	12	106	13	74	14	83	15	33	16	91	17	73	18	109	19	41	20	34	21	101	22	66	23	68	24	61	25	73	26	100	27	83	28	100	29	40	
	0	15	1	65	2	96	3	56	4	68	5	30	6	79	7	103	8	54	9	83	10	93	11	86	12	99	13	88	14	69	15	34	16	73	17	73	18	111	19	31	20	52	21	107	22	62	23	82	24	62	25	79	26	93	27	79	28	94	29	43	
	0	12	1	71	2	83	3	38	4	61	5	38	6	76	7	88	8	63	9	80	10	93	11	87	12	115	13	71	14	81	15	48	16	75	17	76	18	114	19	39	20	36	21	97	22	72	23	73	24	58	25	77	26	104	27	84	28	107	29	40	
	0	27	1	63	2	93	3	55	4	63	5	31	6	73	7	105	8	59	9	81	10	81	11	71	12	104	13	76	14	78	15	34	16	74	17	78	18	110	19	44	20	49	21	100	22	62	23	80	24	55	25	84	26	104	27	84	28	102	29	30	
	0	23	1	59	2	89	3	39	4	69	5	34	6	85	7	87	8	61	9	82	10	95	11	73	12	108	13	88	14	73	15	49	16	74	17	83	18	106	19	32	20	49	21	111	22	58	23	87	24	55	25	82	26	96	27	82	28	103	29	28	
	0	15	1	74	2	87	3	42	4	63	5	43	6	86	7	86	8	56	9	87	10	84	11	72	12	116	13	88	14	69	15	43	16	72	17	68	18	115	19	40	20	37	21	115	22	71	23	68	24	46	25	88	26	93	27	81	28	98	29	38	
	0	20	1	68	2	80	3	53	4	72	5	37	6	86	7	103	8	56	9	85	10	78	11	71	12	114	13	79	14	72	15	40	16	75	17	84	18	116	19	40	20	43	21	98	22	67	23	69	24	48	25	86	26	103	27	89	28	100	29	30	
	0	31	1	73	2	84	3	56	4	69	5	41	6	73	7	103	8	67	9	79	10	93	11	78	12	113	13	84	14	80	15	50	16	88	17	83	18	111	19	29	20	44	21	99	22	72	23	70	24	53	25	76	26	90	27	90	28	89	29	42	
	0	13	1	57	2	93	3	50	4	71	5	44	6	77	7	103	8	67	9	82	10	95	11	78	12	98	13	71	14	78	15	47	16	86	17	84	18	102	19	43	20	43	21	112	22	58	23	80	24	55	25	79	26	100	27	83	28	94	29	33	
	0	20	1	59	2	95	3	57	4	61	5	36	6	77	7	99	8	52	9	80	10	94	11	82	12	102	13	69	14	80	15	46	16	81	17	72	18	107	19	32	20	44	21	109	22	72	23	71	24	55	25	81	26	87	27	91	28	102	29	25	
	0	23	1	67	2	91	3	51	4	60	5	45	6	73	7	94	8	61	9	69	10	95	11	81	12	98	13	82	14	72	15	38	16	75	17	70	18	102	19	38	20	40	21	104	22	70	23	72	24	51	25	80	26	96	27	91	28	97	29	42	
	0	27	1	61	2	77	3	56	4	72	5	29	6	76	7	93	8	57	9	83	10	83	11	84	12	106	13	69	14	81	15	43	16	89	17	79	18	105	19	40	20	50	21	102	22	76	23	75	24	54	25	77	26	95	27	80	28	106	29	25	
	0	15	1	63	2	77	3	53	4	73	5	36	6	73	7	99	8	54	9	84	10	92	11	82	12	111	13	77	14	82	15	39	16	82	17	75	18	113	19	28	20	34	21	99	22	75	23	76	24	57	25	77	26	98	27	92	28	100	29	27	
	0	28	1	74	2	90	3	38	4	74	5	44	6	68	7	90	8	68	9	83	10	87	11	83	12	102	13	77	14	73	15	44	16	73	17	80	18	104	19	36	20	49	21	96	22	67	23	68	24	63	25	77	26	88	27	91	28	104	29	39	
	0	15	1	58	2	85	3	39	4	76	5	36	6	85	7	96	8	65	9	69	10	93	11	82	12	102	13	78	14	73	15	32	16	76	17	71	18	117	19	33	20	38	21	114	22	63	23	73	24	60	25	78	26	104	27	91	28	107	29	30	
	0	17	1	55	2	89	3	41	4	59	5	36	6	81	7	89	8	55	9	69	10	88	11	82	12	103	13	73	14	74	15	45	16	78	17	69	18	110	19	32	20	44	21	113	22	59	23	79	24	49	25	79	26	90	27	87	28	97	29	42	
	0	14	1	65	2	83	3	47	4	65	5	44	6	69	7	92	8	54	9	82	10	85	11	76	12	104	13	73	14	78	15	50	16	72	17	84	18	102	19	27	20	38	21	99	22	62	23	71	24	56	25	78	26	101	27	84	28	105	29	24	
	0	28	1	69	2	96	3	48	4	62	5	33	6	84	7	102	8	56	9	81	10	95	11	72	12	113	13	80	14	85	15	38	16	76	17	75	18	108	19	28	20	48	21	96	22	69	23	84	24	45	25	88	26	97	27	83	28	101	29	43	
	0	30	1	62	2	88	3	56	4	77	5	36	6	85	7	90	8	50	9	87	10	94	11	82	12	112	13	74	14	74	15	37	16	81	17	71	18	116	19	31	20	39	21	96	22	75	23	69	24	51	25	72	26	87	27	85	28	106	29	34	
	0	26	1	62	2	85	3	40	4	64	5	43	6	68	7	96	8	67	9	70	10	89	11	78	12	114	13	84	14	82	15	44	16	88	17	82	18	117	19	31	20	35	21	105	22	70	23	87	24	47	25	74	26	87	27	94	28	93	29	36	
	0	16	1	61	2	77	3	47	4	70	5	44	6	84	7	102	8	58	9	70	10	86	11	85	12	113	13	86	14	78	15	38	16	83	17	74	18	101	19	34	20	52	21	96	22	59	23	80	24	61	25	85	26	85	27	81	28	94	29	28	
	0	27	1	70	2	87	3	43	4	73	5	33	6	79	7	99	8	53	9	70	10	80	11	72	12	108	13	74	14	71	15	31	16	76	17	77	18	101	19	42	20	35	21	107	22	69	23	86	24	59	25	78	26	87	27	92	28	89	29	41	
	0	29	1	64	2	82	3	42	4	76	5	30	6	83	7	91	8	65	9	83	10	92	11	84	12	105	13	70	14	69	15	44	16	91	17	68	18	108	19	30	20	47	21	102	22	64	23	70	24	62	25	81	26	103	27	82	28	94	29	25	
	0	13	1	59	2	79	3	53	4	62	5	38	6	73	7	92	8	62	9	73	10	87	11	81	12	113	13	76	14	68	15	41	16	81	17	82	18	115	19	44	20	35	21	108	22	66	23	73	24	45	25	78	26	85	27	90	28	100	29	30	
	0	13	1	59	2	78	3	56	4	69	5	34	6	78	7	91	8	62	9	81	10	89	11	80	12	116	13	86	14	74	15	43	16	83	17	75	18	103	19	34	20	41	21	96	22	59	23	74	24	47	25	83	26	92	27	95	28	100	29	33	
	0	23	1	63	2	79	3	51	4	67	5	34	6	83	7	102	8	56	9	88	10	83	11	70	12	105	13	87	14	86	15	46	16	72	17	71	18	118	19	33	20	45	21	113	22	68	23	83	24	60	25	77	26	89	27	90	28	91	29	32	
	0	22	1	56	2	93	3	38	4	73	5	41	6	82	7	89	8	58	9	86	10	93	11	74	12	112	13	84	14	70	15	31	16	73	17	78	18	100	19	37	20	48	21	108	22	75	23	82	24	58	25	72	26	90	27	86	28	96	29	37	
	0	23	1	56	2	83	3	52	4	60	5	30	6	75	7	87	8	54	9	88	10	79	11	74	12	112	13	72	14	68	15	45	16	74	17	81	18	108	19	42	20	52	21	115	22	70	23	80	24	57	25	77	26	87	27	86	28	92	29	24	
	0	19	1	65	2	90	3	51	4	77	5	38	6	86	7	104	8	50	9	76	10	83	11	78	12	99	13	73	14	79	15	38	16	77	17	83	18	117	19	44	20	49	21	106	22	66	23	78	24	51	25	78	26	95	27	87	28	93	29	35	
	0	25	1	72	2	77	3	54	4	71	5	48	6	74	7	105	8	67	9	81	10	94	11	75	12	107	13	71	14	67	15	40	16	72	17	72	18	103	19	27	20	42	21	107	22	74	23	69	24	44	25	83	26	98	27	95	28	106	29	42	
	0	17	1	65	2	79	3	38	4	66	5	45	6	83	7	95	8	59	9	84	10	88	11	76	12	113	13	76	14	86	15	39	16	76	17	81	18	99	19	30	20	37	21	113	22	59	23	70	24	55	25	77	26	95	27	82	28	101	29	43	
	0	14	1	62	2	79	3	56	4	58	5	40	6	86	7	88	8	68	9	76	10	94	11	85	12	116	13	75	14	84	15	35	16	77	17	80	18	117	19	30	20	44	21	99	22	75	23	81	24	52	25	74	26	86	27	91	28	105	29	26	
	0	20	1	68	2	82	3	57	4	65	5	36	6	83	7	101	8	52	9	81	10	79	11	82	12	99	13	87	14	67	15	41	16	80	17	70	18	105	19	37	20	36	21	107	22	75	23	78	24	54	25	79	26	90	27	83	28	106	29	36	
	0	16	1	55	2	94	3	38	4	67	5	30	6	68	7	97	8	59	9	72	10	94	11	80	12	116	13	81	14	78	15	31	16	76	17	83	18	101	19	41	20	41	21	106	22	70	23	86	24	54	25	84	26	92	27	81	28	100	29	40	
	0	15	1	61	2	86	3	48	4	73	5	34	6	75	7	104	8	55	9	72	10	83	11	87	12	102	13	88	14	86	15	35	16	77	17	75	18	112	19	44	20	43	21	105	22	60	23	71	24	58	25	72	26	102	27	87	28	102	29	24	
	0	30	1	72	2	85	3	38	4	74	5	30	6	80	7	105	8	54	9	76	10	88	11	78	12	104	13	85	14	73	15	47	16	91	17	73	18	111	19	34	20	51	21	99	22	64	23	72	24	48	25	86	26	95	27	98	28	90	29	40	
	0	25	1	67	2	78	3	44	4	72	5	36	6	77	7	96	8	66	9	78	10	89	11	81	12	101	13	82	14	83	15	46	16	78	17	71	18	113	19	32	20	40	21	105	22	65	23	82	24	58	25	88	26	90	27	87	28	100	29	33	
	0	12	1	70	2	94	3	42	4	62	5	36	6	73	7	96	8	50	9	79	10	84	11	77	12	109	13	73	14	72	15	33	16	81	17	82	18	111	19	39	20	47	21	110	22	62	23	81	24	58	25	70	26	89	27	79	28	95	29	34	
	0	30	1	59	2	85	3	49	4	65	5	40	6	74	7	93	8	51	9	76	10	84	11	85	12	105	13	69	14	71	15	47	16	79	17	85	18	100	19	36	20	53	21	115	22	65	23	68	24	45	25	81	26	89	27	89	28	105	29	43	
	0	30	1	71	2	92	3	39	4	69	5	47	6	82	7	88	8	61	9	83	10	80	11	73	12	107	13	69	14	75	15	41	16	75	17	68	18	100	19	37	20	51	21	114	22	75	23	73	24	57	25	86	26	100	27	82	28	92	29	32	
	0	13	1	56	2	96	3	45	4	60	5	40	6	87	7	86	8	67	9	69	10	76	11	80	12	101	13	81	14	74	15	50	16	88	17	86	18	106	19	38	20	41	21	99	22	64	23	70	24	58	25	75	26	89	27	88	28	90	29	37	
	0	26	1	72	2	82	3	41	4	63	5	31	6	70	7	105	8	67	9	85	10	87	11	71	12	111	13	81	14	75	15	40	16	72	17	78	18	111	19	43	20	35	21	113	22	74	23	87	24	52	25	86	26	92	27	92	28	98	29	43	
	0	13	1	70	2	77	3	46	4	64	5	41	6	73	7	87	8	63	9	74	10	91	11	72	12	105	13	79	14	68	15	48	16	77	17	76	18	100	19	40	20	44	21	107	22	71	23	81	24	62	25	82	26	104	27	83	28	96	29	36	
	0	24	1	70	2	93	3	39	4	65	5	31	6	87	7	92	8	67	9	70	10	80	11	80	12	114	13	71	14	74	15	39	16	83	17	67	18	105	19	43	20	43	21	113	22	68	23	82	24	46	25	71	26	98	27	80	28	89	29	25	
	0	20	1	66	2	81	3	40	4	69	5	33	6	79	7	90	8	64	9	85	10	82	11	79	12	99	13	83	14	79	15	42	16	74	17	68	18	116	19	36	20	38	21	115	22	69	23	84	24	54	25	82	26	88	27	85	28	93	29	30	
	0	31	1	57	2	91	3	56	4	58	5	44	6	82	7	104	8	49	9	82	10	77	11	77	12	109	13	77	14	78	15	38	16	74	17	74	18	112	19	38	20	50	21	115	22	60	23	75	24	57	25	84	26	96	27	89	28	98	29	30	
	0	24	1	68	2	94	3	43	4	63	5	44	6	78	7	88	8	68	9	74	10	82	11	78	12	99	13	75	14	71	15	45	16	79	17	81	18	102	19	43	20	43	21	101	22	74	23	80	24	61	25	78	26	93	27	83	28	91	29	40	
	0	24	1	55	2	93	3	54	4	60	5	37	6	87	7	93	8	60	9	80	10	83	11	86	12	104	13	83	14	71	15	35	16	87	17	81	18	108	19	42	20	46	21	111	22	66	23	81	24	51	25	70	26	99	27	90	28	94	29	25	
	0	22	1	59	2	88	3	55	4	66	5	39	6	70	7	99	8	49	9	72	10	95	11	79	12	106	13	88	14	70	15	40	16	90	17	70	18	108	19	38	20	40	21	112	22	71	23	68	24	58	25	83	26	89	27	96	28	103	29	31	
	0	15	1	68	2	93	3	53	4	58	5	40	6	74	7	100	8	64	9	71	10	93	11	81	12	101	13	79	14	83	15	39	16	89	17	70	18	108	19	30	20	43	21	115	22	70	23	85	24	46	25	75	26	89	27	85	28	92	29	43	
	0	18	1	60	2	94	3	53	4	67	5	41	6	86	7	92	8	55	9	77	10	84	11	87	12	98	13	72	14	78	15	33	16	89	17	79	18	114	19	29	20	38	21	110	22	74	23	81	24	44	25	79	26	89	27	81	28	100	29	27	
	0	23	1	57	2	96	3	53	4	75	5	44	6	78	7	89	8	67	9	84	10	79	11	84	12	100	13	80	14	71	15	49	16	76	17	68	18	103	19	28	20	48	21	100	22	64	23	80	24	61	25	76	26	101	27	97	28	108	29	30	
	0	16	1	63	2	91	3	48	4	71	5	35	6	68	7	105	8	53	9	86	10	82	11	76	12	112	13	87	14	84	15	40	16	74	17	68	18	110	19	31	20	34	21	112	22	62	23	70	24	59	25	76	26	85	27	87	28	99	29	25	
	0	23	1	63	2	88	3	44	4	70	5	37	6	70	7	95	8	64	9	80	10	85	11	76	12	101	13	86	14	80	15	42	16	74	17	85	18	107	19	44	20	39	21	99	22	73	23	73	24	54	25	87	26	88	27	96	28	100	29	33	
	0	19	1	58	2	96	3	38	4	59	5	30	6	69	7	88	8	66	9	88	10	92	11	85	12	102	13	87	14	82	15	44	16	76	17	73	18	110	19	34	20	45	21	101	22	72	23	68	24	62	25	72	26	91	27	85	28	91	29	31	
	0	25	1	65	2	85	3	46	4	73	5	29	6	71	7	101	8	56	9	69	10	94	11	74	12	99	13	74	14	70	15	37	16	82	17	72	18	102	19	31	20	42	21	105	22	63	23	73	24	61	25	87	26	96	27	89	28	105	29	26	
	0	24	1	73	2	83	3	51	4	62	5	48	6	83	7	103	8	67	9	85	10	87	11	81	12	116	13	84	14	83	15	41	16	74	17	77	18	118	19	34	20	39	21	107	22	74	23	78	24	48	25	85	26	104	27	87	28	89	29	35	
	0	22	1	62	2	79	3	55	4	72	5	45	6	82	7	104	8	57	9	82	10	80	11	87	12	100	13	80	14	86	15	37	16	87	17	82	18	109	19	37	20	48	21	105	22	69	23	84	24	49	25	76	26	87	27	81	28	102	29	38	
	0	17	1	66	2	91	3	42	4	64	5	37	6	78	7	98	8	54	9	83	10	85	11	76	12	110	13	88	14	71	15	39	16	89	17	72	18	114	19	29	20	52	21	107	22	77	23	76	24	51	25	89	26	99	27	79	28	108	29	35	
	0	20	1	56	2	77	3	50	4	58	5	47	6	79	7	87	8	54	9	82	10	80	11	89	12	116	13	85	14	80	15	34	16	86	17	77	18	115	19	32	20	43	21	98	22	77	23	73	24	45	25	72	26	95	27	81	28	103	29	40	
	0	18	1	57	2	80	3	49	4	63	5	46	6	80	7	88	8	58	9	76	10	80	11	72	12	102	13	81	14	84	15	32	16	80	17	69	18	107	19	32	20	37	21	113	22	69	23	75	24	52	25	79	26	100	27	86	28	98	29	29	
	0	25	1	69	2	95	3	50	4	64	5	31	6	74	7	100	8	51	9	79	10	92	11	80	12	106	13	83	14	77	15	41	16	84	17	72	18	117	19	41	20	37	21	114	22	73	23	84	24	51	25	84	26	101	27	82	28	108	29	42	
	0	18	1	73	2	94	3	49	4	72	5	39	6	85	7	100	8	59	9	70	10	79	11	88	12	110	13	78	14	82	15	33	16	73	17	74	18	99	19	43	20	38	21	100	22	76	23	83	24	54	25	71	26	91	27	83	28	93	29	36	
	0	24	1	71	2	82	3	39	4	60	5	46	6	83	7	105	8	55	9	81	10	92	11	76	12	109	13	86	14	74	15	34	16	87	17	85	18	101	19	35	20	40	21	112	22	65	23	85	24	49	25	83	26	86	27	89	28	94	29	28	
	0	24	1	71	2	89	3	39	4	75	5	44	6	79	7	99	8	56	9	78	10	95	11	85	12	109	13	72	14	79	15	32	16	88	17	70	18	102	19	35	20	47	21	101	22	70	23	87	24	57	25	73	26	97	27	93	28	98	29	35	
	0	18	1	60	2	90	3	40	4	73	5	44	6	79	7	103	8	60	9	72	10	86	11	78	12	104	13	72	14	76	15	49	16	85	17	85	18	110	19	44	20	44	21	98	22	73	23	72	24	49	25	78	26	96	27	89	28	95	29	26	
	0	31	1	64	2	80	3	44	4	71	5	46	6	84	7	100	8	49	9	86	10	93	11	74	12	116	13	75	14	82	15	48	16	75	17	85	18	114	19	26	20	38	21	115	22	76	23	86	24	49	25	79	26	101	27	86	28	89	29	31	
	0	25	1	62	2	89	3	54	4	69	5	30	6	83	7	91	8	63	9	86	10	80	11	88	12	100	13	85	14	76	15	34	16	91	17	68	18	115	19	35	20	49	21	106	22	75	23	75	24	60	25	85	26	101	27	93	28	92	29	26	
	0	12	1	72	2	94	3	38	4	60	5	36	6	85	7	94	8	57	9	72	10	76	11	83	12	104	13	80	14	67	15	41	16	80	17	68	18	117	19	27	20	46	21	111	22	69	23	72	24	45	25	80	26	86	27	90	28	90	29	43	
	0	24	1	57	2	81	3	46	4	75	5	48	6	80	7	91	8	67	9	70	10	95	11	84	12	112	13	86	14	72	15	47	16	91	17	73	18	105	19	32	20	43	21	114	22	75	23	71	24	60	25	78	26	92	27	79	28	100	29	28	
	0	17	1	65	2	85	3	42	4	60	5	34	6	70	7	105	8	65	9	83	10	94	11	89	12	110	13	78	14	74	15	49	16	74	17	75	18	105	19	42	20	44	21	100	22	76	23	79	24	63	25	83	26	85	27	81	28	99	29	38	
	0	12	1	55	2	88	3	43	4	67	5	36	6	69	7	99	8	55	9	69	10	83	11	85	12	98	13	77	14	80	15	42	16	79	17	84	18	118	19	40	20	46	21	98	22	62	23	83	24	60	25	89	26	97	27	82	28	91	29	28	
	0	25	1	62	2	91	3	44	4	67	5	45	6	77	7	104	8	54	9	76	10	93	11	84	12	99	13	81	14	77	15	36	16	77	17	72	18	112	19	36	20	49	21	114	22	61	23	82	24	61	25	76	26	101	27	88	28	94	29	33	
	0	26	1	64	2	92	3	41	4	77	5	31	6	76	7	104	8	52	9	77	10	92	11	74	12	109	13	79	14	69	15	33	16	73	17	76	18	117	19	41	20	40	21	107	22	76	23	86	24	53	25	89	26	95	27	93	28	102	29	35	
	0	17	1	60	2	83	3	53	4	75	5	35	6	69	7	98	8	65	9	85	10	88	11	71	12	108	13	70	14	82	15	48	16	74	17	75	18	111	19	31	20	37	21	108	22	74	23	70	24	46	25	82	26	94	27	84	28	101	29	37	
	0	27	1	74	2	82	3	56	4	66	5	43	6	82	7	102	8	50	9	80	10	79	11	70	12	107	13	69	14	83	15	39	16	73	17	76	18	105	19	41	20	37	21	108	22	75	23	69	24	55	25	87	26	98	27	92	28	90	29	30	
	0	22	1	71	2	90	3	53	4	59	5	44	6	75	7	91	8	68	9	75	10	90	11	79	12	98	13	77	14	70	15	47	16	84	17	72	18	110	19	37	20	50	21	111	22	70	23	75	24	51	25	87	26	93	27	95	28	103	29	40	
	0	17	1	68	2	78	3	40	4	65	5	43	6	81	7	98	8	58	9	86	10	82	11	89	12	104	13	82	14	85	15	47	16	82	17	77	18	113	19	32	20	51	21	111	22	76	23	70	24	46	25	85	26	104	27	80	28	101	29	28	
	0	24	1	62	2	79	3	49	4	69	5	38	6	80	7	103	8	66	9	78	10	95	11	75	12	104	13	76	14	82	15	36	16	78	17	78	18	109	19	37	20	49	21	113	22	63	23	76	24	48	25	82	26	85	27	95	28	96	29	38	
	0	31	1	66	2	84	3	48	4	76	5	33	6	84	7	96	8	59	9	80	10	87	11	86	12	100	13	84	14	79	15	49	16	90	17	85	18	113	19	41	20	37	21	106	22	65	23	72	24	47	25	79	26	87	27	98	28	92	29	39	
	0	27	1	71	2	90	3	41	4	58	5	33	6	87	7	90	8	66	9	70	10	91	11	80	12	114	13	86	14	68	15	38	16	87	17	77	18	108	19	28	20	34	21	101	22	68	23	79	24	56	25	71	26	97	27	92	28	107	29	27	
	0	12	1	71	2	89	3	52	4	67	5	30	6	82	7	88	8	52	9	74	10	88	11	81	12	99	13	88	14	78	15	47	16	90	17	76	18	116	19	35	20	46	21	108	22	72	23	73	24	56	25	77	26	102	27	84	28	94	29	28	
	0	20	1	58	2	96	3	57	4	61	5	45	6	80	7	88	8	59	9	72	10	87	11	73	12	108	13	72	14	80	15	35	16	77	17	84	18	118	19	35	20	38	21	109	22	65	23	69	24	59	25	84	26	95	27	92	28	97	29	36	
	0	27	1	63	2	79	3	57	4	71	5	33	6	82	7	89	8	66	9	79	10	91	11	85	12	99	13	76	14	81	15	47	16	76	17	80	18	106	19	37	20	44	21	104	22	58	23	70	24	60	25	85	26	85	27	84	28	106	29	30	
	0	26	1	59	2	82	3	45	4	59	5	45	6	85	7	102	8	60	9	77	10	93	11	71	12	99	13	70	14	85	15	45	16	73	17	82	18	103	19	42	20	49	21	98	22	61	23	72	24	51	25	76	26	86	27	83	28	101	29	38	
	0	31	1	72	2	88	3	43	4	59	5	34	6	86	7	86	8	53	9	74	10	86	11	82	12	115	13	73	14	67	15	49	16	82	17	71	18	107	19	37	20	36	21	109	22	64	23	68	24	44	25	87	26	91	27	93	28	104	29	30	
	0	17	1	58	2	91	3	44	4	71	5	38	6	72	7	89	8	66	9	88	10	89	11	84	12	117	13	77	14	81	15	33	16	74	17	78	18	99	19	42	20	50	21	110	22	72	23	73	24	55	25	83	26	91	27	98	28	106	29	24	
	0	14	1	56	2	84	3	54	4	63	5	41	6	72	7	94	8	52	9	74	10	91	11	71	12	102	13	85	14	76	15	41	16	89	17	72	18	109	19	43	20	42	21	97	22	61	23	74	24	62	25	82	26	103	27	87	28	108	29	34	
	0	15	1	72	2	81	3	40	4	66	5	33	6	75	7	96	8	68	9	87	10	85	11	81	12	100	13	82	14	80	15	36	16	73	17	77	18	112	19	27	20	47	21	98	22	73	23	86	24	54	25	74	26	101	27	97	28	89	29	42	
	0	24	1	57	2	88	3	44	4	64	5	41	6	74	7	105	8	62	9	82	10	86	11	84	12	114	13	83	14	75	15	48	16	88	17	77	18	106	19	26	20	51	21	109	22	72	23	85	24	60	25	84	26	97	27	93	28	106	29	25	
	0	19	1	57	2	86	3	55	4	75	5	40	6	83	7	91	8	51	9	74	10	95	11	88	12	110	13	79	14	78	15	40	16	90	17	85	18	103	19	27	20	51	21	112	22	66	23	80	24	56	25	73	26	95	27	79	28	95	29	38	
	0	29	1	73	2	83	3	54	4	58	5	44	6	74	7	103	8	58	9	73	10	82	11	87	12	111	13	80	14	68	15	37	16	75	17	68	18	116	19	39	20	38	21	111	22	68	23	84	24	56	25	89	26	95	27	79	28	96	29	40	
	0	21	1	67	2	92	3	39	4	62	5	30	6	86	7	99	8	55	9	70	10	88	11	72	12	98	13	75	14	82	15	42	16	80	17	80	18	101	19	42	20	39	21	107	22	76	23	82	24	47	25	76	26	99	27	93	28	98	29	43	
	0	23	1	59	2	96	3	57	4	74	5	44	6	73	7	99	8	55	9	86	10	94	11	81	12	117	13	82	14	69	15	38	16	79	17	71	18	109	19	39	20	50	21	109	22	69	23	76	24	58	25	86	26	88	27	94	28	101	29	35	
	0	17	1	59	2	78	3	38	4	75	5	31	6	82	7	91	8	53	9	80	10	88	11	77	12	100	13	79	14	69	15	37	16	72	17	84	18	117	19	42	20	46	21	106	22	58	23	80	24	57	25	83	26	92	27	83	28	89	29	34	
	0	29	1	73	2	91	3	46	4	66	5	46	6	81	7	91	8	65	9	80	10	92	11	72	12	102	13	71	14	77	15	43	16	80	17	73	18	116	19	43	20	39	21	115	22	74	23	79	24	47	25	73	26	104	27	91	28	90	29	34	
	0	20	1	67	2	91	3	41	4	61	5	44	6	83	7	96	8	64	9	70	10	88	11	89	12	117	13	87	14	84	15	42	16	89	17	82	18	116	19	31	20	41	21	114	22	63	23	85	24	63	25	75	26	102	27	97	28	106	29	25	
	0	31	1	58	2	81	3	49	4	70	5	36	6	74	7	105	8	55	9	87	10	82	11	72	12	105	13	76	14	84	15	32	16	91	17	83	18	112	19	28	20	51	21	98	22	59	23	79	24	48	25	81	26	93	27	87	28	89	29	38	
	0	21	1	60	2	84	3	57	4	66	5	30	6	84	7	101	8	49	9	74	10	82	11	88	12	111	13	86	14	79	15	45	16	83	17	74	18	113	19	27	20	37	21	115	22	65	23	68	24	57	25	83	26	86	27	82	28	97	29	25	
	0	29	1	57	2	82	3	38	4	63	5	29	6	77	7	94	8	62	9	87	10	94	11	86	12	115	13	87	14	76	15	44	16	78	17	77	18	102	19	26	20	48	21	108	22	59	23	85	24	51	25	72	26	91	27	83	28	104	29	42	
	0	27	1	68	2	93	3	39	4	65	5	34	6	77	7	92	8	52	9	86	10	84	11	77	12	116	13	76	14	75	15	42	16	77	17	75	18	99	19	39	20	42	21	97	22	60	23	68	24	55	25	76	26	89	27	89	28	99	29	31	
	0	30	1	58	2	78	3	45	4	73	5	35	6	79	7	103	8	52	9	77	10	91	11	75	12	109	13	79	14	83	15	47	16	74	17	80	18	99	19	35	20	34	21	104	22	65	23	84	24	52	25	79	26	92	27	98	28	101	29	32	
	0	26	1	55	2	95	3	50	4	77	5	38	6	85	7	93	8	50	9	72	10	84	11	73	12	107	13	86	14	78	15	39	16	88	17	83	18	99	19	45	20	43	21	109	22	60	23	82	24	46	25	77	26	94	27	79	28	98	29	30	
	0	17	1	57	2	87	3	48	4	62	5	44	6	86	7	88	8	61	9	86	10	83	11	87	12	112	13	85	14	76	15	38	16	91	17	69	18	102	19	34	20	44	21	102	22	69	23	77	24	56	25	73	26	91	27	94	28	94	29	41	
	0	30	1	71	2	82	3	44	4	74	5	47	6	71	7	97	8	50	9	73	10	83	11	77	12	110	13	75	14	68	15	42	16	72	17	86	18	103	19	40	20	45	21	99	22	76	23	78	24	60	25	74	26	89	27	88	28	99	29	33	
	0	22	1	68	2	93	3	45	4	67	5	37	6	77	7	99	8	63	9	69	10	89	11	82	12	100	13	84	14	73	15	48	16	89	17	84	18	108	19	37	20	38	21	102	22	58	23	87	24	50	25	70	26	93	27	82	28	99	29	26	
	0	27	1	68	2	80	3	49	4	76	5	40	6	84	7	89	8	50	9	73	10	76	11	85	12	106	13	86	14	68	15	34	16	88	17	83	18	100	19	38	20	38	21	113	22	67	23	77	24	47	25	71	26	87	27	84	28	108	29	39	
	0	23	1	73	2	78	3	50	4	58	5	39	6	82	7	105	8	60	9	69	10	80	11	74	12	101	13	87	14	77	15	37	16	82	17	81	18	104	19	38	20	50	21	104	22	64	23	73	24	57	25	71	26	94	27	88	28	103	29	38	
	0	22	1	64	2	79	3	53	4	67	5	47	6	79	7	89	8	63	9	79	10	95	11	72	12	107	13	72	14	67	15	31	16	82	17	75	18	118	19	35	20	47	21	104	22	73	23	70	24	52	25	71	26	98	27	80	28	102	29	24	
	0	15	1	59	2	83	3	52	4	75	5	43	6	77	7	98	8	68	9	75	10	78	11	83	12	109	13	84	14	81	15	34	16	75	17	82	18	105	19	36	20	44	21	109	22	69	23	68	24	58	25	76	26	86	27	83	28	105	29	33	
	0	22	1	65	2	88	3	40	4	58	5	36	6	77	7	90	8	60	9	74	10	82	11	79	12	117	13	77	14	71	15	34	16	90	17	86	18	117	19	45	20	45	21	99	22	62	23	70	24	48	25	74	26	95	27	87	28	96	29	37	
	0	17	1	68	2	88	3	45	4	66	5	41	6	83	7	89	8	50	9	75	10	89	11	88	12	112	13	78	14	75	15	50	16	87	17	81	18	104	19	27	20	52	21	107	22	60	23	75	24	63	25	77	26	98	27	90	28	91	29	30	
	0	18	1	67	2	81	3	39	4	75	5	31	6	82	7	104	8	58	9	77	10	78	11	72	12	106	13	86	14	77	15	49	16	81	17	86	18	116	19	26	20	36	21	110	22	65	23	87	24	51	25	89	26	89	27	89	28	96	29	36	
	0	31	1	74	2	79	3	48	4	61	5	38	6	78	7	89	8	55	9	86	10	85	11	71	12	111	13	75	14	84	15	49	16	91	17	71	18	101	19	35	20	51	21	100	22	67	23	77	24	55	25	83	26	89	27	86	28	107	29	28	
	0	21	1	71	2	91	3	40	4	75	5	34	6	87	7	98	8	59	9	87	10	83	11	75	12	99	13	83	14	72	15	37	16	82	17	75	18	116	19	40	20	40	21	103	22	73	23	73	24	52	25	71	26	103	27	86	28	101	29	31	
	0	16	1	61	2	87	3	43	4	75	5	38	6	74	7	95	8	57	9	70	10	80	11	70	12	116	13	78	14	70	15	33	16	77	17	69	18	117	19	31	20	39	21	99	22	74	23	77	24	52	25	71	26	87	27	90	28	104	29	37	
	0	26	1	72	2	79	3	42	4	65	5	32	6	68	7	101	8	62	9	87	10	94	11	83	12	110	13	81	14	81	15	46	16	88	17	67	18	103	19	39	20	44	21	105	22	64	23	83	24	56	25	72	26	95	27	98	28	106	29	37	
	0	20	1	74	2	83	3	44	4	67	5	44	6	76	7	87	8	67	9	71	10	82	11	83	12	116	13	82	14	76	15	35	16	72	17	72	18	115	19	27	20	39	21	111	22	66	23	76	24	63	25	71	26	92	27	83	28	99	29	34	
	0	18	1	63	2	90	3	56	4	62	5	31	6	84	7	91	8	56	9	78	10	92	11	79	12	101	13	80	14	86	15	40	16	77	17	70	18	106	19	38	20	36	21	113	22	74	23	69	24	48	25	75	26	99	27	83	28	89	29	36	
	0	16	1	58	2	79	3	45	4	64	5	33	6	81	7	99	8	61	9	80	10	78	11	79	12	117	13	78	14	75	15	42	16	84	17	74	18	118	19	41	20	35	21	102	22	61	23	74	24	63	25	79	26	94	27	82	28	105	29	33	
	0	24	1	62	2	78	3	43	4	62	5	36	6	73	7	93	8	64	9	77	10	85	11	76	12	116	13	88	14	84	15	46	16	89	17	75	18	110	19	35	20	48	21	110	22	66	23	72	24	54	25	83	26	104	27	96	28	107	29	39	
	0	21	1	66	2	78	3	52	4	60	5	39	6	73	7	104	8	52	9	84	10	76	11	84	12	98	13	76	14	76	15	39	16	77	17	78	18	104	19	38	20	38	21	105	22	58	23	80	24	56	25	71	26	95	27	79	28	107	29	33	
	0	26	1	63	2	78	3	45	4	67	5	46	6	69	7	103	8	65	9	87	10	95	11	78	12	116	13	70	14	72	15	44	16	77	17	80	18	112	19	32	20	40	21	105	22	68	23	72	24	51	25	76	26	92	27	98	28	98	29	27	
	0	22	1	70	2	77	3	43	4	72	5	31	6	84	7	103	8	51	9	74	10	84	11	83	12	100	13	82	14	86	15	48	16	89	17	68	18	103	19	27	20	49	21	108	22	72	23	68	24	45	25	82	26	101	27	84	28	101	29	28	
	0	30	1	64	2	83	3	46	4	68	5	36	6	70	7	97	8	64	9	77	10	76	11	70	12	99	13	83	14	67	15	41	16	77	17	71	18	104	19	28	20	38	21	113	22	69	23	78	24	52	25	84	26	87	27	87	28	92	29	37	
	0	18	1	59	2	78	3	55	4	71	5	40	6	78	7	93	8	56	9	77	10	81	11	73	12	110	13	84	14	73	15	40	16	75	17	79	18	111	19	26	20	53	21	108	22	66	23	85	24	50	25	76	26	101	27	88	28	101	29	29	
	0	31	1	68	2	85	3	55	4	75	5	36	6	69	7	91	8	60	9	81	10	81	11	70	12	117	13	82	14	79	15	35	16	74	17	75	18	112	19	45	20	45	21	96	22	72	23	72	24	44	25	80	26	89	27	93	28	105	29	29	
	0	31	1	72	2	82	3	42	4	65	5	46	6	71	7	93	8	55	9	76	10	80	11	70	12	101	13	71	14	74	15	37	16	82	17	67	18	115	19	29	20	35	21	98	22	74	23	80	24	58	25	70	26	102	27	80	28	106	29	40	
	0	15	1	60	2	84	3	50	4	63	5	43	6	70	7	94	8	61	9	77	10	93	11	74	12	98	13	74	14	78	15	39	16	84	17	72	18	115	19	32	20	41	21	104	22	76	23	78	24	53	25	70	26	101	27	96	28	89	29	26	
	0	25	1	55	2	86	3	45	4	73	5	35	6	75	7	99	8	66	9	85	10	89	11	86	12	105	13	71	14	78	15	47	16	88	17	73	18	106	19	37	20	35	21	107	22	64	23	81	24	57	25	86	26	100	27	91	28	100	29	43	
	0	23	1	55	2	94	3	40	4	67	5	45	6	75	7	102	8	50	9	81	10	87	11	80	12	110	13	78	14	83	15	48	16	87	17	79	18	112	19	36	20	51	21	113	22	59	23	76	24	56	25	79	26	100	27	87	28	89	29	38	
	0	14	1	70	2	84	3	55	4	67	5	37	6	77	7	98	8	58	9	77	10	86	11	70	12	103	13	84	14	79	15	31	16	86	17	74	18	115	19	44	20	40	21	111	22	77	23	82	24	58	25	75	26	97	27	93	28	98	29	42	
	0	26	1	68	2	93	3	41	4	74	5	34	6	77	7	86	8	53	9	88	10	76	11	81	12	111	13	72	14	72	15	40	16	76	17	76	18	107	19	26	20	46	21	104	22	64	23	75	24	60	25	82	26	86	27	84	28	92	29	35	
	0	15	1	70	2	80	3	57	4	64	5	38	6	84	7	86	8	65	9	76	10	86	11	79	12	108	13	77	14	71	15	49	16	90	17	75	18	103	19	44	20	37	21	102	22	65	23	76	24	54	25	70	26	95	27	96	28	95	29	26	
	0	29	1	57	2	92	3	39	4	72	5	45	6	76	7	98	8	57	9	85	10	78	11	87	12	115	13	74	14	70	15	44	16	74	17	81	18	109	19	31	20	45	21	99	22	70	23	87	24	45	25	85	26	101	27	84	28	98	29	32	
	0	25	1	72	2	88	3	38	4	63	5	29	6	84	7	93	8	55	9	73	10	90	11	76	12	109	13	72	14	75	15	49	16	81	17	81	18	118	19	27	20	38	21	110	22	67	23	86	24	46	25	86	26	92	27	86	28	102	29	39	
	0	28	1	69	2	93	3	40	4	59	5	45	6	70	7	88	8	68	9	78	10	82	11	84	12	100	13	86	14	74	15	31	16	86	17	85	18	113	19	26	20	52	21	114	22	70	23	75	24	54	25	86	26	99	27	88	28	99	29	36	
	0	12	1	55	2	78	3	38	4	60	5	44	6	76	7	100	8	60	9	78	10	83	11	87	12	107	13	87	14	85	15	36	16	77	17	85	18	104	19	31	20	46	21	110	22	75	23	68	24	52	25	81	26	86	27	81	28	96	29	27	
	0	24	1	62	2	89	3	57	4	72	5	43	6	87	7	98	8	66	9	79	10	77	11	80	12	108	13	81	14	78	15	42	16	90	17	79	18	105	19	34	20	44	21	100	22	70	23	80	24	61	25	73	26	85	27	81	28	100	29	41	
	0	28	1	61	2	91	3	45	4	58	5	33	6	78	7	87	8	60	9	86	10	93	11	86	12	108	13	85	14	81	15	50	16	82	17	74	18	99	19	27	20	44	21	110	22	75	23	68	24	50	25	74	26	98	27	85	28	102	29	35	
	0	19	1	58	2	89	3	56	4	60	5	41	6	81	7	104	8	56	9	73	10	94	11	84	12	104	13	74	14	70	15	41	16	79	17	84	18	108	19	45	20	50	21	103	22	72	23	81	24	46	25	78	26	86	27	98	28	105	29	37	
	0	21	1	65	2	90	3	45	4	70	5	43	6	72	7	104	8	63	9	72	10	89	11	71	12	106	13	75	14	74	15	35	16	74	17	69	18	113	19	26	20	46	21	110	22	61	23	70	24	56	25	86	26	93	27	93	28	107	29	37	
	0	14	1	58	2	93	3	56	4	66	5	38	6	83	7	101	8	61	9	85	10	81	11	74	12	110	13	79	14	68	15	34	16	79	17	81	18	111	19	33	20	41	21	106	22	76	23	73	24	50	25	82	26	85	27	87	28	102	29	31	
	0	28	1	73	2	88	3	48	4	66	5	31	6	85	7	101	8	50	9	78	10	92	11	78	12	108	13	85	14	74	15	42	16	74	17	79	18	113	19	38	20	44	21	101	22	69	23	75	24	62	25	74	26	89	27	84	28	89	29	24	
	0	23	1	70	2	84	3	56	4	59	5	40	6	83	7	99	8	57	9	84	10	90	11	70	12	105	13	81	14	76	15	45	16	82	17	80	18	103	19	31	20	47	21	110	22	65	23	82	24	47	25	73	26	97	27	83	28	99	29	41	
	0	16	1	69	2	84	3	45	4	71	5	29	6	84	7	92	8	65	9	83	10	91	11	87	12	112	13	87	14	71	15	42	16	81	17	73	18	101	19	38	20	34	21	115	22	71	23	80	24	60	25	79	26	88	27	93	28	93	29	43	
	0	26	1	67	2	78	3	44	4	60	5	41	6	79	7	98	8	67	9	83	10	85	11	86	12	106	13	77	14	81	15	37	16	85	17	67	18	109	19	38	20	43	21	113	22	73	23	74	24	63	25	73	26	99	27	87	28	107	29	35	
	0	24	1	69	2	83	3	43	4	61	5	46	6	84	7	101	8	59	9	77	10	76	11	71	12	107	13	80	14	74	15	34	16	79	17	78	18	109	19	26	20	53	21	102	22	74	23	73	24	46	25	88	26	90	27	80	28	107	29	39	
	0	17	1	72	2	82	3	43	4	67	5	35	6	70	7	91	8	63	9	71	10	94	11	85	12	101	13	82	14	72	15	38	16	80	17	68	18	107	19	38	20	37	21	107	22	71	23	70	24	47	25	89	26	93	27	88	28	96	29	35	
	0	18	1	57	2	96	3	51	4	58	5	44	6	83	7	94	8	59	9	84	10	83	11	79	12	110	13	85	14	76	15	41	16	77	17	67	18	116	19	40	20	35	21	107	22	64	23	72	24	52	25	74	26	103	27	98	28	96	29	43	
	0	23	1	71	2	82	3	50	4	74	5	41	6	73	7	98	8	58	9	72	10	93	11	73	12	101	13	69	14	78	15	45	16	74	17	67	18	116	19	31	20	52	21	111	22	60	23	79	24	54	25	80	26	94	27	81	28	91	29	40	
	0	23	1	72	2	88	3	43	4	61	5	37	6	78	7	99	8	61	9	78	10	87	11	72	12	108	13	88	14	83	15	47	16	85	17	81	18	103	19	39	20	46	21	110	22	71	23	78	24	47	25	84	26	97	27	80	28	108	29	27	
	0	28	1	61	2	77	3	41	4	69	5	46	6	74	7	92	8	61	9	81	10	92	11	79	12	116	13	78	14	79	15	49	16	78	17	83	18	116	19	44	20	42	21	106	22	70	23	69	24	60	25	70	26	95	27	93	28	99	29	38	
	0	21	1	63	2	82	3	54	4	63	5	35	6	80	7	94	8	58	9	80	10	91	11	88	12	105	13	80	14	67	15	38	16	76	17	83	18	116	19	39	20	37	21	96	22	65	23	87	24	63	25	83	26	94	27	86	28	104	29	33	
	0	21	1	71	2	88	3	47	4	72	5	43	6	78	7	90	8	52	9	76	10	78	11	89	12	102	13	77	14	84	15	49	16	79	17	81	18	104	19	40	20	51	21	96	22	65	23	86	24	57	25	74	26	102	27	86	28	108	29	30	
	0	22	1	59	2	90	3	55	4	76	5	46	6	71	7	95	8	60	9	84	10	79	11	71	12	101	13	84	14	68	15	32	16	84	17	79	18	115	19	34	20	36	21	107	22	71	23	87	24	48	25	74	26	85	27	98	28	103	29	31	
	0	15	1	72	2	96	3	46	4	73	5	43	6	70	7	86	8	54	9	75	10	91	11	81	12	100	13	73	14	85	15	47	16	79	17	75	18	111	19	45	20	36	21	105	22	59	23	84	24	51	25	85	26	104	27	98	28	102	29	27	
	0	23	1	56	2	83	3	44	4	77	5	29	6	74	7	91	8	49	9	81	10	93	11	77	12	100	13	85	14	85	15	49	16	74	17	73	18	102	19	26	20	42	21	103	22	71	23	68	24	51	25	83	26	90	27	95	28	105	29	24	
	0	31	1	60	2	81	3	43	4	68	5	35	6	83	7	89	8	49	9	78	10	76	11	82	12	107	13	87	14	85	15	33	16	78	17	75	18	115	19	34	20	36	21	98	22	66	23	76	24	46	25	84	26	95	27	81	28	98	29	43	
	0	27	1	63	2	84	3	41	4	68	5	40	6	85	7	95	8	55	9	79	10	83	11	85	12	106	13	73	14	77	15	41	16	75	17	85	18	103	19	45	20	39	21	96	22	68	23	84	24	49	25	83	26	94	27	83	28	101	29	27	
	0	18	1	66	2	79	3	39	4	77	5	33	6	81	7	94	8	63	9	81	10	81	11	78	12	104	13	77	14	80	15	39	16	85	17	78	18	106	19	30	20	51	21	107	22	76	23	71	24	52	25	84	26	91	27	97	28	108	29	37	
	0	31	1	57	2	93	3	52	4	59	5	29	6	68	7	89	8	55	9	83	10	91	11	73	12	104	13	77	14	86	15	47	16	72	17	67	18	109	19	32	20	36	21	105	22	68	23	76	24	46	25	83	26	92	27	98	28	96	29	26	
	0	30	1	74	2	87	3	53	4	74	5	37	6	68	7	90	8	54	9	86	10	82	11	87	12	103	13	83	14	75	15	32	16	77	17	71	18	107	19	45	20	45	21	100	22	69	23	74	24	48	25	76	26	99	27	92	28	90	29	37	
	0	26	1	64	2	94	3	52	4	75	5	38	6	81	7	90	8	67	9	78	10	84	11	84	12	111	13	76	14	75	15	44	16	81	17	70	18	99	19	28	20	37	21	113	22	71	23	82	24	56	25	83	26	91	27	90	28	105	29	35	
	0	21	1	63	2	95	3	38	4	72	5	48	6	81	7	100	8	67	9	71	10	85	11	80	12	111	13	87	14	70	15	35	16	81	17	78	18	112	19	30	20	36	21	106	22	75	23	72	24	56	25	71	26	89	27	89	28	104	29	25	
	0	31	1	68	2	94	3	40	4	72	5	43	6	82	7	86	8	49	9	70	10	82	11	87	12	109	13	70	14	72	15	39	16	82	17	75	18	110	19	31	20	35	21	98	22	58	23	73	24	45	25	71	26	102	27	89	28	100	29	38	
	0	25	1	55	2	84	3	44	4	73	5	38	6	85	7	91	8	51	9	88	10	79	11	74	12	109	13	69	14	82	15	41	16	75	17	86	18	108	19	36	20	44	21	98	22	73	23	72	24	44	25	84	26	102	27	93	28	102	29	43	
	0	16	1	73	2	90	3	41	4	61	5	45	6	72	7	97	8	53	9	76	10	82	11	74	12	104	13	78	14	73	15	38	16	87	17	72	18	104	19	43	20	39	21	115	22	69	23	79	24	46	25	71	26	103	27	86	28	106	29	26	
	0	19	1	57	2	88	3	48	4	69	5	44	6	77	7	87	8	67	9	70	10	87	11	72	12	117	13	79	14	68	15	41	16	75	17	80	18	101	19	43	20	51	21	105	22	70	23	85	24	60	25	86	26	93	27	95	28	92	29	35	
	0	12	1	56	2	78	3	38	4	73	5	41	6	68	7	93	8	67	9	74	10	82	11	82	12	114	13	85	14	71	15	42	16	88	17	86	18	106	19	40	20	48	21	97	22	61	23	71	24	49	25	78	26	104	27	84	28	95	29	39	
	0	30	1	55	2	80	3	55	4	74	5	35	6	74	7	92	8	65	9	85	10	94	11	73	12	109	13	69	14	70	15	40	16	88	17	83	18	112	19	30	20	42	21	99	22	66	23	81	24	53	25	85	26	102	27	80	28	97	29	26	
	0	31	1	72	2	89	3	43	4	67	5	38	6	86	7	91	8	55	9	74	10	88	11	75	12	111	13	74	14	78	15	47	16	86	17	84	18	117	19	28	20	48	21	112	22	72	23	71	24	60	25	77	26	104	27	79	28	92	29	29	
	0	21	1	56	2	91	3	38	4	59	5	42	6	83	7	105	8	63	9	81	10	91	11	84	12	103	13	85	14	71	15	38	16	72	17	84	18	106	19	41	20	42	21	111	22	62	23	82	24	44	25	86	26	102	27	86	28	90	29	29	
	0	23	1	74	2	79	3	54	4	71	5	42	6	85	7	102	8	66	9	86	10	87	11	80	12	102	13	82	14	77	15	31	16	82	17	69	18	117	19	36	20	51	21	96	22	76	23	71	24	60	25	82	26	104	27	87	28	94	29	24	
	0	13	1	63	2	77	3	45	4	69	5	34	6	85	7	99	8	62	9	78	10	89	11	70	12	100	13	85	14	67	15	38	16	84	17	67	18	99	19	31	20	46	21	99	22	60	23	83	24	45	25	70	26	89	27	88	28	105	29	36	
	0	23	1	72	2	88	3	49	4	73	5	33	6	70	7	88	8	55	9	84	10	80	11	78	12	106	13	79	14	77	15	47	16	91	17	69	18	104	19	40	20	48	21	112	22	62	23	71	24	55	25	80	26	87	27	95	28	91	29	25	
	0	25	1	56	2	93	3	38	4	61	5	46	6	85	7	89	8	55	9	87	10	84	11	82	12	100	13	78	14	70	15	50	16	83	17	83	18	109	19	44	20	38	21	106	22	65	23	83	24	52	25	79	26	85	27	89	28	102	29	35	
	0	28	1	72	2	82	3	47	4	74	5	38	6	81	7	101	8	66	9	85	10	87	11	70	12	107	13	85	14	69	15	31	16	87	17	72	18	108	19	41	20	45	21	96	22	64	23	68	24	46	25	78	26	91	27	81	28	93	29	38	