200 40 1
40
	0	26	1	69	2	39	3	85	4	106	5	89	6	92	7	76	8	19	9	103	10	98	11	12	12	49	13	31	14	8	15	38	16	113	17	90	18	57	19	32	20	88	21	68	22	41	23	81	24	45	25	98	26	26	27	88	28	98	29	87	30	41	31	46	32	102	33	92	34	93	35	11	36	103	37	43	38	77	39	60	
	0	24	1	59	2	44	3	83	4	101	5	79	6	97	7	76	8	15	9	92	10	90	11	31	12	43	13	16	14	4	15	32	16	120	17	91	18	46	19	27	20	93	21	85	22	50	23	76	24	39	25	105	26	43	27	103	28	112	29	81	30	28	31	50	32	102	33	93	34	93	35	21	36	91	37	45	38	74	39	54	
	0	15	1	63	2	33	3	80	4	107	5	85	6	98	7	84	8	17	9	103	10	89	11	12	12	52	13	30	14	11	15	25	16	110	17	83	18	56	19	37	20	96	21	69	22	43	23	78	24	36	25	95	26	27	27	97	28	115	29	77	30	32	31	59	32	102	33	91	34	108	35	11	36	98	37	46	38	83	39	61	
	0	30	1	68	2	32	3	81	4	96	5	85	6	94	7	75	8	17	9	93	10	84	11	19	12	50	13	28	14	15	15	25	16	102	17	93	18	53	19	38	20	93	21	70	22	45	23	68	24	29	25	94	26	35	27	97	28	113	29	73	30	29	31	45	32	94	33	88	34	106	35	14	36	95	37	41	38	76	39	55	
	0	16	1	73	2	35	3	82	4	95	5	75	6	99	7	79	8	28	9	97	10	91	11	15	12	44	13	30	14	8	15	34	16	101	17	87	18	50	19	26	20	93	21	76	22	45	23	78	24	44	25	92	26	42	27	90	28	113	29	73	30	25	31	42	32	97	33	99	34	96	35	23	36	98	37	52	38	77	39	65	
	0	23	1	59	2	36	3	83	4	98	5	75	6	95	7	84	8	27	9	97	10	102	11	13	12	38	13	26	14	19	15	28	16	101	17	95	18	63	19	43	20	95	21	69	22	38	23	62	24	31	25	94	26	29	27	87	28	103	29	83	30	36	31	55	32	91	33	90	34	92	35	24	36	103	37	48	38	85	39	57	
	0	20	1	70	2	39	3	83	4	98	5	81	6	93	7	76	8	29	9	110	10	100	11	26	12	49	13	17	14	12	15	22	16	117	17	81	18	46	19	43	20	96	21	84	22	50	23	74	24	31	25	105	26	29	27	103	28	107	29	85	30	38	31	58	32	99	33	92	34	100	35	16	36	100	37	46	38	74	39	56	
	0	32	1	60	2	42	3	88	4	112	5	72	6	98	7	79	8	27	9	100	10	99	11	25	12	47	13	23	14	15	15	33	16	116	17	86	18	51	19	39	20	100	21	73	22	38	23	64	24	38	25	100	26	33	27	91	28	108	29	79	30	22	31	47	32	99	33	88	34	104	35	25	36	94	37	39	38	82	39	53	
	0	18	1	59	2	42	3	98	4	106	5	71	6	99	7	73	8	21	9	92	10	88	11	16	12	46	13	35	14	23	15	29	16	102	17	99	18	56	19	39	20	101	21	81	22	45	23	75	24	48	25	98	26	44	27	90	28	105	29	73	30	27	31	58	32	96	33	97	34	100	35	23	36	100	37	44	38	70	39	55	
	0	30	1	64	2	37	3	98	4	108	5	86	6	99	7	75	8	15	9	100	10	88	11	28	12	43	13	31	14	17	15	24	16	109	17	86	18	57	19	40	20	90	21	70	22	36	23	80	24	44	25	99	26	28	27	99	28	104	29	90	30	32	31	42	32	101	33	98	34	93	35	26	36	91	37	47	38	82	39	56	
	0	29	1	72	2	44	3	96	4	99	5	85	6	94	7	84	8	17	9	95	10	90	11	26	12	44	13	25	14	22	15	31	16	120	17	82	18	47	19	42	20	94	21	70	22	38	23	76	24	43	25	105	26	36	27	99	28	114	29	78	30	37	31	60	32	103	33	100	34	96	35	19	36	92	37	49	38	84	39	55	
	0	25	1	63	2	43	3	84	4	108	5	86	6	86	7	85	8	17	9	91	10	91	11	16	12	48	13	24	14	10	15	24	16	103	17	100	18	57	19	37	20	97	21	77	22	49	23	63	24	41	25	98	26	41	27	89	28	106	29	82	30	37	31	41	32	101	33	93	34	100	35	23	36	87	37	52	38	77	39	52	
	0	18	1	76	2	33	3	87	4	112	5	73	6	89	7	69	8	32	9	100	10	100	11	14	12	39	13	18	14	18	15	25	16	115	17	89	18	57	19	33	20	83	21	74	22	46	23	77	24	33	25	90	26	38	27	100	28	108	29	75	30	26	31	47	32	98	33	91	34	100	35	25	36	95	37	45	38	70	39	59	
	0	28	1	74	2	40	3	84	4	108	5	87	6	87	7	70	8	19	9	98	10	103	11	25	12	40	13	16	14	21	15	24	16	105	17	91	18	45	19	44	20	92	21	79	22	39	23	67	24	45	25	90	26	27	27	102	28	116	29	82	30	29	31	59	32	104	33	83	34	91	35	27	36	102	37	47	38	82	39	67	
	0	32	1	76	2	27	3	90	4	110	5	78	6	94	7	82	8	28	9	108	10	92	11	22	12	47	13	30	14	4	15	23	16	101	17	86	18	61	19	26	20	91	21	82	22	47	23	67	24	36	25	102	26	36	27	103	28	108	29	85	30	30	31	60	32	104	33	84	34	91	35	25	36	99	37	56	38	73	39	51	
	0	25	1	75	2	30	3	99	4	113	5	85	6	80	7	83	8	27	9	97	10	98	11	16	12	45	13	35	14	13	15	24	16	107	17	86	18	57	19	31	20	102	21	74	22	52	23	71	24	36	25	102	26	33	27	102	28	106	29	72	30	35	31	46	32	107	33	96	34	96	35	18	36	89	37	43	38	76	39	67	
	0	15	1	74	2	28	3	93	4	114	5	78	6	96	7	69	8	30	9	96	10	87	11	27	12	42	13	33	14	4	15	27	16	108	17	88	18	45	19	40	20	83	21	68	22	44	23	80	24	40	25	94	26	45	27	105	28	104	29	89	30	29	31	55	32	96	33	90	34	104	35	28	36	93	37	58	38	72	39	63	
	0	26	1	74	2	41	3	87	4	97	5	75	6	96	7	75	8	15	9	107	10	99	11	13	12	47	13	17	14	16	15	23	16	106	17	84	18	60	19	31	20	83	21	73	22	48	23	78	24	29	25	99	26	30	27	91	28	115	29	85	30	22	31	50	32	107	33	92	34	96	35	18	36	93	37	52	38	72	39	50	
	0	31	1	64	2	26	3	85	4	102	5	82	6	93	7	71	8	24	9	107	10	97	11	28	12	55	13	27	14	13	15	32	16	108	17	92	18	44	19	26	20	95	21	81	22	47	23	69	24	45	25	102	26	39	27	87	28	98	29	72	30	32	31	43	32	102	33	92	34	106	35	27	36	91	37	44	38	80	39	54	
	0	20	1	59	2	41	3	89	4	103	5	75	6	89	7	77	8	22	9	103	10	95	11	19	12	43	13	20	14	23	15	24	16	109	17	92	18	57	19	40	20	83	21	70	22	39	23	72	24	35	25	107	26	42	27	88	28	100	29	77	30	25	31	42	32	101	33	95	34	96	35	28	36	100	37	44	38	76	39	61	
	0	15	1	76	2	34	3	97	4	96	5	82	6	93	7	83	8	31	9	105	10	98	11	31	12	57	13	24	14	21	15	40	16	102	17	88	18	44	19	33	20	90	21	80	22	40	23	76	24	47	25	92	26	40	27	86	28	108	29	77	30	39	31	48	32	100	33	84	34	101	35	10	36	91	37	57	38	75	39	61	
	0	27	1	75	2	44	3	85	4	95	5	88	6	91	7	68	8	32	9	101	10	89	11	31	12	50	13	32	14	13	15	34	16	105	17	82	18	48	19	27	20	96	21	68	22	40	23	64	24	42	25	89	26	29	27	97	28	116	29	86	30	40	31	46	32	107	33	96	34	97	35	22	36	86	37	56	38	75	39	53	
	0	15	1	58	2	38	3	97	4	111	5	83	6	88	7	75	8	32	9	95	10	89	11	29	12	40	13	33	14	14	15	36	16	102	17	99	18	57	19	36	20	98	21	69	22	53	23	79	24	48	25	104	26	40	27	95	28	104	29	87	30	25	31	55	32	91	33	90	34	110	35	19	36	100	37	44	38	84	39	60	
	0	32	1	59	2	38	3	93	4	113	5	83	6	99	7	83	8	15	9	96	10	98	11	14	12	43	13	34	14	11	15	36	16	103	17	97	18	45	19	29	20	101	21	68	22	46	23	71	24	48	25	91	26	31	27	93	28	115	29	89	30	26	31	48	32	103	33	85	34	106	35	12	36	97	37	48	38	85	39	54	
	0	19	1	70	2	26	3	93	4	113	5	80	6	99	7	74	8	30	9	103	10	95	11	30	12	54	13	26	14	12	15	32	16	103	17	99	18	45	19	38	20	91	21	84	22	43	23	76	24	42	25	107	26	40	27	92	28	107	29	84	30	30	31	43	32	107	33	92	34	110	35	28	36	85	37	45	38	82	39	61	
	0	20	1	61	2	35	3	91	4	96	5	80	6	98	7	73	8	27	9	109	10	94	11	27	12	40	13	34	14	20	15	40	16	119	17	95	18	56	19	26	20	91	21	81	22	50	23	77	24	33	25	104	26	34	27	105	28	116	29	79	30	38	31	59	32	89	33	87	34	106	35	21	36	88	37	44	38	79	39	64	
	0	30	1	70	2	41	3	85	4	104	5	88	6	80	7	74	8	16	9	92	10	89	11	12	12	54	13	28	14	21	15	24	16	113	17	82	18	57	19	31	20	92	21	71	22	41	23	77	24	34	25	100	26	44	27	90	28	98	29	76	30	23	31	46	32	97	33	100	34	105	35	14	36	84	37	40	38	75	39	50	
	0	29	1	71	2	40	3	83	4	113	5	87	6	82	7	86	8	17	9	91	10	100	11	28	12	49	13	29	14	11	15	37	16	105	17	85	18	61	19	25	20	99	21	76	22	51	23	69	24	47	25	104	26	26	27	99	28	100	29	76	30	41	31	58	32	96	33	87	34	97	35	16	36	92	37	46	38	68	39	62	
	0	19	1	60	2	40	3	84	4	107	5	79	6	84	7	81	8	18	9	107	10	100	11	14	12	57	13	27	14	20	15	40	16	115	17	91	18	56	19	36	20	86	21	73	22	41	23	68	24	48	25	92	26	31	27	105	28	100	29	89	30	24	31	59	32	92	33	92	34	92	35	12	36	99	37	48	38	78	39	59	
	0	13	1	70	2	45	3	96	4	98	5	73	6	93	7	68	8	31	9	108	10	89	11	27	12	54	13	30	14	6	15	28	16	110	17	100	18	44	19	39	20	89	21	80	22	52	23	70	24	34	25	92	26	27	27	100	28	114	29	88	30	40	31	51	32	103	33	85	34	107	35	12	36	94	37	40	38	81	39	69	
	0	24	1	64	2	28	3	84	4	111	5	71	6	96	7	86	8	25	9	92	10	90	11	25	12	45	13	26	14	21	15	27	16	114	17	82	18	46	19	35	20	87	21	83	22	52	23	74	24	31	25	101	26	43	27	102	28	102	29	77	30	41	31	49	32	90	33	93	34	104	35	22	36	86	37	56	38	78	39	57	
	0	25	1	68	2	37	3	90	4	102	5	84	6	89	7	83	8	25	9	109	10	95	11	30	12	43	13	26	14	18	15	39	16	107	17	89	18	52	19	33	20	93	21	78	22	36	23	75	24	41	25	89	26	32	27	104	28	107	29	79	30	40	31	58	32	94	33	96	34	95	35	12	36	95	37	42	38	73	39	64	
	0	26	1	62	2	38	3	89	4	108	5	72	6	88	7	84	8	31	9	92	10	98	11	28	12	53	13	30	14	4	15	38	16	114	17	84	18	58	19	34	20	92	21	79	22	44	23	79	24	47	25	95	26	28	27	90	28	116	29	77	30	32	31	50	32	98	33	101	34	96	35	22	36	94	37	49	38	73	39	61	
	0	32	1	74	2	26	3	97	4	110	5	86	6	84	7	81	8	14	9	103	10	84	11	24	12	39	13	23	14	15	15	25	16	114	17	99	18	62	19	42	20	95	21	83	22	44	23	80	24	39	25	106	26	33	27	98	28	116	29	71	30	32	31	54	32	101	33	87	34	96	35	14	36	101	37	51	38	72	39	51	
	0	18	1	58	2	45	3	92	4	109	5	71	6	91	7	78	8	25	9	94	10	90	11	25	12	53	13	20	14	22	15	34	16	106	17	97	18	61	19	28	20	85	21	67	22	50	23	78	24	40	25	92	26	33	27	104	28	104	29	86	30	32	31	53	32	107	33	98	34	106	35	22	36	90	37	50	38	84	39	69	
	0	13	1	75	2	35	3	82	4	95	5	72	6	84	7	75	8	25	9	91	10	99	11	23	12	50	13	19	14	7	15	41	16	106	17	85	18	61	19	25	20	98	21	74	22	52	23	76	24	37	25	102	26	41	27	88	28	102	29	88	30	28	31	46	32	96	33	89	34	101	35	28	36	87	37	54	38	76	39	69	
	0	15	1	62	2	40	3	85	4	99	5	75	6	88	7	71	8	28	9	100	10	99	11	24	12	53	13	34	14	21	15	31	16	112	17	90	18	53	19	37	20	97	21	85	22	34	23	67	24	43	25	104	26	32	27	86	28	106	29	77	30	22	31	42	32	108	33	98	34	102	35	27	36	96	37	57	38	83	39	60	
	0	18	1	64	2	39	3	97	4	113	5	77	6	90	7	81	8	28	9	97	10	96	11	26	12	56	13	27	14	8	15	26	16	108	17	90	18	47	19	34	20	97	21	74	22	40	23	67	24	30	25	91	26	39	27	101	28	98	29	83	30	38	31	54	32	107	33	91	34	103	35	15	36	93	37	53	38	70	39	67	
	0	14	1	69	2	43	3	82	4	97	5	90	6	84	7	82	8	13	9	100	10	96	11	18	12	43	13	25	14	10	15	22	16	119	17	98	18	53	19	39	20	89	21	70	22	48	23	69	24	44	25	96	26	33	27	103	28	100	29	71	30	31	31	49	32	91	33	88	34	103	35	18	36	98	37	41	38	80	39	60	
	0	29	1	67	2	26	3	92	4	111	5	74	6	97	7	87	8	25	9	97	10	100	11	12	12	45	13	17	14	22	15	35	16	117	17	91	18	49	19	30	20	101	21	81	22	34	23	65	24	46	25	96	26	30	27	93	28	111	29	84	30	25	31	42	32	101	33	89	34	109	35	27	36	94	37	43	38	77	39	67	
	0	30	1	62	2	40	3	91	4	104	5	78	6	99	7	69	8	25	9	102	10	93	11	20	12	55	13	18	14	21	15	25	16	101	17	81	18	55	19	35	20	90	21	75	22	46	23	79	24	46	25	103	26	35	27	100	28	105	29	89	30	30	31	56	32	93	33	96	34	110	35	22	36	88	37	43	38	84	39	52	
	0	20	1	76	2	34	3	80	4	106	5	80	6	92	7	73	8	24	9	98	10	102	11	19	12	47	13	26	14	11	15	33	16	105	17	95	18	55	19	44	20	96	21	79	22	43	23	72	24	44	25	91	26	41	27	92	28	111	29	73	30	39	31	42	32	99	33	93	34	91	35	26	36	103	37	48	38	80	39	66	
	0	31	1	77	2	37	3	93	4	113	5	79	6	91	7	84	8	29	9	108	10	88	11	19	12	47	13	33	14	5	15	30	16	115	17	92	18	57	19	41	20	87	21	68	22	45	23	62	24	44	25	92	26	28	27	97	28	105	29	76	30	22	31	58	32	92	33	89	34	92	35	13	36	93	37	42	38	81	39	51	
	0	24	1	67	2	37	3	95	4	110	5	89	6	88	7	79	8	26	9	91	10	84	11	29	12	41	13	31	14	8	15	40	16	114	17	97	18	50	19	39	20	92	21	69	22	41	23	70	24	40	25	99	26	29	27	93	28	115	29	83	30	28	31	58	32	100	33	96	34	102	35	20	36	96	37	58	38	81	39	53	
	0	32	1	60	2	34	3	88	4	103	5	84	6	93	7	81	8	16	9	102	10	86	11	27	12	55	13	33	14	21	15	27	16	118	17	90	18	60	19	29	20	87	21	82	22	51	23	65	24	30	25	96	26	42	27	86	28	113	29	81	30	22	31	55	32	91	33	86	34	106	35	28	36	85	37	46	38	80	39	55	
	0	23	1	60	2	45	3	94	4	95	5	75	6	89	7	72	8	19	9	110	10	99	11	21	12	50	13	25	14	14	15	27	16	102	17	83	18	57	19	34	20	97	21	82	22	46	23	78	24	46	25	91	26	38	27	87	28	102	29	75	30	37	31	47	32	105	33	101	34	96	35	26	36	94	37	46	38	87	39	59	
	0	16	1	62	2	30	3	86	4	104	5	73	6	97	7	85	8	13	9	107	10	100	11	19	12	50	13	29	14	18	15	31	16	107	17	90	18	51	19	38	20	96	21	68	22	45	23	72	24	31	25	105	26	35	27	94	28	115	29	81	30	24	31	52	32	92	33	89	34	106	35	12	36	88	37	53	38	84	39	56	
	0	13	1	61	2	29	3	96	4	112	5	78	6	88	7	78	8	16	9	105	10	100	11	26	12	46	13	21	14	16	15	40	16	117	17	83	18	56	19	31	20	102	21	67	22	40	23	79	24	30	25	93	26	30	27	104	28	113	29	85	30	36	31	47	32	93	33	101	34	105	35	17	36	86	37	52	38	80	39	57	
	0	13	1	60	2	45	3	85	4	104	5	80	6	97	7	87	8	24	9	104	10	92	11	24	12	47	13	16	14	22	15	23	16	109	17	88	18	56	19	29	20	100	21	67	22	38	23	77	24	30	25	91	26	34	27	86	28	108	29	81	30	31	31	60	32	101	33	89	34	102	35	16	36	102	37	51	38	71	39	68	
	0	24	1	66	2	44	3	85	4	102	5	87	6	83	7	71	8	18	9	92	10	95	11	27	12	40	13	25	14	13	15	31	16	116	17	98	18	53	19	39	20	86	21	73	22	43	23	73	24	30	25	102	26	28	27	100	28	105	29	82	30	26	31	53	32	94	33	85	34	94	35	10	36	88	37	45	38	72	39	57	
	0	31	1	69	2	41	3	98	4	109	5	77	6	80	7	87	8	16	9	95	10	94	11	16	12	50	13	29	14	18	15	22	16	109	17	89	18	45	19	35	20	101	21	69	22	41	23	77	24	47	25	97	26	39	27	86	28	108	29	86	30	40	31	59	32	93	33	98	34	94	35	18	36	98	37	42	38	68	39	55	
	0	30	1	62	2	42	3	86	4	104	5	89	6	87	7	81	8	32	9	98	10	95	11	16	12	44	13	29	14	9	15	41	16	105	17	92	18	45	19	41	20	100	21	77	22	46	23	77	24	29	25	95	26	31	27	89	28	115	29	88	30	31	31	60	32	108	33	94	34	99	35	12	36	92	37	49	38	85	39	65	
	0	28	1	69	2	31	3	93	4	105	5	75	6	97	7	70	8	22	9	107	10	90	11	19	12	40	13	27	14	17	15	31	16	112	17	96	18	63	19	29	20	92	21	72	22	45	23	69	24	38	25	100	26	27	27	93	28	104	29	74	30	25	31	51	32	104	33	85	34	103	35	24	36	88	37	49	38	82	39	50	
	0	28	1	59	2	36	3	84	4	96	5	85	6	87	7	77	8	28	9	93	10	99	11	21	12	45	13	32	14	17	15	24	16	115	17	88	18	63	19	27	20	90	21	77	22	52	23	77	24	30	25	98	26	40	27	96	28	114	29	83	30	30	31	45	32	94	33	97	34	91	35	12	36	101	37	54	38	83	39	68	
	0	24	1	68	2	42	3	84	4	112	5	87	6	97	7	76	8	27	9	99	10	93	11	28	12	57	13	22	14	10	15	37	16	104	17	97	18	44	19	25	20	99	21	74	22	42	23	64	24	33	25	106	26	33	27	98	28	105	29	84	30	38	31	47	32	95	33	84	34	91	35	23	36	94	37	43	38	83	39	67	
	0	30	1	73	2	44	3	95	4	105	5	86	6	89	7	70	8	23	9	101	10	99	11	20	12	40	13	18	14	15	15	41	16	109	17	87	18	50	19	26	20	95	21	72	22	42	23	79	24	48	25	92	26	37	27	98	28	109	29	77	30	35	31	43	32	92	33	84	34	104	35	10	36	99	37	45	38	81	39	53	
	0	14	1	76	2	30	3	91	4	109	5	76	6	81	7	74	8	26	9	95	10	102	11	30	12	41	13	20	14	13	15	39	16	101	17	93	18	63	19	32	20	95	21	68	22	34	23	65	24	37	25	102	26	42	27	86	28	113	29	76	30	37	31	53	32	90	33	92	34	108	35	15	36	101	37	46	38	68	39	56	
	0	27	1	62	2	34	3	90	4	100	5	90	6	81	7	86	8	19	9	101	10	92	11	27	12	52	13	31	14	15	15	37	16	109	17	82	18	61	19	44	20	96	21	84	22	44	23	77	24	41	25	91	26	44	27	100	28	116	29	81	30	26	31	52	32	90	33	94	34	106	35	16	36	92	37	49	38	69	39	52	
	0	25	1	67	2	45	3	90	4	99	5	82	6	88	7	79	8	29	9	105	10	100	11	15	12	47	13	22	14	19	15	38	16	109	17	97	18	60	19	31	20	95	21	81	22	47	23	77	24	34	25	102	26	41	27	91	28	116	29	85	30	36	31	52	32	100	33	91	34	100	35	14	36	92	37	43	38	81	39	64	
	0	18	1	76	2	35	3	99	4	112	5	84	6	82	7	85	8	22	9	103	10	101	11	26	12	50	13	22	14	18	15	22	16	111	17	99	18	44	19	25	20	92	21	72	22	39	23	81	24	36	25	94	26	26	27	104	28	101	29	84	30	22	31	42	32	91	33	83	34	106	35	12	36	84	37	57	38	72	39	53	
	0	13	1	58	2	44	3	92	4	96	5	87	6	81	7	71	8	26	9	110	10	103	11	20	12	43	13	28	14	23	15	30	16	114	17	95	18	44	19	43	20	85	21	86	22	43	23	74	24	33	25	92	26	29	27	105	28	117	29	87	30	36	31	49	32	106	33	88	34	100	35	28	36	84	37	43	38	70	39	55	
	0	28	1	76	2	42	3	91	4	103	5	76	6	83	7	73	8	17	9	99	10	84	11	29	12	55	13	35	14	12	15	22	16	113	17	88	18	45	19	31	20	101	21	72	22	40	23	69	24	31	25	94	26	26	27	96	28	113	29	90	30	27	31	60	32	103	33	101	34	106	35	10	36	97	37	45	38	83	39	62	
	0	20	1	76	2	43	3	95	4	104	5	83	6	93	7	73	8	18	9	96	10	102	11	23	12	44	13	33	14	18	15	37	16	108	17	92	18	53	19	38	20	100	21	83	22	43	23	73	24	42	25	97	26	28	27	87	28	114	29	89	30	35	31	57	32	106	33	99	34	105	35	18	36	101	37	56	38	86	39	56	
	0	20	1	61	2	27	3	93	4	97	5	76	6	82	7	85	8	19	9	97	10	103	11	24	12	56	13	31	14	5	15	30	16	105	17	90	18	61	19	41	20	92	21	79	22	42	23	75	24	34	25	94	26	45	27	98	28	112	29	76	30	22	31	47	32	100	33	83	34	98	35	20	36	100	37	51	38	85	39	51	
	0	32	1	77	2	33	3	81	4	104	5	84	6	92	7	78	8	30	9	108	10	94	11	19	12	52	13	34	14	8	15	31	16	112	17	87	18	56	19	40	20	92	21	74	22	45	23	68	24	34	25	101	26	40	27	102	28	116	29	71	30	39	31	50	32	92	33	83	34	102	35	11	36	103	37	51	38	84	39	54	
	0	17	1	68	2	38	3	80	4	103	5	75	6	96	7	81	8	15	9	94	10	96	11	12	12	39	13	33	14	11	15	29	16	113	17	88	18	62	19	32	20	88	21	70	22	41	23	67	24	32	25	96	26	40	27	89	28	114	29	86	30	36	31	50	32	89	33	95	34	105	35	13	36	86	37	48	38	79	39	51	
	0	19	1	62	2	29	3	90	4	101	5	75	6	94	7	77	8	27	9	107	10	84	11	17	12	45	13	27	14	7	15	33	16	105	17	95	18	60	19	44	20	102	21	82	22	39	23	74	24	33	25	101	26	39	27	92	28	113	29	86	30	25	31	51	32	89	33	90	34	109	35	21	36	84	37	56	38	74	39	63	
	0	28	1	71	2	29	3	89	4	96	5	72	6	99	7	68	8	13	9	107	10	93	11	18	12	42	13	30	14	16	15	28	16	104	17	83	18	46	19	32	20	99	21	76	22	45	23	80	24	31	25	92	26	29	27	87	28	116	29	83	30	26	31	55	32	106	33	83	34	101	35	24	36	93	37	40	38	84	39	60	
	0	32	1	75	2	34	3	94	4	110	5	90	6	85	7	70	8	26	9	105	10	84	11	20	12	38	13	26	14	15	15	37	16	111	17	96	18	46	19	31	20	95	21	80	22	52	23	78	24	44	25	97	26	37	27	94	28	98	29	80	30	30	31	45	32	90	33	101	34	103	35	12	36	88	37	49	38	76	39	66	
	0	13	1	69	2	42	3	90	4	110	5	78	6	88	7	74	8	13	9	101	10	87	11	31	12	41	13	32	14	16	15	28	16	113	17	93	18	54	19	40	20	92	21	80	22	46	23	78	24	44	25	94	26	40	27	91	28	107	29	75	30	34	31	51	32	91	33	98	34	110	35	24	36	102	37	53	38	78	39	60	
	0	29	1	74	2	44	3	98	4	98	5	86	6	84	7	77	8	27	9	107	10	94	11	29	12	44	13	16	14	21	15	39	16	117	17	85	18	63	19	34	20	87	21	67	22	46	23	70	24	33	25	102	26	45	27	99	28	111	29	79	30	40	31	51	32	108	33	96	34	103	35	28	36	85	37	41	38	68	39	52	
	0	32	1	66	2	30	3	86	4	108	5	76	6	86	7	76	8	17	9	99	10	86	11	18	12	46	13	29	14	5	15	36	16	102	17	87	18	62	19	39	20	85	21	68	22	35	23	65	24	43	25	104	26	31	27	87	28	117	29	89	30	33	31	46	32	105	33	102	34	95	35	22	36	90	37	44	38	87	39	67	
	0	21	1	72	2	34	3	99	4	111	5	88	6	81	7	78	8	17	9	92	10	86	11	25	12	40	13	23	14	9	15	40	16	120	17	89	18	61	19	40	20	97	21	74	22	49	23	79	24	39	25	93	26	37	27	97	28	116	29	78	30	36	31	60	32	90	33	91	34	109	35	21	36	96	37	52	38	70	39	59	
	0	25	1	71	2	30	3	81	4	101	5	73	6	87	7	77	8	15	9	93	10	103	11	17	12	56	13	33	14	8	15	39	16	105	17	85	18	53	19	25	20	97	21	73	22	41	23	64	24	34	25	105	26	31	27	86	28	113	29	87	30	22	31	48	32	100	33	95	34	93	35	24	36	84	37	57	38	83	39	56	
	0	27	1	67	2	39	3	87	4	102	5	85	6	94	7	87	8	32	9	97	10	89	11	18	12	55	13	23	14	19	15	28	16	105	17	94	18	62	19	43	20	89	21	71	22	40	23	76	24	35	25	107	26	32	27	90	28	106	29	81	30	32	31	50	32	94	33	84	34	101	35	19	36	98	37	44	38	77	39	57	
	0	20	1	76	2	30	3	93	4	96	5	85	6	86	7	76	8	21	9	108	10	89	11	28	12	42	13	32	14	9	15	36	16	107	17	97	18	57	19	25	20	97	21	76	22	37	23	65	24	47	25	91	26	42	27	98	28	105	29	71	30	24	31	45	32	100	33	96	34	103	35	11	36	84	37	46	38	79	39	52	
	0	23	1	77	2	44	3	80	4	111	5	80	6	95	7	78	8	20	9	99	10	90	11	15	12	49	13	22	14	9	15	27	16	115	17	87	18	61	19	41	20	89	21	84	22	43	23	67	24	33	25	106	26	42	27	93	28	106	29	86	30	41	31	51	32	107	33	87	34	100	35	21	36	94	37	44	38	83	39	56	
	0	19	1	71	2	30	3	90	4	98	5	74	6	87	7	86	8	17	9	106	10	90	11	26	12	44	13	27	14	20	15	23	16	107	17	85	18	60	19	29	20	95	21	83	22	43	23	62	24	43	25	107	26	29	27	95	28	110	29	72	30	28	31	50	32	99	33	100	34	110	35	12	36	94	37	46	38	80	39	62	
	0	24	1	72	2	42	3	93	4	105	5	79	6	94	7	81	8	22	9	108	10	94	11	27	12	38	13	16	14	23	15	24	16	101	17	88	18	57	19	34	20	99	21	86	22	40	23	65	24	47	25	99	26	43	27	87	28	113	29	75	30	23	31	49	32	94	33	99	34	91	35	11	36	93	37	49	38	86	39	66	
	0	27	1	71	2	32	3	87	4	98	5	89	6	91	7	80	8	25	9	98	10	84	11	24	12	56	13	25	14	7	15	39	16	113	17	87	18	62	19	31	20	86	21	71	22	50	23	72	24	30	25	97	26	36	27	87	28	116	29	84	30	28	31	50	32	106	33	83	34	95	35	15	36	96	37	55	38	81	39	50	
	0	32	1	62	2	38	3	93	4	111	5	76	6	84	7	69	8	24	9	110	10	88	11	22	12	49	13	27	14	22	15	35	16	104	17	87	18	46	19	36	20	84	21	71	22	36	23	71	24	43	25	107	26	30	27	86	28	104	29	74	30	39	31	60	32	94	33	97	34	101	35	20	36	92	37	39	38	69	39	51	
	0	18	1	58	2	38	3	90	4	112	5	88	6	88	7	71	8	30	9	102	10	96	11	21	12	40	13	35	14	18	15	40	16	103	17	94	18	49	19	29	20	93	21	80	22	38	23	78	24	43	25	104	26	45	27	91	28	113	29	82	30	35	31	44	32	96	33	94	34	91	35	9	36	101	37	51	38	71	39	51	
	0	14	1	64	2	39	3	87	4	111	5	76	6	99	7	70	8	21	9	98	10	102	11	22	12	49	13	20	14	12	15	27	16	115	17	88	18	55	19	27	20	89	21	68	22	43	23	78	24	39	25	97	26	28	27	101	28	113	29	80	30	22	31	45	32	92	33	84	34	93	35	25	36	92	37	42	38	68	39	55	
	0	18	1	59	2	40	3	99	4	113	5	84	6	91	7	73	8	20	9	103	10	96	11	17	12	50	13	20	14	14	15	34	16	105	17	100	18	59	19	30	20	86	21	80	22	38	23	64	24	48	25	105	26	39	27	91	28	101	29	84	30	26	31	41	32	97	33	95	34	102	35	28	36	85	37	45	38	77	39	68	
	0	18	1	72	2	33	3	99	4	111	5	90	6	96	7	79	8	18	9	104	10	89	11	19	12	48	13	34	14	9	15	24	16	116	17	81	18	46	19	43	20	101	21	67	22	35	23	74	24	38	25	106	26	30	27	91	28	116	29	80	30	40	31	59	32	92	33	85	34	104	35	9	36	85	37	42	38	79	39	52	
	0	22	1	73	2	43	3	92	4	114	5	71	6	80	7	82	8	32	9	110	10	84	11	21	12	45	13	27	14	7	15	32	16	112	17	97	18	58	19	41	20	90	21	69	22	46	23	77	24	35	25	104	26	28	27	87	28	103	29	85	30	28	31	48	32	100	33	87	34	104	35	13	36	92	37	54	38	76	39	52	
	0	19	1	58	2	29	3	94	4	110	5	87	6	89	7	74	8	30	9	105	10	86	11	28	12	56	13	32	14	15	15	24	16	119	17	93	18	53	19	39	20	99	21	69	22	53	23	62	24	33	25	96	26	28	27	96	28	98	29	75	30	34	31	43	32	99	33	99	34	99	35	14	36	92	37	45	38	77	39	61	
	0	27	1	65	2	28	3	92	4	107	5	72	6	95	7	76	8	17	9	93	10	91	11	14	12	41	13	34	14	21	15	31	16	102	17	89	18	47	19	41	20	93	21	71	22	34	23	68	24	43	25	107	26	33	27	90	28	109	29	71	30	37	31	53	32	101	33	100	34	91	35	23	36	99	37	39	38	86	39	55	
	0	19	1	63	2	35	3	83	4	103	5	84	6	99	7	75	8	23	9	109	10	84	11	17	12	54	13	18	14	18	15	39	16	114	17	91	18	54	19	26	20	98	21	82	22	42	23	77	24	33	25	94	26	29	27	94	28	100	29	75	30	37	31	60	32	105	33	98	34	104	35	28	36	87	37	47	38	80	39	60	
	0	31	1	60	2	35	3	98	4	99	5	79	6	95	7	80	8	16	9	91	10	93	11	24	12	56	13	26	14	14	15	40	16	101	17	96	18	61	19	25	20	90	21	79	22	43	23	75	24	41	25	90	26	39	27	94	28	98	29	84	30	25	31	60	32	107	33	89	34	98	35	18	36	102	37	43	38	78	39	69	
	0	23	1	75	2	41	3	93	4	107	5	82	6	91	7	68	8	27	9	98	10	99	11	14	12	54	13	35	14	10	15	41	16	112	17	87	18	53	19	39	20	89	21	83	22	48	23	70	24	44	25	95	26	29	27	93	28	117	29	75	30	28	31	50	32	99	33	99	34	98	35	12	36	89	37	56	38	80	39	68	
	0	30	1	66	2	31	3	86	4	113	5	73	6	93	7	80	8	24	9	110	10	99	11	28	12	48	13	28	14	9	15	25	16	105	17	89	18	59	19	26	20	84	21	80	22	39	23	68	24	30	25	102	26	30	27	101	28	102	29	81	30	38	31	57	32	105	33	83	34	104	35	24	36	101	37	58	38	80	39	53	
	0	29	1	76	2	40	3	80	4	103	5	76	6	85	7	68	8	20	9	98	10	101	11	31	12	53	13	29	14	10	15	40	16	113	17	93	18	45	19	33	20	84	21	67	22	50	23	65	24	43	25	106	26	36	27	104	28	106	29	85	30	32	31	56	32	97	33	95	34	99	35	11	36	91	37	56	38	69	39	53	
	0	30	1	76	2	37	3	87	4	105	5	85	6	86	7	84	8	27	9	97	10	100	11	21	12	55	13	23	14	6	15	28	16	116	17	85	18	60	19	42	20	83	21	72	22	43	23	75	24	41	25	106	26	26	27	96	28	108	29	81	30	27	31	57	32	105	33	99	34	100	35	13	36	98	37	45	38	71	39	60	
	0	17	1	66	2	30	3	82	4	110	5	72	6	87	7	86	8	20	9	98	10	91	11	15	12	53	13	25	14	16	15	39	16	120	17	86	18	55	19	36	20	89	21	81	22	43	23	64	24	40	25	90	26	33	27	88	28	102	29	85	30	33	31	47	32	100	33	90	34	91	35	15	36	97	37	40	38	87	39	58	
	0	31	1	70	2	29	3	89	4	103	5	71	6	85	7	72	8	28	9	105	10	92	11	27	12	46	13	20	14	6	15	31	16	110	17	85	18	46	19	42	20	89	21	72	22	52	23	62	24	47	25	97	26	29	27	99	28	103	29	84	30	29	31	56	32	97	33	97	34	101	35	20	36	89	37	56	38	87	39	63	
	0	25	1	63	2	39	3	95	4	102	5	73	6	83	7	84	8	16	9	104	10	102	11	26	12	50	13	33	14	5	15	35	16	102	17	94	18	59	19	38	20	100	21	84	22	37	23	64	24	42	25	89	26	42	27	100	28	117	29	77	30	40	31	45	32	97	33	89	34	108	35	15	36	86	37	58	38	72	39	69	
	0	28	1	76	2	32	3	84	4	111	5	88	6	99	7	70	8	23	9	92	10	87	11	30	12	39	13	19	14	4	15	36	16	110	17	88	18	58	19	34	20	99	21	74	22	48	23	66	24	33	25	107	26	35	27	93	28	116	29	84	30	24	31	47	32	94	33	86	34	91	35	10	36	100	37	51	38	78	39	69	
	0	22	1	58	2	33	3	95	4	95	5	79	6	89	7	69	8	23	9	106	10	96	11	14	12	40	13	17	14	6	15	27	16	116	17	87	18	45	19	28	20	94	21	82	22	52	23	74	24	38	25	93	26	28	27	103	28	103	29	79	30	29	31	54	32	101	33	99	34	97	35	14	36	92	37	54	38	80	39	62	
	0	15	1	58	2	36	3	80	4	107	5	80	6	94	7	83	8	18	9	95	10	102	11	18	12	44	13	31	14	18	15	40	16	111	17	90	18	46	19	41	20	92	21	76	22	44	23	79	24	40	25	93	26	34	27	90	28	115	29	89	30	31	31	48	32	92	33	87	34	108	35	28	36	90	37	46	38	73	39	52	
	0	31	1	66	2	35	3	95	4	96	5	81	6	82	7	78	8	21	9	108	10	102	11	14	12	43	13	31	14	14	15	23	16	118	17	93	18	44	19	28	20	93	21	69	22	37	23	78	24	39	25	97	26	28	27	98	28	100	29	81	30	25	31	55	32	98	33	98	34	108	35	14	36	103	37	56	38	78	39	57	
	0	20	1	76	2	34	3	81	4	113	5	90	6	88	7	69	8	31	9	92	10	96	11	14	12	57	13	26	14	4	15	38	16	108	17	85	18	62	19	34	20	98	21	76	22	45	23	68	24	29	25	95	26	44	27	87	28	109	29	88	30	35	31	49	32	107	33	96	34	97	35	11	36	93	37	53	38	76	39	56	
	0	27	1	75	2	45	3	83	4	97	5	83	6	90	7	76	8	21	9	93	10	102	11	30	12	45	13	29	14	19	15	25	16	119	17	96	18	60	19	40	20	97	21	77	22	47	23	69	24	44	25	105	26	36	27	96	28	115	29	75	30	22	31	51	32	108	33	95	34	96	35	25	36	87	37	55	38	74	39	56	
	0	13	1	61	2	39	3	88	4	108	5	83	6	91	7	80	8	28	9	94	10	101	11	17	12	56	13	26	14	11	15	36	16	119	17	100	18	49	19	28	20	87	21	70	22	53	23	65	24	29	25	94	26	27	27	93	28	115	29	81	30	32	31	51	32	104	33	91	34	98	35	10	36	87	37	58	38	87	39	65	
	0	19	1	73	2	28	3	87	4	97	5	71	6	87	7	78	8	29	9	95	10	101	11	15	12	54	13	35	14	23	15	35	16	104	17	90	18	49	19	39	20	86	21	76	22	47	23	71	24	46	25	98	26	38	27	104	28	105	29	88	30	23	31	41	32	93	33	89	34	92	35	16	36	100	37	42	38	85	39	65	
	0	16	1	65	2	36	3	89	4	96	5	82	6	82	7	73	8	31	9	99	10	84	11	18	12	51	13	34	14	11	15	40	16	118	17	92	18	63	19	39	20	98	21	78	22	46	23	70	24	45	25	93	26	43	27	94	28	116	29	72	30	25	31	53	32	103	33	89	34	101	35	12	36	102	37	58	38	83	39	61	
	0	17	1	63	2	26	3	96	4	114	5	76	6	80	7	84	8	22	9	104	10	91	11	26	12	42	13	21	14	8	15	41	16	104	17	100	18	50	19	26	20	88	21	69	22	43	23	71	24	31	25	90	26	29	27	90	28	117	29	73	30	32	31	55	32	91	33	97	34	101	35	22	36	96	37	58	38	70	39	58	
	0	29	1	62	2	38	3	96	4	97	5	87	6	95	7	74	8	21	9	103	10	102	11	14	12	51	13	19	14	16	15	27	16	115	17	91	18	44	19	31	20	102	21	71	22	44	23	77	24	42	25	100	26	41	27	99	28	110	29	87	30	25	31	53	32	92	33	100	34	95	35	25	36	87	37	58	38	86	39	69	
	0	28	1	65	2	38	3	86	4	110	5	77	6	98	7	79	8	25	9	102	10	88	11	19	12	44	13	24	14	16	15	25	16	105	17	84	18	50	19	41	20	93	21	73	22	34	23	76	24	31	25	89	26	42	27	97	28	114	29	83	30	25	31	46	32	94	33	90	34	92	35	9	36	92	37	46	38	68	39	61	
	0	16	1	61	2	29	3	82	4	112	5	90	6	85	7	87	8	32	9	107	10	91	11	19	12	38	13	23	14	14	15	27	16	111	17	81	18	46	19	41	20	99	21	86	22	41	23	71	24	32	25	106	26	32	27	100	28	109	29	79	30	22	31	55	32	94	33	90	34	105	35	14	36	93	37	50	38	84	39	57	
	0	14	1	63	2	33	3	82	4	98	5	76	6	86	7	82	8	18	9	101	10	87	11	27	12	46	13	18	14	11	15	40	16	113	17	87	18	51	19	34	20	90	21	86	22	36	23	68	24	46	25	97	26	33	27	89	28	109	29	86	30	32	31	58	32	96	33	93	34	110	35	11	36	97	37	44	38	70	39	57	
	0	25	1	63	2	45	3	89	4	113	5	74	6	98	7	85	8	23	9	110	10	91	11	13	12	50	13	32	14	20	15	34	16	113	17	81	18	52	19	39	20	89	21	79	22	49	23	62	24	45	25	88	26	30	27	95	28	108	29	87	30	36	31	47	32	94	33	85	34	91	35	19	36	85	37	51	38	77	39	66	
	0	31	1	64	2	33	3	90	4	107	5	79	6	81	7	82	8	13	9	109	10	86	11	31	12	53	13	26	14	13	15	35	16	102	17	99	18	55	19	31	20	98	21	75	22	49	23	62	24	39	25	95	26	43	27	90	28	103	29	85	30	23	31	53	32	107	33	97	34	106	35	13	36	86	37	54	38	71	39	50	
	0	19	1	70	2	44	3	99	4	112	5	81	6	95	7	71	8	15	9	94	10	90	11	20	12	43	13	22	14	9	15	30	16	116	17	88	18	53	19	36	20	92	21	69	22	49	23	68	24	45	25	98	26	32	27	105	28	113	29	74	30	37	31	49	32	102	33	99	34	100	35	28	36	101	37	41	38	83	39	57	
	0	32	1	63	2	36	3	93	4	97	5	89	6	84	7	81	8	30	9	101	10	99	11	14	12	48	13	26	14	5	15	25	16	119	17	82	18	45	19	26	20	86	21	67	22	51	23	69	24	46	25	95	26	26	27	96	28	117	29	86	30	22	31	53	32	98	33	88	34	106	35	14	36	95	37	51	38	83	39	67	
	0	28	1	65	2	42	3	94	4	95	5	85	6	94	7	84	8	23	9	95	10	94	11	29	12	50	13	35	14	11	15	27	16	117	17	92	18	54	19	40	20	87	21	83	22	50	23	72	24	44	25	106	26	33	27	103	28	98	29	81	30	39	31	60	32	100	33	97	34	105	35	22	36	98	37	58	38	75	39	67	
	0	16	1	70	2	26	3	81	4	114	5	85	6	85	7	78	8	31	9	110	10	103	11	31	12	55	13	34	14	16	15	40	16	116	17	87	18	57	19	37	20	86	21	70	22	37	23	78	24	41	25	101	26	27	27	90	28	105	29	90	30	33	31	60	32	89	33	87	34	99	35	25	36	103	37	44	38	74	39	63	
	0	26	1	66	2	40	3	91	4	112	5	74	6	89	7	79	8	14	9	92	10	101	11	17	12	39	13	25	14	11	15	32	16	118	17	89	18	61	19	41	20	84	21	77	22	51	23	72	24	33	25	93	26	37	27	97	28	104	29	83	30	33	31	42	32	99	33	102	34	106	35	23	36	96	37	39	38	81	39	64	
	0	27	1	70	2	38	3	88	4	108	5	90	6	93	7	74	8	23	9	97	10	86	11	16	12	39	13	30	14	16	15	30	16	108	17	92	18	55	19	35	20	88	21	77	22	49	23	75	24	47	25	106	26	30	27	93	28	98	29	89	30	39	31	49	32	103	33	99	34	106	35	28	36	87	37	52	38	71	39	56	
	0	29	1	76	2	38	3	93	4	99	5	89	6	87	7	70	8	27	9	108	10	98	11	28	12	53	13	25	14	13	15	41	16	117	17	84	18	49	19	25	20	85	21	80	22	39	23	64	24	41	25	98	26	39	27	88	28	106	29	79	30	22	31	57	32	102	33	87	34	94	35	27	36	93	37	57	38	87	39	57	
	0	32	1	60	2	39	3	80	4	110	5	84	6	91	7	75	8	23	9	97	10	97	11	31	12	54	13	29	14	6	15	37	16	103	17	85	18	52	19	31	20	101	21	74	22	35	23	78	24	32	25	105	26	45	27	86	28	104	29	89	30	31	31	49	32	102	33	86	34	91	35	18	36	98	37	56	38	83	39	52	
	0	15	1	63	2	44	3	82	4	96	5	81	6	93	7	70	8	26	9	99	10	99	11	31	12	44	13	21	14	5	15	37	16	107	17	86	18	47	19	44	20	97	21	78	22	40	23	65	24	33	25	101	26	45	27	97	28	110	29	79	30	33	31	57	32	105	33	98	34	95	35	25	36	84	37	39	38	74	39	51	
	0	18	1	71	2	33	3	97	4	100	5	76	6	95	7	78	8	19	9	104	10	103	11	15	12	55	13	28	14	14	15	33	16	120	17	90	18	63	19	34	20	98	21	73	22	46	23	75	24	38	25	94	26	44	27	96	28	102	29	90	30	31	31	59	32	90	33	85	34	103	35	15	36	95	37	48	38	78	39	51	
	0	20	1	63	2	44	3	90	4	114	5	72	6	83	7	79	8	29	9	105	10	96	11	31	12	45	13	29	14	21	15	41	16	108	17	88	18	56	19	37	20	84	21	69	22	38	23	77	24	34	25	96	26	37	27	100	28	99	29	85	30	28	31	55	32	105	33	97	34	95	35	11	36	91	37	43	38	71	39	53	
	0	14	1	59	2	35	3	89	4	100	5	85	6	80	7	79	8	16	9	106	10	95	11	20	12	46	13	29	14	14	15	38	16	108	17	98	18	46	19	29	20	102	21	81	22	39	23	65	24	45	25	95	26	45	27	94	28	101	29	82	30	25	31	48	32	98	33	83	34	92	35	15	36	93	37	48	38	76	39	58	
	0	31	1	66	2	32	3	92	4	108	5	80	6	90	7	84	8	30	9	102	10	91	11	16	12	53	13	18	14	10	15	32	16	101	17	89	18	51	19	32	20	93	21	76	22	38	23	77	24	37	25	89	26	41	27	96	28	112	29	78	30	24	31	43	32	98	33	95	34	105	35	14	36	100	37	47	38	69	39	61	
	0	30	1	62	2	34	3	86	4	98	5	89	6	98	7	83	8	16	9	100	10	98	11	20	12	45	13	34	14	20	15	33	16	119	17	93	18	51	19	44	20	85	21	74	22	51	23	68	24	47	25	101	26	40	27	100	28	106	29	88	30	34	31	59	32	94	33	88	34	92	35	25	36	94	37	46	38	80	39	55	
	0	16	1	74	2	27	3	82	4	104	5	74	6	90	7	68	8	27	9	106	10	102	11	27	12	40	13	30	14	11	15	41	16	107	17	100	18	53	19	38	20	84	21	75	22	42	23	72	24	36	25	98	26	31	27	87	28	117	29	79	30	34	31	49	32	94	33	93	34	99	35	17	36	89	37	49	38	87	39	63	
	0	19	1	75	2	44	3	84	4	108	5	71	6	82	7	72	8	13	9	91	10	103	11	24	12	52	13	34	14	19	15	29	16	112	17	85	18	63	19	33	20	86	21	76	22	37	23	76	24	47	25	101	26	30	27	99	28	115	29	75	30	28	31	50	32	107	33	93	34	108	35	22	36	100	37	58	38	83	39	69	
	0	32	1	62	2	43	3	82	4	104	5	71	6	87	7	74	8	13	9	106	10	97	11	23	12	53	13	21	14	23	15	34	16	115	17	85	18	45	19	28	20	87	21	86	22	36	23	81	24	38	25	88	26	43	27	90	28	108	29	87	30	34	31	50	32	89	33	90	34	104	35	27	36	98	37	42	38	85	39	69	
	0	17	1	64	2	27	3	87	4	102	5	89	6	82	7	84	8	30	9	94	10	94	11	26	12	46	13	23	14	19	15	22	16	110	17	81	18	61	19	42	20	102	21	80	22	48	23	81	24	31	25	105	26	29	27	87	28	105	29	71	30	22	31	49	32	90	33	84	34	101	35	26	36	97	37	47	38	80	39	55	
	0	17	1	76	2	41	3	84	4	96	5	75	6	97	7	75	8	32	9	103	10	86	11	24	12	38	13	29	14	22	15	35	16	120	17	91	18	50	19	33	20	94	21	71	22	38	23	69	24	43	25	88	26	44	27	96	28	107	29	82	30	36	31	46	32	93	33	91	34	96	35	17	36	88	37	48	38	82	39	65	
	0	13	1	73	2	40	3	82	4	106	5	75	6	92	7	73	8	14	9	109	10	100	11	30	12	48	13	21	14	10	15	38	16	102	17	97	18	57	19	33	20	88	21	86	22	45	23	68	24	35	25	89	26	43	27	102	28	115	29	89	30	32	31	51	32	101	33	99	34	105	35	9	36	98	37	58	38	76	39	58	
	0	31	1	73	2	38	3	82	4	95	5	85	6	84	7	82	8	22	9	103	10	102	11	29	12	53	13	32	14	12	15	31	16	117	17	86	18	61	19	41	20	86	21	69	22	53	23	80	24	37	25	94	26	28	27	88	28	101	29	80	30	22	31	52	32	91	33	97	34	96	35	17	36	102	37	44	38	81	39	62	
	0	14	1	67	2	44	3	90	4	111	5	90	6	97	7	83	8	25	9	95	10	100	11	18	12	53	13	21	14	12	15	36	16	104	17	85	18	52	19	42	20	100	21	77	22	40	23	62	24	31	25	103	26	36	27	97	28	100	29	71	30	41	31	55	32	93	33	86	34	110	35	22	36	91	37	55	38	77	39	56	
	0	24	1	71	2	28	3	84	4	110	5	86	6	94	7	74	8	31	9	106	10	102	11	19	12	39	13	28	14	14	15	27	16	113	17	84	18	47	19	44	20	100	21	78	22	48	23	65	24	37	25	91	26	43	27	100	28	101	29	89	30	29	31	56	32	92	33	92	34	93	35	23	36	84	37	52	38	71	39	60	
	0	25	1	74	2	26	3	95	4	98	5	89	6	90	7	72	8	30	9	106	10	102	11	30	12	57	13	19	14	23	15	24	16	110	17	97	18	51	19	39	20	100	21	67	22	36	23	76	24	31	25	102	26	31	27	86	28	104	29	87	30	37	31	44	32	104	33	90	34	91	35	27	36	84	37	43	38	69	39	52	
	0	26	1	66	2	37	3	83	4	97	5	90	6	99	7	84	8	25	9	110	10	96	11	15	12	41	13	23	14	20	15	30	16	115	17	89	18	51	19	29	20	97	21	68	22	39	23	69	24	34	25	100	26	40	27	95	28	102	29	71	30	32	31	59	32	108	33	98	34	100	35	11	36	100	37	55	38	76	39	53	
	0	30	1	72	2	43	3	97	4	101	5	82	6	83	7	72	8	28	9	106	10	97	11	30	12	49	13	25	14	16	15	33	16	104	17	90	18	55	19	43	20	92	21	69	22	38	23	69	24	48	25	106	26	31	27	101	28	98	29	85	30	28	31	41	32	94	33	87	34	105	35	24	36	86	37	56	38	86	39	65	
	0	14	1	68	2	28	3	81	4	112	5	89	6	84	7	87	8	32	9	91	10	103	11	15	12	49	13	23	14	21	15	29	16	118	17	100	18	57	19	36	20	92	21	72	22	51	23	68	24	44	25	99	26	42	27	105	28	104	29	88	30	25	31	51	32	89	33	93	34	110	35	28	36	93	37	48	38	78	39	61	
	0	25	1	59	2	34	3	83	4	102	5	86	6	94	7	77	8	22	9	105	10	99	11	21	12	51	13	20	14	14	15	40	16	113	17	97	18	61	19	30	20	99	21	73	22	53	23	63	24	43	25	106	26	34	27	98	28	113	29	87	30	33	31	41	32	93	33	95	34	100	35	10	36	102	37	53	38	86	39	55	
	0	26	1	59	2	41	3	81	4	110	5	73	6	90	7	80	8	18	9	96	10	86	11	16	12	41	13	19	14	9	15	23	16	101	17	82	18	60	19	26	20	93	21	68	22	53	23	78	24	32	25	104	26	31	27	104	28	98	29	90	30	34	31	58	32	90	33	92	34	97	35	14	36	87	37	51	38	76	39	56	
	0	31	1	74	2	33	3	81	4	106	5	75	6	80	7	84	8	23	9	92	10	87	11	27	12	50	13	24	14	11	15	41	16	101	17	89	18	58	19	39	20	96	21	85	22	44	23	79	24	46	25	93	26	43	27	96	28	99	29	87	30	31	31	54	32	104	33	95	34	107	35	26	36	96	37	57	38	73	39	69	
	0	26	1	71	2	28	3	81	4	106	5	72	6	93	7	85	8	16	9	96	10	96	11	21	12	42	13	34	14	18	15	33	16	107	17	95	18	49	19	44	20	92	21	82	22	46	23	64	24	30	25	96	26	45	27	104	28	101	29	74	30	22	31	45	32	106	33	97	34	108	35	26	36	102	37	53	38	82	39	68	
	0	17	1	75	2	42	3	95	4	103	5	85	6	92	7	73	8	23	9	97	10	98	11	20	12	38	13	17	14	23	15	28	16	113	17	90	18	59	19	44	20	87	21	85	22	42	23	67	24	30	25	90	26	44	27	98	28	114	29	79	30	40	31	45	32	92	33	86	34	108	35	18	36	85	37	53	38	68	39	53	
	0	15	1	59	2	30	3	99	4	109	5	87	6	84	7	71	8	23	9	94	10	85	11	27	12	45	13	27	14	12	15	26	16	118	17	93	18	52	19	33	20	99	21	81	22	36	23	73	24	38	25	91	26	42	27	89	28	111	29	81	30	32	31	42	32	107	33	100	34	101	35	10	36	98	37	57	38	78	39	64	
	0	22	1	72	2	27	3	88	4	99	5	79	6	97	7	83	8	31	9	107	10	94	11	28	12	53	13	22	14	23	15	24	16	120	17	82	18	44	19	40	20	98	21	84	22	35	23	77	24	31	25	90	26	34	27	95	28	100	29	84	30	40	31	56	32	103	33	91	34	101	35	23	36	85	37	57	38	69	39	50	
	0	20	1	68	2	43	3	84	4	113	5	88	6	87	7	70	8	21	9	93	10	101	11	26	12	46	13	21	14	19	15	25	16	120	17	83	18	60	19	43	20	90	21	69	22	50	23	62	24	40	25	88	26	43	27	89	28	99	29	83	30	29	31	58	32	92	33	100	34	103	35	15	36	99	37	46	38	68	39	68	
	0	19	1	72	2	32	3	98	4	102	5	75	6	84	7	74	8	14	9	103	10	103	11	24	12	43	13	33	14	7	15	39	16	113	17	85	18	60	19	29	20	85	21	72	22	39	23	67	24	39	25	91	26	40	27	96	28	101	29	76	30	30	31	53	32	91	33	97	34	99	35	20	36	99	37	44	38	76	39	68	
	0	25	1	65	2	44	3	94	4	110	5	79	6	91	7	69	8	27	9	93	10	97	11	15	12	38	13	32	14	16	15	27	16	111	17	88	18	49	19	31	20	93	21	72	22	38	23	65	24	47	25	106	26	39	27	101	28	100	29	78	30	27	31	48	32	97	33	86	34	107	35	9	36	92	37	57	38	75	39	53	
	0	14	1	75	2	43	3	97	4	102	5	81	6	97	7	80	8	24	9	95	10	91	11	24	12	40	13	25	14	13	15	35	16	111	17	95	18	58	19	39	20	92	21	75	22	35	23	80	24	44	25	96	26	41	27	103	28	109	29	81	30	36	31	56	32	98	33	101	34	96	35	14	36	97	37	50	38	80	39	61	
	0	27	1	64	2	43	3	85	4	103	5	72	6	91	7	72	8	27	9	94	10	89	11	19	12	41	13	24	14	15	15	37	16	110	17	98	18	44	19	43	20	97	21	69	22	40	23	69	24	35	25	98	26	42	27	89	28	105	29	76	30	39	31	41	32	99	33	84	34	94	35	27	36	86	37	56	38	74	39	67	
	0	26	1	62	2	30	3	83	4	95	5	72	6	81	7	84	8	25	9	104	10	89	11	23	12	48	13	30	14	10	15	31	16	110	17	90	18	59	19	36	20	99	21	72	22	41	23	74	24	48	25	90	26	43	27	98	28	108	29	73	30	31	31	49	32	96	33	90	34	92	35	26	36	90	37	49	38	77	39	68	
	0	31	1	63	2	26	3	99	4	113	5	81	6	82	7	70	8	26	9	110	10	103	11	31	12	44	13	34	14	9	15	28	16	120	17	99	18	60	19	29	20	90	21	69	22	49	23	74	24	31	25	92	26	43	27	98	28	103	29	71	30	24	31	46	32	91	33	88	34	105	35	9	36	97	37	53	38	73	39	66	
	0	17	1	63	2	40	3	92	4	106	5	72	6	99	7	80	8	16	9	103	10	91	11	20	12	49	13	27	14	7	15	39	16	119	17	98	18	62	19	26	20	94	21	79	22	39	23	81	24	43	25	104	26	29	27	100	28	111	29	87	30	34	31	56	32	102	33	100	34	92	35	17	36	98	37	41	38	76	39	59	
	0	13	1	75	2	37	3	89	4	109	5	74	6	81	7	79	8	13	9	100	10	94	11	15	12	48	13	18	14	21	15	22	16	115	17	84	18	44	19	34	20	94	21	80	22	37	23	72	24	43	25	95	26	33	27	86	28	112	29	83	30	32	31	53	32	92	33	93	34	99	35	14	36	90	37	58	38	85	39	69	
	0	24	1	73	2	44	3	94	4	111	5	83	6	98	7	73	8	27	9	96	10	88	11	26	12	41	13	17	14	10	15	32	16	109	17	88	18	48	19	31	20	89	21	83	22	45	23	73	24	32	25	107	26	29	27	88	28	113	29	83	30	33	31	59	32	108	33	90	34	109	35	20	36	84	37	55	38	70	39	66	
	0	31	1	66	2	38	3	82	4	101	5	82	6	93	7	74	8	20	9	102	10	87	11	24	12	41	13	33	14	21	15	38	16	114	17	97	18	48	19	33	20	87	21	84	22	48	23	70	24	39	25	94	26	42	27	104	28	115	29	88	30	25	31	53	32	106	33	96	34	102	35	19	36	87	37	39	38	72	39	62	
	0	20	1	76	2	37	3	86	4	103	5	83	6	96	7	87	8	18	9	109	10	101	11	31	12	43	13	33	14	21	15	35	16	117	17	87	18	53	19	38	20	96	21	86	22	53	23	70	24	29	25	104	26	35	27	99	28	99	29	75	30	27	31	45	32	93	33	95	34	93	35	18	36	100	37	52	38	82	39	59	
	0	14	1	72	2	39	3	90	4	101	5	80	6	88	7	72	8	29	9	98	10	96	11	24	12	39	13	16	14	7	15	33	16	111	17	81	18	62	19	25	20	88	21	68	22	36	23	64	24	45	25	101	26	31	27	91	28	109	29	76	30	35	31	54	32	96	33	97	34	104	35	10	36	98	37	53	38	80	39	65	
	0	15	1	62	2	44	3	95	4	100	5	86	6	82	7	85	8	13	9	98	10	92	11	26	12	38	13	16	14	14	15	29	16	110	17	81	18	45	19	37	20	87	21	84	22	52	23	74	24	33	25	96	26	45	27	96	28	103	29	80	30	31	31	42	32	108	33	95	34	108	35	12	36	89	37	47	38	75	39	51	
	0	14	1	63	2	32	3	90	4	96	5	73	6	94	7	68	8	25	9	107	10	97	11	30	12	48	13	34	14	7	15	24	16	112	17	95	18	48	19	41	20	94	21	83	22	35	23	72	24	36	25	98	26	32	27	99	28	103	29	88	30	27	31	57	32	93	33	93	34	98	35	27	36	99	37	51	38	76	39	59	
	0	30	1	73	2	28	3	90	4	108	5	79	6	99	7	71	8	14	9	96	10	89	11	26	12	54	13	26	14	6	15	33	16	115	17	86	18	60	19	33	20	90	21	78	22	50	23	67	24	45	25	97	26	30	27	94	28	109	29	81	30	27	31	45	32	89	33	85	34	93	35	26	36	89	37	52	38	81	39	57	
	0	19	1	58	2	28	3	93	4	103	5	71	6	85	7	80	8	15	9	96	10	89	11	31	12	43	13	24	14	16	15	41	16	119	17	81	18	58	19	32	20	91	21	71	22	38	23	70	24	41	25	94	26	30	27	94	28	108	29	83	30	36	31	52	32	97	33	95	34	98	35	27	36	89	37	54	38	76	39	56	
	0	26	1	61	2	32	3	90	4	98	5	84	6	94	7	83	8	32	9	100	10	92	11	20	12	53	13	34	14	4	15	33	16	102	17	99	18	51	19	36	20	88	21	86	22	34	23	76	24	45	25	101	26	44	27	99	28	105	29	71	30	26	31	50	32	98	33	102	34	109	35	17	36	103	37	56	38	79	39	52	
	0	30	1	66	2	45	3	89	4	95	5	72	6	86	7	82	8	14	9	98	10	92	11	26	12	56	13	34	14	16	15	32	16	115	17	87	18	58	19	31	20	93	21	67	22	49	23	63	24	39	25	98	26	38	27	93	28	102	29	86	30	26	31	57	32	95	33	97	34	103	35	24	36	90	37	54	38	73	39	59	
	0	22	1	74	2	32	3	82	4	99	5	86	6	94	7	73	8	24	9	106	10	100	11	24	12	52	13	16	14	15	15	36	16	106	17	90	18	59	19	27	20	102	21	74	22	40	23	76	24	35	25	91	26	36	27	98	28	114	29	73	30	24	31	46	32	92	33	91	34	109	35	17	36	102	37	44	38	69	39	51	
	0	22	1	62	2	26	3	89	4	104	5	78	6	80	7	85	8	21	9	103	10	84	11	28	12	41	13	33	14	20	15	28	16	110	17	85	18	51	19	44	20	92	21	72	22	52	23	73	24	41	25	103	26	38	27	95	28	114	29	89	30	35	31	47	32	99	33	89	34	92	35	18	36	86	37	42	38	77	39	69	
	0	21	1	62	2	33	3	94	4	96	5	76	6	90	7	77	8	30	9	109	10	99	11	17	12	52	13	21	14	5	15	37	16	120	17	81	18	44	19	38	20	99	21	85	22	52	23	76	24	30	25	88	26	39	27	94	28	114	29	87	30	31	31	47	32	102	33	91	34	110	35	9	36	98	37	45	38	78	39	50	
	0	14	1	63	2	44	3	84	4	114	5	87	6	93	7	78	8	20	9	105	10	85	11	23	12	52	13	29	14	11	15	32	16	108	17	83	18	51	19	31	20	95	21	80	22	38	23	65	24	32	25	105	26	35	27	90	28	112	29	77	30	40	31	47	32	100	33	86	34	101	35	20	36	100	37	43	38	70	39	64	
	0	25	1	59	2	45	3	89	4	106	5	77	6	96	7	74	8	13	9	94	10	89	11	31	12	56	13	18	14	19	15	33	16	119	17	87	18	63	19	34	20	92	21	71	22	45	23	77	24	30	25	95	26	40	27	103	28	104	29	79	30	25	31	49	32	91	33	87	34	95	35	14	36	103	37	50	38	84	39	55	
	0	32	1	74	2	38	3	83	4	99	5	76	6	99	7	74	8	16	9	101	10	100	11	19	12	51	13	22	14	5	15	38	16	103	17	96	18	50	19	29	20	100	21	77	22	52	23	72	24	30	25	102	26	33	27	92	28	105	29	80	30	35	31	46	32	107	33	94	34	92	35	20	36	90	37	39	38	84	39	58	
	0	18	1	70	2	30	3	81	4	113	5	79	6	88	7	80	8	24	9	98	10	84	11	15	12	52	13	33	14	17	15	25	16	102	17	89	18	48	19	26	20	83	21	78	22	39	23	77	24	38	25	91	26	30	27	93	28	107	29	83	30	33	31	56	32	96	33	90	34	106	35	26	36	100	37	44	38	69	39	58	
	0	28	1	69	2	42	3	95	4	111	5	82	6	90	7	72	8	21	9	99	10	95	11	25	12	44	13	29	14	16	15	37	16	102	17	82	18	57	19	40	20	99	21	72	22	35	23	63	24	45	25	96	26	35	27	89	28	106	29	88	30	25	31	44	32	99	33	98	34	106	35	9	36	92	37	51	38	71	39	61	
	0	15	1	69	2	40	3	83	4	113	5	89	6	84	7	71	8	19	9	108	10	103	11	14	12	55	13	29	14	7	15	29	16	106	17	97	18	44	19	32	20	90	21	82	22	41	23	76	24	43	25	101	26	35	27	101	28	111	29	81	30	31	31	47	32	95	33	90	34	109	35	20	36	99	37	57	38	71	39	66	
	0	14	1	65	2	28	3	91	4	113	5	79	6	93	7	83	8	14	9	96	10	92	11	20	12	49	13	34	14	4	15	35	16	109	17	92	18	54	19	41	20	86	21	77	22	53	23	64	24	33	25	88	26	28	27	91	28	102	29	82	30	35	31	53	32	108	33	102	34	98	35	26	36	94	37	48	38	78	39	66	
	0	16	1	74	2	39	3	94	4	103	5	89	6	88	7	80	8	22	9	99	10	88	11	24	12	41	13	32	14	16	15	32	16	110	17	100	18	59	19	40	20	95	21	83	22	47	23	76	24	40	25	97	26	45	27	101	28	116	29	82	30	37	31	55	32	97	33	102	34	95	35	20	36	84	37	57	38	79	39	54	
	0	27	1	76	2	43	3	83	4	105	5	78	6	83	7	75	8	24	9	108	10	84	11	19	12	38	13	18	14	14	15	30	16	106	17	84	18	56	19	43	20	94	21	84	22	48	23	80	24	46	25	91	26	43	27	96	28	113	29	77	30	25	31	49	32	107	33	90	34	101	35	11	36	84	37	45	38	78	39	54	
	0	23	1	71	2	32	3	88	4	101	5	82	6	93	7	85	8	32	9	94	10	86	11	16	12	54	13	25	14	4	15	27	16	110	17	98	18	63	19	40	20	95	21	77	22	41	23	62	24	46	25	104	26	32	27	90	28	101	29	75	30	37	31	50	32	108	33	93	34	104	35	25	36	86	37	41	38	74	39	64	
	0	17	1	70	2	37	3	93	4	95	5	77	6	86	7	71	8	25	9	102	10	93	11	30	12	52	13	26	14	14	15	23	16	103	17	98	18	44	19	43	20	87	21	68	22	39	23	68	24	33	25	99	26	31	27	97	28	98	29	90	30	32	31	53	32	98	33	89	34	98	35	19	36	92	37	39	38	75	39	65	
	0	30	1	64	2	40	3	86	4	96	5	77	6	89	7	84	8	31	9	101	10	90	11	17	12	46	13	30	14	21	15	24	16	101	17	89	18	54	19	25	20	91	21	69	22	41	23	79	24	41	25	102	26	38	27	92	28	113	29	83	30	22	31	43	32	105	33	89	34	105	35	10	36	95	37	42	38	84	39	55	
	0	13	1	77	2	45	3	90	4	109	5	85	6	94	7	84	8	19	9	95	10	88	11	29	12	42	13	26	14	15	15	31	16	120	17	85	18	56	19	35	20	88	21	74	22	40	23	72	24	35	25	91	26	31	27	89	28	111	29	88	30	35	31	49	32	108	33	102	34	102	35	10	36	89	37	40	38	70	39	63	
	0	14	1	73	2	39	3	97	4	109	5	76	6	92	7	72	8	22	9	95	10	96	11	29	12	47	13	29	14	19	15	39	16	112	17	93	18	54	19	34	20	90	21	79	22	38	23	69	24	40	25	95	26	42	27	92	28	107	29	88	30	31	31	47	32	98	33	99	34	105	35	19	36	84	37	56	38	77	39	60	
	0	17	1	71	2	39	3	85	4	101	5	73	6	92	7	85	8	20	9	103	10	100	11	14	12	57	13	22	14	7	15	29	16	113	17	92	18	58	19	25	20	89	21	74	22	52	23	64	24	35	25	107	26	42	27	87	28	114	29	75	30	40	31	43	32	92	33	102	34	101	35	10	36	102	37	55	38	69	39	56	
	0	22	1	65	2	26	3	83	4	113	5	83	6	95	7	85	8	29	9	97	10	89	11	22	12	45	13	35	14	10	15	27	16	105	17	90	18	50	19	28	20	93	21	72	22	40	23	76	24	35	25	102	26	30	27	92	28	105	29	85	30	24	31	41	32	98	33	92	34	107	35	23	36	84	37	46	38	78	39	60	
	0	28	1	69	2	44	3	93	4	112	5	75	6	98	7	87	8	32	9	98	10	84	11	17	12	51	13	22	14	13	15	33	16	119	17	95	18	60	19	30	20	98	21	71	22	44	23	70	24	37	25	96	26	36	27	87	28	111	29	80	30	37	31	59	32	93	33	92	34	107	35	17	36	92	37	41	38	75	39	62	
	0	29	1	70	2	27	3	84	4	100	5	83	6	83	7	83	8	30	9	110	10	84	11	23	12	57	13	26	14	21	15	26	16	108	17	93	18	44	19	41	20	100	21	78	22	42	23	78	24	32	25	89	26	33	27	93	28	108	29	88	30	31	31	60	32	94	33	94	34	96	35	28	36	97	37	45	38	86	39	59	
	0	28	1	77	2	44	3	88	4	109	5	76	6	90	7	79	8	17	9	106	10	98	11	20	12	42	13	32	14	5	15	25	16	107	17	96	18	55	19	36	20	100	21	67	22	38	23	74	24	39	25	91	26	40	27	95	28	114	29	75	30	39	31	50	32	97	33	88	34	96	35	13	36	99	37	41	38	83	39	61	
	0	16	1	63	2	32	3	83	4	96	5	76	6	80	7	73	8	25	9	102	10	98	11	17	12	56	13	24	14	10	15	29	16	115	17	100	18	51	19	43	20	96	21	85	22	51	23	70	24	44	25	102	26	34	27	88	28	98	29	74	30	39	31	55	32	100	33	89	34	92	35	24	36	89	37	43	38	75	39	52	
	0	13	1	67	2	31	3	81	4	107	5	74	6	85	7	85	8	29	9	92	10	91	11	23	12	48	13	23	14	22	15	39	16	120	17	97	18	57	19	41	20	84	21	84	22	46	23	71	24	39	25	103	26	29	27	88	28	104	29	80	30	31	31	52	32	97	33	95	34	93	35	25	36	84	37	53	38	69	39	65	
	0	15	1	65	2	32	3	87	4	101	5	90	6	84	7	81	8	18	9	101	10	85	11	23	12	43	13	18	14	16	15	29	16	110	17	98	18	52	19	27	20	102	21	72	22	41	23	72	24	48	25	105	26	32	27	86	28	112	29	78	30	35	31	57	32	89	33	89	34	91	35	9	36	84	37	43	38	80	39	58	
	0	13	1	58	2	43	3	91	4	106	5	78	6	97	7	77	8	32	9	95	10	86	11	26	12	39	13	35	14	9	15	27	16	101	17	83	18	44	19	41	20	101	21	82	22	53	23	67	24	47	25	99	26	26	27	94	28	109	29	80	30	33	31	55	32	92	33	96	34	109	35	19	36	85	37	40	38	84	39	51	
	0	13	1	67	2	32	3	89	4	106	5	78	6	88	7	79	8	24	9	96	10	93	11	28	12	43	13	33	14	17	15	23	16	120	17	93	18	48	19	30	20	93	21	86	22	48	23	72	24	48	25	100	26	34	27	91	28	101	29	90	30	40	31	46	32	94	33	91	34	107	35	28	36	88	37	45	38	77	39	53	
	0	25	1	65	2	39	3	95	4	100	5	90	6	86	7	87	8	28	9	95	10	100	11	24	12	52	13	19	14	8	15	32	16	119	17	92	18	51	19	25	20	94	21	85	22	44	23	80	24	38	25	97	26	41	27	92	28	98	29	87	30	32	31	58	32	107	33	99	34	97	35	12	36	88	37	43	38	87	39	59	
	0	20	1	64	2	42	3	88	4	95	5	84	6	86	7	76	8	22	9	95	10	97	11	26	12	42	13	33	14	15	15	41	16	115	17	82	18	57	19	44	20	90	21	86	22	44	23	77	24	35	25	104	26	42	27	98	28	117	29	85	30	27	31	45	32	105	33	83	34	106	35	16	36	94	37	51	38	75	39	69	
	0	20	1	64	2	41	3	99	4	101	5	87	6	89	7	87	8	30	9	110	10	103	11	17	12	38	13	20	14	22	15	28	16	112	17	93	18	54	19	34	20	85	21	86	22	44	23	75	24	38	25	99	26	41	27	104	28	103	29	82	30	36	31	54	32	98	33	94	34	98	35	22	36	88	37	40	38	70	39	68	
	0	17	1	70	2	40	3	95	4	113	5	81	6	96	7	74	8	29	9	93	10	92	11	12	12	42	13	32	14	15	15	22	16	119	17	89	18	59	19	39	20	98	21	74	22	46	23	69	24	48	25	93	26	36	27	103	28	105	29	71	30	39	31	60	32	102	33	93	34	106	35	23	36	84	37	50	38	85	39	65	
	0	28	1	65	2	29	3	93	4	98	5	86	6	86	7	80	8	23	9	97	10	96	11	15	12	43	13	25	14	15	15	32	16	120	17	94	18	50	19	30	20	85	21	86	22	38	23	68	24	33	25	89	26	32	27	88	28	109	29	90	30	40	31	56	32	103	33	95	34	102	35	17	36	96	37	52	38	84	39	54	
	0	29	1	64	2	33	3	84	4	101	5	88	6	84	7	76	8	21	9	101	10	98	11	21	12	38	13	25	14	21	15	33	16	115	17	93	18	49	19	27	20	85	21	86	22	47	23	81	24	32	25	97	26	40	27	100	28	102	29	78	30	36	31	43	32	108	33	100	34	109	35	25	36	86	37	39	38	83	39	67	
	0	17	1	61	2	40	3	96	4	103	5	90	6	85	7	86	8	18	9	110	10	88	11	18	12	48	13	18	14	11	15	40	16	116	17	97	18	45	19	27	20	102	21	78	22	40	23	64	24	31	25	91	26	32	27	98	28	99	29	72	30	27	31	54	32	92	33	83	34	104	35	22	36	89	37	50	38	71	39	52	