200 40 1
40
	0	60	1	43	2	77	3	35	4	52	5	19	6	30	7	70	8	65	9	105	10	72	11	18	12	51	13	13	14	58	15	8	16	99	17	108	18	71	19	26	20	38	21	90	22	27	23	67	24	63	25	40	26	76	27	22	28	76	29	93	30	15	31	88	32	28	33	10	34	23	35	29	36	29	37	97	38	59	39	46	
	0	70	1	41	2	94	3	33	4	51	5	13	6	35	7	86	8	65	9	106	10	60	11	17	12	45	13	22	14	50	15	10	16	94	17	101	18	68	19	37	20	35	21	87	22	24	23	62	24	57	25	39	26	81	27	37	28	82	29	87	30	22	31	88	32	24	33	15	34	23	35	23	36	25	37	103	38	76	39	56	
	0	73	1	41	2	79	3	30	4	53	5	19	6	44	7	74	8	71	9	113	10	75	11	26	12	62	13	32	14	61	15	19	16	100	17	113	18	66	19	27	20	34	21	87	22	33	23	68	24	62	25	33	26	73	27	31	28	81	29	99	30	18	31	89	32	32	33	25	34	6	35	29	36	16	37	100	38	73	39	55	
	0	64	1	42	2	82	3	35	4	66	5	27	6	28	7	81	8	71	9	119	10	62	11	13	12	56	13	14	14	65	15	11	16	100	17	99	18	63	19	28	20	43	21	84	22	39	23	66	24	55	25	36	26	65	27	19	28	75	29	83	30	11	31	87	32	20	33	10	34	20	35	36	36	29	37	99	38	70	39	49	
	0	66	1	43	2	77	3	28	4	65	5	13	6	29	7	85	8	70	9	111	10	73	11	17	12	54	13	16	14	66	15	12	16	91	17	101	18	68	19	44	20	47	21	86	22	31	23	68	24	66	25	42	26	72	27	32	28	63	29	87	30	7	31	88	32	15	33	21	34	10	35	25	36	24	37	106	38	71	39	55	
	0	61	1	45	2	94	3	17	4	48	5	9	6	41	7	70	8	73	9	115	10	76	11	15	12	48	13	28	14	57	15	18	16	87	17	101	18	65	19	29	20	45	21	87	22	32	23	60	24	73	25	32	26	71	27	25	28	77	29	89	30	14	31	93	32	21	33	12	34	10	35	22	36	29	37	94	38	63	39	51	
	0	58	1	44	2	85	3	33	4	60	5	11	6	39	7	70	8	59	9	108	10	66	11	12	12	59	13	15	14	54	15	8	16	83	17	103	18	80	19	41	20	50	21	90	22	32	23	68	24	57	25	39	26	71	27	37	28	77	29	87	30	12	31	100	32	33	33	22	34	22	35	30	36	30	37	100	38	72	39	46	
	0	54	1	54	2	84	3	22	4	50	5	10	6	36	7	77	8	69	9	110	10	69	11	23	12	57	13	21	14	57	15	7	16	90	17	108	18	69	19	29	20	34	21	95	22	36	23	54	24	56	25	34	26	71	27	37	28	74	29	93	30	20	31	101	32	25	33	14	34	14	35	23	36	16	37	105	38	76	39	59	
	0	64	1	49	2	88	3	20	4	52	5	9	6	29	7	75	8	75	9	106	10	58	11	22	12	60	13	29	14	61	15	19	16	100	17	117	18	66	19	29	20	35	21	91	22	31	23	65	24	66	25	28	26	78	27	28	28	67	29	91	30	25	31	84	32	30	33	27	34	22	35	29	36	26	37	98	38	72	39	53	
	0	68	1	42	2	91	3	32	4	54	5	24	6	41	7	81	8	65	9	110	10	58	11	18	12	53	13	21	14	55	15	22	16	95	17	116	18	79	19	42	20	40	21	76	22	30	23	66	24	62	25	29	26	70	27	29	28	66	29	96	30	14	31	88	32	27	33	12	34	19	35	24	36	29	37	101	38	76	39	62	
	0	59	1	42	2	78	3	30	4	65	5	23	6	28	7	74	8	75	9	113	10	76	11	16	12	50	13	15	14	68	15	13	16	90	17	108	18	69	19	32	20	32	21	88	22	28	23	54	24	65	25	43	26	66	27	37	28	80	29	92	30	23	31	86	32	17	33	10	34	10	35	29	36	30	37	95	38	58	39	61	
	0	55	1	45	2	89	3	22	4	50	5	12	6	44	7	87	8	71	9	105	10	65	11	26	12	50	13	14	14	64	15	14	16	89	17	110	18	67	19	43	20	47	21	95	22	31	23	61	24	71	25	40	26	79	27	31	28	64	29	84	30	7	31	99	32	19	33	27	34	14	35	37	36	17	37	102	38	75	39	58	
	0	68	1	54	2	91	3	21	4	50	5	27	6	31	7	71	8	70	9	102	10	62	11	16	12	49	13	20	14	68	15	15	16	89	17	103	18	75	19	27	20	37	21	88	22	36	23	51	24	63	25	36	26	80	27	34	28	78	29	85	30	12	31	93	32	20	33	21	34	22	35	23	36	21	37	103	38	72	39	53	
	0	62	1	56	2	78	3	18	4	62	5	21	6	25	7	72	8	77	9	108	10	73	11	23	12	46	13	26	14	63	15	26	16	99	17	109	18	79	19	30	20	46	21	89	22	25	23	69	24	59	25	44	26	81	27	36	28	74	29	84	30	19	31	101	32	18	33	17	34	9	35	41	36	16	37	93	38	64	39	45	
	0	54	1	58	2	85	3	36	4	56	5	20	6	36	7	80	8	58	9	118	10	70	11	12	12	45	13	16	14	58	15	17	16	95	17	100	18	79	19	40	20	33	21	92	22	37	23	61	24	62	25	28	26	74	27	25	28	82	29	87	30	12	31	98	32	30	33	26	34	21	35	27	36	13	37	98	38	71	39	45	
	0	55	1	53	2	84	3	17	4	59	5	15	6	30	7	77	8	65	9	119	10	76	11	10	12	55	13	25	14	59	15	18	16	89	17	112	18	67	19	37	20	44	21	92	22	30	23	69	24	66	25	32	26	75	27	36	28	64	29	94	30	25	31	88	32	25	33	10	34	14	35	40	36	15	37	93	38	62	39	61	
	0	65	1	56	2	90	3	19	4	48	5	8	6	26	7	75	8	68	9	114	10	61	11	13	12	56	13	19	14	62	15	25	16	86	17	106	18	63	19	42	20	37	21	94	22	38	23	62	24	62	25	36	26	75	27	35	28	70	29	91	30	23	31	89	32	30	33	24	34	10	35	22	36	27	37	88	38	74	39	53	
	0	64	1	40	2	87	3	21	4	51	5	25	6	38	7	73	8	65	9	117	10	69	11	23	12	61	13	31	14	58	15	9	16	88	17	106	18	66	19	41	20	41	21	91	22	42	23	60	24	59	25	25	26	72	27	25	28	81	29	87	30	20	31	92	32	17	33	26	34	22	35	24	36	15	37	102	38	74	39	52	
	0	65	1	54	2	88	3	31	4	60	5	24	6	31	7	81	8	62	9	113	10	67	11	26	12	49	13	13	14	55	15	14	16	82	17	114	18	70	19	32	20	41	21	95	22	25	23	55	24	55	25	32	26	73	27	25	28	76	29	94	30	18	31	97	32	28	33	22	34	16	35	37	36	21	37	102	38	74	39	48	
	0	70	1	53	2	91	3	19	4	57	5	9	6	39	7	87	8	76	9	101	10	57	11	21	12	45	13	22	14	53	15	10	16	91	17	98	18	79	19	26	20	37	21	92	22	41	23	62	24	61	25	29	26	72	27	34	28	78	29	99	30	7	31	84	32	19	33	17	34	10	35	30	36	26	37	102	38	70	39	55	
	0	65	1	50	2	88	3	35	4	50	5	8	6	31	7	81	8	69	9	115	10	64	11	9	12	55	13	26	14	55	15	10	16	92	17	98	18	74	19	39	20	44	21	94	22	30	23	62	24	61	25	26	26	74	27	20	28	74	29	95	30	17	31	90	32	30	33	10	34	11	35	32	36	29	37	103	38	57	39	47	
	0	65	1	53	2	82	3	23	4	65	5	10	6	37	7	86	8	66	9	107	10	75	11	13	12	48	13	22	14	63	15	12	16	91	17	116	18	70	19	33	20	42	21	78	22	26	23	66	24	56	25	35	26	71	27	27	28	66	29	96	30	26	31	88	32	33	33	26	34	15	35	28	36	16	37	94	38	65	39	51	
	0	69	1	44	2	84	3	19	4	65	5	9	6	38	7	85	8	66	9	101	10	59	11	27	12	54	13	23	14	56	15	26	16	96	17	105	18	63	19	38	20	32	21	79	22	35	23	61	24	54	25	30	26	82	27	29	28	74	29	93	30	23	31	97	32	17	33	20	34	20	35	25	36	30	37	106	38	62	39	58	
	0	70	1	57	2	88	3	31	4	51	5	17	6	29	7	73	8	61	9	118	10	72	11	28	12	53	13	32	14	57	15	18	16	89	17	103	18	67	19	35	20	51	21	94	22	40	23	53	24	54	25	33	26	81	27	31	28	81	29	87	30	20	31	94	32	29	33	11	34	20	35	26	36	15	37	90	38	75	39	48	
	0	73	1	56	2	80	3	19	4	67	5	10	6	37	7	72	8	60	9	101	10	57	11	20	12	48	13	16	14	66	15	10	16	85	17	117	18	79	19	40	20	49	21	78	22	33	23	54	24	72	25	29	26	82	27	38	28	69	29	90	30	20	31	93	32	17	33	22	34	16	35	22	36	19	37	95	38	72	39	55	
	0	66	1	55	2	77	3	25	4	58	5	14	6	44	7	83	8	73	9	111	10	68	11	17	12	58	13	24	14	50	15	22	16	97	17	117	18	78	19	28	20	33	21	95	22	32	23	55	24	63	25	42	26	72	27	19	28	74	29	89	30	24	31	85	32	15	33	21	34	4	35	27	36	14	37	106	38	65	39	46	
	0	68	1	56	2	75	3	27	4	62	5	14	6	42	7	88	8	58	9	114	10	67	11	26	12	60	13	26	14	51	15	14	16	99	17	100	18	79	19	33	20	42	21	93	22	39	23	67	24	72	25	26	26	78	27	20	28	76	29	94	30	25	31	100	32	31	33	26	34	11	35	32	36	18	37	102	38	73	39	48	
	0	55	1	49	2	86	3	17	4	63	5	13	6	32	7	80	8	67	9	113	10	62	11	22	12	59	13	23	14	61	15	19	16	83	17	103	18	63	19	35	20	33	21	86	22	33	23	51	24	57	25	42	26	72	27	29	28	66	29	82	30	7	31	92	32	22	33	21	34	7	35	34	36	26	37	104	38	66	39	44	
	0	69	1	54	2	82	3	26	4	61	5	25	6	34	7	83	8	60	9	101	10	58	11	20	12	43	13	17	14	54	15	26	16	89	17	113	18	62	19	26	20	44	21	91	22	39	23	66	24	58	25	26	26	81	27	19	28	82	29	91	30	10	31	97	32	14	33	18	34	6	35	38	36	29	37	98	38	76	39	49	
	0	67	1	40	2	87	3	18	4	56	5	23	6	31	7	86	8	77	9	118	10	63	11	13	12	52	13	20	14	64	15	18	16	100	17	102	18	78	19	41	20	51	21	90	22	34	23	60	24	72	25	34	26	65	27	22	28	64	29	82	30	22	31	97	32	21	33	19	34	13	35	26	36	24	37	94	38	71	39	51	
	0	70	1	46	2	90	3	34	4	53	5	9	6	34	7	72	8	71	9	118	10	60	11	15	12	47	13	28	14	51	15	17	16	84	17	108	18	68	19	29	20	37	21	85	22	34	23	64	24	61	25	27	26	81	27	36	28	80	29	99	30	19	31	95	32	24	33	15	34	6	35	40	36	24	37	90	38	60	39	59	
	0	67	1	46	2	91	3	28	4	60	5	22	6	43	7	85	8	71	9	115	10	65	11	16	12	49	13	28	14	64	15	17	16	89	17	111	18	74	19	31	20	39	21	92	22	34	23	61	24	63	25	43	26	82	27	26	28	65	29	97	30	10	31	92	32	20	33	14	34	21	35	26	36	29	37	92	38	67	39	54	
	0	68	1	44	2	92	3	35	4	58	5	26	6	38	7	82	8	77	9	118	10	72	11	22	12	43	13	20	14	66	15	12	16	96	17	114	18	76	19	40	20	34	21	85	22	30	23	57	24	65	25	41	26	70	27	28	28	70	29	91	30	10	31	84	32	28	33	15	34	6	35	32	36	16	37	103	38	75	39	43	
	0	62	1	52	2	92	3	23	4	52	5	20	6	30	7	83	8	68	9	117	10	58	11	22	12	45	13	29	14	57	15	7	16	88	17	101	18	68	19	32	20	33	21	93	22	26	23	62	24	57	25	36	26	71	27	36	28	70	29	89	30	18	31	84	32	19	33	21	34	6	35	32	36	31	37	101	38	66	39	53	
	0	72	1	56	2	91	3	26	4	67	5	21	6	29	7	80	8	71	9	116	10	64	11	15	12	55	13	14	14	56	15	20	16	92	17	107	18	63	19	34	20	35	21	85	22	32	23	68	24	54	25	30	26	79	27	34	28	74	29	92	30	26	31	99	32	21	33	16	34	12	35	28	36	16	37	104	38	66	39	55	
	0	55	1	57	2	93	3	24	4	49	5	14	6	30	7	73	8	67	9	117	10	69	11	21	12	52	13	17	14	53	15	11	16	100	17	111	18	79	19	35	20	36	21	84	22	26	23	58	24	55	25	32	26	71	27	30	28	64	29	94	30	18	31	92	32	22	33	23	34	15	35	26	36	25	37	100	38	62	39	55	
	0	69	1	56	2	94	3	31	4	61	5	13	6	30	7	77	8	58	9	114	10	61	11	22	12	59	13	32	14	67	15	21	16	94	17	108	18	71	19	27	20	51	21	79	22	28	23	65	24	65	25	34	26	70	27	28	28	76	29	91	30	24	31	88	32	22	33	16	34	16	35	29	36	18	37	91	38	73	39	62	
	0	68	1	50	2	93	3	19	4	55	5	11	6	40	7	83	8	58	9	103	10	66	11	28	12	62	13	29	14	62	15	24	16	82	17	112	18	77	19	32	20	43	21	80	22	26	23	65	24	60	25	41	26	81	27	19	28	72	29	85	30	12	31	92	32	33	33	9	34	13	35	29	36	15	37	103	38	60	39	49	
	0	68	1	39	2	89	3	28	4	67	5	24	6	34	7	88	8	71	9	102	10	66	11	16	12	49	13	15	14	52	15	16	16	97	17	104	18	71	19	33	20	35	21	88	22	34	23	67	24	70	25	26	26	63	27	25	28	78	29	81	30	17	31	95	32	33	33	14	34	13	35	40	36	28	37	99	38	62	39	50	
	0	67	1	41	2	88	3	34	4	53	5	12	6	35	7	81	8	71	9	107	10	58	11	14	12	47	13	31	14	52	15	25	16	91	17	113	18	71	19	28	20	39	21	87	22	36	23	59	24	72	25	42	26	80	27	31	28	73	29	90	30	19	31	96	32	15	33	11	34	11	35	29	36	28	37	93	38	75	39	61	
	0	64	1	48	2	94	3	25	4	58	5	12	6	41	7	71	8	59	9	100	10	59	11	10	12	57	13	24	14	59	15	11	16	87	17	103	18	73	19	45	20	44	21	89	22	32	23	69	24	64	25	37	26	69	27	30	28	71	29	99	30	24	31	94	32	31	33	18	34	20	35	24	36	18	37	105	38	70	39	50	
	0	62	1	54	2	92	3	34	4	64	5	10	6	26	7	83	8	58	9	112	10	60	11	17	12	45	13	16	14	57	15	19	16	87	17	101	18	69	19	42	20	50	21	81	22	41	23	54	24	54	25	37	26	75	27	34	28	69	29	87	30	25	31	96	32	33	33	23	34	13	35	24	36	17	37	102	38	70	39	60	
	0	61	1	39	2	75	3	31	4	63	5	21	6	25	7	86	8	63	9	102	10	58	11	21	12	49	13	31	14	67	15	12	16	101	17	114	18	67	19	27	20	45	21	90	22	39	23	52	24	54	25	38	26	66	27	31	28	79	29	82	30	24	31	96	32	22	33	27	34	18	35	31	36	15	37	104	38	75	39	53	
	0	70	1	41	2	79	3	21	4	52	5	27	6	34	7	85	8	60	9	113	10	70	11	15	12	47	13	17	14	66	15	26	16	84	17	111	18	64	19	41	20	34	21	83	22	23	23	64	24	54	25	25	26	79	27	31	28	81	29	89	30	22	31	100	32	18	33	26	34	12	35	30	36	22	37	100	38	71	39	59	
	0	62	1	50	2	84	3	18	4	61	5	18	6	43	7	87	8	70	9	112	10	72	11	25	12	45	13	31	14	55	15	25	16	92	17	100	18	74	19	27	20	45	21	88	22	29	23	51	24	56	25	42	26	72	27	24	28	75	29	95	30	20	31	97	32	21	33	20	34	12	35	26	36	23	37	104	38	62	39	57	
	0	69	1	42	2	91	3	20	4	65	5	25	6	27	7	82	8	69	9	100	10	57	11	23	12	44	13	19	14	60	15	13	16	84	17	113	18	71	19	32	20	51	21	92	22	32	23	60	24	60	25	37	26	64	27	25	28	72	29	85	30	19	31	101	32	27	33	11	34	10	35	24	36	24	37	104	38	57	39	49	
	0	58	1	52	2	84	3	20	4	50	5	23	6	35	7	75	8	75	9	105	10	70	11	21	12	60	13	31	14	52	15	21	16	89	17	116	18	65	19	40	20	42	21	94	22	27	23	62	24	73	25	35	26	73	27	24	28	73	29	83	30	26	31	82	32	30	33	19	34	8	35	26	36	18	37	95	38	62	39	58	
	0	67	1	47	2	79	3	22	4	62	5	8	6	42	7	88	8	66	9	115	10	66	11	20	12	52	13	19	14	50	15	26	16	87	17	105	18	78	19	45	20	36	21	89	22	30	23	65	24	68	25	39	26	80	27	30	28	71	29	83	30	14	31	97	32	27	33	19	34	11	35	23	36	28	37	98	38	74	39	51	
	0	55	1	50	2	87	3	35	4	62	5	22	6	31	7	77	8	62	9	102	10	74	11	10	12	45	13	18	14	64	15	25	16	95	17	106	18	70	19	35	20	42	21	77	22	36	23	63	24	68	25	29	26	72	27	36	28	78	29	95	30	9	31	94	32	27	33	23	34	4	35	30	36	28	37	89	38	61	39	46	
	0	54	1	52	2	90	3	35	4	48	5	13	6	29	7	77	8	68	9	118	10	61	11	9	12	58	13	31	14	67	15	21	16	98	17	100	18	75	19	45	20	48	21	91	22	25	23	67	24	56	25	40	26	74	27	22	28	75	29	84	30	16	31	87	32	20	33	23	34	20	35	40	36	22	37	95	38	62	39	59	
	0	61	1	39	2	91	3	36	4	51	5	15	6	26	7	77	8	70	9	109	10	64	11	14	12	52	13	19	14	56	15	24	16	87	17	115	18	79	19	45	20	39	21	79	22	35	23	59	24	73	25	39	26	81	27	24	28	70	29	84	30	10	31	93	32	19	33	12	34	4	35	24	36	28	37	88	38	66	39	61	
	0	68	1	48	2	80	3	36	4	66	5	19	6	25	7	79	8	62	9	108	10	69	11	14	12	62	13	23	14	55	15	19	16	91	17	102	18	71	19	39	20	50	21	91	22	28	23	63	24	71	25	29	26	77	27	31	28	81	29	94	30	9	31	82	32	18	33	24	34	17	35	26	36	14	37	95	38	71	39	59	
	0	66	1	47	2	77	3	27	4	51	5	25	6	27	7	80	8	76	9	105	10	64	11	9	12	46	13	17	14	51	15	9	16	82	17	102	18	65	19	39	20	50	21	82	22	35	23	51	24	68	25	26	26	77	27	23	28	70	29	92	30	23	31	101	32	26	33	19	34	9	35	38	36	30	37	95	38	60	39	60	
	0	58	1	41	2	82	3	34	4	66	5	23	6	25	7	87	8	66	9	107	10	65	11	19	12	59	13	30	14	55	15	10	16	89	17	102	18	77	19	33	20	36	21	83	22	34	23	67	24	56	25	36	26	70	27	26	28	64	29	81	30	24	31	83	32	20	33	23	34	13	35	38	36	15	37	96	38	57	39	50	
	0	54	1	42	2	88	3	22	4	50	5	13	6	27	7	74	8	77	9	109	10	67	11	22	12	51	13	16	14	56	15	11	16	98	17	115	18	66	19	31	20	33	21	80	22	40	23	58	24	59	25	32	26	67	27	36	28	67	29	82	30	8	31	101	32	21	33	26	34	21	35	29	36	16	37	97	38	65	39	57	
	0	60	1	39	2	94	3	25	4	55	5	24	6	39	7	88	8	73	9	103	10	61	11	26	12	58	13	16	14	57	15	23	16	95	17	113	18	76	19	40	20	45	21	82	22	36	23	57	24	58	25	34	26	75	27	36	28	79	29	99	30	25	31	93	32	22	33	14	34	14	35	32	36	29	37	95	38	63	39	55	
	0	64	1	54	2	84	3	25	4	51	5	10	6	39	7	76	8	68	9	109	10	68	11	24	12	51	13	22	14	59	15	21	16	91	17	99	18	61	19	30	20	41	21	78	22	28	23	59	24	71	25	44	26	72	27	28	28	67	29	98	30	15	31	95	32	32	33	26	34	22	35	25	36	27	37	104	38	70	39	62	
	0	61	1	44	2	84	3	28	4	66	5	12	6	27	7	88	8	65	9	119	10	74	11	21	12	58	13	25	14	53	15	19	16	87	17	108	18	79	19	38	20	38	21	78	22	38	23	63	24	71	25	25	26	66	27	38	28	70	29	95	30	20	31	90	32	32	33	24	34	20	35	34	36	26	37	91	38	67	39	62	
	0	67	1	41	2	91	3	20	4	61	5	16	6	26	7	77	8	67	9	115	10	58	11	25	12	49	13	24	14	53	15	24	16	99	17	115	18	70	19	33	20	37	21	79	22	41	23	63	24	64	25	36	26	63	27	21	28	70	29	95	30	14	31	98	32	18	33	13	34	14	35	36	36	22	37	89	38	75	39	54	
	0	56	1	46	2	93	3	29	4	62	5	14	6	36	7	71	8	68	9	117	10	59	11	12	12	48	13	28	14	60	15	16	16	101	17	101	18	66	19	31	20	42	21	82	22	25	23	67	24	70	25	40	26	80	27	22	28	75	29	82	30	20	31	88	32	21	33	9	34	8	35	34	36	30	37	95	38	66	39	55	
	0	67	1	44	2	94	3	26	4	58	5	21	6	35	7	73	8	72	9	100	10	57	11	26	12	49	13	14	14	53	15	12	16	100	17	117	18	78	19	33	20	43	21	84	22	41	23	64	24	55	25	42	26	63	27	19	28	63	29	97	30	18	31	87	32	16	33	26	34	6	35	38	36	22	37	101	38	76	39	45	
	0	62	1	46	2	84	3	25	4	49	5	14	6	25	7	71	8	67	9	113	10	58	11	27	12	57	13	25	14	66	15	8	16	95	17	98	18	79	19	37	20	47	21	90	22	38	23	67	24	61	25	32	26	72	27	34	28	79	29	84	30	21	31	90	32	25	33	19	34	12	35	28	36	27	37	107	38	69	39	44	
	0	70	1	54	2	77	3	29	4	62	5	9	6	35	7	75	8	72	9	102	10	68	11	17	12	54	13	31	14	60	15	15	16	90	17	98	18	63	19	28	20	38	21	93	22	41	23	59	24	68	25	43	26	66	27	29	28	76	29	83	30	17	31	83	32	24	33	9	34	11	35	32	36	15	37	106	38	76	39	54	
	0	66	1	55	2	77	3	27	4	51	5	10	6	32	7	71	8	61	9	115	10	61	11	18	12	50	13	17	14	55	15	20	16	99	17	112	18	79	19	27	20	38	21	85	22	36	23	61	24	64	25	32	26	63	27	36	28	70	29	90	30	16	31	89	32	30	33	25	34	12	35	34	36	18	37	97	38	67	39	61	
	0	66	1	55	2	87	3	23	4	66	5	18	6	38	7	88	8	76	9	102	10	64	11	17	12	62	13	24	14	50	15	17	16	98	17	117	18	78	19	42	20	34	21	84	22	31	23	54	24	60	25	39	26	74	27	24	28	82	29	97	30	17	31	100	32	14	33	9	34	20	35	25	36	25	37	93	38	70	39	48	
	0	55	1	50	2	76	3	34	4	61	5	9	6	26	7	79	8	65	9	108	10	74	11	22	12	61	13	27	14	57	15	15	16	95	17	98	18	80	19	38	20	46	21	76	22	31	23	69	24	62	25	38	26	74	27	35	28	64	29	96	30	26	31	88	32	31	33	25	34	15	35	39	36	32	37	94	38	61	39	61	
	0	57	1	40	2	87	3	28	4	67	5	25	6	40	7	71	8	61	9	105	10	74	11	19	12	43	13	25	14	49	15	19	16	99	17	101	18	66	19	34	20	44	21	76	22	29	23	64	24	59	25	35	26	81	27	38	28	75	29	84	30	19	31	93	32	31	33	24	34	15	35	39	36	18	37	102	38	68	39	61	
	0	62	1	53	2	75	3	23	4	62	5	26	6	41	7	82	8	63	9	109	10	63	11	12	12	44	13	24	14	54	15	10	16	82	17	109	18	72	19	42	20	33	21	94	22	27	23	62	24	65	25	42	26	63	27	21	28	74	29	85	30	16	31	93	32	20	33	13	34	15	35	30	36	27	37	94	38	62	39	46	
	0	54	1	45	2	92	3	20	4	52	5	12	6	35	7	80	8	60	9	111	10	62	11	18	12	52	13	28	14	53	15	7	16	89	17	114	18	64	19	41	20	49	21	78	22	42	23	64	24	66	25	35	26	71	27	20	28	76	29	98	30	20	31	95	32	32	33	27	34	5	35	22	36	22	37	95	38	74	39	48	
	0	67	1	39	2	84	3	28	4	56	5	12	6	42	7	76	8	63	9	119	10	61	11	13	12	43	13	14	14	62	15	26	16	83	17	103	18	68	19	30	20	34	21	86	22	24	23	64	24	66	25	32	26	70	27	29	28	73	29	97	30	24	31	101	32	17	33	8	34	16	35	38	36	16	37	95	38	64	39	62	
	0	55	1	52	2	82	3	28	4	56	5	20	6	26	7	83	8	77	9	113	10	68	11	27	12	54	13	18	14	63	15	17	16	83	17	115	18	65	19	32	20	45	21	81	22	24	23	52	24	67	25	32	26	75	27	21	28	69	29	97	30	26	31	101	32	30	33	18	34	21	35	38	36	19	37	99	38	62	39	58	
	0	54	1	40	2	84	3	36	4	58	5	18	6	32	7	74	8	59	9	109	10	60	11	28	12	56	13	19	14	51	15	14	16	96	17	113	18	68	19	29	20	51	21	78	22	37	23	63	24	57	25	42	26	77	27	37	28	79	29	87	30	11	31	92	32	19	33	8	34	21	35	24	36	28	37	102	38	57	39	61	
	0	71	1	46	2	80	3	29	4	65	5	22	6	27	7	84	8	71	9	110	10	60	11	23	12	58	13	17	14	55	15	18	16	98	17	103	18	79	19	38	20	47	21	76	22	23	23	69	24	61	25	39	26	67	27	19	28	74	29	80	30	14	31	94	32	28	33	9	34	7	35	39	36	26	37	102	38	68	39	53	
	0	71	1	45	2	76	3	35	4	67	5	23	6	41	7	87	8	69	9	119	10	73	11	27	12	54	13	19	14	62	15	25	16	99	17	111	18	79	19	31	20	35	21	83	22	27	23	54	24	56	25	35	26	65	27	32	28	79	29	85	30	20	31	98	32	18	33	25	34	7	35	38	36	30	37	99	38	57	39	58	
	0	61	1	45	2	81	3	21	4	48	5	15	6	32	7	73	8	58	9	107	10	75	11	24	12	49	13	17	14	53	15	26	16	99	17	100	18	80	19	37	20	35	21	77	22	30	23	66	24	61	25	25	26	78	27	28	28	64	29	99	30	18	31	96	32	16	33	22	34	19	35	33	36	32	37	98	38	67	39	43	
	0	66	1	46	2	76	3	23	4	54	5	11	6	32	7	74	8	63	9	102	10	71	11	26	12	60	13	18	14	55	15	26	16	101	17	107	18	63	19	31	20	39	21	86	22	39	23	51	24	57	25	33	26	76	27	28	28	79	29	85	30	10	31	99	32	26	33	18	34	17	35	41	36	26	37	100	38	69	39	54	
	0	69	1	55	2	90	3	34	4	65	5	22	6	41	7	72	8	66	9	117	10	72	11	17	12	43	13	24	14	51	15	9	16	85	17	101	18	71	19	39	20	51	21	90	22	41	23	69	24	59	25	44	26	76	27	35	28	64	29	80	30	11	31	101	32	17	33	17	34	6	35	31	36	16	37	94	38	57	39	50	
	0	57	1	41	2	88	3	28	4	48	5	24	6	41	7	72	8	59	9	100	10	60	11	28	12	58	13	21	14	66	15	13	16	89	17	107	18	78	19	43	20	49	21	85	22	29	23	52	24	57	25	33	26	75	27	29	28	80	29	90	30	18	31	92	32	17	33	26	34	12	35	22	36	16	37	96	38	74	39	44	
	0	54	1	58	2	76	3	31	4	59	5	13	6	28	7	75	8	76	9	114	10	64	11	21	12	44	13	26	14	65	15	18	16	95	17	98	18	67	19	36	20	49	21	92	22	30	23	63	24	73	25	29	26	73	27	33	28	63	29	97	30	21	31	99	32	16	33	17	34	5	35	33	36	31	37	103	38	72	39	60	
	0	73	1	49	2	78	3	33	4	52	5	19	6	33	7	70	8	67	9	100	10	62	11	26	12	62	13	19	14	49	15	13	16	83	17	105	18	72	19	41	20	44	21	85	22	40	23	66	24	72	25	43	26	66	27	37	28	70	29	98	30	14	31	96	32	24	33	25	34	17	35	41	36	26	37	97	38	67	39	52	
	0	66	1	56	2	80	3	35	4	53	5	26	6	30	7	75	8	66	9	108	10	74	11	24	12	51	13	25	14	60	15	9	16	86	17	117	18	72	19	38	20	34	21	89	22	34	23	69	24	69	25	25	26	76	27	24	28	74	29	84	30	21	31	98	32	16	33	23	34	15	35	22	36	14	37	89	38	59	39	49	
	0	60	1	40	2	92	3	20	4	58	5	10	6	38	7	69	8	68	9	116	10	58	11	15	12	54	13	29	14	52	15	22	16	97	17	108	18	71	19	31	20	47	21	82	22	28	23	52	24	65	25	30	26	63	27	29	28	67	29	80	30	9	31	82	32	30	33	16	34	13	35	23	36	15	37	89	38	57	39	57	
	0	68	1	50	2	93	3	17	4	57	5	10	6	37	7	72	8	63	9	108	10	68	11	28	12	43	13	18	14	62	15	25	16	93	17	106	18	69	19	45	20	47	21	82	22	33	23	56	24	73	25	39	26	66	27	23	28	75	29	94	30	16	31	83	32	22	33	14	34	7	35	31	36	30	37	92	38	62	39	61	
	0	56	1	57	2	78	3	25	4	67	5	26	6	41	7	71	8	62	9	101	10	70	11	15	12	60	13	26	14	60	15	24	16	91	17	98	18	61	19	28	20	40	21	90	22	32	23	62	24	54	25	39	26	77	27	21	28	75	29	86	30	12	31	87	32	15	33	21	34	12	35	38	36	27	37	103	38	75	39	50	
	0	60	1	50	2	83	3	29	4	53	5	12	6	42	7	69	8	72	9	106	10	75	11	21	12	62	13	16	14	51	15	22	16	94	17	115	18	68	19	41	20	47	21	77	22	33	23	68	24	68	25	40	26	64	27	37	28	70	29	98	30	26	31	97	32	30	33	19	34	18	35	31	36	31	37	100	38	65	39	58	
	0	56	1	47	2	93	3	22	4	60	5	21	6	34	7	88	8	58	9	112	10	62	11	27	12	59	13	25	14	65	15	22	16	98	17	107	18	76	19	43	20	40	21	91	22	28	23	67	24	69	25	38	26	74	27	29	28	73	29	91	30	10	31	86	32	26	33	13	34	10	35	31	36	22	37	92	38	70	39	50	
	0	69	1	52	2	79	3	24	4	52	5	25	6	27	7	88	8	76	9	119	10	72	11	18	12	54	13	14	14	49	15	26	16	89	17	107	18	79	19	37	20	41	21	79	22	27	23	68	24	67	25	42	26	78	27	26	28	68	29	85	30	16	31	89	32	29	33	21	34	9	35	40	36	18	37	103	38	59	39	59	
	0	73	1	39	2	82	3	22	4	49	5	18	6	33	7	82	8	71	9	111	10	69	11	28	12	43	13	16	14	67	15	9	16	84	17	111	18	65	19	43	20	51	21	89	22	28	23	66	24	61	25	37	26	67	27	24	28	67	29	93	30	23	31	87	32	31	33	14	34	5	35	37	36	13	37	89	38	76	39	57	
	0	61	1	41	2	85	3	25	4	65	5	22	6	33	7	85	8	69	9	115	10	58	11	19	12	52	13	16	14	68	15	13	16	84	17	109	18	76	19	44	20	48	21	92	22	24	23	55	24	59	25	28	26	71	27	36	28	78	29	85	30	11	31	98	32	15	33	24	34	6	35	22	36	21	37	105	38	58	39	54	
	0	61	1	54	2	85	3	36	4	53	5	13	6	33	7	82	8	74	9	117	10	75	11	10	12	46	13	24	14	56	15	14	16	91	17	106	18	71	19	35	20	36	21	77	22	25	23	65	24	55	25	28	26	77	27	28	28	76	29	98	30	23	31	82	32	17	33	11	34	4	35	36	36	32	37	101	38	60	39	59	
	0	57	1	41	2	91	3	23	4	61	5	24	6	37	7	74	8	73	9	112	10	73	11	24	12	48	13	21	14	60	15	23	16	94	17	117	18	79	19	33	20	51	21	77	22	42	23	56	24	70	25	33	26	75	27	27	28	79	29	97	30	18	31	96	32	21	33	25	34	16	35	38	36	19	37	90	38	66	39	46	
	0	60	1	44	2	81	3	32	4	51	5	23	6	35	7	78	8	66	9	108	10	73	11	18	12	46	13	22	14	63	15	7	16	95	17	103	18	77	19	28	20	50	21	78	22	41	23	70	24	68	25	32	26	72	27	35	28	76	29	87	30	24	31	99	32	23	33	9	34	14	35	30	36	23	37	104	38	66	39	43	
	0	55	1	50	2	82	3	22	4	65	5	22	6	27	7	70	8	66	9	104	10	63	11	9	12	59	13	31	14	60	15	18	16	91	17	115	18	67	19	31	20	50	21	81	22	40	23	63	24	73	25	44	26	66	27	30	28	76	29	95	30	10	31	94	32	19	33	25	34	5	35	37	36	29	37	102	38	63	39	55	
	0	64	1	46	2	91	3	17	4	51	5	27	6	40	7	82	8	73	9	111	10	74	11	19	12	49	13	21	14	64	15	22	16	94	17	99	18	62	19	36	20	45	21	86	22	25	23	65	24	71	25	32	26	64	27	34	28	74	29	99	30	21	31	95	32	27	33	17	34	10	35	27	36	16	37	103	38	73	39	50	
	0	59	1	40	2	84	3	20	4	60	5	14	6	33	7	72	8	62	9	112	10	69	11	9	12	47	13	23	14	62	15	13	16	86	17	100	18	69	19	30	20	39	21	87	22	37	23	70	24	54	25	32	26	75	27	34	28	64	29	95	30	19	31	85	32	26	33	16	34	9	35	33	36	19	37	94	38	61	39	48	
	0	69	1	40	2	83	3	31	4	49	5	17	6	35	7	86	8	74	9	115	10	70	11	13	12	44	13	26	14	64	15	25	16	92	17	115	18	72	19	36	20	43	21	94	22	34	23	56	24	69	25	31	26	75	27	25	28	81	29	86	30	7	31	94	32	23	33	19	34	11	35	30	36	23	37	90	38	65	39	61	
	0	63	1	49	2	85	3	17	4	60	5	23	6	33	7	86	8	62	9	114	10	76	11	28	12	52	13	27	14	51	15	17	16	84	17	108	18	77	19	32	20	42	21	90	22	35	23	70	24	68	25	27	26	68	27	30	28	71	29	91	30	26	31	91	32	19	33	15	34	18	35	33	36	24	37	100	38	66	39	55	
	0	58	1	50	2	82	3	34	4	61	5	26	6	29	7	84	8	69	9	114	10	73	11	20	12	53	13	17	14	62	15	22	16	84	17	98	18	80	19	40	20	49	21	84	22	30	23	64	24	63	25	37	26	65	27	23	28	74	29	86	30	26	31	97	32	24	33	16	34	13	35	36	36	22	37	89	38	68	39	55	
	0	64	1	48	2	91	3	25	4	49	5	21	6	39	7	71	8	73	9	104	10	74	11	12	12	58	13	27	14	64	15	21	16	82	17	117	18	71	19	38	20	48	21	76	22	26	23	56	24	64	25	27	26	78	27	21	28	81	29	89	30	7	31	92	32	19	33	17	34	11	35	32	36	22	37	100	38	66	39	48	
	0	61	1	52	2	78	3	26	4	49	5	10	6	28	7	69	8	76	9	113	10	76	11	24	12	58	13	13	14	60	15	10	16	97	17	116	18	68	19	39	20	34	21	82	22	26	23	57	24	54	25	35	26	80	27	28	28	69	29	95	30	9	31	82	32	14	33	17	34	14	35	26	36	32	37	96	38	59	39	62	
	0	57	1	56	2	81	3	29	4	62	5	19	6	36	7	72	8	75	9	114	10	68	11	12	12	53	13	25	14	64	15	21	16	88	17	107	18	78	19	30	20	51	21	87	22	35	23	52	24	61	25	31	26	66	27	28	28	78	29	99	30	23	31	101	32	28	33	20	34	10	35	36	36	25	37	102	38	60	39	51	
	0	66	1	58	2	80	3	35	4	51	5	20	6	30	7	83	8	65	9	118	10	62	11	24	12	51	13	24	14	50	15	16	16	98	17	107	18	64	19	28	20	32	21	82	22	31	23	66	24	71	25	41	26	82	27	33	28	63	29	86	30	25	31	87	32	25	33	14	34	11	35	29	36	19	37	91	38	66	39	54	
	0	69	1	45	2	75	3	21	4	51	5	13	6	44	7	74	8	59	9	111	10	68	11	12	12	43	13	19	14	49	15	19	16	89	17	110	18	70	19	30	20	35	21	83	22	41	23	63	24	66	25	43	26	70	27	34	28	65	29	93	30	24	31	101	32	14	33	21	34	10	35	27	36	29	37	105	38	64	39	46	
	0	59	1	43	2	81	3	26	4	62	5	25	6	29	7	82	8	74	9	100	10	67	11	27	12	46	13	24	14	53	15	18	16	97	17	106	18	75	19	42	20	33	21	92	22	35	23	67	24	67	25	36	26	73	27	35	28	69	29	83	30	18	31	101	32	22	33	25	34	20	35	40	36	25	37	88	38	57	39	43	
	0	73	1	39	2	94	3	17	4	67	5	13	6	29	7	76	8	63	9	105	10	63	11	25	12	60	13	13	14	57	15	17	16	98	17	108	18	67	19	41	20	48	21	90	22	37	23	53	24	72	25	28	26	80	27	38	28	67	29	82	30	9	31	99	32	23	33	27	34	22	35	34	36	14	37	96	38	71	39	43	
	0	66	1	55	2	90	3	19	4	58	5	20	6	44	7	71	8	77	9	113	10	62	11	28	12	61	13	16	14	61	15	10	16	96	17	98	18	77	19	45	20	44	21	92	22	24	23	64	24	59	25	31	26	77	27	24	28	66	29	98	30	7	31	87	32	21	33	11	34	23	35	22	36	28	37	104	38	61	39	43	
	0	55	1	53	2	88	3	18	4	60	5	18	6	38	7	86	8	64	9	118	10	57	11	24	12	48	13	23	14	58	15	7	16	82	17	102	18	72	19	36	20	42	21	87	22	29	23	65	24	69	25	28	26	63	27	32	28	71	29	83	30	22	31	93	32	25	33	23	34	11	35	28	36	30	37	92	38	72	39	56	
	0	59	1	40	2	84	3	18	4	55	5	13	6	37	7	76	8	59	9	109	10	68	11	20	12	45	13	29	14	54	15	9	16	85	17	117	18	62	19	45	20	44	21	85	22	42	23	59	24	68	25	38	26	79	27	25	28	76	29	89	30	19	31	95	32	18	33	26	34	21	35	39	36	25	37	104	38	76	39	59	
	0	70	1	43	2	92	3	20	4	52	5	27	6	40	7	77	8	75	9	116	10	74	11	9	12	46	13	14	14	50	15	7	16	99	17	114	18	64	19	35	20	35	21	83	22	40	23	70	24	73	25	31	26	72	27	19	28	68	29	89	30	11	31	92	32	20	33	24	34	6	35	23	36	26	37	104	38	66	39	51	
	0	66	1	55	2	87	3	28	4	58	5	24	6	39	7	69	8	74	9	117	10	73	11	17	12	56	13	17	14	64	15	21	16	97	17	107	18	76	19	35	20	41	21	76	22	23	23	65	24	54	25	40	26	78	27	22	28	63	29	85	30	24	31	85	32	20	33	16	34	23	35	36	36	19	37	100	38	74	39	43	
	0	56	1	41	2	75	3	24	4	60	5	10	6	44	7	84	8	72	9	111	10	69	11	13	12	44	13	32	14	49	15	26	16	95	17	109	18	65	19	40	20	32	21	92	22	42	23	62	24	68	25	43	26	75	27	23	28	79	29	80	30	14	31	88	32	14	33	19	34	8	35	41	36	19	37	102	38	60	39	55	
	0	63	1	45	2	87	3	23	4	59	5	12	6	32	7	79	8	73	9	108	10	69	11	15	12	56	13	22	14	62	15	20	16	83	17	111	18	62	19	29	20	47	21	77	22	39	23	64	24	67	25	38	26	72	27	25	28	74	29	93	30	10	31	97	32	24	33	15	34	9	35	33	36	27	37	105	38	71	39	48	
	0	73	1	42	2	87	3	36	4	53	5	13	6	39	7	80	8	67	9	115	10	60	11	13	12	59	13	16	14	51	15	25	16	100	17	113	18	69	19	33	20	36	21	93	22	27	23	64	24	73	25	29	26	81	27	36	28	73	29	91	30	21	31	95	32	33	33	11	34	4	35	27	36	20	37	88	38	65	39	60	
	0	57	1	56	2	78	3	17	4	66	5	19	6	25	7	77	8	77	9	108	10	76	11	10	12	49	13	24	14	51	15	12	16	90	17	106	18	67	19	26	20	46	21	83	22	27	23	58	24	67	25	44	26	74	27	19	28	67	29	84	30	19	31	99	32	32	33	25	34	18	35	34	36	23	37	95	38	73	39	47	
	0	58	1	49	2	82	3	27	4	67	5	23	6	30	7	79	8	64	9	111	10	73	11	20	12	54	13	28	14	63	15	23	16	97	17	116	18	79	19	44	20	40	21	85	22	33	23	51	24	72	25	41	26	64	27	22	28	63	29	84	30	24	31	87	32	32	33	10	34	8	35	36	36	21	37	89	38	57	39	45	
	0	54	1	43	2	84	3	32	4	65	5	27	6	28	7	70	8	61	9	105	10	60	11	27	12	52	13	21	14	65	15	17	16	99	17	106	18	76	19	34	20	33	21	93	22	24	23	62	24	54	25	36	26	63	27	33	28	72	29	95	30	21	31	98	32	26	33	11	34	23	35	28	36	24	37	96	38	57	39	57	
	0	54	1	44	2	92	3	23	4	60	5	15	6	31	7	76	8	77	9	104	10	65	11	9	12	49	13	24	14	54	15	10	16	90	17	113	18	71	19	43	20	48	21	80	22	27	23	60	24	55	25	43	26	73	27	36	28	79	29	96	30	23	31	82	32	15	33	17	34	9	35	39	36	25	37	102	38	68	39	61	
	0	72	1	40	2	94	3	33	4	58	5	24	6	31	7	69	8	68	9	106	10	75	11	23	12	57	13	27	14	57	15	26	16	96	17	111	18	79	19	31	20	34	21	83	22	33	23	66	24	63	25	35	26	71	27	19	28	78	29	81	30	11	31	88	32	29	33	24	34	4	35	25	36	22	37	97	38	71	39	46	
	0	57	1	56	2	84	3	34	4	66	5	24	6	35	7	88	8	73	9	119	10	64	11	10	12	49	13	28	14	58	15	24	16	90	17	106	18	69	19	29	20	34	21	87	22	31	23	65	24	57	25	44	26	68	27	19	28	64	29	87	30	17	31	95	32	29	33	21	34	4	35	38	36	21	37	90	38	73	39	62	
	0	59	1	58	2	88	3	19	4	53	5	19	6	33	7	72	8	65	9	106	10	76	11	10	12	47	13	23	14	55	15	19	16	95	17	106	18	63	19	27	20	51	21	78	22	41	23	58	24	71	25	32	26	69	27	34	28	76	29	85	30	8	31	91	32	28	33	13	34	20	35	41	36	27	37	95	38	65	39	59	
	0	70	1	42	2	93	3	30	4	60	5	14	6	33	7	77	8	61	9	115	10	67	11	21	12	52	13	15	14	52	15	19	16	97	17	103	18	70	19	29	20	51	21	88	22	41	23	52	24	62	25	31	26	67	27	20	28	74	29	95	30	21	31	99	32	16	33	20	34	21	35	28	36	32	37	102	38	69	39	46	
	0	61	1	49	2	86	3	28	4	58	5	23	6	39	7	84	8	60	9	105	10	65	11	21	12	46	13	31	14	63	15	15	16	97	17	116	18	77	19	26	20	47	21	84	22	38	23	67	24	71	25	39	26	63	27	31	28	76	29	89	30	23	31	95	32	31	33	20	34	9	35	35	36	18	37	89	38	60	39	57	
	0	60	1	53	2	75	3	35	4	54	5	26	6	33	7	84	8	65	9	106	10	73	11	17	12	57	13	18	14	60	15	11	16	94	17	100	18	73	19	40	20	32	21	79	22	40	23	69	24	68	25	40	26	78	27	38	28	68	29	92	30	17	31	89	32	32	33	19	34	13	35	41	36	17	37	102	38	68	39	61	
	0	66	1	41	2	82	3	24	4	56	5	22	6	41	7	85	8	75	9	111	10	62	11	21	12	55	13	23	14	51	15	19	16	98	17	114	18	62	19	27	20	46	21	91	22	40	23	51	24	60	25	26	26	79	27	30	28	65	29	87	30	10	31	89	32	15	33	19	34	13	35	29	36	25	37	93	38	65	39	51	
	0	60	1	45	2	85	3	19	4	58	5	15	6	34	7	77	8	62	9	108	10	69	11	26	12	56	13	19	14	68	15	24	16	98	17	108	18	76	19	35	20	40	21	95	22	25	23	55	24	59	25	37	26	67	27	20	28	71	29	84	30	11	31	86	32	20	33	21	34	18	35	29	36	23	37	98	38	70	39	44	
	0	57	1	40	2	86	3	30	4	58	5	26	6	40	7	74	8	68	9	108	10	61	11	14	12	59	13	28	14	52	15	26	16	83	17	107	18	77	19	38	20	43	21	86	22	28	23	59	24	55	25	43	26	75	27	26	28	66	29	92	30	26	31	101	32	24	33	25	34	15	35	28	36	14	37	97	38	71	39	59	
	0	72	1	52	2	88	3	28	4	52	5	23	6	40	7	85	8	62	9	106	10	76	11	22	12	51	13	24	14	62	15	23	16	93	17	111	18	77	19	26	20	51	21	80	22	29	23	62	24	73	25	31	26	66	27	26	28	76	29	98	30	12	31	85	32	16	33	26	34	14	35	23	36	28	37	88	38	58	39	45	
	0	66	1	56	2	89	3	28	4	58	5	12	6	28	7	82	8	73	9	112	10	64	11	21	12	50	13	20	14	65	15	11	16	101	17	106	18	63	19	32	20	38	21	85	22	28	23	70	24	54	25	40	26	81	27	33	28	75	29	85	30	16	31	95	32	20	33	11	34	9	35	35	36	27	37	95	38	57	39	57	
	0	73	1	57	2	78	3	22	4	66	5	25	6	32	7	74	8	67	9	113	10	61	11	22	12	46	13	32	14	57	15	19	16	98	17	103	18	73	19	31	20	48	21	90	22	27	23	54	24	61	25	27	26	68	27	21	28	73	29	97	30	14	31	92	32	21	33	11	34	6	35	36	36	22	37	92	38	65	39	59	
	0	70	1	56	2	77	3	20	4	66	5	25	6	37	7	72	8	67	9	112	10	71	11	9	12	43	13	27	14	61	15	12	16	89	17	99	18	79	19	42	20	33	21	92	22	26	23	51	24	64	25	42	26	65	27	20	28	78	29	81	30	24	31	96	32	31	33	24	34	6	35	33	36	32	37	104	38	71	39	43	
	0	59	1	54	2	93	3	29	4	52	5	27	6	40	7	82	8	64	9	108	10	76	11	20	12	52	13	29	14	49	15	20	16	84	17	115	18	63	19	32	20	36	21	94	22	42	23	59	24	65	25	31	26	75	27	25	28	71	29	93	30	8	31	83	32	28	33	14	34	23	35	24	36	27	37	101	38	58	39	57	
	0	55	1	46	2	79	3	26	4	54	5	21	6	39	7	73	8	74	9	113	10	68	11	14	12	52	13	19	14	56	15	17	16	86	17	105	18	64	19	31	20	44	21	81	22	36	23	63	24	61	25	30	26	78	27	38	28	77	29	96	30	18	31	92	32	31	33	13	34	22	35	31	36	22	37	106	38	76	39	47	
	0	59	1	51	2	78	3	28	4	56	5	13	6	38	7	79	8	72	9	119	10	66	11	24	12	50	13	15	14	56	15	24	16	96	17	99	18	71	19	43	20	50	21	84	22	31	23	54	24	69	25	35	26	73	27	28	28	77	29	91	30	18	31	101	32	27	33	9	34	11	35	35	36	28	37	100	38	58	39	60	
	0	65	1	55	2	92	3	36	4	65	5	15	6	42	7	72	8	64	9	101	10	68	11	27	12	43	13	18	14	62	15	25	16	99	17	104	18	75	19	39	20	32	21	83	22	23	23	54	24	63	25	36	26	74	27	30	28	71	29	98	30	12	31	82	32	29	33	11	34	14	35	39	36	32	37	102	38	59	39	56	
	0	64	1	49	2	94	3	36	4	49	5	20	6	39	7	85	8	67	9	113	10	74	11	12	12	55	13	15	14	58	15	18	16	82	17	107	18	78	19	36	20	42	21	79	22	34	23	52	24	73	25	25	26	74	27	19	28	66	29	89	30	7	31	93	32	27	33	8	34	16	35	28	36	21	37	101	38	67	39	54	
	0	70	1	57	2	90	3	34	4	60	5	8	6	28	7	84	8	69	9	112	10	72	11	9	12	61	13	18	14	64	15	17	16	95	17	102	18	73	19	38	20	42	21	80	22	30	23	55	24	67	25	37	26	65	27	38	28	75	29	99	30	11	31	98	32	18	33	10	34	19	35	41	36	22	37	106	38	69	39	62	
	0	63	1	44	2	88	3	17	4	56	5	23	6	36	7	74	8	72	9	112	10	68	11	12	12	51	13	25	14	61	15	26	16	96	17	99	18	73	19	29	20	34	21	77	22	38	23	70	24	61	25	40	26	73	27	28	28	82	29	89	30	23	31	82	32	30	33	24	34	17	35	41	36	18	37	105	38	59	39	46	
	0	68	1	56	2	79	3	29	4	55	5	16	6	25	7	74	8	67	9	104	10	74	11	17	12	47	13	13	14	62	15	24	16	85	17	103	18	77	19	43	20	39	21	94	22	25	23	63	24	60	25	30	26	66	27	25	28	68	29	85	30	10	31	85	32	30	33	20	34	10	35	37	36	14	37	89	38	66	39	59	
	0	68	1	54	2	77	3	19	4	67	5	20	6	33	7	86	8	58	9	100	10	75	11	16	12	59	13	23	14	66	15	15	16	90	17	100	18	61	19	29	20	38	21	79	22	32	23	67	24	70	25	36	26	77	27	31	28	68	29	95	30	22	31	83	32	28	33	13	34	23	35	34	36	20	37	90	38	60	39	47	
	0	72	1	54	2	90	3	23	4	54	5	15	6	42	7	77	8	58	9	117	10	57	11	21	12	55	13	17	14	51	15	19	16	84	17	106	18	79	19	30	20	50	21	86	22	37	23	54	24	70	25	33	26	76	27	35	28	66	29	98	30	7	31	93	32	31	33	11	34	16	35	26	36	19	37	90	38	76	39	51	
	0	67	1	53	2	80	3	17	4	52	5	20	6	28	7	87	8	60	9	119	10	69	11	15	12	57	13	26	14	52	15	10	16	99	17	103	18	79	19	32	20	37	21	87	22	35	23	61	24	73	25	28	26	76	27	36	28	63	29	89	30	15	31	91	32	15	33	13	34	22	35	40	36	32	37	99	38	76	39	49	
	0	60	1	45	2	75	3	35	4	52	5	11	6	32	7	78	8	72	9	110	10	72	11	10	12	51	13	21	14	63	15	25	16	83	17	104	18	74	19	28	20	43	21	94	22	35	23	68	24	62	25	26	26	77	27	26	28	68	29	96	30	24	31	92	32	28	33	18	34	11	35	24	36	21	37	89	38	66	39	46	
	0	61	1	56	2	79	3	19	4	60	5	17	6	38	7	70	8	65	9	110	10	65	11	21	12	44	13	18	14	49	15	23	16	95	17	107	18	76	19	45	20	50	21	91	22	26	23	65	24	56	25	39	26	69	27	26	28	73	29	81	30	9	31	84	32	26	33	25	34	21	35	24	36	26	37	99	38	63	39	51	
	0	64	1	45	2	82	3	27	4	60	5	14	6	31	7	83	8	74	9	110	10	70	11	19	12	52	13	32	14	52	15	11	16	85	17	113	18	75	19	34	20	34	21	92	22	32	23	66	24	60	25	38	26	67	27	38	28	79	29	96	30	20	31	87	32	20	33	15	34	10	35	32	36	20	37	91	38	64	39	46	
	0	67	1	41	2	76	3	33	4	61	5	11	6	30	7	87	8	77	9	107	10	76	11	22	12	60	13	15	14	57	15	18	16	91	17	108	18	61	19	30	20	45	21	91	22	36	23	65	24	68	25	44	26	74	27	24	28	68	29	81	30	18	31	99	32	30	33	8	34	18	35	24	36	27	37	107	38	74	39	43	
	0	73	1	49	2	92	3	33	4	67	5	21	6	38	7	69	8	77	9	100	10	75	11	21	12	55	13	13	14	66	15	16	16	92	17	103	18	66	19	31	20	45	21	95	22	26	23	67	24	56	25	37	26	68	27	35	28	69	29	87	30	18	31	100	32	25	33	18	34	15	35	28	36	24	37	99	38	60	39	58	
	0	68	1	54	2	85	3	18	4	57	5	13	6	27	7	85	8	61	9	105	10	76	11	10	12	43	13	32	14	57	15	10	16	90	17	112	18	78	19	26	20	40	21	90	22	41	23	67	24	73	25	36	26	68	27	37	28	82	29	82	30	10	31	86	32	21	33	13	34	15	35	29	36	15	37	107	38	71	39	48	
	0	66	1	54	2	77	3	18	4	51	5	26	6	37	7	76	8	63	9	107	10	75	11	12	12	44	13	19	14	65	15	11	16	82	17	105	18	70	19	29	20	36	21	79	22	24	23	60	24	54	25	34	26	65	27	31	28	73	29	89	30	7	31	84	32	22	33	18	34	5	35	29	36	25	37	104	38	74	39	58	
	0	61	1	58	2	82	3	32	4	52	5	13	6	26	7	88	8	76	9	101	10	65	11	18	12	61	13	23	14	57	15	25	16	95	17	115	18	78	19	43	20	43	21	94	22	33	23	61	24	65	25	37	26	66	27	26	28	75	29	98	30	12	31	91	32	33	33	27	34	13	35	38	36	13	37	98	38	70	39	46	
	0	55	1	43	2	94	3	24	4	52	5	9	6	33	7	87	8	61	9	115	10	59	11	25	12	44	13	30	14	54	15	21	16	101	17	102	18	75	19	33	20	47	21	86	22	36	23	67	24	57	25	40	26	73	27	35	28	74	29	92	30	13	31	82	32	27	33	24	34	21	35	35	36	18	37	95	38	61	39	55	
	0	72	1	53	2	85	3	31	4	48	5	15	6	43	7	74	8	74	9	105	10	73	11	18	12	54	13	31	14	67	15	13	16	89	17	105	18	68	19	41	20	34	21	81	22	29	23	70	24	58	25	38	26	79	27	25	28	71	29	91	30	14	31	94	32	32	33	15	34	22	35	28	36	23	37	100	38	74	39	59	
	0	61	1	46	2	85	3	27	4	57	5	22	6	37	7	86	8	77	9	108	10	67	11	17	12	51	13	26	14	61	15	7	16	92	17	100	18	66	19	41	20	47	21	91	22	38	23	51	24	65	25	32	26	64	27	35	28	71	29	94	30	17	31	99	32	25	33	26	34	20	35	37	36	24	37	90	38	76	39	45	
	0	68	1	40	2	80	3	17	4	61	5	14	6	27	7	74	8	59	9	118	10	75	11	13	12	62	13	16	14	56	15	21	16	84	17	104	18	61	19	34	20	41	21	78	22	31	23	52	24	58	25	28	26	69	27	36	28	82	29	83	30	25	31	91	32	22	33	12	34	14	35	32	36	28	37	103	38	75	39	58	
	0	65	1	49	2	88	3	17	4	55	5	27	6	36	7	80	8	60	9	100	10	69	11	9	12	58	13	32	14	59	15	18	16	98	17	117	18	74	19	35	20	32	21	91	22	23	23	64	24	57	25	38	26	65	27	20	28	69	29	81	30	22	31	84	32	17	33	14	34	11	35	31	36	19	37	99	38	63	39	56	
	0	63	1	57	2	86	3	34	4	56	5	10	6	37	7	70	8	66	9	101	10	73	11	10	12	51	13	17	14	57	15	25	16	93	17	104	18	64	19	44	20	32	21	85	22	41	23	55	24	57	25	38	26	67	27	34	28	69	29	97	30	12	31	90	32	32	33	10	34	14	35	27	36	20	37	91	38	74	39	53	
	0	67	1	41	2	75	3	35	4	59	5	8	6	31	7	85	8	71	9	102	10	72	11	13	12	62	13	28	14	63	15	8	16	89	17	110	18	74	19	28	20	36	21	78	22	35	23	66	24	57	25	33	26	71	27	20	28	70	29	81	30	26	31	99	32	18	33	27	34	9	35	24	36	32	37	92	38	67	39	43	
	0	70	1	55	2	78	3	24	4	65	5	17	6	44	7	71	8	69	9	102	10	70	11	16	12	51	13	15	14	64	15	10	16	91	17	110	18	78	19	41	20	35	21	93	22	31	23	51	24	66	25	33	26	75	27	26	28	67	29	81	30	19	31	101	32	18	33	16	34	23	35	22	36	18	37	89	38	76	39	52	
	0	69	1	52	2	84	3	32	4	59	5	16	6	35	7	88	8	62	9	104	10	69	11	10	12	55	13	23	14	59	15	24	16	96	17	103	18	66	19	35	20	37	21	82	22	42	23	56	24	65	25	32	26	64	27	38	28	65	29	98	30	7	31	91	32	32	33	10	34	16	35	29	36	13	37	93	38	70	39	52	
	0	54	1	46	2	87	3	24	4	61	5	13	6	42	7	77	8	68	9	119	10	71	11	25	12	53	13	15	14	63	15	21	16	99	17	117	18	67	19	44	20	38	21	80	22	39	23	52	24	71	25	30	26	69	27	21	28	81	29	97	30	21	31	91	32	19	33	9	34	15	35	36	36	14	37	94	38	60	39	53	
	0	68	1	54	2	77	3	28	4	59	5	22	6	26	7	86	8	75	9	116	10	66	11	14	12	61	13	26	14	57	15	19	16	85	17	115	18	76	19	27	20	38	21	90	22	26	23	58	24	63	25	43	26	69	27	25	28	75	29	98	30	25	31	88	32	30	33	19	34	22	35	32	36	32	37	91	38	70	39	55	
	0	69	1	44	2	82	3	25	4	58	5	16	6	36	7	87	8	75	9	108	10	62	11	12	12	52	13	26	14	60	15	15	16	84	17	111	18	71	19	31	20	45	21	94	22	42	23	52	24	55	25	42	26	71	27	26	28	65	29	86	30	13	31	88	32	26	33	25	34	6	35	30	36	19	37	105	38	73	39	61	
	0	64	1	49	2	94	3	24	4	50	5	23	6	44	7	78	8	59	9	101	10	75	11	12	12	46	13	28	14	61	15	14	16	98	17	117	18	66	19	27	20	48	21	77	22	33	23	58	24	66	25	32	26	82	27	21	28	73	29	82	30	21	31	99	32	19	33	23	34	4	35	37	36	29	37	97	38	66	39	49	
	0	60	1	51	2	90	3	36	4	50	5	13	6	33	7	69	8	60	9	118	10	71	11	28	12	48	13	32	14	56	15	7	16	85	17	104	18	62	19	35	20	40	21	80	22	28	23	69	24	55	25	27	26	76	27	28	28	67	29	83	30	17	31	95	32	27	33	27	34	11	35	28	36	19	37	98	38	63	39	51	
	0	73	1	40	2	78	3	27	4	53	5	17	6	31	7	86	8	65	9	110	10	67	11	25	12	61	13	22	14	62	15	15	16	97	17	107	18	76	19	42	20	37	21	81	22	24	23	68	24	67	25	36	26	64	27	28	28	82	29	85	30	18	31	86	32	27	33	9	34	12	35	29	36	31	37	104	38	58	39	46	
	0	64	1	51	2	94	3	36	4	48	5	26	6	28	7	85	8	74	9	110	10	58	11	26	12	59	13	20	14	66	15	15	16	100	17	101	18	61	19	30	20	38	21	76	22	40	23	58	24	59	25	31	26	78	27	25	28	79	29	97	30	16	31	100	32	28	33	20	34	7	35	35	36	25	37	102	38	57	39	54	
	0	56	1	52	2	83	3	35	4	57	5	26	6	40	7	72	8	72	9	112	10	66	11	12	12	62	13	28	14	54	15	18	16	101	17	113	18	64	19	45	20	51	21	77	22	39	23	53	24	69	25	28	26	76	27	35	28	68	29	88	30	16	31	95	32	33	33	15	34	13	35	30	36	28	37	100	38	59	39	61	
	0	56	1	48	2	90	3	24	4	65	5	24	6	44	7	75	8	70	9	104	10	62	11	14	12	46	13	18	14	61	15	18	16	100	17	108	18	61	19	29	20	32	21	92	22	34	23	54	24	61	25	29	26	66	27	20	28	68	29	83	30	10	31	100	32	30	33	13	34	15	35	31	36	20	37	98	38	63	39	61	
	0	72	1	52	2	84	3	31	4	54	5	16	6	42	7	75	8	71	9	109	10	70	11	18	12	59	13	27	14	54	15	22	16	84	17	107	18	69	19	34	20	38	21	78	22	26	23	63	24	63	25	33	26	64	27	37	28	68	29	83	30	9	31	89	32	21	33	23	34	6	35	40	36	20	37	88	38	59	39	43	
	0	71	1	52	2	91	3	20	4	66	5	14	6	28	7	83	8	60	9	111	10	65	11	15	12	46	13	31	14	63	15	11	16	98	17	107	18	66	19	32	20	37	21	83	22	42	23	58	24	68	25	34	26	69	27	32	28	64	29	93	30	25	31	93	32	32	33	9	34	20	35	31	36	32	37	95	38	76	39	60	
	0	64	1	49	2	82	3	18	4	56	5	21	6	31	7	80	8	74	9	115	10	75	11	17	12	62	13	23	14	53	15	18	16	94	17	109	18	77	19	29	20	37	21	94	22	36	23	51	24	62	25	43	26	65	27	28	28	66	29	95	30	14	31	89	32	30	33	24	34	7	35	38	36	30	37	101	38	64	39	46	
	0	71	1	45	2	83	3	35	4	60	5	27	6	34	7	72	8	59	9	100	10	63	11	13	12	46	13	16	14	57	15	19	16	89	17	105	18	61	19	40	20	34	21	81	22	27	23	67	24	68	25	33	26	78	27	29	28	74	29	81	30	23	31	99	32	25	33	9	34	21	35	28	36	13	37	104	38	62	39	61	
	0	66	1	56	2	76	3	29	4	57	5	14	6	41	7	72	8	66	9	103	10	62	11	25	12	61	13	28	14	55	15	20	16	97	17	102	18	72	19	43	20	34	21	91	22	26	23	58	24	72	25	44	26	71	27	22	28	71	29	94	30	21	31	88	32	33	33	24	34	6	35	22	36	24	37	93	38	74	39	52	
	0	60	1	56	2	76	3	19	4	67	5	13	6	38	7	78	8	58	9	116	10	70	11	13	12	50	13	31	14	59	15	7	16	88	17	107	18	66	19	32	20	49	21	76	22	29	23	51	24	68	25	25	26	64	27	31	28	73	29	97	30	19	31	82	32	22	33	12	34	8	35	40	36	22	37	94	38	75	39	60	
	0	70	1	43	2	80	3	21	4	57	5	20	6	28	7	86	8	67	9	113	10	61	11	23	12	50	13	15	14	62	15	7	16	96	17	100	18	79	19	30	20	45	21	94	22	29	23	61	24	59	25	30	26	77	27	23	28	76	29	94	30	15	31	86	32	17	33	20	34	16	35	39	36	30	37	101	38	57	39	47	
	0	65	1	39	2	82	3	29	4	59	5	11	6	42	7	77	8	61	9	110	10	73	11	16	12	61	13	15	14	53	15	15	16	92	17	107	18	70	19	38	20	48	21	84	22	27	23	58	24	69	25	43	26	69	27	35	28	73	29	99	30	25	31	89	32	25	33	20	34	23	35	34	36	17	37	103	38	65	39	52	
	0	72	1	55	2	94	3	21	4	51	5	25	6	31	7	81	8	64	9	102	10	62	11	26	12	51	13	20	14	58	15	17	16	83	17	102	18	80	19	43	20	44	21	79	22	27	23	58	24	59	25	42	26	74	27	37	28	64	29	84	30	25	31	99	32	22	33	24	34	16	35	36	36	28	37	90	38	68	39	52	
	0	54	1	52	2	89	3	28	4	61	5	11	6	42	7	74	8	72	9	105	10	58	11	14	12	43	13	18	14	50	15	18	16	100	17	114	18	73	19	30	20	33	21	89	22	29	23	70	24	62	25	35	26	75	27	19	28	70	29	80	30	11	31	85	32	31	33	16	34	13	35	26	36	18	37	99	38	69	39	48	
	0	69	1	46	2	81	3	21	4	63	5	20	6	33	7	85	8	66	9	106	10	74	11	25	12	48	13	24	14	64	15	24	16	100	17	102	18	62	19	33	20	44	21	90	22	26	23	54	24	68	25	25	26	69	27	38	28	63	29	87	30	15	31	87	32	29	33	12	34	19	35	41	36	14	37	91	38	76	39	56	
	0	73	1	53	2	78	3	30	4	51	5	8	6	31	7	79	8	74	9	112	10	64	11	26	12	48	13	19	14	62	15	9	16	84	17	100	18	65	19	38	20	33	21	87	22	23	23	68	24	68	25	30	26	78	27	28	28	63	29	85	30	7	31	84	32	22	33	27	34	22	35	27	36	28	37	91	38	72	39	62	
	0	63	1	44	2	83	3	27	4	61	5	11	6	40	7	81	8	67	9	104	10	71	11	28	12	62	13	20	14	56	15	9	16	85	17	100	18	74	19	41	20	45	21	78	22	37	23	70	24	67	25	25	26	69	27	31	28	80	29	84	30	14	31	99	32	16	33	11	34	8	35	41	36	18	37	101	38	65	39	55	
	0	72	1	42	2	82	3	32	4	66	5	27	6	43	7	70	8	65	9	119	10	64	11	19	12	56	13	20	14	59	15	18	16	91	17	111	18	76	19	39	20	45	21	79	22	31	23	61	24	71	25	32	26	72	27	38	28	71	29	93	30	12	31	93	32	19	33	23	34	7	35	32	36	29	37	88	38	74	39	61	
	0	71	1	47	2	75	3	20	4	51	5	11	6	44	7	82	8	77	9	113	10	58	11	27	12	44	13	28	14	61	15	9	16	98	17	111	18	74	19	37	20	38	21	92	22	38	23	66	24	57	25	29	26	73	27	19	28	77	29	94	30	21	31	87	32	30	33	16	34	8	35	28	36	31	37	94	38	72	39	53	
	0	68	1	51	2	93	3	19	4	63	5	10	6	38	7	78	8	60	9	101	10	70	11	23	12	45	13	31	14	57	15	13	16	86	17	103	18	72	19	28	20	44	21	81	22	36	23	51	24	70	25	25	26	80	27	38	28	69	29	98	30	9	31	97	32	20	33	25	34	23	35	25	36	18	37	98	38	71	39	46	
	0	67	1	57	2	89	3	19	4	59	5	23	6	42	7	83	8	66	9	113	10	70	11	24	12	51	13	24	14	65	15	7	16	91	17	106	18	72	19	43	20	47	21	88	22	26	23	66	24	61	25	25	26	68	27	21	28	72	29	85	30	22	31	89	32	18	33	16	34	7	35	28	36	24	37	101	38	67	39	62	
	0	64	1	43	2	88	3	21	4	51	5	9	6	41	7	75	8	59	9	119	10	63	11	20	12	55	13	17	14	64	15	25	16	83	17	116	18	64	19	38	20	43	21	82	22	34	23	66	24	61	25	44	26	76	27	26	28	63	29	91	30	18	31	99	32	20	33	18	34	21	35	41	36	30	37	92	38	64	39	62	
	0	54	1	51	2	78	3	35	4	66	5	21	6	40	7	85	8	66	9	104	10	74	11	11	12	61	13	20	14	67	15	11	16	93	17	109	18	66	19	32	20	36	21	85	22	38	23	56	24	59	25	30	26	70	27	33	28	77	29	98	30	23	31	93	32	15	33	18	34	13	35	23	36	30	37	99	38	73	39	60	
	0	59	1	44	2	85	3	26	4	66	5	9	6	33	7	85	8	76	9	112	10	58	11	17	12	55	13	28	14	51	15	8	16	98	17	115	18	66	19	43	20	46	21	92	22	36	23	68	24	62	25	35	26	79	27	35	28	74	29	98	30	17	31	90	32	28	33	24	34	6	35	34	36	31	37	95	38	76	39	61	
	0	54	1	43	2	86	3	22	4	59	5	14	6	40	7	69	8	75	9	104	10	60	11	18	12	48	13	18	14	63	15	11	16	85	17	102	18	77	19	38	20	38	21	85	22	40	23	64	24	61	25	41	26	70	27	37	28	80	29	89	30	21	31	84	32	23	33	14	34	18	35	27	36	21	37	99	38	65	39	51	
	0	70	1	49	2	86	3	25	4	54	5	26	6	34	7	87	8	75	9	104	10	68	11	19	12	50	13	18	14	60	15	15	16	89	17	98	18	73	19	37	20	42	21	83	22	37	23	60	24	62	25	32	26	72	27	26	28	68	29	92	30	25	31	89	32	22	33	11	34	22	35	26	36	15	37	105	38	65	39	50	
	0	63	1	45	2	81	3	27	4	49	5	20	6	43	7	75	8	75	9	106	10	69	11	25	12	46	13	17	14	56	15	21	16	86	17	103	18	67	19	31	20	46	21	78	22	32	23	57	24	69	25	41	26	79	27	26	28	74	29	82	30	9	31	82	32	27	33	21	34	19	35	23	36	18	37	99	38	75	39	55	
	0	73	1	43	2	94	3	17	4	67	5	8	6	34	7	83	8	68	9	111	10	63	11	21	12	53	13	20	14	54	15	19	16	96	17	100	18	66	19	37	20	48	21	86	22	27	23	66	24	66	25	43	26	74	27	28	28	82	29	92	30	13	31	87	32	27	33	27	34	13	35	31	36	26	37	89	38	70	39	52	
	0	67	1	48	2	93	3	17	4	48	5	24	6	35	7	75	8	74	9	105	10	76	11	28	12	53	13	29	14	59	15	25	16	83	17	113	18	62	19	35	20	35	21	80	22	35	23	57	24	61	25	33	26	76	27	32	28	71	29	86	30	19	31	97	32	30	33	14	34	7	35	29	36	27	37	94	38	74	39	53	
	0	71	1	53	2	78	3	35	4	52	5	24	6	30	7	77	8	58	9	114	10	67	11	26	12	45	13	31	14	59	15	17	16	86	17	111	18	62	19	28	20	43	21	80	22	34	23	70	24	70	25	38	26	68	27	29	28	71	29	92	30	10	31	84	32	28	33	13	34	9	35	30	36	14	37	103	38	75	39	43	
	0	71	1	51	2	85	3	21	4	50	5	24	6	32	7	77	8	70	9	117	10	74	11	26	12	54	13	21	14	62	15	26	16	101	17	110	18	61	19	31	20	36	21	95	22	42	23	58	24	56	25	27	26	79	27	38	28	76	29	89	30	14	31	100	32	17	33	25	34	7	35	34	36	26	37	89	38	69	39	53	
	0	54	1	50	2	92	3	18	4	57	5	10	6	40	7	74	8	72	9	109	10	75	11	16	12	44	13	31	14	53	15	7	16	85	17	104	18	79	19	42	20	36	21	84	22	30	23	67	24	57	25	34	26	72	27	32	28	75	29	87	30	13	31	91	32	27	33	9	34	8	35	26	36	20	37	93	38	65	39	55	
	0	70	1	50	2	79	3	21	4	59	5	17	6	39	7	69	8	60	9	100	10	65	11	11	12	52	13	18	14	68	15	22	16	86	17	99	18	76	19	40	20	51	21	80	22	30	23	57	24	72	25	41	26	63	27	34	28	73	29	96	30	26	31	88	32	28	33	8	34	8	35	32	36	30	37	98	38	60	39	46	
	0	55	1	56	2	78	3	17	4	67	5	27	6	30	7	76	8	71	9	107	10	74	11	10	12	44	13	30	14	53	15	12	16	85	17	107	18	73	19	33	20	44	21	88	22	24	23	59	24	66	25	43	26	74	27	37	28	71	29	93	30	9	31	98	32	24	33	27	34	12	35	33	36	22	37	88	38	75	39	51	
	0	66	1	43	2	79	3	35	4	64	5	24	6	28	7	82	8	69	9	103	10	70	11	17	12	49	13	31	14	61	15	10	16	98	17	100	18	68	19	44	20	35	21	88	22	40	23	62	24	63	25	39	26	78	27	30	28	79	29	96	30	26	31	98	32	29	33	25	34	16	35	35	36	30	37	94	38	66	39	48	
	0	71	1	42	2	83	3	18	4	67	5	26	6	30	7	74	8	71	9	111	10	60	11	15	12	56	13	27	14	67	15	23	16	89	17	115	18	71	19	37	20	35	21	76	22	25	23	59	24	54	25	31	26	82	27	22	28	80	29	92	30	18	31	97	32	18	33	22	34	23	35	27	36	16	37	93	38	69	39	53	
	0	59	1	47	2	94	3	30	4	65	5	8	6	43	7	84	8	72	9	108	10	58	11	12	12	54	13	28	14	65	15	22	16	94	17	115	18	71	19	41	20	40	21	76	22	30	23	58	24	61	25	37	26	70	27	32	28	69	29	82	30	17	31	88	32	26	33	13	34	22	35	40	36	15	37	92	38	73	39	54	