200 40 1
40
	0	43	1	82	2	27	3	90	4	78	5	94	6	49	7	49	8	89	9	21	10	31	11	62	12	35	13	27	14	100	15	75	16	53	17	36	18	22	19	37	20	93	21	80	22	70	23	30	24	41	25	84	26	91	27	72	28	103	29	72	30	62	31	16	32	114	33	58	34	42	35	88	36	56	37	44	38	42	39	24	
	0	43	1	97	2	38	3	99	4	92	5	86	6	49	7	59	8	87	9	15	10	25	11	75	12	35	13	23	14	106	15	78	16	62	17	47	18	29	19	41	20	95	21	84	22	78	23	36	24	46	25	76	26	93	27	73	28	102	29	67	30	59	31	22	32	109	33	48	34	47	35	88	36	57	37	39	38	33	39	16	
	0	35	1	88	2	34	3	90	4	91	5	83	6	51	7	65	8	82	9	5	10	23	11	58	12	25	13	31	14	99	15	90	16	50	17	36	18	29	19	33	20	89	21	81	22	81	23	31	24	48	25	88	26	96	27	78	28	104	29	66	30	61	31	5	32	110	33	53	34	49	35	87	36	54	37	42	38	41	39	21	
	0	41	1	94	2	26	3	104	4	87	5	88	6	66	7	62	8	84	9	12	10	31	11	66	12	22	13	14	14	113	15	84	16	65	17	36	18	28	19	40	20	100	21	92	22	85	23	35	24	52	25	74	26	85	27	59	28	103	29	79	30	69	31	4	32	117	33	51	34	45	35	96	36	58	37	51	38	28	39	26	
	0	41	1	98	2	28	3	92	4	76	5	93	6	65	7	56	8	82	9	22	10	37	11	60	12	37	13	30	14	105	15	75	16	66	17	48	18	26	19	42	20	86	21	88	22	75	23	32	24	44	25	70	26	86	27	63	28	93	29	61	30	62	31	4	32	114	33	56	34	37	35	91	36	55	37	37	38	35	39	29	
	0	26	1	93	2	42	3	90	4	93	5	83	6	58	7	51	8	91	9	17	10	29	11	73	12	25	13	20	14	109	15	94	16	63	17	35	18	25	19	38	20	94	21	96	22	77	23	37	24	58	25	77	26	96	27	62	28	105	29	73	30	64	31	19	32	105	33	46	34	47	35	87	36	69	37	50	38	32	39	27	
	0	25	1	87	2	44	3	92	4	75	5	78	6	55	7	49	8	98	9	16	10	25	11	59	12	30	13	25	14	97	15	90	16	57	17	43	18	23	19	36	20	89	21	93	22	72	23	24	24	43	25	83	26	82	27	64	28	103	29	73	30	63	31	11	32	104	33	57	34	36	35	93	36	53	37	50	38	32	39	20	
	0	31	1	79	2	28	3	100	4	74	5	96	6	62	7	46	8	95	9	16	10	27	11	65	12	38	13	22	14	106	15	84	16	67	17	37	18	21	19	38	20	83	21	91	22	77	23	24	24	53	25	80	26	99	27	69	28	103	29	65	30	53	31	22	32	117	33	55	34	38	35	92	36	57	37	46	38	34	39	32	
	0	30	1	96	2	30	3	88	4	82	5	84	6	64	7	62	8	98	9	17	10	34	11	61	12	27	13	28	14	95	15	85	16	59	17	36	18	20	19	32	20	98	21	89	22	70	23	29	24	52	25	76	26	85	27	67	28	94	29	70	30	60	31	11	32	104	33	59	34	52	35	87	36	56	37	49	38	44	39	16	
	0	36	1	95	2	44	3	105	4	79	5	94	6	62	7	59	8	91	9	20	10	24	11	68	12	31	13	25	14	103	15	86	16	48	17	49	18	28	19	38	20	96	21	97	22	79	23	39	24	59	25	74	26	91	27	78	28	103	29	77	30	52	31	5	32	104	33	53	34	51	35	89	36	58	37	41	38	30	39	26	
	0	26	1	93	2	41	3	90	4	92	5	82	6	55	7	46	8	90	9	12	10	24	11	67	12	33	13	14	14	95	15	84	16	61	17	44	18	35	19	27	20	98	21	87	22	80	23	22	24	40	25	75	26	81	27	67	28	107	29	67	30	67	31	9	32	104	33	45	34	40	35	83	36	65	37	45	38	41	39	27	
	0	24	1	90	2	37	3	99	4	87	5	89	6	50	7	65	8	92	9	15	10	34	11	68	12	23	13	27	14	105	15	94	16	62	17	40	18	27	19	32	20	88	21	87	22	89	23	35	24	48	25	73	26	92	27	72	28	101	29	65	30	56	31	8	32	116	33	49	34	39	35	93	36	70	37	50	38	41	39	27	
	0	42	1	80	2	37	3	92	4	92	5	94	6	62	7	59	8	86	9	10	10	30	11	63	12	40	13	19	14	111	15	90	16	52	17	39	18	29	19	34	20	95	21	94	22	76	23	35	24	46	25	76	26	94	27	60	28	104	29	75	30	56	31	20	32	111	33	45	34	40	35	81	36	51	37	45	38	40	39	16	
	0	42	1	92	2	39	3	91	4	79	5	83	6	55	7	46	8	83	9	14	10	34	11	76	12	36	13	23	14	95	15	78	16	51	17	50	18	27	19	42	20	94	21	93	22	87	23	35	24	56	25	81	26	94	27	76	28	94	29	65	30	64	31	3	32	114	33	58	34	45	35	78	36	69	37	37	38	37	39	34	
	0	40	1	88	2	28	3	96	4	75	5	87	6	48	7	60	8	97	9	10	10	26	11	63	12	40	13	31	14	109	15	80	16	57	17	36	18	21	19	27	20	96	21	99	22	88	23	32	24	45	25	84	26	96	27	60	28	97	29	78	30	60	31	21	32	108	33	45	34	40	35	85	36	67	37	45	38	30	39	32	
	0	40	1	98	2	33	3	102	4	87	5	84	6	60	7	51	8	98	9	20	10	37	11	71	12	33	13	29	14	99	15	91	16	62	17	50	18	31	19	41	20	101	21	80	22	72	23	35	24	54	25	89	26	96	27	77	28	96	29	70	30	54	31	22	32	106	33	56	34	34	35	88	36	52	37	42	38	47	39	33	
	0	35	1	91	2	37	3	90	4	78	5	80	6	65	7	51	8	87	9	18	10	28	11	73	12	35	13	17	14	101	15	83	16	64	17	50	18	38	19	32	20	99	21	97	22	73	23	37	24	57	25	80	26	82	27	78	28	96	29	62	30	50	31	13	32	100	33	52	34	37	35	89	36	65	37	54	38	41	39	27	
	0	25	1	88	2	36	3	95	4	92	5	86	6	64	7	59	8	86	9	23	10	34	11	68	12	23	13	24	14	103	15	81	16	48	17	35	18	22	19	26	20	101	21	95	22	87	23	22	24	47	25	74	26	97	27	65	28	101	29	64	30	65	31	14	32	101	33	48	34	39	35	81	36	55	37	55	38	32	39	25	
	0	35	1	88	2	35	3	91	4	78	5	92	6	51	7	56	8	81	9	21	10	38	11	74	12	37	13	28	14	109	15	81	16	48	17	42	18	28	19	31	20	83	21	93	22	84	23	34	24	49	25	88	26	100	27	64	28	107	29	61	30	62	31	5	32	118	33	45	34	38	35	92	36	60	37	40	38	41	39	31	
	0	38	1	85	2	31	3	104	4	77	5	91	6	60	7	52	8	93	9	19	10	30	11	62	12	38	13	14	14	105	15	91	16	55	17	39	18	24	19	31	20	94	21	93	22	79	23	27	24	53	25	82	26	93	27	71	28	95	29	79	30	65	31	5	32	111	33	47	34	39	35	82	36	58	37	54	38	39	39	20	
	0	40	1	81	2	35	3	99	4	85	5	92	6	54	7	52	8	81	9	11	10	32	11	64	12	27	13	16	14	105	15	85	16	58	17	37	18	28	19	38	20	87	21	97	22	74	23	37	24	55	25	86	26	96	27	67	28	105	29	74	30	57	31	14	32	100	33	54	34	53	35	82	36	60	37	54	38	28	39	18	
	0	38	1	82	2	42	3	97	4	89	5	92	6	58	7	51	8	99	9	5	10	28	11	70	12	38	13	18	14	111	15	93	16	56	17	49	18	22	19	30	20	95	21	82	22	75	23	31	24	52	25	84	26	87	27	71	28	99	29	60	30	59	31	9	32	117	33	63	34	52	35	93	36	69	37	43	38	47	39	31	
	0	28	1	95	2	27	3	90	4	88	5	88	6	58	7	61	8	98	9	13	10	38	11	71	12	22	13	30	14	111	15	77	16	59	17	33	18	33	19	33	20	98	21	89	22	78	23	20	24	57	25	89	26	88	27	75	28	96	29	76	30	63	31	4	32	100	33	64	34	42	35	80	36	53	37	40	38	38	39	32	
	0	43	1	85	2	28	3	92	4	76	5	94	6	59	7	51	8	90	9	7	10	21	11	70	12	35	13	28	14	113	15	90	16	57	17	37	18	23	19	31	20	92	21	87	22	74	23	38	24	50	25	75	26	81	27	59	28	106	29	79	30	62	31	11	32	109	33	56	34	53	35	86	36	64	37	39	38	41	39	21	
	0	32	1	95	2	27	3	102	4	93	5	82	6	52	7	48	8	95	9	20	10	29	11	63	12	27	13	31	14	109	15	84	16	55	17	36	18	30	19	27	20	88	21	89	22	80	23	21	24	54	25	73	26	92	27	60	28	107	29	64	30	68	31	8	32	108	33	53	34	39	35	81	36	54	37	45	38	44	39	17	
	0	39	1	95	2	33	3	103	4	83	5	95	6	57	7	49	8	87	9	17	10	33	11	67	12	28	13	20	14	98	15	78	16	58	17	42	18	34	19	28	20	89	21	92	22	70	23	32	24	55	25	88	26	88	27	60	28	110	29	70	30	61	31	14	32	112	33	59	34	37	35	96	36	62	37	38	38	30	39	18	
	0	31	1	83	2	29	3	103	4	85	5	78	6	53	7	55	8	85	9	22	10	35	11	69	12	32	13	16	14	105	15	85	16	54	17	47	18	22	19	40	20	97	21	87	22	70	23	27	24	55	25	86	26	100	27	66	28	99	29	68	30	60	31	3	32	105	33	49	34	42	35	87	36	69	37	36	38	33	39	18	
	0	39	1	98	2	39	3	90	4	87	5	83	6	58	7	58	8	92	9	15	10	32	11	60	12	40	13	32	14	113	15	75	16	48	17	36	18	23	19	44	20	89	21	91	22	87	23	20	24	50	25	76	26	85	27	77	28	106	29	78	30	60	31	18	32	103	33	58	34	36	35	82	36	67	37	49	38	31	39	21	
	0	32	1	96	2	32	3	93	4	84	5	89	6	66	7	47	8	88	9	9	10	26	11	59	12	26	13	31	14	104	15	80	16	67	17	48	18	28	19	36	20	91	21	90	22	87	23	33	24	48	25	86	26	95	27	73	28	96	29	78	30	69	31	17	32	113	33	62	34	41	35	80	36	52	37	52	38	31	39	23	
	0	31	1	85	2	44	3	88	4	85	5	85	6	65	7	63	8	99	9	7	10	21	11	70	12	33	13	32	14	100	15	82	16	56	17	47	18	19	19	45	20	96	21	91	22	88	23	30	24	57	25	88	26	86	27	66	28	101	29	62	30	68	31	11	32	114	33	60	34	46	35	78	36	57	37	39	38	32	39	27	
	0	29	1	81	2	29	3	90	4	83	5	92	6	65	7	47	8	87	9	6	10	23	11	74	12	38	13	15	14	114	15	79	16	54	17	40	18	34	19	35	20	87	21	80	22	74	23	20	24	59	25	79	26	100	27	71	28	110	29	65	30	59	31	22	32	114	33	47	34	41	35	94	36	51	37	48	38	44	39	29	
	0	32	1	79	2	43	3	93	4	89	5	80	6	57	7	59	8	92	9	12	10	22	11	66	12	38	13	21	14	96	15	86	16	65	17	32	18	23	19	40	20	84	21	97	22	72	23	39	24	43	25	77	26	91	27	67	28	94	29	77	30	59	31	5	32	104	33	48	34	38	35	86	36	54	37	48	38	28	39	34	
	0	35	1	95	2	39	3	95	4	92	5	77	6	49	7	54	8	93	9	17	10	35	11	73	12	38	13	30	14	100	15	90	16	59	17	34	18	34	19	34	20	100	21	88	22	82	23	20	24	55	25	76	26	100	27	71	28	105	29	70	30	50	31	11	32	102	33	50	34	49	35	87	36	66	37	45	38	46	39	21	
	0	27	1	81	2	37	3	104	4	92	5	77	6	48	7	65	8	81	9	19	10	31	11	76	12	34	13	25	14	105	15	83	16	53	17	31	18	25	19	36	20	90	21	94	22	84	23	23	24	50	25	73	26	83	27	76	28	94	29	69	30	60	31	5	32	111	33	46	34	38	35	85	36	55	37	49	38	32	39	30	
	0	39	1	95	2	29	3	97	4	81	5	92	6	57	7	59	8	98	9	16	10	28	11	70	12	23	13	17	14	106	15	83	16	54	17	35	18	33	19	36	20	86	21	99	22	79	23	24	24	49	25	77	26	82	27	72	28	100	29	63	30	58	31	19	32	115	33	52	34	43	35	87	36	70	37	54	38	33	39	34	
	0	36	1	94	2	30	3	86	4	78	5	80	6	48	7	58	8	100	9	15	10	31	11	75	12	26	13	17	14	101	15	84	16	57	17	48	18	28	19	40	20	101	21	80	22	71	23	28	24	47	25	89	26	96	27	75	28	112	29	63	30	63	31	5	32	111	33	49	34	35	35	83	36	62	37	41	38	28	39	23	
	0	31	1	82	2	33	3	99	4	76	5	88	6	57	7	52	8	89	9	17	10	25	11	62	12	34	13	14	14	109	15	80	16	52	17	31	18	29	19	33	20	94	21	90	22	71	23	25	24	48	25	86	26	92	27	63	28	99	29	74	30	51	31	12	32	113	33	55	34	42	35	91	36	60	37	41	38	44	39	24	
	0	33	1	87	2	33	3	105	4	79	5	96	6	61	7	57	8	87	9	9	10	24	11	62	12	31	13	25	14	106	15	89	16	54	17	41	18	22	19	40	20	92	21	89	22	71	23	39	24	45	25	87	26	90	27	67	28	97	29	66	30	50	31	6	32	110	33	58	34	41	35	90	36	55	37	51	38	37	39	26	
	0	38	1	97	2	27	3	91	4	85	5	92	6	53	7	52	8	94	9	6	10	37	11	76	12	24	13	25	14	98	15	94	16	60	17	40	18	26	19	39	20	94	21	95	22	86	23	35	24	40	25	86	26	93	27	76	28	105	29	72	30	56	31	22	32	115	33	50	34	47	35	90	36	66	37	41	38	46	39	25	
	0	36	1	97	2	32	3	96	4	74	5	77	6	60	7	54	8	84	9	13	10	39	11	60	12	25	13	16	14	101	15	94	16	64	17	39	18	28	19	40	20	100	21	84	22	85	23	20	24	45	25	72	26	85	27	71	28	97	29	63	30	68	31	10	32	116	33	60	34	52	35	85	36	64	37	38	38	45	39	34	
	0	38	1	86	2	36	3	92	4	85	5	96	6	53	7	54	8	94	9	23	10	38	11	58	12	28	13	26	14	106	15	85	16	61	17	43	18	36	19	39	20	87	21	92	22	79	23	33	24	47	25	76	26	99	27	65	28	102	29	62	30	51	31	10	32	106	33	50	34	35	35	91	36	53	37	36	38	37	39	21	
	0	42	1	82	2	33	3	88	4	92	5	79	6	64	7	48	8	87	9	6	10	29	11	70	12	30	13	16	14	110	15	92	16	48	17	34	18	25	19	31	20	91	21	81	22	86	23	39	24	59	25	82	26	91	27	78	28	109	29	60	30	59	31	14	32	102	33	52	34	38	35	92	36	61	37	43	38	36	39	21	
	0	36	1	89	2	29	3	91	4	74	5	88	6	64	7	50	8	82	9	14	10	30	11	73	12	41	13	22	14	98	15	78	16	67	17	34	18	21	19	26	20	84	21	88	22	75	23	20	24	49	25	81	26	81	27	77	28	110	29	60	30	52	31	20	32	104	33	55	34	48	35	89	36	54	37	39	38	47	39	15	
	0	35	1	98	2	43	3	95	4	93	5	81	6	51	7	63	8	85	9	10	10	24	11	68	12	36	13	18	14	107	15	91	16	60	17	49	18	21	19	42	20	99	21	95	22	73	23	26	24	51	25	74	26	91	27	64	28	93	29	77	30	60	31	6	32	115	33	60	34	45	35	79	36	58	37	45	38	37	39	32	
	0	37	1	84	2	34	3	94	4	80	5	94	6	55	7	51	8	81	9	7	10	28	11	64	12	37	13	18	14	109	15	80	16	59	17	44	18	24	19	42	20	95	21	86	22	80	23	38	24	42	25	77	26	91	27	62	28	94	29	73	30	55	31	4	32	111	33	56	34	34	35	88	36	57	37	47	38	30	39	24	
	0	37	1	87	2	31	3	89	4	90	5	90	6	49	7	52	8	94	9	9	10	23	11	61	12	33	13	28	14	112	15	85	16	65	17	46	18	27	19	40	20	87	21	96	22	78	23	25	24	57	25	70	26	97	27	78	28	104	29	62	30	65	31	15	32	107	33	57	34	50	35	81	36	53	37	37	38	34	39	33	
	0	33	1	83	2	26	3	96	4	89	5	82	6	50	7	47	8	82	9	17	10	25	11	64	12	32	13	18	14	114	15	83	16	67	17	43	18	27	19	30	20	85	21	96	22	71	23	26	24	43	25	87	26	84	27	67	28	96	29	65	30	66	31	18	32	108	33	55	34	50	35	89	36	61	37	50	38	33	39	29	
	0	39	1	79	2	27	3	95	4	79	5	78	6	59	7	50	8	92	9	24	10	39	11	58	12	37	13	15	14	110	15	78	16	64	17	47	18	26	19	29	20	93	21	93	22	84	23	31	24	52	25	73	26	85	27	66	28	107	29	60	30	67	31	7	32	112	33	64	34	39	35	96	36	65	37	55	38	40	39	24	
	0	42	1	80	2	33	3	90	4	81	5	89	6	54	7	53	8	82	9	18	10	25	11	58	12	24	13	24	14	102	15	91	16	49	17	42	18	36	19	41	20	92	21	88	22	71	23	30	24	54	25	84	26	90	27	74	28	100	29	61	30	69	31	22	32	113	33	59	34	39	35	88	36	58	37	48	38	29	39	20	
	0	39	1	96	2	39	3	100	4	84	5	78	6	67	7	47	8	94	9	12	10	31	11	66	12	40	13	20	14	96	15	85	16	62	17	49	18	24	19	34	20	84	21	95	22	74	23	32	24	41	25	81	26	95	27	70	28	112	29	60	30	65	31	9	32	116	33	52	34	40	35	88	36	67	37	40	38	32	39	15	
	0	31	1	93	2	42	3	95	4	93	5	86	6	50	7	48	8	94	9	20	10	35	11	58	12	39	13	29	14	103	15	90	16	57	17	35	18	29	19	40	20	93	21	94	22	82	23	34	24	59	25	82	26	91	27	67	28	105	29	63	30	66	31	4	32	110	33	48	34	39	35	78	36	62	37	39	38	42	39	20	
	0	41	1	84	2	29	3	98	4	79	5	88	6	50	7	57	8	87	9	17	10	38	11	59	12	31	13	27	14	95	15	84	16	52	17	48	18	35	19	39	20	86	21	83	22	78	23	21	24	52	25	75	26	90	27	67	28	98	29	70	30	55	31	8	32	103	33	50	34	38	35	87	36	59	37	52	38	41	39	24	
	0	33	1	85	2	35	3	94	4	74	5	93	6	67	7	51	8	99	9	24	10	28	11	60	12	29	13	24	14	102	15	91	16	48	17	45	18	31	19	34	20	89	21	85	22	79	23	26	24	51	25	89	26	91	27	66	28	101	29	67	30	63	31	17	32	100	33	47	34	40	35	88	36	60	37	42	38	47	39	34	
	0	38	1	86	2	39	3	104	4	90	5	88	6	50	7	48	8	100	9	24	10	38	11	69	12	28	13	31	14	112	15	87	16	49	17	44	18	21	19	34	20	84	21	99	22	87	23	33	24	44	25	74	26	94	27	71	28	97	29	66	30	58	31	12	32	101	33	60	34	34	35	82	36	64	37	37	38	47	39	27	
	0	24	1	80	2	26	3	105	4	89	5	88	6	67	7	65	8	96	9	21	10	23	11	70	12	39	13	19	14	107	15	93	16	60	17	38	18	21	19	29	20	100	21	99	22	87	23	30	24	50	25	87	26	94	27	67	28	106	29	76	30	60	31	8	32	112	33	58	34	35	35	79	36	58	37	39	38	32	39	32	
	0	24	1	95	2	30	3	94	4	87	5	94	6	52	7	53	8	87	9	8	10	30	11	68	12	24	13	17	14	110	15	75	16	48	17	47	18	33	19	41	20	85	21	98	22	70	23	34	24	54	25	72	26	88	27	69	28	112	29	72	30	51	31	14	32	110	33	51	34	42	35	84	36	57	37	47	38	28	39	27	
	0	35	1	81	2	30	3	100	4	77	5	94	6	51	7	48	8	95	9	24	10	23	11	59	12	38	13	24	14	102	15	87	16	65	17	47	18	32	19	44	20	83	21	93	22	88	23	27	24	54	25	84	26	94	27	63	28	102	29	76	30	58	31	19	32	110	33	50	34	53	35	80	36	54	37	54	38	33	39	17	
	0	42	1	88	2	25	3	94	4	82	5	94	6	56	7	53	8	94	9	24	10	24	11	66	12	28	13	25	14	105	15	83	16	67	17	49	18	31	19	42	20	95	21	87	22	88	23	20	24	56	25	78	26	91	27	74	28	110	29	68	30	58	31	15	32	101	33	49	34	45	35	78	36	66	37	39	38	32	39	22	
	0	33	1	95	2	26	3	100	4	80	5	84	6	61	7	52	8	94	9	14	10	37	11	61	12	33	13	18	14	107	15	90	16	50	17	47	18	25	19	32	20	88	21	97	22	85	23	26	24	58	25	72	26	90	27	63	28	108	29	65	30	53	31	5	32	116	33	49	34	48	35	94	36	57	37	39	38	39	39	21	
	0	24	1	90	2	34	3	94	4	86	5	80	6	57	7	64	8	86	9	15	10	20	11	61	12	33	13	13	14	104	15	77	16	57	17	50	18	35	19	39	20	99	21	82	22	86	23	21	24	50	25	86	26	81	27	75	28	99	29	70	30	50	31	21	32	118	33	51	34	49	35	94	36	67	37	43	38	36	39	32	
	0	34	1	91	2	33	3	89	4	81	5	88	6	62	7	53	8	95	9	20	10	20	11	65	12	37	13	29	14	95	15	79	16	63	17	37	18	28	19	32	20	85	21	83	22	73	23	20	24	57	25	73	26	85	27	77	28	109	29	67	30	54	31	6	32	110	33	61	34	37	35	88	36	61	37	51	38	43	39	19	
	0	42	1	91	2	40	3	103	4	85	5	87	6	66	7	56	8	93	9	23	10	36	11	77	12	35	13	25	14	103	15	93	16	59	17	32	18	36	19	33	20	95	21	94	22	71	23	37	24	53	25	74	26	84	27	62	28	100	29	64	30	59	31	3	32	109	33	56	34	45	35	93	36	60	37	52	38	35	39	20	
	0	41	1	92	2	28	3	93	4	76	5	80	6	51	7	62	8	91	9	5	10	36	11	64	12	25	13	25	14	98	15	86	16	52	17	46	18	30	19	42	20	93	21	83	22	72	23	30	24	42	25	87	26	81	27	64	28	94	29	69	30	53	31	22	32	115	33	52	34	42	35	87	36	53	37	40	38	44	39	33	
	0	38	1	96	2	42	3	101	4	87	5	87	6	54	7	49	8	99	9	13	10	23	11	71	12	27	13	21	14	103	15	88	16	56	17	42	18	31	19	27	20	91	21	81	22	86	23	31	24	56	25	78	26	92	27	64	28	110	29	79	30	54	31	7	32	115	33	54	34	49	35	90	36	63	37	54	38	44	39	17	
	0	41	1	94	2	33	3	90	4	76	5	93	6	57	7	47	8	83	9	6	10	39	11	60	12	25	13	19	14	104	15	76	16	49	17	32	18	28	19	40	20	96	21	83	22	83	23	21	24	58	25	70	26	100	27	59	28	100	29	72	30	52	31	19	32	109	33	57	34	47	35	96	36	51	37	52	38	30	39	31	
	0	24	1	90	2	37	3	87	4	85	5	87	6	55	7	56	8	95	9	10	10	36	11	68	12	22	13	19	14	114	15	79	16	67	17	39	18	29	19	31	20	95	21	81	22	72	23	22	24	46	25	79	26	90	27	72	28	101	29	77	30	56	31	14	32	111	33	59	34	43	35	92	36	65	37	54	38	30	39	22	
	0	36	1	82	2	29	3	96	4	93	5	81	6	67	7	54	8	92	9	21	10	30	11	63	12	35	13	31	14	103	15	78	16	62	17	48	18	32	19	36	20	90	21	99	22	77	23	36	24	46	25	78	26	88	27	65	28	109	29	78	30	62	31	17	32	102	33	56	34	38	35	81	36	68	37	45	38	39	39	16	
	0	43	1	81	2	39	3	96	4	74	5	80	6	62	7	48	8	97	9	10	10	29	11	65	12	41	13	25	14	114	15	94	16	62	17	50	18	20	19	26	20	82	21	99	22	84	23	23	24	41	25	84	26	100	27	77	28	106	29	74	30	65	31	22	32	105	33	62	34	52	35	78	36	68	37	47	38	36	39	34	
	0	36	1	80	2	26	3	99	4	79	5	88	6	54	7	52	8	88	9	10	10	30	11	58	12	39	13	15	14	95	15	77	16	55	17	45	18	26	19	31	20	91	21	93	22	82	23	28	24	57	25	86	26	89	27	71	28	99	29	72	30	59	31	11	32	119	33	59	34	35	35	88	36	52	37	41	38	30	39	15	
	0	40	1	83	2	37	3	102	4	88	5	81	6	55	7	61	8	88	9	8	10	35	11	66	12	36	13	27	14	103	15	75	16	51	17	37	18	24	19	30	20	86	21	95	22	86	23	25	24	59	25	74	26	95	27	74	28	106	29	69	30	65	31	10	32	114	33	58	34	36	35	95	36	56	37	40	38	33	39	15	
	0	42	1	91	2	32	3	99	4	74	5	91	6	62	7	63	8	97	9	16	10	35	11	75	12	34	13	16	14	110	15	76	16	66	17	50	18	36	19	34	20	96	21	92	22	71	23	24	24	54	25	83	26	93	27	68	28	99	29	67	30	50	31	16	32	101	33	50	34	47	35	89	36	66	37	37	38	42	39	32	
	0	31	1	80	2	25	3	101	4	82	5	84	6	66	7	64	8	96	9	11	10	37	11	77	12	41	13	15	14	111	15	75	16	53	17	50	18	36	19	34	20	95	21	83	22	74	23	29	24	42	25	83	26	85	27	69	28	100	29	79	30	61	31	22	32	116	33	57	34	34	35	96	36	64	37	55	38	38	39	34	
	0	26	1	96	2	34	3	89	4	91	5	89	6	50	7	64	8	99	9	9	10	28	11	67	12	34	13	16	14	102	15	89	16	53	17	39	18	38	19	37	20	98	21	86	22	86	23	33	24	56	25	83	26	85	27	77	28	112	29	71	30	54	31	14	32	114	33	52	34	53	35	90	36	69	37	36	38	44	39	32	
	0	43	1	97	2	28	3	97	4	75	5	80	6	54	7	53	8	99	9	8	10	27	11	72	12	24	13	28	14	99	15	85	16	52	17	44	18	35	19	32	20	96	21	88	22	72	23	20	24	53	25	76	26	89	27	69	28	104	29	70	30	61	31	4	32	106	33	59	34	51	35	94	36	66	37	48	38	30	39	15	
	0	28	1	91	2	43	3	88	4	75	5	95	6	64	7	61	8	85	9	18	10	38	11	68	12	36	13	19	14	104	15	80	16	62	17	48	18	38	19	43	20	90	21	96	22	78	23	26	24	43	25	80	26	81	27	63	28	95	29	69	30	66	31	3	32	115	33	46	34	46	35	88	36	62	37	49	38	38	39	26	
	0	31	1	91	2	44	3	88	4	86	5	77	6	66	7	59	8	84	9	24	10	33	11	64	12	25	13	30	14	108	15	86	16	54	17	41	18	35	19	44	20	99	21	87	22	89	23	29	24	42	25	87	26	96	27	60	28	108	29	73	30	64	31	9	32	102	33	64	34	42	35	82	36	66	37	40	38	30	39	30	
	0	31	1	86	2	44	3	102	4	83	5	78	6	65	7	64	8	86	9	20	10	36	11	65	12	22	13	31	14	106	15	84	16	56	17	41	18	30	19	34	20	101	21	93	22	76	23	24	24	50	25	80	26	83	27	65	28	95	29	71	30	67	31	12	32	111	33	53	34	45	35	90	36	55	37	41	38	45	39	32	
	0	25	1	85	2	37	3	90	4	89	5	89	6	59	7	61	8	96	9	21	10	38	11	66	12	35	13	14	14	102	15	77	16	50	17	48	18	26	19	27	20	94	21	81	22	75	23	25	24	45	25	71	26	84	27	65	28	101	29	70	30	68	31	17	32	106	33	47	34	36	35	95	36	64	37	49	38	47	39	33	
	0	24	1	85	2	39	3	87	4	74	5	96	6	59	7	55	8	83	9	5	10	31	11	69	12	24	13	32	14	99	15	81	16	54	17	33	18	22	19	42	20	95	21	95	22	86	23	26	24	40	25	77	26	84	27	63	28	105	29	67	30	57	31	15	32	111	33	57	34	39	35	87	36	57	37	50	38	35	39	27	
	0	30	1	98	2	31	3	87	4	76	5	77	6	50	7	56	8	81	9	6	10	20	11	67	12	36	13	24	14	114	15	85	16	59	17	34	18	33	19	45	20	96	21	81	22	89	23	32	24	45	25	72	26	87	27	61	28	98	29	74	30	52	31	6	32	117	33	46	34	42	35	94	36	59	37	53	38	36	39	29	
	0	33	1	86	2	27	3	102	4	80	5	85	6	54	7	58	8	90	9	19	10	37	11	60	12	22	13	20	14	107	15	91	16	57	17	36	18	30	19	33	20	84	21	91	22	85	23	28	24	59	25	77	26	99	27	63	28	100	29	75	30	68	31	5	32	110	33	51	34	46	35	92	36	52	37	44	38	38	39	24	
	0	24	1	96	2	25	3	86	4	74	5	95	6	59	7	55	8	98	9	10	10	28	11	69	12	28	13	17	14	100	15	90	16	50	17	49	18	27	19	28	20	87	21	82	22	85	23	33	24	49	25	80	26	87	27	61	28	107	29	64	30	58	31	11	32	111	33	45	34	42	35	83	36	56	37	37	38	46	39	34	
	0	26	1	93	2	32	3	89	4	87	5	78	6	60	7	56	8	94	9	20	10	32	11	76	12	22	13	29	14	100	15	84	16	60	17	49	18	31	19	28	20	101	21	89	22	77	23	35	24	40	25	87	26	88	27	78	28	110	29	77	30	60	31	7	32	112	33	58	34	49	35	90	36	65	37	43	38	38	39	16	
	0	25	1	81	2	39	3	98	4	84	5	95	6	66	7	56	8	87	9	11	10	28	11	68	12	26	13	27	14	97	15	85	16	60	17	32	18	37	19	37	20	89	21	90	22	85	23	28	24	55	25	76	26	89	27	70	28	104	29	62	30	66	31	21	32	112	33	62	34	40	35	86	36	63	37	43	38	41	39	31	
	0	26	1	85	2	42	3	93	4	84	5	79	6	61	7	52	8	83	9	22	10	35	11	72	12	22	13	22	14	106	15	93	16	53	17	46	18	19	19	35	20	86	21	84	22	84	23	39	24	50	25	87	26	87	27	63	28	105	29	68	30	50	31	5	32	109	33	54	34	37	35	85	36	57	37	39	38	44	39	16	
	0	24	1	87	2	38	3	95	4	84	5	86	6	51	7	57	8	91	9	17	10	32	11	60	12	41	13	30	14	110	15	90	16	63	17	41	18	29	19	39	20	88	21	96	22	85	23	21	24	45	25	71	26	94	27	73	28	106	29	60	30	51	31	11	32	106	33	55	34	50	35	84	36	59	37	40	38	43	39	15	
	0	36	1	83	2	29	3	99	4	83	5	92	6	63	7	63	8	100	9	10	10	27	11	73	12	33	13	16	14	95	15	88	16	60	17	42	18	38	19	39	20	87	21	97	22	86	23	23	24	53	25	73	26	93	27	69	28	98	29	75	30	63	31	9	32	108	33	53	34	51	35	94	36	57	37	50	38	31	39	33	
	0	30	1	96	2	30	3	104	4	93	5	84	6	63	7	47	8	88	9	20	10	38	11	66	12	36	13	32	14	112	15	89	16	61	17	33	18	34	19	32	20	96	21	82	22	89	23	24	24	49	25	78	26	96	27	69	28	107	29	78	30	68	31	8	32	115	33	52	34	46	35	97	36	53	37	38	38	37	39	33	
	0	35	1	92	2	32	3	92	4	75	5	94	6	60	7	56	8	89	9	18	10	21	11	66	12	28	13	31	14	102	15	76	16	51	17	33	18	26	19	42	20	94	21	91	22	76	23	22	24	45	25	75	26	97	27	66	28	101	29	79	30	66	31	5	32	102	33	56	34	41	35	92	36	59	37	48	38	46	39	17	
	0	29	1	94	2	41	3	90	4	93	5	94	6	59	7	63	8	99	9	10	10	32	11	68	12	32	13	25	14	96	15	90	16	51	17	36	18	35	19	35	20	85	21	86	22	79	23	39	24	40	25	73	26	89	27	69	28	96	29	78	30	56	31	20	32	102	33	57	34	37	35	85	36	69	37	50	38	37	39	15	
	0	40	1	84	2	26	3	102	4	84	5	88	6	65	7	54	8	93	9	12	10	36	11	63	12	28	13	20	14	103	15	89	16	60	17	40	18	29	19	31	20	82	21	91	22	81	23	24	24	41	25	72	26	82	27	62	28	106	29	63	30	58	31	3	32	104	33	56	34	50	35	80	36	58	37	49	38	29	39	16	
	0	28	1	85	2	37	3	94	4	75	5	88	6	52	7	63	8	91	9	22	10	23	11	60	12	24	13	26	14	104	15	79	16	59	17	49	18	21	19	40	20	83	21	90	22	71	23	35	24	40	25	70	26	88	27	59	28	100	29	72	30	53	31	20	32	115	33	50	34	47	35	94	36	52	37	45	38	35	39	23	
	0	33	1	81	2	33	3	98	4	92	5	86	6	58	7	57	8	85	9	23	10	30	11	69	12	38	13	18	14	114	15	89	16	62	17	35	18	21	19	26	20	88	21	84	22	76	23	27	24	43	25	83	26	81	27	77	28	95	29	62	30	53	31	17	32	118	33	61	34	47	35	80	36	56	37	49	38	43	39	26	
	0	24	1	87	2	40	3	103	4	83	5	88	6	57	7	55	8	95	9	17	10	23	11	61	12	38	13	17	14	100	15	94	16	55	17	32	18	34	19	32	20	86	21	82	22	82	23	35	24	52	25	77	26	81	27	70	28	111	29	60	30	55	31	21	32	111	33	58	34	39	35	84	36	68	37	39	38	47	39	15	
	0	25	1	94	2	27	3	100	4	91	5	89	6	61	7	52	8	94	9	20	10	21	11	72	12	27	13	17	14	109	15	92	16	49	17	48	18	24	19	32	20	97	21	94	22	73	23	34	24	49	25	72	26	85	27	64	28	102	29	65	30	62	31	9	32	112	33	64	34	47	35	92	36	65	37	41	38	28	39	15	
	0	38	1	80	2	44	3	97	4	77	5	87	6	60	7	64	8	96	9	17	10	36	11	62	12	29	13	23	14	113	15	77	16	65	17	44	18	29	19	33	20	92	21	95	22	84	23	22	24	41	25	85	26	87	27	69	28	98	29	63	30	53	31	8	32	115	33	60	34	39	35	95	36	52	37	47	38	30	39	21	
	0	29	1	92	2	27	3	89	4	79	5	95	6	49	7	58	8	89	9	13	10	24	11	75	12	36	13	18	14	110	15	80	16	54	17	39	18	19	19	43	20	89	21	92	22	82	23	34	24	42	25	78	26	94	27	72	28	101	29	73	30	62	31	7	32	113	33	62	34	36	35	92	36	67	37	47	38	38	39	26	
	0	43	1	90	2	38	3	96	4	90	5	83	6	54	7	62	8	98	9	12	10	39	11	62	12	27	13	13	14	99	15	75	16	65	17	32	18	29	19	37	20	93	21	92	22	79	23	33	24	51	25	75	26	86	27	76	28	106	29	66	30	51	31	15	32	117	33	45	34	46	35	92	36	70	37	46	38	45	39	31	
	0	30	1	95	2	38	3	97	4	91	5	88	6	55	7	47	8	84	9	19	10	26	11	71	12	34	13	13	14	106	15	83	16	60	17	32	18	34	19	33	20	90	21	83	22	70	23	31	24	51	25	87	26	97	27	67	28	103	29	60	30	67	31	12	32	102	33	52	34	37	35	87	36	60	37	47	38	38	39	27	
	0	29	1	84	2	38	3	96	4	89	5	79	6	61	7	58	8	82	9	6	10	30	11	73	12	28	13	26	14	109	15	91	16	62	17	37	18	25	19	36	20	91	21	95	22	84	23	34	24	54	25	73	26	88	27	60	28	105	29	64	30	63	31	12	32	114	33	63	34	42	35	95	36	56	37	45	38	29	39	18	
	0	24	1	90	2	35	3	89	4	81	5	78	6	60	7	55	8	82	9	14	10	31	11	75	12	32	13	28	14	106	15	76	16	54	17	38	18	21	19	41	20	85	21	89	22	83	23	24	24	56	25	78	26	89	27	59	28	104	29	78	30	63	31	21	32	111	33	55	34	44	35	86	36	60	37	52	38	28	39	17	
	0	35	1	90	2	44	3	88	4	80	5	85	6	52	7	56	8	99	9	20	10	35	11	74	12	40	13	28	14	107	15	77	16	62	17	45	18	29	19	45	20	101	21	90	22	81	23	24	24	59	25	87	26	95	27	62	28	104	29	71	30	50	31	16	32	118	33	48	34	51	35	94	36	59	37	39	38	44	39	18	
	0	35	1	95	2	42	3	97	4	78	5	85	6	51	7	50	8	98	9	6	10	23	11	60	12	38	13	14	14	112	15	86	16	59	17	41	18	32	19	44	20	90	21	97	22	84	23	31	24	56	25	75	26	93	27	60	28	111	29	63	30	56	31	17	32	116	33	49	34	44	35	81	36	68	37	43	38	35	39	32	
	0	32	1	95	2	33	3	96	4	79	5	86	6	62	7	60	8	88	9	10	10	28	11	77	12	31	13	24	14	110	15	83	16	58	17	44	18	32	19	39	20	98	21	88	22	72	23	29	24	40	25	81	26	90	27	60	28	102	29	64	30	67	31	6	32	114	33	51	34	44	35	88	36	61	37	36	38	47	39	15	
	0	36	1	86	2	28	3	89	4	77	5	85	6	60	7	48	8	87	9	20	10	27	11	77	12	32	13	28	14	104	15	87	16	57	17	32	18	38	19	31	20	82	21	81	22	81	23	33	24	55	25	84	26	83	27	72	28	109	29	76	30	52	31	19	32	118	33	51	34	52	35	97	36	69	37	47	38	35	39	33	
	0	27	1	95	2	39	3	105	4	83	5	93	6	50	7	57	8	90	9	7	10	39	11	73	12	23	13	24	14	109	15	91	16	64	17	32	18	34	19	37	20	92	21	88	22	86	23	30	24	56	25	73	26	97	27	76	28	106	29	66	30	61	31	4	32	101	33	56	34	44	35	90	36	60	37	41	38	46	39	16	
	0	34	1	87	2	30	3	105	4	79	5	77	6	57	7	50	8	92	9	5	10	25	11	63	12	23	13	26	14	109	15	89	16	57	17	42	18	23	19	34	20	85	21	86	22	73	23	36	24	43	25	76	26	90	27	63	28	101	29	62	30	61	31	12	32	111	33	46	34	45	35	86	36	57	37	43	38	36	39	26	
	0	39	1	84	2	28	3	99	4	79	5	82	6	62	7	58	8	93	9	6	10	22	11	62	12	35	13	13	14	107	15	89	16	50	17	31	18	31	19	41	20	84	21	81	22	84	23	28	24	48	25	87	26	95	27	77	28	100	29	62	30	64	31	21	32	115	33	56	34	50	35	95	36	69	37	41	38	45	39	28	
	0	37	1	82	2	43	3	96	4	83	5	94	6	56	7	49	8	82	9	24	10	29	11	72	12	29	13	21	14	105	15	93	16	62	17	50	18	35	19	38	20	86	21	82	22	80	23	25	24	55	25	83	26	87	27	74	28	110	29	72	30	54	31	20	32	111	33	56	34	53	35	81	36	65	37	43	38	37	39	21	
	0	30	1	92	2	36	3	90	4	83	5	85	6	56	7	62	8	88	9	22	10	27	11	63	12	34	13	21	14	108	15	77	16	65	17	48	18	33	19	27	20	86	21	97	22	77	23	26	24	58	25	74	26	83	27	71	28	108	29	62	30	58	31	18	32	117	33	58	34	51	35	84	36	59	37	49	38	31	39	32	
	0	31	1	96	2	25	3	96	4	90	5	77	6	51	7	64	8	96	9	7	10	21	11	61	12	32	13	14	14	112	15	84	16	61	17	33	18	32	19	39	20	83	21	98	22	73	23	22	24	58	25	82	26	85	27	77	28	97	29	66	30	50	31	7	32	100	33	63	34	46	35	96	36	69	37	44	38	40	39	34	
	0	32	1	89	2	32	3	100	4	76	5	77	6	66	7	49	8	94	9	22	10	38	11	64	12	22	13	23	14	111	15	88	16	60	17	37	18	22	19	26	20	91	21	81	22	76	23	33	24	52	25	76	26	93	27	65	28	94	29	61	30	51	31	22	32	117	33	45	34	37	35	82	36	55	37	54	38	45	39	28	
	0	39	1	85	2	26	3	99	4	79	5	96	6	59	7	63	8	87	9	22	10	23	11	60	12	38	13	23	14	102	15	80	16	54	17	45	18	19	19	27	20	87	21	88	22	82	23	24	24	48	25	73	26	91	27	63	28	99	29	78	30	56	31	3	32	119	33	63	34	46	35	93	36	54	37	39	38	29	39	31	
	0	33	1	89	2	31	3	94	4	78	5	88	6	54	7	51	8	82	9	21	10	26	11	75	12	39	13	20	14	100	15	89	16	63	17	40	18	24	19	35	20	82	21	83	22	72	23	24	24	52	25	73	26	91	27	63	28	96	29	60	30	65	31	9	32	100	33	62	34	43	35	82	36	51	37	48	38	46	39	24	
	0	37	1	91	2	44	3	91	4	86	5	94	6	58	7	55	8	91	9	14	10	24	11	60	12	34	13	15	14	110	15	78	16	48	17	44	18	21	19	42	20	87	21	99	22	72	23	30	24	55	25	80	26	87	27	65	28	110	29	63	30	68	31	11	32	106	33	62	34	38	35	82	36	67	37	48	38	36	39	23	
	0	27	1	91	2	36	3	105	4	90	5	96	6	49	7	59	8	91	9	6	10	30	11	61	12	25	13	26	14	105	15	78	16	51	17	39	18	33	19	31	20	82	21	81	22	77	23	32	24	58	25	86	26	88	27	62	28	105	29	75	30	62	31	16	32	106	33	48	34	51	35	84	36	64	37	49	38	39	39	33	
	0	29	1	87	2	38	3	94	4	83	5	91	6	50	7	51	8	93	9	8	10	28	11	69	12	36	13	27	14	97	15	81	16	56	17	36	18	21	19	42	20	90	21	94	22	74	23	32	24	49	25	87	26	92	27	63	28	105	29	74	30	58	31	21	32	118	33	57	34	47	35	97	36	60	37	53	38	44	39	28	
	0	29	1	85	2	43	3	94	4	86	5	94	6	49	7	63	8	89	9	24	10	28	11	60	12	26	13	15	14	105	15	83	16	60	17	37	18	24	19	31	20	87	21	91	22	82	23	27	24	51	25	77	26	88	27	71	28	106	29	66	30	53	31	14	32	102	33	50	34	53	35	90	36	63	37	49	38	33	39	23	
	0	24	1	95	2	31	3	89	4	85	5	96	6	55	7	64	8	88	9	10	10	20	11	61	12	37	13	23	14	96	15	90	16	57	17	34	18	36	19	35	20	85	21	82	22	75	23	37	24	47	25	79	26	98	27	61	28	94	29	73	30	61	31	19	32	111	33	61	34	50	35	88	36	67	37	52	38	36	39	21	
	0	27	1	82	2	37	3	93	4	90	5	92	6	62	7	49	8	83	9	11	10	26	11	76	12	37	13	24	14	96	15	80	16	63	17	39	18	36	19	44	20	99	21	82	22	79	23	27	24	44	25	89	26	93	27	71	28	105	29	78	30	65	31	5	32	112	33	50	34	36	35	78	36	60	37	43	38	35	39	19	
	0	29	1	96	2	40	3	105	4	90	5	90	6	64	7	57	8	81	9	14	10	34	11	72	12	27	13	22	14	99	15	81	16	63	17	50	18	33	19	31	20	101	21	99	22	81	23	24	24	57	25	75	26	94	27	66	28	93	29	77	30	60	31	18	32	103	33	51	34	35	35	78	36	62	37	41	38	29	39	29	
	0	37	1	81	2	42	3	98	4	79	5	81	6	53	7	58	8	94	9	19	10	38	11	70	12	39	13	31	14	108	15	80	16	58	17	49	18	30	19	38	20	88	21	92	22	83	23	37	24	59	25	84	26	95	27	71	28	100	29	66	30	69	31	5	32	107	33	58	34	34	35	80	36	51	37	42	38	33	39	33	
	0	31	1	80	2	41	3	87	4	77	5	78	6	49	7	64	8	92	9	10	10	24	11	61	12	32	13	28	14	107	15	86	16	57	17	39	18	19	19	35	20	94	21	85	22	80	23	32	24	55	25	80	26	89	27	69	28	111	29	79	30	65	31	20	32	107	33	63	34	47	35	84	36	56	37	48	38	39	39	16	
	0	26	1	90	2	42	3	97	4	81	5	87	6	51	7	55	8	100	9	9	10	35	11	59	12	41	13	27	14	107	15	83	16	58	17	36	18	35	19	31	20	90	21	92	22	85	23	28	24	48	25	75	26	92	27	62	28	101	29	68	30	55	31	11	32	107	33	60	34	46	35	86	36	66	37	53	38	38	39	15	
	0	38	1	95	2	31	3	90	4	81	5	82	6	61	7	65	8	90	9	20	10	24	11	73	12	27	13	22	14	114	15	83	16	48	17	43	18	31	19	37	20	95	21	97	22	84	23	22	24	50	25	81	26	94	27	63	28	94	29	70	30	51	31	14	32	102	33	60	34	41	35	96	36	61	37	37	38	45	39	23	
	0	33	1	89	2	39	3	100	4	78	5	80	6	66	7	56	8	97	9	14	10	23	11	59	12	28	13	17	14	96	15	78	16	55	17	49	18	30	19	34	20	84	21	86	22	89	23	21	24	52	25	73	26	95	27	74	28	98	29	61	30	51	31	18	32	112	33	50	34	40	35	80	36	70	37	49	38	28	39	27	
	0	38	1	83	2	30	3	100	4	90	5	87	6	51	7	53	8	90	9	13	10	35	11	73	12	22	13	31	14	100	15	94	16	52	17	50	18	31	19	36	20	97	21	87	22	76	23	38	24	40	25	86	26	85	27	72	28	103	29	65	30	64	31	5	32	119	33	49	34	49	35	93	36	62	37	42	38	30	39	32	
	0	42	1	96	2	25	3	105	4	75	5	81	6	53	7	51	8	87	9	5	10	25	11	74	12	32	13	24	14	101	15	92	16	49	17	44	18	36	19	29	20	82	21	94	22	82	23	23	24	42	25	78	26	81	27	74	28	95	29	78	30	57	31	9	32	100	33	57	34	53	35	80	36	68	37	47	38	46	39	18	
	0	43	1	88	2	44	3	97	4	88	5	88	6	60	7	57	8	98	9	5	10	32	11	65	12	22	13	18	14	104	15	94	16	56	17	31	18	32	19	34	20	98	21	97	22	75	23	29	24	55	25	71	26	83	27	64	28	104	29	79	30	53	31	3	32	104	33	62	34	49	35	79	36	57	37	39	38	45	39	34	
	0	35	1	85	2	30	3	86	4	90	5	83	6	62	7	49	8	92	9	9	10	28	11	62	12	25	13	31	14	97	15	93	16	62	17	41	18	20	19	34	20	86	21	80	22	80	23	21	24	45	25	83	26	82	27	68	28	107	29	70	30	65	31	5	32	112	33	46	34	34	35	86	36	60	37	36	38	32	39	15	
	0	34	1	80	2	39	3	101	4	91	5	83	6	55	7	57	8	91	9	15	10	39	11	64	12	27	13	24	14	107	15	91	16	50	17	47	18	38	19	43	20	83	21	84	22	73	23	26	24	56	25	71	26	98	27	68	28	102	29	64	30	63	31	15	32	103	33	57	34	41	35	95	36	70	37	36	38	38	39	24	
	0	39	1	95	2	27	3	96	4	87	5	95	6	57	7	50	8	92	9	15	10	22	11	75	12	33	13	32	14	101	15	94	16	51	17	46	18	21	19	44	20	100	21	85	22	81	23	28	24	54	25	72	26	90	27	59	28	105	29	69	30	59	31	6	32	119	33	63	34	42	35	88	36	51	37	55	38	34	39	24	
	0	38	1	89	2	32	3	100	4	86	5	84	6	61	7	54	8	88	9	10	10	26	11	67	12	33	13	17	14	99	15	82	16	66	17	34	18	21	19	33	20	89	21	87	22	70	23	22	24	40	25	78	26	91	27	59	28	96	29	77	30	65	31	21	32	118	33	49	34	53	35	93	36	62	37	47	38	46	39	15	
	0	41	1	96	2	40	3	97	4	90	5	81	6	59	7	49	8	90	9	15	10	21	11	60	12	24	13	26	14	99	15	78	16	55	17	37	18	32	19	27	20	100	21	87	22	76	23	35	24	47	25	89	26	82	27	74	28	103	29	62	30	61	31	12	32	102	33	57	34	42	35	87	36	61	37	50	38	41	39	33	
	0	38	1	91	2	25	3	103	4	91	5	79	6	62	7	48	8	98	9	17	10	22	11	64	12	26	13	30	14	101	15	81	16	61	17	46	18	36	19	26	20	88	21	82	22	89	23	39	24	51	25	77	26	89	27	73	28	96	29	60	30	67	31	13	32	117	33	55	34	46	35	95	36	56	37	51	38	42	39	24	
	0	39	1	90	2	27	3	92	4	85	5	94	6	50	7	65	8	99	9	14	10	37	11	63	12	23	13	19	14	112	15	81	16	63	17	31	18	33	19	31	20	99	21	92	22	83	23	29	24	59	25	87	26	85	27	74	28	99	29	64	30	68	31	4	32	119	33	60	34	51	35	94	36	63	37	42	38	38	39	19	
	0	41	1	87	2	27	3	96	4	79	5	90	6	59	7	58	8	99	9	19	10	27	11	63	12	31	13	31	14	108	15	77	16	50	17	31	18	24	19	44	20	96	21	87	22	73	23	25	24	40	25	79	26	87	27	62	28	109	29	71	30	63	31	21	32	100	33	60	34	51	35	91	36	64	37	43	38	35	39	29	
	0	36	1	81	2	43	3	99	4	83	5	86	6	58	7	47	8	81	9	10	10	36	11	66	12	36	13	26	14	114	15	93	16	49	17	41	18	25	19	35	20	87	21	83	22	78	23	21	24	40	25	87	26	99	27	70	28	112	29	73	30	60	31	18	32	115	33	61	34	50	35	81	36	59	37	41	38	44	39	32	
	0	26	1	88	2	39	3	90	4	93	5	96	6	48	7	53	8	94	9	11	10	34	11	71	12	34	13	13	14	109	15	90	16	52	17	35	18	35	19	31	20	84	21	93	22	88	23	35	24	40	25	84	26	99	27	66	28	110	29	61	30	69	31	3	32	103	33	45	34	42	35	88	36	67	37	53	38	44	39	18	
	0	40	1	86	2	31	3	96	4	91	5	88	6	64	7	55	8	87	9	19	10	30	11	71	12	28	13	30	14	96	15	83	16	64	17	48	18	23	19	43	20	87	21	83	22	78	23	20	24	51	25	87	26	88	27	63	28	95	29	74	30	65	31	14	32	116	33	49	34	49	35	78	36	51	37	54	38	41	39	23	
	0	42	1	83	2	38	3	88	4	86	5	87	6	52	7	59	8	100	9	10	10	20	11	71	12	33	13	20	14	114	15	76	16	49	17	50	18	38	19	42	20	92	21	81	22	74	23	25	24	48	25	71	26	99	27	63	28	109	29	60	30	58	31	3	32	106	33	52	34	37	35	87	36	70	37	53	38	35	39	23	
	0	24	1	98	2	39	3	93	4	88	5	77	6	57	7	59	8	89	9	12	10	22	11	71	12	33	13	14	14	107	15	78	16	48	17	42	18	38	19	45	20	87	21	90	22	85	23	38	24	51	25	71	26	94	27	70	28	97	29	61	30	58	31	18	32	101	33	56	34	35	35	80	36	61	37	41	38	31	39	30	
	0	28	1	90	2	30	3	103	4	90	5	80	6	57	7	57	8	96	9	9	10	25	11	72	12	32	13	32	14	112	15	94	16	57	17	47	18	34	19	27	20	88	21	98	22	70	23	32	24	58	25	79	26	88	27	60	28	107	29	79	30	64	31	20	32	116	33	49	34	51	35	87	36	61	37	46	38	31	39	34	
	0	33	1	82	2	30	3	96	4	80	5	91	6	57	7	64	8	100	9	24	10	32	11	60	12	34	13	32	14	104	15	79	16	49	17	46	18	24	19	42	20	94	21	93	22	74	23	20	24	44	25	71	26	87	27	67	28	95	29	73	30	53	31	9	32	100	33	49	34	42	35	92	36	57	37	39	38	33	39	27	
	0	38	1	91	2	38	3	93	4	91	5	94	6	49	7	47	8	89	9	11	10	35	11	62	12	28	13	22	14	108	15	92	16	61	17	44	18	32	19	28	20	96	21	89	22	72	23	24	24	43	25	72	26	84	27	70	28	110	29	67	30	65	31	18	32	116	33	59	34	40	35	91	36	61	37	41	38	38	39	29	
	0	42	1	98	2	41	3	103	4	76	5	83	6	60	7	51	8	83	9	14	10	36	11	59	12	40	13	14	14	110	15	80	16	65	17	48	18	27	19	43	20	89	21	88	22	88	23	28	24	45	25	86	26	85	27	64	28	105	29	68	30	56	31	13	32	105	33	48	34	35	35	96	36	60	37	43	38	41	39	18	
	0	26	1	84	2	39	3	90	4	76	5	80	6	62	7	57	8	84	9	5	10	24	11	74	12	39	13	15	14	103	15	93	16	53	17	35	18	28	19	32	20	94	21	93	22	77	23	26	24	48	25	72	26	91	27	59	28	96	29	65	30	66	31	22	32	100	33	49	34	42	35	95	36	57	37	46	38	38	39	22	
	0	34	1	79	2	34	3	87	4	91	5	88	6	62	7	65	8	92	9	17	10	21	11	61	12	26	13	16	14	109	15	84	16	63	17	31	18	19	19	38	20	101	21	80	22	70	23	37	24	58	25	88	26	85	27	76	28	105	29	77	30	56	31	17	32	111	33	48	34	50	35	97	36	62	37	52	38	40	39	19	
	0	43	1	96	2	29	3	99	4	87	5	96	6	53	7	51	8	84	9	21	10	33	11	66	12	33	13	30	14	111	15	83	16	58	17	39	18	36	19	33	20	97	21	84	22	80	23	20	24	48	25	76	26	89	27	77	28	93	29	65	30	68	31	14	32	107	33	46	34	47	35	85	36	67	37	53	38	30	39	21	
	0	39	1	88	2	34	3	90	4	89	5	94	6	63	7	65	8	95	9	16	10	32	11	62	12	25	13	31	14	110	15	89	16	62	17	39	18	23	19	33	20	95	21	98	22	82	23	32	24	46	25	70	26	94	27	60	28	94	29	60	30	50	31	11	32	115	33	57	34	46	35	79	36	51	37	47	38	35	39	20	
	0	27	1	92	2	28	3	98	4	91	5	83	6	50	7	58	8	85	9	5	10	21	11	70	12	38	13	30	14	114	15	91	16	60	17	32	18	23	19	28	20	93	21	80	22	80	23	26	24	49	25	74	26	93	27	76	28	109	29	66	30	53	31	17	32	107	33	54	34	36	35	94	36	58	37	42	38	34	39	34	
	0	33	1	91	2	34	3	93	4	89	5	91	6	55	7	47	8	94	9	21	10	33	11	62	12	37	13	23	14	98	15	79	16	52	17	45	18	26	19	29	20	87	21	91	22	76	23	37	24	53	25	70	26	84	27	71	28	96	29	71	30	58	31	8	32	113	33	47	34	37	35	85	36	61	37	47	38	29	39	33	
	0	35	1	83	2	26	3	100	4	83	5	85	6	63	7	54	8	86	9	5	10	27	11	64	12	34	13	30	14	103	15	92	16	51	17	31	18	32	19	32	20	91	21	97	22	71	23	36	24	52	25	83	26	100	27	59	28	93	29	78	30	52	31	19	32	112	33	64	34	48	35	94	36	55	37	37	38	30	39	33	
	0	34	1	90	2	40	3	87	4	79	5	81	6	49	7	58	8	98	9	5	10	34	11	66	12	27	13	32	14	107	15	83	16	66	17	46	18	27	19	40	20	84	21	99	22	85	23	34	24	50	25	71	26	97	27	61	28	94	29	62	30	56	31	21	32	113	33	56	34	47	35	91	36	51	37	36	38	36	39	16	
	0	42	1	88	2	33	3	101	4	74	5	94	6	57	7	46	8	93	9	20	10	20	11	73	12	35	13	28	14	96	15	80	16	60	17	48	18	35	19	42	20	94	21	92	22	80	23	27	24	44	25	86	26	86	27	60	28	112	29	79	30	55	31	13	32	111	33	50	34	36	35	85	36	58	37	50	38	33	39	19	
	0	27	1	94	2	44	3	89	4	92	5	86	6	60	7	62	8	85	9	20	10	34	11	75	12	36	13	29	14	99	15	77	16	58	17	31	18	23	19	40	20	85	21	90	22	73	23	28	24	42	25	74	26	83	27	60	28	111	29	66	30	64	31	12	32	102	33	53	34	53	35	89	36	61	37	53	38	45	39	31	
	0	37	1	81	2	40	3	99	4	92	5	81	6	64	7	46	8	97	9	5	10	38	11	67	12	23	13	22	14	114	15	80	16	62	17	37	18	25	19	39	20	97	21	95	22	74	23	35	24	57	25	85	26	93	27	60	28	106	29	60	30	50	31	12	32	117	33	63	34	53	35	92	36	69	37	47	38	35	39	18	
	0	37	1	84	2	32	3	90	4	87	5	93	6	64	7	53	8	83	9	9	10	30	11	72	12	29	13	20	14	107	15	81	16	65	17	41	18	38	19	39	20	86	21	86	22	83	23	34	24	50	25	78	26	100	27	78	28	102	29	79	30	64	31	17	32	104	33	64	34	40	35	85	36	58	37	49	38	35	39	17	
	0	40	1	85	2	37	3	104	4	83	5	93	6	58	7	60	8	88	9	10	10	22	11	72	12	24	13	18	14	98	15	87	16	50	17	45	18	29	19	26	20	84	21	86	22	78	23	27	24	42	25	78	26	99	27	76	28	95	29	64	30	56	31	11	32	118	33	61	34	46	35	95	36	57	37	44	38	39	39	15	
	0	24	1	79	2	34	3	98	4	92	5	84	6	52	7	60	8	88	9	22	10	27	11	63	12	39	13	19	14	105	15	92	16	61	17	41	18	32	19	31	20	98	21	94	22	83	23	20	24	40	25	85	26	98	27	65	28	96	29	75	30	50	31	22	32	103	33	49	34	35	35	89	36	64	37	43	38	28	39	15	
	0	32	1	98	2	33	3	97	4	92	5	79	6	67	7	54	8	86	9	7	10	25	11	76	12	36	13	17	14	114	15	90	16	66	17	35	18	33	19	38	20	84	21	88	22	74	23	32	24	57	25	73	26	89	27	69	28	96	29	65	30	60	31	11	32	112	33	64	34	49	35	84	36	69	37	52	38	32	39	15	
	0	32	1	89	2	31	3	101	4	82	5	77	6	50	7	47	8	92	9	22	10	25	11	74	12	32	13	17	14	109	15	94	16	62	17	34	18	35	19	39	20	96	21	98	22	79	23	36	24	54	25	82	26	86	27	73	28	110	29	79	30	63	31	21	32	108	33	53	34	36	35	97	36	70	37	53	38	43	39	33	
	0	31	1	82	2	33	3	100	4	88	5	85	6	65	7	48	8	84	9	5	10	22	11	60	12	28	13	26	14	98	15	85	16	59	17	36	18	32	19	41	20	86	21	95	22	80	23	25	24	50	25	78	26	94	27	66	28	93	29	61	30	52	31	10	32	113	33	63	34	50	35	94	36	57	37	40	38	43	39	34	
	0	33	1	97	2	26	3	89	4	78	5	87	6	60	7	60	8	83	9	20	10	33	11	71	12	30	13	23	14	98	15	87	16	58	17	33	18	21	19	42	20	94	21	86	22	89	23	38	24	52	25	82	26	85	27	69	28	111	29	77	30	64	31	12	32	116	33	55	34	37	35	86	36	55	37	49	38	31	39	31	
	0	38	1	86	2	41	3	104	4	82	5	82	6	63	7	49	8	97	9	5	10	37	11	74	12	38	13	19	14	96	15	78	16	59	17	37	18	27	19	37	20	89	21	94	22	76	23	37	24	50	25	82	26	89	27	71	28	98	29	75	30	51	31	12	32	107	33	55	34	50	35	94	36	64	37	53	38	32	39	24	
	0	36	1	85	2	44	3	100	4	82	5	87	6	53	7	49	8	90	9	22	10	20	11	58	12	28	13	17	14	98	15	82	16	50	17	35	18	37	19	42	20	96	21	85	22	77	23	27	24	58	25	86	26	81	27	60	28	109	29	64	30	58	31	9	32	109	33	64	34	41	35	86	36	60	37	53	38	29	39	17	
	0	39	1	94	2	44	3	100	4	83	5	88	6	55	7	47	8	93	9	20	10	30	11	70	12	29	13	25	14	100	15	81	16	62	17	36	18	31	19	43	20	99	21	90	22	89	23	38	24	47	25	85	26	89	27	63	28	95	29	77	30	66	31	3	32	116	33	45	34	45	35	86	36	62	37	49	38	47	39	32	
	0	40	1	97	2	28	3	93	4	75	5	85	6	64	7	52	8	85	9	19	10	39	11	67	12	24	13	23	14	95	15	94	16	53	17	37	18	29	19	34	20	82	21	83	22	79	23	28	24	48	25	87	26	100	27	65	28	109	29	71	30	55	31	10	32	110	33	53	34	39	35	84	36	57	37	49	38	29	39	20	
	0	30	1	87	2	38	3	100	4	76	5	93	6	63	7	54	8	95	9	7	10	21	11	70	12	26	13	13	14	97	15	77	16	65	17	35	18	33	19	26	20	83	21	97	22	73	23	38	24	47	25	73	26	99	27	71	28	111	29	75	30	69	31	13	32	114	33	57	34	34	35	81	36	59	37	54	38	36	39	30	
	0	32	1	97	2	27	3	91	4	81	5	94	6	56	7	57	8	87	9	5	10	36	11	71	12	27	13	28	14	98	15	82	16	63	17	46	18	25	19	42	20	93	21	82	22	86	23	37	24	50	25	72	26	90	27	60	28	95	29	75	30	51	31	15	32	118	33	57	34	40	35	91	36	58	37	38	38	34	39	27	
	0	25	1	88	2	42	3	103	4	91	5	91	6	54	7	63	8	91	9	19	10	38	11	65	12	37	13	30	14	108	15	90	16	56	17	48	18	35	19	26	20	85	21	95	22	87	23	38	24	51	25	85	26	81	27	60	28	100	29	71	30	63	31	6	32	100	33	45	34	52	35	86	36	51	37	51	38	37	39	31	
	0	38	1	97	2	36	3	99	4	78	5	80	6	63	7	54	8	91	9	8	10	35	11	75	12	22	13	13	14	104	15	77	16	53	17	39	18	28	19	28	20	91	21	95	22	76	23	20	24	56	25	82	26	99	27	66	28	96	29	63	30	54	31	9	32	106	33	50	34	42	35	79	36	69	37	53	38	31	39	29	
	0	35	1	91	2	42	3	94	4	74	5	85	6	53	7	54	8	86	9	20	10	29	11	61	12	41	13	25	14	114	15	77	16	54	17	35	18	36	19	31	20	88	21	99	22	76	23	27	24	50	25	72	26	94	27	73	28	107	29	64	30	63	31	5	32	112	33	51	34	46	35	95	36	60	37	37	38	30	39	30	
	0	35	1	84	2	28	3	91	4	89	5	89	6	58	7	59	8	97	9	14	10	27	11	68	12	24	13	24	14	99	15	83	16	65	17	49	18	35	19	39	20	98	21	98	22	75	23	22	24	59	25	76	26	93	27	60	28	112	29	75	30	61	31	8	32	110	33	62	34	53	35	79	36	59	37	46	38	43	39	16	
	0	36	1	93	2	33	3	93	4	93	5	82	6	66	7	48	8	85	9	13	10	36	11	67	12	40	13	14	14	95	15	89	16	66	17	43	18	32	19	36	20	90	21	98	22	86	23	33	24	52	25	70	26	91	27	61	28	111	29	66	30	68	31	4	32	103	33	55	34	38	35	80	36	63	37	49	38	32	39	31	
	0	41	1	87	2	34	3	98	4	91	5	79	6	48	7	50	8	90	9	16	10	23	11	60	12	29	13	28	14	95	15	94	16	60	17	35	18	32	19	43	20	89	21	80	22	89	23	35	24	47	25	79	26	86	27	78	28	104	29	77	30	50	31	9	32	119	33	46	34	45	35	97	36	64	37	39	38	33	39	16	
	0	33	1	87	2	40	3	99	4	84	5	87	6	50	7	46	8	84	9	24	10	30	11	69	12	38	13	17	14	100	15	77	16	55	17	45	18	20	19	44	20	87	21	88	22	89	23	26	24	53	25	74	26	90	27	74	28	100	29	74	30	63	31	20	32	117	33	52	34	39	35	81	36	65	37	54	38	40	39	34	
	0	34	1	95	2	30	3	95	4	92	5	90	6	59	7	55	8	84	9	16	10	27	11	75	12	41	13	24	14	108	15	92	16	56	17	31	18	27	19	38	20	100	21	87	22	87	23	31	24	52	25	74	26	85	27	78	28	103	29	71	30	68	31	13	32	114	33	62	34	35	35	94	36	63	37	39	38	38	39	29	
	0	31	1	96	2	40	3	98	4	93	5	95	6	50	7	46	8	90	9	7	10	31	11	61	12	32	13	21	14	101	15	83	16	59	17	39	18	31	19	33	20	84	21	89	22	79	23	20	24	59	25	85	26	92	27	70	28	102	29	63	30	62	31	15	32	104	33	58	34	48	35	97	36	67	37	49	38	31	39	32	
	0	35	1	96	2	31	3	88	4	89	5	93	6	66	7	59	8	89	9	13	10	33	11	77	12	32	13	13	14	101	15	77	16	62	17	41	18	34	19	26	20	94	21	95	22	83	23	32	24	51	25	83	26	94	27	75	28	109	29	72	30	52	31	9	32	105	33	61	34	49	35	97	36	59	37	50	38	35	39	24	
	0	43	1	80	2	29	3	91	4	80	5	83	6	51	7	49	8	89	9	14	10	32	11	58	12	23	13	31	14	105	15	81	16	54	17	35	18	19	19	34	20	100	21	94	22	82	23	32	24	50	25	72	26	99	27	65	28	110	29	63	30	59	31	20	32	105	33	59	34	41	35	79	36	56	37	54	38	46	39	16	
	0	43	1	87	2	36	3	97	4	76	5	84	6	61	7	63	8	87	9	23	10	31	11	61	12	26	13	17	14	97	15	77	16	67	17	41	18	31	19	33	20	95	21	84	22	84	23	28	24	41	25	71	26	98	27	71	28	105	29	67	30	51	31	17	32	114	33	62	34	48	35	93	36	56	37	39	38	29	39	25	
	0	38	1	90	2	31	3	95	4	93	5	77	6	65	7	54	8	99	9	5	10	37	11	66	12	24	13	17	14	100	15	91	16	65	17	38	18	34	19	34	20	83	21	91	22	84	23	27	24	48	25	80	26	95	27	61	28	108	29	73	30	52	31	13	32	114	33	45	34	53	35	91	36	65	37	48	38	30	39	17	
	0	31	1	97	2	33	3	96	4	91	5	93	6	64	7	53	8	99	9	7	10	31	11	73	12	24	13	13	14	98	15	91	16	56	17	43	18	29	19	32	20	96	21	93	22	72	23	32	24	42	25	75	26	96	27	62	28	104	29	62	30	55	31	18	32	115	33	58	34	40	35	96	36	65	37	41	38	28	39	15	
	0	34	1	90	2	31	3	97	4	74	5	93	6	64	7	62	8	94	9	18	10	22	11	75	12	31	13	23	14	103	15	84	16	65	17	47	18	19	19	37	20	89	21	84	22	77	23	30	24	48	25	88	26	87	27	76	28	94	29	77	30	62	31	14	32	111	33	62	34	51	35	84	36	53	37	38	38	35	39	21	
	0	26	1	92	2	26	3	100	4	79	5	90	6	65	7	54	8	99	9	22	10	36	11	68	12	39	13	24	14	107	15	92	16	49	17	46	18	31	19	32	20	101	21	93	22	83	23	34	24	48	25	83	26	91	27	66	28	93	29	67	30	53	31	6	32	104	33	55	34	34	35	88	36	59	37	48	38	39	39	28	
	0	37	1	91	2	39	3	102	4	88	5	96	6	65	7	52	8	87	9	15	10	21	11	60	12	27	13	19	14	114	15	75	16	65	17	50	18	20	19	34	20	84	21	98	22	71	23	24	24	56	25	75	26	81	27	65	28	104	29	65	30	60	31	5	32	103	33	48	34	45	35	81	36	54	37	50	38	32	39	24	
	0	31	1	88	2	42	3	92	4	84	5	79	6	62	7	46	8	89	9	18	10	34	11	67	12	37	13	26	14	112	15	79	16	62	17	35	18	34	19	43	20	95	21	98	22	74	23	29	24	53	25	83	26	98	27	77	28	100	29	66	30	67	31	17	32	104	33	52	34	38	35	80	36	69	37	36	38	43	39	16	
	0	33	1	91	2	44	3	92	4	85	5	86	6	61	7	51	8	91	9	16	10	39	11	66	12	33	13	25	14	98	15	85	16	51	17	42	18	32	19	44	20	88	21	98	22	73	23	24	24	44	25	84	26	98	27	65	28	94	29	71	30	52	31	16	32	117	33	47	34	40	35	89	36	54	37	40	38	36	39	21	
	0	32	1	93	2	38	3	93	4	93	5	77	6	48	7	53	8	89	9	16	10	34	11	70	12	32	13	22	14	97	15	78	16	55	17	40	18	28	19	31	20	83	21	83	22	77	23	23	24	54	25	87	26	87	27	78	28	102	29	70	30	58	31	8	32	119	33	55	34	44	35	88	36	55	37	52	38	44	39	32	
	0	35	1	81	2	32	3	96	4	89	5	88	6	49	7	55	8	87	9	14	10	35	11	68	12	41	13	23	14	96	15	85	16	59	17	36	18	37	19	35	20	91	21	85	22	86	23	29	24	48	25	82	26	81	27	67	28	104	29	75	30	60	31	18	32	109	33	55	34	43	35	97	36	57	37	39	38	46	39	34	
	0	24	1	96	2	26	3	86	4	85	5	81	6	60	7	53	8	91	9	14	10	34	11	70	12	38	13	21	14	103	15	94	16	60	17	34	18	30	19	28	20	92	21	89	22	73	23	27	24	53	25	86	26	96	27	68	28	103	29	67	30	68	31	22	32	102	33	56	34	43	35	94	36	52	37	47	38	40	39	34	
	0	26	1	91	2	36	3	99	4	74	5	83	6	62	7	52	8	85	9	21	10	26	11	65	12	37	13	21	14	102	15	84	16	64	17	39	18	24	19	34	20	98	21	91	22	82	23	33	24	45	25	77	26	82	27	76	28	97	29	62	30	58	31	20	32	115	33	49	34	40	35	80	36	60	37	50	38	47	39	22	
	0	43	1	80	2	33	3	95	4	79	5	78	6	62	7	63	8	87	9	22	10	28	11	59	12	27	13	26	14	102	15	83	16	58	17	44	18	33	19	40	20	96	21	80	22	88	23	31	24	52	25	89	26	100	27	59	28	96	29	69	30	55	31	21	32	101	33	50	34	40	35	86	36	51	37	49	38	47	39	29	
	0	37	1	96	2	31	3	90	4	79	5	90	6	67	7	53	8	91	9	21	10	35	11	76	12	31	13	17	14	99	15	90	16	60	17	44	18	34	19	33	20	98	21	87	22	78	23	22	24	44	25	86	26	86	27	74	28	110	29	77	30	65	31	14	32	117	33	61	34	42	35	80	36	66	37	40	38	36	39	17	
	0	27	1	98	2	43	3	102	4	87	5	82	6	57	7	62	8	90	9	6	10	39	11	72	12	22	13	14	14	101	15	79	16	54	17	37	18	21	19	40	20	99	21	92	22	72	23	31	24	52	25	86	26	84	27	63	28	102	29	68	30	51	31	14	32	116	33	46	34	37	35	80	36	70	37	51	38	45	39	31	
	0	33	1	83	2	33	3	97	4	85	5	82	6	65	7	47	8	82	9	18	10	25	11	70	12	32	13	17	14	95	15	82	16	60	17	47	18	19	19	27	20	82	21	95	22	72	23	23	24	57	25	74	26	97	27	76	28	97	29	68	30	68	31	13	32	119	33	59	34	38	35	87	36	56	37	50	38	31	39	30	
	0	35	1	88	2	40	3	101	4	77	5	93	6	54	7	56	8	83	9	12	10	20	11	58	12	22	13	23	14	113	15	87	16	59	17	37	18	36	19	40	20	92	21	88	22	70	23	23	24	47	25	76	26	83	27	59	28	95	29	61	30	56	31	4	32	105	33	51	34	53	35	83	36	51	37	38	38	43	39	28	
	0	41	1	84	2	29	3	90	4	85	5	86	6	57	7	49	8	83	9	7	10	36	11	62	12	36	13	26	14	114	15	94	16	63	17	35	18	33	19	36	20	94	21	98	22	89	23	23	24	48	25	83	26	97	27	69	28	102	29	79	30	69	31	13	32	117	33	61	34	37	35	86	36	59	37	48	38	45	39	31	
	0	24	1	84	2	30	3	103	4	86	5	94	6	61	7	49	8	90	9	13	10	27	11	74	12	23	13	21	14	105	15	83	16	55	17	48	18	28	19	29	20	85	21	84	22	88	23	20	24	50	25	70	26	99	27	69	28	105	29	66	30	67	31	9	32	111	33	46	34	50	35	85	36	64	37	36	38	30	39	27	