200 40 1
40
	0	106	1	29	2	87	3	65	4	58	5	49	6	32	7	28	8	19	9	15	10	90	11	24	12	105	13	79	14	44	15	62	16	17	17	74	18	37	19	88	20	48	21	92	22	73	23	93	24	81	25	62	26	106	27	56	28	90	29	99	30	109	31	42	32	94	33	48	34	33	35	99	36	91	37	51	38	113	39	52	
	0	104	1	23	2	84	3	63	4	53	5	47	6	25	7	40	8	7	9	12	10	82	11	23	12	111	13	80	14	52	15	48	16	20	17	71	18	30	19	75	20	49	21	101	22	70	23	88	24	87	25	73	26	107	27	71	28	88	29	105	30	96	31	26	32	94	33	45	34	33	35	105	36	99	37	41	38	98	39	46	
	0	111	1	27	2	77	3	68	4	63	5	53	6	30	7	36	8	13	9	23	10	101	11	20	12	116	13	78	14	59	15	53	16	34	17	79	18	36	19	77	20	44	21	97	22	75	23	94	24	96	25	71	26	107	27	57	28	87	29	101	30	104	31	39	32	90	33	51	34	24	35	91	36	94	37	46	38	115	39	49	
	0	98	1	28	2	92	3	61	4	60	5	49	6	34	7	31	8	5	9	25	10	100	11	19	12	114	13	64	14	43	15	57	16	30	17	73	18	45	19	94	20	45	21	90	22	65	23	104	24	81	25	78	26	107	27	61	28	85	29	93	30	93	31	29	32	94	33	44	34	22	35	90	36	99	37	49	38	104	39	43	
	0	96	1	33	2	79	3	54	4	67	5	51	6	31	7	35	8	20	9	13	10	87	11	11	12	108	13	74	14	44	15	50	16	33	17	63	18	38	19	90	20	45	21	104	22	77	23	106	24	96	25	64	26	110	27	66	28	89	29	93	30	97	31	26	32	93	33	43	34	36	35	91	36	98	37	40	38	117	39	45	
	0	99	1	31	2	84	3	71	4	70	5	63	6	39	7	40	8	7	9	25	10	82	11	9	12	102	13	62	14	43	15	60	16	33	17	67	18	39	19	83	20	35	21	85	22	78	23	94	24	95	25	70	26	101	27	63	28	79	29	95	30	92	31	31	32	91	33	42	34	36	35	92	36	91	37	52	38	113	39	45	
	0	104	1	30	2	95	3	71	4	54	5	53	6	29	7	28	8	9	9	14	10	84	11	18	12	101	13	65	14	52	15	46	16	21	17	73	18	38	19	87	20	36	21	96	22	78	23	98	24	83	25	73	26	113	27	71	28	83	29	89	30	106	31	42	32	95	33	44	34	24	35	96	36	96	37	54	38	102	39	44	
	0	108	1	36	2	86	3	56	4	72	5	48	6	26	7	27	8	19	9	20	10	91	11	13	12	119	13	63	14	55	15	53	16	24	17	66	18	39	19	75	20	52	21	89	22	66	23	92	24	94	25	80	26	109	27	63	28	76	29	107	30	98	31	23	32	91	33	40	34	24	35	93	36	98	37	39	38	102	39	45	
	0	110	1	31	2	86	3	62	4	58	5	47	6	31	7	29	8	9	9	20	10	88	11	8	12	106	13	67	14	59	15	53	16	18	17	63	18	48	19	75	20	41	21	101	22	69	23	103	24	92	25	78	26	100	27	66	28	85	29	89	30	95	31	30	32	100	33	49	34	24	35	87	36	100	37	52	38	114	39	39	
	0	106	1	28	2	77	3	58	4	64	5	54	6	35	7	27	8	3	9	20	10	100	11	8	12	107	13	71	14	61	15	44	16	33	17	82	18	41	19	92	20	34	21	90	22	76	23	92	24	88	25	79	26	112	27	59	28	84	29	94	30	108	31	34	32	101	33	46	34	25	35	94	36	107	37	55	38	102	39	40	
	0	101	1	24	2	92	3	56	4	71	5	61	6	34	7	24	8	5	9	11	10	82	11	6	12	108	13	69	14	42	15	55	16	32	17	70	18	43	19	82	20	34	21	98	22	70	23	88	24	87	25	81	26	116	27	63	28	94	29	98	30	109	31	24	32	91	33	52	34	24	35	91	36	108	37	49	38	104	39	55	
	0	105	1	27	2	87	3	68	4	64	5	46	6	34	7	41	8	13	9	11	10	91	11	8	12	104	13	76	14	46	15	56	16	27	17	68	18	49	19	77	20	49	21	93	22	73	23	107	24	89	25	74	26	117	27	53	28	90	29	106	30	97	31	37	32	105	33	41	34	28	35	91	36	103	37	52	38	105	39	44	
	0	98	1	20	2	93	3	63	4	60	5	61	6	25	7	37	8	8	9	24	10	96	11	18	12	111	13	66	14	54	15	57	16	15	17	73	18	37	19	89	20	43	21	102	22	70	23	105	24	93	25	62	26	102	27	68	28	76	29	95	30	110	31	39	32	102	33	39	34	32	35	101	36	103	37	41	38	98	39	47	
	0	96	1	30	2	80	3	72	4	68	5	55	6	27	7	26	8	15	9	18	10	95	11	21	12	104	13	76	14	61	15	60	16	17	17	63	18	37	19	84	20	52	21	99	22	83	23	99	24	93	25	66	26	107	27	70	28	88	29	94	30	101	31	23	32	100	33	51	34	27	35	87	36	90	37	47	38	98	39	43	
	0	96	1	20	2	83	3	54	4	66	5	54	6	30	7	38	8	16	9	20	10	100	11	14	12	115	13	74	14	52	15	63	16	33	17	70	18	37	19	82	20	39	21	94	22	67	23	95	24	88	25	74	26	112	27	67	28	84	29	97	30	94	31	36	32	96	33	36	34	31	35	89	36	95	37	52	38	101	39	47	
	0	113	1	31	2	90	3	67	4	69	5	45	6	40	7	35	8	11	9	21	10	86	11	12	12	109	13	75	14	53	15	44	16	23	17	66	18	49	19	83	20	38	21	98	22	80	23	107	24	84	25	62	26	117	27	70	28	90	29	108	30	95	31	42	32	99	33	52	34	20	35	102	36	101	37	43	38	100	39	47	
	0	107	1	38	2	84	3	73	4	54	5	50	6	36	7	33	8	18	9	12	10	95	11	11	12	102	13	65	14	48	15	55	16	24	17	72	18	33	19	92	20	43	21	100	22	64	23	92	24	84	25	78	26	117	27	65	28	84	29	101	30	109	31	23	32	92	33	38	34	28	35	88	36	97	37	46	38	108	39	43	
	0	114	1	26	2	77	3	55	4	57	5	47	6	40	7	23	8	15	9	27	10	99	11	13	12	115	13	77	14	60	15	55	16	22	17	76	18	44	19	87	20	43	21	101	22	68	23	90	24	89	25	71	26	102	27	71	28	95	29	89	30	110	31	42	32	95	33	40	34	28	35	102	36	105	37	52	38	108	39	46	
	0	107	1	24	2	82	3	57	4	70	5	58	6	41	7	31	8	20	9	19	10	89	11	12	12	103	13	63	14	45	15	48	16	28	17	76	18	48	19	86	20	47	21	101	22	83	23	101	24	85	25	70	26	107	27	63	28	90	29	96	30	92	31	31	32	90	33	52	34	34	35	99	36	99	37	52	38	108	39	42	
	0	108	1	27	2	93	3	69	4	71	5	51	6	33	7	37	8	10	9	27	10	91	11	23	12	111	13	76	14	51	15	60	16	33	17	72	18	41	19	92	20	51	21	94	22	83	23	100	24	87	25	63	26	114	27	60	28	92	29	89	30	101	31	26	32	105	33	39	34	32	35	96	36	100	37	40	38	116	39	41	
	0	95	1	24	2	94	3	73	4	64	5	54	6	41	7	31	8	19	9	13	10	90	11	7	12	105	13	68	14	57	15	60	16	26	17	68	18	36	19	85	20	50	21	88	22	64	23	104	24	95	25	72	26	100	27	66	28	88	29	101	30	107	31	24	32	100	33	48	34	21	35	106	36	103	37	37	38	99	39	45	
	0	103	1	31	2	84	3	69	4	67	5	52	6	23	7	36	8	20	9	13	10	93	11	15	12	106	13	64	14	49	15	62	16	29	17	70	18	36	19	87	20	40	21	88	22	64	23	88	24	90	25	81	26	113	27	57	28	76	29	106	30	92	31	30	32	95	33	44	34	33	35	98	36	94	37	44	38	107	39	41	
	0	95	1	38	2	82	3	61	4	71	5	55	6	28	7	27	8	20	9	15	10	89	11	25	12	108	13	65	14	46	15	48	16	22	17	79	18	49	19	88	20	38	21	89	22	69	23	99	24	92	25	76	26	116	27	63	28	92	29	99	30	101	31	31	32	103	33	50	34	18	35	95	36	96	37	40	38	112	39	36	
	0	108	1	35	2	90	3	61	4	61	5	51	6	31	7	35	8	7	9	28	10	98	11	10	12	115	13	62	14	43	15	52	16	27	17	77	18	41	19	89	20	33	21	88	22	74	23	103	24	88	25	63	26	111	27	69	28	83	29	93	30	94	31	28	32	91	33	45	34	26	35	100	36	93	37	40	38	105	39	42	
	0	99	1	34	2	94	3	65	4	65	5	52	6	27	7	22	8	10	9	27	10	99	11	18	12	114	13	66	14	60	15	60	16	19	17	75	18	33	19	82	20	39	21	92	22	75	23	100	24	82	25	63	26	104	27	64	28	79	29	96	30	102	31	35	32	87	33	44	34	22	35	100	36	109	37	37	38	114	39	49	
	0	112	1	37	2	91	3	59	4	60	5	48	6	22	7	33	8	19	9	13	10	86	11	15	12	108	13	74	14	48	15	48	16	27	17	67	18	44	19	90	20	39	21	89	22	74	23	89	24	81	25	80	26	118	27	53	28	80	29	99	30	110	31	23	32	89	33	35	34	22	35	97	36	100	37	56	38	103	39	48	
	0	106	1	22	2	93	3	57	4	72	5	52	6	36	7	22	8	12	9	16	10	89	11	20	12	110	13	76	14	61	15	56	16	29	17	74	18	45	19	83	20	52	21	95	22	81	23	105	24	90	25	72	26	112	27	58	28	94	29	92	30	95	31	34	32	101	33	52	34	17	35	102	36	100	37	52	38	111	39	46	
	0	113	1	27	2	92	3	63	4	65	5	51	6	34	7	26	8	9	9	15	10	88	11	16	12	101	13	69	14	59	15	53	16	33	17	69	18	45	19	93	20	47	21	96	22	67	23	101	24	87	25	68	26	118	27	67	28	92	29	96	30	93	31	34	32	96	33	47	34	17	35	104	36	108	37	54	38	116	39	46	
	0	107	1	28	2	76	3	60	4	67	5	51	6	36	7	37	8	22	9	15	10	100	11	6	12	109	13	67	14	56	15	44	16	15	17	63	18	48	19	84	20	46	21	89	22	69	23	100	24	80	25	72	26	103	27	61	28	84	29	93	30	108	31	35	32	92	33	44	34	28	35	96	36	107	37	40	38	106	39	39	
	0	109	1	30	2	81	3	68	4	66	5	45	6	41	7	28	8	11	9	16	10	89	11	7	12	114	13	74	14	50	15	60	16	34	17	72	18	32	19	91	20	33	21	92	22	68	23	90	24	82	25	76	26	115	27	56	28	90	29	104	30	92	31	23	32	87	33	33	34	31	35	104	36	90	37	56	38	105	39	53	
	0	108	1	36	2	76	3	64	4	67	5	55	6	36	7	30	8	9	9	24	10	94	11	13	12	101	13	62	14	49	15	51	16	34	17	70	18	42	19	91	20	51	21	87	22	80	23	102	24	79	25	65	26	119	27	58	28	86	29	93	30	97	31	29	32	106	33	37	34	28	35	90	36	90	37	52	38	106	39	49	
	0	97	1	24	2	77	3	58	4	70	5	48	6	41	7	31	8	5	9	21	10	99	11	22	12	107	13	62	14	58	15	55	16	15	17	73	18	36	19	77	20	49	21	94	22	76	23	103	24	97	25	65	26	100	27	68	28	83	29	95	30	108	31	26	32	102	33	40	34	27	35	92	36	91	37	50	38	101	39	36	
	0	102	1	34	2	78	3	73	4	68	5	48	6	32	7	24	8	15	9	16	10	90	11	24	12	113	13	62	14	48	15	50	16	22	17	72	18	46	19	86	20	48	21	91	22	68	23	103	24	91	25	67	26	112	27	66	28	92	29	97	30	100	31	38	32	106	33	49	34	24	35	94	36	98	37	49	38	109	39	37	
	0	112	1	30	2	82	3	57	4	66	5	54	6	28	7	25	8	14	9	11	10	84	11	8	12	103	13	79	14	47	15	61	16	26	17	71	18	34	19	90	20	35	21	95	22	68	23	104	24	95	25	78	26	117	27	62	28	92	29	107	30	92	31	26	32	105	33	35	34	36	35	90	36	101	37	51	38	104	39	55	
	0	106	1	34	2	77	3	68	4	57	5	63	6	27	7	26	8	5	9	26	10	90	11	25	12	109	13	80	14	58	15	46	16	30	17	73	18	37	19	88	20	37	21	103	22	66	23	98	24	88	25	80	26	105	27	64	28	92	29	90	30	108	31	25	32	91	33	46	34	26	35	106	36	98	37	50	38	112	39	41	
	0	97	1	31	2	95	3	54	4	67	5	56	6	36	7	23	8	21	9	11	10	83	11	19	12	106	13	67	14	59	15	45	16	34	17	65	18	49	19	81	20	46	21	86	22	64	23	96	24	81	25	62	26	101	27	60	28	94	29	100	30	100	31	38	32	88	33	37	34	29	35	104	36	91	37	46	38	112	39	41	
	0	103	1	30	2	80	3	65	4	63	5	63	6	36	7	27	8	8	9	28	10	87	11	20	12	117	13	74	14	53	15	51	16	20	17	74	18	41	19	77	20	37	21	93	22	74	23	103	24	95	25	72	26	108	27	58	28	94	29	105	30	106	31	42	32	104	33	46	34	30	35	95	36	96	37	53	38	115	39	36	
	0	98	1	36	2	87	3	61	4	57	5	53	6	22	7	29	8	8	9	21	10	100	11	22	12	112	13	63	14	44	15	54	16	28	17	82	18	39	19	78	20	41	21	98	22	64	23	103	24	82	25	71	26	111	27	57	28	94	29	107	30	106	31	38	32	99	33	39	34	23	35	95	36	105	37	53	38	102	39	51	
	0	102	1	29	2	87	3	54	4	57	5	58	6	24	7	26	8	17	9	16	10	88	11	22	12	119	13	65	14	54	15	54	16	15	17	66	18	41	19	75	20	33	21	94	22	64	23	93	24	84	25	64	26	113	27	59	28	76	29	91	30	103	31	41	32	91	33	48	34	23	35	94	36	106	37	37	38	108	39	48	
	0	105	1	35	2	90	3	56	4	67	5	62	6	25	7	27	8	17	9	17	10	88	11	16	12	101	13	69	14	50	15	55	16	17	17	63	18	45	19	82	20	49	21	101	22	82	23	101	24	98	25	68	26	110	27	57	28	95	29	104	30	105	31	30	32	97	33	33	34	25	35	103	36	90	37	43	38	105	39	55	
	0	106	1	34	2	80	3	59	4	64	5	46	6	35	7	25	8	21	9	26	10	97	11	12	12	119	13	70	14	45	15	49	16	17	17	73	18	31	19	83	20	50	21	103	22	82	23	107	24	82	25	63	26	103	27	60	28	85	29	101	30	98	31	32	32	89	33	52	34	22	35	90	36	96	37	39	38	116	39	40	
	0	112	1	32	2	82	3	68	4	54	5	48	6	32	7	33	8	4	9	26	10	98	11	15	12	115	13	66	14	43	15	57	16	21	17	75	18	35	19	88	20	44	21	103	22	79	23	104	24	96	25	75	26	109	27	56	28	95	29	101	30	111	31	42	32	103	33	41	34	27	35	94	36	99	37	56	38	100	39	42	
	0	111	1	29	2	85	3	61	4	65	5	55	6	23	7	32	8	9	9	16	10	100	11	23	12	111	13	81	14	57	15	54	16	27	17	72	18	49	19	81	20	43	21	100	22	77	23	98	24	96	25	64	26	116	27	57	28	93	29	108	30	106	31	42	32	88	33	33	34	24	35	101	36	93	37	38	38	109	39	47	
	0	108	1	35	2	81	3	67	4	66	5	53	6	32	7	31	8	22	9	15	10	88	11	21	12	105	13	67	14	60	15	56	16	18	17	73	18	30	19	79	20	36	21	89	22	77	23	106	24	88	25	71	26	117	27	61	28	87	29	95	30	96	31	30	32	104	33	44	34	30	35	92	36	96	37	42	38	113	39	53	
	0	112	1	20	2	86	3	60	4	71	5	60	6	37	7	25	8	4	9	14	10	90	11	11	12	115	13	81	14	45	15	55	16	18	17	78	18	40	19	85	20	47	21	86	22	79	23	105	24	82	25	80	26	102	27	62	28	85	29	89	30	98	31	39	32	91	33	34	34	18	35	96	36	101	37	50	38	104	39	39	
	0	107	1	24	2	81	3	66	4	59	5	55	6	29	7	32	8	19	9	18	10	99	11	25	12	110	13	65	14	54	15	59	16	26	17	71	18	49	19	86	20	45	21	102	22	82	23	90	24	94	25	71	26	110	27	63	28	90	29	107	30	109	31	27	32	97	33	33	34	24	35	102	36	102	37	54	38	111	39	47	
	0	108	1	34	2	90	3	62	4	60	5	53	6	25	7	37	8	17	9	15	10	100	11	15	12	102	13	73	14	46	15	55	16	15	17	78	18	43	19	90	20	40	21	100	22	81	23	88	24	87	25	65	26	103	27	62	28	79	29	97	30	96	31	40	32	96	33	41	34	18	35	104	36	104	37	37	38	112	39	40	
	0	101	1	25	2	89	3	68	4	56	5	46	6	28	7	30	8	16	9	13	10	84	11	14	12	102	13	69	14	52	15	52	16	29	17	75	18	40	19	75	20	42	21	99	22	72	23	107	24	98	25	65	26	118	27	68	28	77	29	93	30	100	31	35	32	97	33	49	34	29	35	101	36	90	37	44	38	112	39	45	
	0	109	1	32	2	81	3	65	4	64	5	56	6	29	7	39	8	20	9	20	10	88	11	16	12	103	13	72	14	42	15	59	16	33	17	64	18	36	19	77	20	44	21	99	22	74	23	97	24	86	25	67	26	110	27	66	28	88	29	97	30	107	31	28	32	101	33	45	34	26	35	88	36	102	37	39	38	103	39	44	
	0	104	1	30	2	80	3	73	4	54	5	51	6	35	7	35	8	18	9	24	10	87	11	23	12	100	13	69	14	57	15	63	16	20	17	78	18	37	19	79	20	42	21	89	22	79	23	89	24	90	25	78	26	108	27	64	28	93	29	106	30	106	31	41	32	94	33	41	34	34	35	102	36	104	37	45	38	112	39	41	
	0	103	1	29	2	93	3	54	4	57	5	45	6	24	7	39	8	16	9	11	10	86	11	20	12	106	13	81	14	50	15	58	16	29	17	81	18	33	19	83	20	49	21	89	22	69	23	89	24	79	25	81	26	103	27	62	28	80	29	90	30	100	31	27	32	101	33	34	34	34	35	94	36	98	37	54	38	116	39	55	
	0	114	1	22	2	90	3	66	4	72	5	49	6	27	7	41	8	12	9	26	10	87	11	12	12	100	13	81	14	57	15	49	16	21	17	80	18	41	19	77	20	52	21	97	22	82	23	89	24	85	25	75	26	103	27	65	28	87	29	108	30	107	31	32	32	96	33	46	34	23	35	100	36	104	37	41	38	109	39	45	
	0	112	1	25	2	95	3	61	4	69	5	47	6	37	7	34	8	10	9	23	10	90	11	19	12	104	13	71	14	45	15	47	16	24	17	68	18	31	19	85	20	40	21	100	22	69	23	101	24	86	25	80	26	107	27	61	28	76	29	90	30	101	31	31	32	96	33	45	34	23	35	104	36	92	37	41	38	102	39	38	
	0	100	1	31	2	88	3	64	4	68	5	53	6	35	7	29	8	4	9	13	10	83	11	9	12	105	13	80	14	61	15	56	16	23	17	64	18	31	19	75	20	46	21	97	22	68	23	97	24	94	25	66	26	100	27	56	28	82	29	99	30	110	31	41	32	94	33	49	34	27	35	88	36	105	37	50	38	103	39	52	
	0	96	1	28	2	86	3	68	4	60	5	51	6	37	7	36	8	7	9	19	10	85	11	16	12	117	13	62	14	58	15	57	16	24	17	81	18	48	19	85	20	47	21	86	22	82	23	100	24	93	25	78	26	109	27	62	28	77	29	108	30	98	31	35	32	95	33	48	34	23	35	95	36	94	37	43	38	99	39	47	
	0	102	1	25	2	76	3	55	4	65	5	62	6	29	7	38	8	11	9	25	10	87	11	20	12	108	13	74	14	55	15	57	16	33	17	67	18	34	19	82	20	47	21	104	22	82	23	103	24	96	25	76	26	101	27	54	28	77	29	93	30	95	31	23	32	100	33	52	34	24	35	98	36	107	37	45	38	105	39	49	
	0	114	1	20	2	78	3	67	4	65	5	56	6	41	7	38	8	10	9	11	10	86	11	6	12	113	13	76	14	45	15	55	16	21	17	73	18	43	19	88	20	47	21	88	22	74	23	93	24	97	25	78	26	110	27	70	28	89	29	92	30	101	31	29	32	102	33	52	34	24	35	87	36	101	37	50	38	116	39	40	
	0	103	1	26	2	94	3	58	4	64	5	62	6	37	7	30	8	3	9	9	10	100	11	23	12	104	13	63	14	59	15	61	16	17	17	82	18	37	19	88	20	44	21	104	22	64	23	105	24	93	25	71	26	108	27	64	28	92	29	101	30	94	31	28	32	102	33	46	34	22	35	96	36	108	37	53	38	117	39	52	
	0	109	1	23	2	89	3	58	4	63	5	50	6	36	7	27	8	13	9	13	10	96	11	23	12	103	13	70	14	55	15	50	16	21	17	69	18	44	19	91	20	39	21	97	22	75	23	97	24	94	25	62	26	117	27	71	28	92	29	105	30	92	31	24	32	96	33	47	34	36	35	98	36	100	37	43	38	101	39	36	
	0	114	1	36	2	95	3	71	4	64	5	56	6	22	7	29	8	14	9	11	10	89	11	18	12	118	13	66	14	58	15	50	16	23	17	79	18	48	19	77	20	44	21	104	22	75	23	93	24	84	25	66	26	102	27	60	28	89	29	108	30	98	31	34	32	87	33	35	34	22	35	88	36	104	37	45	38	112	39	49	
	0	101	1	38	2	84	3	60	4	64	5	55	6	41	7	39	8	18	9	18	10	83	11	24	12	115	13	72	14	59	15	46	16	18	17	75	18	44	19	91	20	41	21	102	22	71	23	94	24	85	25	72	26	117	27	61	28	89	29	99	30	108	31	25	32	106	33	36	34	32	35	100	36	100	37	47	38	102	39	55	
	0	96	1	36	2	86	3	59	4	67	5	52	6	27	7	41	8	17	9	19	10	84	11	25	12	119	13	67	14	60	15	58	16	17	17	64	18	45	19	79	20	45	21	88	22	80	23	105	24	91	25	70	26	118	27	52	28	93	29	106	30	95	31	28	32	95	33	37	34	30	35	98	36	93	37	41	38	99	39	54	
	0	100	1	24	2	91	3	63	4	72	5	63	6	29	7	29	8	18	9	28	10	94	11	11	12	116	13	69	14	58	15	45	16	16	17	64	18	37	19	86	20	48	21	95	22	71	23	93	24	82	25	77	26	104	27	59	28	86	29	97	30	107	31	29	32	98	33	39	34	17	35	106	36	105	37	48	38	98	39	40	
	0	112	1	37	2	79	3	61	4	69	5	64	6	26	7	37	8	15	9	21	10	83	11	24	12	104	13	75	14	53	15	50	16	33	17	82	18	49	19	89	20	44	21	99	22	82	23	107	24	94	25	70	26	101	27	66	28	84	29	104	30	110	31	23	32	88	33	47	34	18	35	100	36	96	37	43	38	109	39	51	
	0	108	1	33	2	93	3	57	4	60	5	60	6	36	7	38	8	10	9	28	10	94	11	23	12	116	13	74	14	60	15	47	16	28	17	75	18	40	19	80	20	40	21	102	22	69	23	88	24	98	25	77	26	108	27	66	28	84	29	95	30	95	31	30	32	104	33	35	34	26	35	99	36	107	37	43	38	108	39	42	
	0	113	1	24	2	86	3	68	4	63	5	55	6	28	7	41	8	3	9	10	10	96	11	12	12	115	13	81	14	51	15	53	16	29	17	68	18	30	19	92	20	44	21	94	22	73	23	107	24	84	25	68	26	116	27	61	28	82	29	106	30	96	31	26	32	101	33	35	34	25	35	97	36	98	37	40	38	107	39	43	
	0	103	1	26	2	85	3	54	4	53	5	55	6	26	7	37	8	15	9	23	10	96	11	13	12	113	13	75	14	47	15	57	16	17	17	67	18	32	19	80	20	38	21	102	22	83	23	94	24	85	25	69	26	103	27	64	28	85	29	90	30	105	31	27	32	101	33	38	34	21	35	89	36	100	37	48	38	102	39	39	
	0	96	1	23	2	85	3	69	4	60	5	60	6	35	7	40	8	21	9	11	10	85	11	18	12	118	13	62	14	48	15	52	16	24	17	71	18	30	19	92	20	39	21	104	22	81	23	92	24	91	25	72	26	117	27	67	28	92	29	99	30	106	31	39	32	102	33	43	34	21	35	100	36	109	37	40	38	100	39	52	
	0	108	1	35	2	82	3	58	4	58	5	62	6	25	7	30	8	6	9	9	10	84	11	16	12	118	13	62	14	51	15	49	16	31	17	68	18	42	19	91	20	47	21	96	22	76	23	98	24	88	25	65	26	117	27	66	28	82	29	96	30	98	31	33	32	94	33	33	34	19	35	96	36	104	37	41	38	104	39	50	
	0	101	1	37	2	90	3	66	4	54	5	58	6	40	7	38	8	21	9	25	10	99	11	7	12	117	13	68	14	56	15	44	16	33	17	81	18	34	19	88	20	48	21	104	22	74	23	106	24	96	25	70	26	100	27	59	28	79	29	91	30	106	31	31	32	91	33	38	34	22	35	104	36	98	37	49	38	102	39	36	
	0	101	1	30	2	92	3	70	4	66	5	62	6	28	7	33	8	15	9	19	10	94	11	13	12	104	13	72	14	45	15	55	16	21	17	65	18	39	19	86	20	35	21	103	22	74	23	102	24	93	25	70	26	105	27	55	28	95	29	107	30	92	31	23	32	92	33	40	34	27	35	100	36	101	37	37	38	108	39	36	
	0	96	1	22	2	78	3	66	4	60	5	48	6	30	7	32	8	21	9	19	10	94	11	6	12	106	13	81	14	45	15	44	16	30	17	67	18	46	19	75	20	41	21	100	22	71	23	101	24	79	25	72	26	115	27	55	28	81	29	93	30	109	31	38	32	93	33	46	34	19	35	90	36	102	37	52	38	99	39	55	
	0	101	1	28	2	90	3	59	4	63	5	56	6	25	7	22	8	5	9	28	10	94	11	9	12	108	13	63	14	49	15	60	16	28	17	73	18	49	19	84	20	49	21	98	22	69	23	95	24	83	25	65	26	105	27	61	28	92	29	102	30	92	31	40	32	102	33	47	34	25	35	101	36	104	37	52	38	98	39	39	
	0	105	1	31	2	82	3	69	4	65	5	45	6	27	7	29	8	15	9	25	10	87	11	25	12	104	13	77	14	56	15	55	16	25	17	77	18	45	19	93	20	37	21	93	22	65	23	104	24	90	25	65	26	107	27	58	28	81	29	103	30	110	31	28	32	104	33	35	34	21	35	104	36	104	37	49	38	103	39	40	
	0	103	1	31	2	95	3	67	4	66	5	45	6	34	7	39	8	12	9	17	10	93	11	10	12	103	13	71	14	43	15	48	16	25	17	74	18	30	19	79	20	33	21	103	22	80	23	92	24	87	25	63	26	116	27	58	28	90	29	97	30	92	31	42	32	94	33	40	34	25	35	87	36	102	37	44	38	109	39	49	
	0	104	1	36	2	94	3	65	4	64	5	49	6	22	7	32	8	5	9	24	10	85	11	12	12	110	13	64	14	61	15	48	16	27	17	65	18	41	19	85	20	33	21	96	22	73	23	105	24	87	25	75	26	118	27	66	28	81	29	91	30	96	31	25	32	100	33	40	34	31	35	95	36	96	37	54	38	111	39	36	
	0	95	1	25	2	80	3	68	4	63	5	64	6	39	7	26	8	12	9	15	10	86	11	19	12	109	13	78	14	49	15	51	16	27	17	71	18	41	19	85	20	33	21	96	22	71	23	99	24	85	25	74	26	110	27	69	28	78	29	102	30	101	31	23	32	87	33	39	34	24	35	93	36	106	37	52	38	103	39	36	
	0	95	1	31	2	78	3	58	4	62	5	54	6	39	7	38	8	21	9	22	10	82	11	10	12	112	13	75	14	60	15	63	16	23	17	77	18	48	19	93	20	47	21	87	22	67	23	90	24	79	25	67	26	113	27	63	28	86	29	108	30	96	31	42	32	95	33	52	34	34	35	92	36	94	37	54	38	100	39	38	
	0	96	1	24	2	82	3	61	4	53	5	59	6	34	7	41	8	18	9	28	10	86	11	15	12	102	13	68	14	43	15	44	16	21	17	76	18	49	19	86	20	51	21	86	22	80	23	89	24	79	25	79	26	103	27	67	28	81	29	107	30	111	31	29	32	106	33	35	34	19	35	87	36	105	37	49	38	98	39	54	
	0	99	1	39	2	84	3	67	4	66	5	61	6	27	7	40	8	21	9	10	10	84	11	8	12	108	13	65	14	59	15	59	16	25	17	63	18	34	19	91	20	42	21	99	22	74	23	88	24	82	25	69	26	108	27	67	28	92	29	92	30	108	31	34	32	90	33	39	34	27	35	99	36	92	37	51	38	105	39	54	
	0	112	1	38	2	82	3	69	4	59	5	64	6	28	7	33	8	20	9	18	10	92	11	6	12	105	13	63	14	46	15	55	16	28	17	75	18	30	19	88	20	36	21	95	22	64	23	107	24	95	25	75	26	102	27	62	28	92	29	106	30	103	31	24	32	106	33	49	34	21	35	96	36	92	37	51	38	109	39	55	
	0	102	1	34	2	78	3	58	4	56	5	52	6	40	7	39	8	6	9	10	10	84	11	21	12	112	13	75	14	42	15	48	16	31	17	70	18	37	19	93	20	41	21	104	22	70	23	94	24	87	25	76	26	113	27	67	28	81	29	98	30	95	31	40	32	92	33	38	34	23	35	97	36	109	37	39	38	115	39	51	
	0	114	1	28	2	91	3	67	4	63	5	52	6	35	7	38	8	13	9	10	10	94	11	14	12	109	13	68	14	60	15	55	16	15	17	64	18	47	19	79	20	37	21	96	22	67	23	94	24	79	25	69	26	104	27	53	28	85	29	108	30	110	31	41	32	92	33	52	34	33	35	89	36	108	37	54	38	100	39	47	
	0	114	1	35	2	88	3	71	4	53	5	56	6	23	7	41	8	12	9	19	10	96	11	21	12	110	13	76	14	54	15	46	16	29	17	76	18	35	19	94	20	38	21	100	22	78	23	100	24	88	25	81	26	103	27	71	28	85	29	108	30	98	31	41	32	101	33	35	34	22	35	88	36	109	37	49	38	105	39	52	
	0	114	1	28	2	93	3	67	4	67	5	46	6	40	7	23	8	6	9	16	10	93	11	23	12	108	13	70	14	61	15	44	16	32	17	77	18	42	19	87	20	45	21	99	22	71	23	90	24	98	25	74	26	118	27	63	28	92	29	96	30	92	31	23	32	96	33	41	34	20	35	105	36	97	37	50	38	103	39	44	
	0	102	1	21	2	83	3	60	4	70	5	51	6	40	7	26	8	4	9	14	10	100	11	13	12	113	13	63	14	43	15	52	16	16	17	65	18	34	19	93	20	50	21	93	22	70	23	105	24	83	25	72	26	108	27	71	28	91	29	97	30	92	31	24	32	100	33	39	34	24	35	101	36	108	37	50	38	116	39	48	
	0	111	1	34	2	81	3	54	4	54	5	51	6	37	7	26	8	22	9	21	10	82	11	8	12	112	13	68	14	51	15	52	16	31	17	69	18	37	19	91	20	35	21	89	22	65	23	90	24	93	25	80	26	108	27	64	28	94	29	95	30	98	31	27	32	87	33	35	34	27	35	90	36	104	37	49	38	101	39	37	
	0	99	1	33	2	88	3	64	4	63	5	56	6	23	7	40	8	5	9	17	10	99	11	22	12	117	13	78	14	49	15	51	16	26	17	81	18	35	19	81	20	41	21	95	22	66	23	100	24	79	25	75	26	113	27	58	28	81	29	103	30	101	31	41	32	101	33	48	34	19	35	103	36	103	37	39	38	110	39	39	
	0	103	1	31	2	87	3	67	4	59	5	52	6	39	7	27	8	7	9	21	10	84	11	21	12	102	13	74	14	58	15	59	16	18	17	75	18	30	19	78	20	42	21	90	22	66	23	89	24	85	25	62	26	113	27	70	28	76	29	95	30	93	31	24	32	101	33	50	34	28	35	96	36	91	37	43	38	100	39	48	
	0	99	1	36	2	87	3	62	4	67	5	47	6	35	7	24	8	12	9	23	10	89	11	16	12	108	13	74	14	58	15	48	16	21	17	64	18	33	19	85	20	34	21	95	22	79	23	91	24	97	25	66	26	103	27	62	28	82	29	100	30	109	31	36	32	87	33	33	34	30	35	94	36	98	37	51	38	106	39	41	
	0	103	1	27	2	93	3	61	4	59	5	58	6	23	7	32	8	19	9	18	10	99	11	14	12	114	13	79	14	46	15	45	16	28	17	63	18	45	19	87	20	33	21	99	22	68	23	90	24	96	25	71	26	109	27	69	28	77	29	99	30	108	31	42	32	99	33	51	34	26	35	96	36	97	37	52	38	112	39	36	
	0	98	1	34	2	95	3	66	4	53	5	53	6	29	7	40	8	16	9	26	10	99	11	20	12	108	13	68	14	53	15	61	16	25	17	73	18	47	19	90	20	36	21	104	22	75	23	100	24	98	25	62	26	106	27	57	28	86	29	105	30	110	31	41	32	97	33	43	34	24	35	100	36	101	37	50	38	104	39	53	
	0	113	1	24	2	76	3	72	4	59	5	48	6	41	7	24	8	4	9	22	10	85	11	7	12	117	13	73	14	58	15	60	16	21	17	73	18	49	19	89	20	36	21	95	22	70	23	89	24	95	25	70	26	116	27	68	28	94	29	97	30	96	31	32	32	89	33	47	34	23	35	95	36	95	37	48	38	101	39	45	
	0	98	1	28	2	77	3	67	4	69	5	49	6	26	7	40	8	7	9	13	10	92	11	9	12	107	13	71	14	50	15	48	16	16	17	73	18	48	19	90	20	39	21	88	22	67	23	91	24	93	25	78	26	110	27	52	28	88	29	97	30	107	31	25	32	97	33	43	34	20	35	101	36	94	37	49	38	99	39	48	
	0	101	1	22	2	90	3	70	4	54	5	64	6	31	7	38	8	4	9	26	10	99	11	15	12	113	13	73	14	56	15	51	16	32	17	74	18	43	19	84	20	49	21	101	22	83	23	104	24	96	25	66	26	117	27	68	28	82	29	105	30	105	31	31	32	88	33	42	34	27	35	91	36	101	37	48	38	107	39	50	
	0	107	1	22	2	77	3	73	4	67	5	63	6	29	7	32	8	8	9	25	10	100	11	11	12	106	13	76	14	42	15	63	16	18	17	73	18	38	19	86	20	41	21	96	22	68	23	106	24	79	25	73	26	101	27	59	28	87	29	108	30	97	31	40	32	97	33	33	34	21	35	104	36	93	37	44	38	115	39	51	
	0	109	1	23	2	91	3	59	4	70	5	53	6	35	7	40	8	8	9	24	10	82	11	22	12	118	13	65	14	57	15	51	16	18	17	70	18	35	19	94	20	36	21	88	22	65	23	96	24	82	25	65	26	114	27	60	28	93	29	97	30	104	31	29	32	97	33	33	34	28	35	103	36	90	37	54	38	100	39	53	
	0	108	1	24	2	84	3	56	4	63	5	52	6	23	7	30	8	15	9	28	10	91	11	10	12	119	13	79	14	56	15	48	16	18	17	64	18	42	19	94	20	39	21	102	22	64	23	102	24	85	25	79	26	115	27	61	28	80	29	96	30	108	31	39	32	90	33	46	34	23	35	102	36	92	37	47	38	110	39	49	
	0	106	1	30	2	93	3	67	4	67	5	55	6	41	7	33	8	15	9	14	10	84	11	10	12	116	13	69	14	58	15	47	16	20	17	67	18	49	19	76	20	46	21	90	22	80	23	106	24	90	25	81	26	116	27	59	28	79	29	99	30	105	31	30	32	97	33	47	34	17	35	94	36	108	37	38	38	116	39	54	
	0	107	1	26	2	92	3	72	4	55	5	60	6	26	7	27	8	14	9	11	10	82	11	10	12	116	13	67	14	58	15	52	16	27	17	78	18	42	19	93	20	48	21	88	22	68	23	103	24	96	25	77	26	106	27	66	28	83	29	101	30	107	31	28	32	96	33	39	34	32	35	96	36	90	37	38	38	117	39	52	
	0	103	1	26	2	79	3	55	4	72	5	45	6	34	7	38	8	9	9	20	10	86	11	10	12	103	13	71	14	50	15	63	16	30	17	69	18	36	19	80	20	41	21	93	22	77	23	102	24	95	25	73	26	112	27	70	28	84	29	105	30	101	31	39	32	106	33	34	34	32	35	102	36	95	37	56	38	102	39	53	
	0	104	1	32	2	90	3	61	4	61	5	50	6	24	7	29	8	11	9	12	10	100	11	14	12	117	13	62	14	52	15	58	16	20	17	69	18	46	19	82	20	50	21	100	22	77	23	100	24	93	25	67	26	100	27	71	28	85	29	104	30	95	31	25	32	91	33	52	34	25	35	99	36	101	37	41	38	108	39	52	
	0	111	1	35	2	77	3	59	4	57	5	63	6	30	7	24	8	17	9	21	10	98	11	6	12	113	13	69	14	55	15	45	16	31	17	72	18	40	19	88	20	37	21	101	22	75	23	105	24	80	25	81	26	104	27	60	28	83	29	91	30	106	31	31	32	100	33	47	34	24	35	101	36	99	37	55	38	106	39	48	
	0	105	1	37	2	95	3	64	4	68	5	47	6	27	7	36	8	20	9	26	10	97	11	25	12	108	13	74	14	55	15	60	16	19	17	68	18	33	19	84	20	43	21	86	22	77	23	89	24	93	25	66	26	107	27	57	28	79	29	105	30	104	31	31	32	100	33	39	34	22	35	90	36	99	37	50	38	107	39	49	
	0	107	1	33	2	84	3	59	4	69	5	55	6	23	7	38	8	17	9	15	10	97	11	7	12	110	13	63	14	59	15	51	16	16	17	74	18	49	19	91	20	50	21	104	22	79	23	103	24	90	25	66	26	114	27	52	28	77	29	108	30	95	31	29	32	93	33	45	34	24	35	104	36	96	37	42	38	109	39	41	
	0	96	1	25	2	88	3	69	4	72	5	58	6	26	7	41	8	3	9	27	10	84	11	18	12	103	13	70	14	59	15	52	16	34	17	72	18	43	19	79	20	42	21	86	22	74	23	106	24	93	25	69	26	111	27	62	28	92	29	104	30	101	31	41	32	95	33	45	34	25	35	104	36	94	37	42	38	111	39	45	
	0	101	1	23	2	82	3	60	4	58	5	48	6	28	7	40	8	6	9	12	10	83	11	22	12	118	13	69	14	48	15	53	16	32	17	80	18	46	19	82	20	48	21	85	22	75	23	107	24	79	25	78	26	117	27	66	28	93	29	101	30	100	31	31	32	99	33	49	34	21	35	106	36	92	37	46	38	106	39	46	
	0	109	1	30	2	94	3	60	4	65	5	51	6	39	7	30	8	17	9	15	10	94	11	14	12	111	13	79	14	60	15	63	16	15	17	71	18	32	19	87	20	46	21	99	22	72	23	89	24	82	25	64	26	105	27	71	28	90	29	91	30	101	31	37	32	92	33	44	34	19	35	93	36	103	37	50	38	106	39	37	
	0	112	1	33	2	86	3	62	4	66	5	49	6	34	7	27	8	17	9	10	10	84	11	7	12	100	13	76	14	52	15	61	16	25	17	64	18	38	19	89	20	37	21	101	22	66	23	92	24	83	25	73	26	102	27	61	28	78	29	103	30	105	31	38	32	94	33	46	34	20	35	101	36	96	37	42	38	116	39	41	
	0	104	1	29	2	77	3	62	4	68	5	46	6	25	7	35	8	8	9	27	10	99	11	7	12	118	13	75	14	54	15	55	16	15	17	81	18	30	19	89	20	43	21	86	22	77	23	107	24	96	25	74	26	116	27	52	28	85	29	99	30	98	31	23	32	94	33	50	34	33	35	98	36	101	37	50	38	108	39	49	
	0	98	1	39	2	77	3	66	4	66	5	64	6	22	7	30	8	6	9	21	10	91	11	7	12	106	13	78	14	55	15	52	16	29	17	67	18	31	19	94	20	34	21	98	22	80	23	92	24	90	25	81	26	117	27	57	28	89	29	102	30	96	31	38	32	100	33	37	34	18	35	103	36	101	37	52	38	110	39	53	
	0	109	1	35	2	89	3	57	4	65	5	62	6	30	7	37	8	3	9	14	10	99	11	25	12	114	13	72	14	52	15	58	16	25	17	69	18	36	19	79	20	45	21	87	22	81	23	102	24	97	25	68	26	114	27	67	28	88	29	99	30	92	31	27	32	90	33	33	34	19	35	91	36	105	37	47	38	117	39	38	
	0	107	1	28	2	93	3	62	4	71	5	47	6	41	7	38	8	13	9	9	10	86	11	15	12	117	13	66	14	45	15	47	16	30	17	75	18	35	19	91	20	46	21	103	22	77	23	94	24	87	25	63	26	111	27	62	28	91	29	105	30	111	31	29	32	87	33	45	34	22	35	93	36	102	37	42	38	111	39	50	
	0	103	1	22	2	84	3	63	4	72	5	57	6	27	7	35	8	7	9	14	10	82	11	8	12	115	13	66	14	49	15	46	16	16	17	64	18	33	19	84	20	52	21	85	22	77	23	88	24	89	25	70	26	116	27	61	28	89	29	94	30	101	31	29	32	90	33	43	34	28	35	104	36	93	37	41	38	107	39	37	
	0	96	1	35	2	80	3	73	4	69	5	57	6	28	7	29	8	18	9	9	10	87	11	18	12	112	13	62	14	49	15	53	16	19	17	78	18	37	19	90	20	46	21	103	22	67	23	89	24	98	25	67	26	110	27	68	28	89	29	90	30	98	31	33	32	94	33	44	34	30	35	102	36	95	37	39	38	115	39	43	
	0	100	1	21	2	78	3	58	4	67	5	57	6	34	7	28	8	19	9	15	10	98	11	25	12	118	13	71	14	47	15	47	16	25	17	80	18	42	19	88	20	39	21	91	22	78	23	92	24	96	25	74	26	113	27	63	28	82	29	97	30	95	31	24	32	100	33	45	34	21	35	106	36	106	37	54	38	111	39	47	
	0	112	1	38	2	78	3	65	4	66	5	45	6	29	7	38	8	15	9	18	10	99	11	19	12	103	13	78	14	48	15	44	16	24	17	67	18	37	19	77	20	34	21	90	22	69	23	90	24	89	25	65	26	119	27	62	28	93	29	102	30	93	31	32	32	89	33	47	34	31	35	97	36	95	37	48	38	106	39	51	
	0	98	1	22	2	92	3	55	4	68	5	62	6	25	7	23	8	10	9	28	10	101	11	17	12	115	13	81	14	43	15	52	16	26	17	81	18	41	19	81	20	48	21	101	22	79	23	96	24	93	25	65	26	105	27	69	28	88	29	99	30	101	31	26	32	87	33	34	34	22	35	99	36	96	37	55	38	105	39	48	
	0	99	1	34	2	90	3	72	4	64	5	46	6	37	7	26	8	3	9	13	10	94	11	12	12	103	13	78	14	48	15	58	16	24	17	68	18	35	19	91	20	44	21	97	22	73	23	95	24	79	25	62	26	118	27	65	28	78	29	97	30	103	31	41	32	103	33	43	34	22	35	92	36	95	37	48	38	107	39	36	
	0	97	1	28	2	78	3	65	4	59	5	57	6	23	7	26	8	11	9	24	10	86	11	12	12	113	13	73	14	57	15	49	16	33	17	64	18	41	19	77	20	41	21	96	22	75	23	88	24	81	25	66	26	111	27	60	28	86	29	99	30	94	31	37	32	90	33	39	34	26	35	87	36	101	37	45	38	115	39	49	
	0	108	1	24	2	79	3	68	4	62	5	52	6	27	7	23	8	19	9	13	10	89	11	23	12	102	13	65	14	54	15	45	16	23	17	69	18	48	19	83	20	45	21	102	22	67	23	106	24	84	25	77	26	109	27	54	28	92	29	89	30	99	31	37	32	90	33	34	34	23	35	102	36	94	37	40	38	107	39	40	
	0	95	1	35	2	80	3	66	4	64	5	57	6	29	7	30	8	6	9	11	10	83	11	19	12	112	13	73	14	61	15	45	16	27	17	82	18	47	19	88	20	49	21	102	22	76	23	97	24	89	25	77	26	109	27	57	28	78	29	91	30	93	31	33	32	97	33	34	34	31	35	97	36	92	37	39	38	106	39	51	
	0	102	1	35	2	89	3	65	4	60	5	48	6	23	7	34	8	19	9	20	10	95	11	11	12	119	13	68	14	54	15	61	16	20	17	66	18	47	19	86	20	38	21	93	22	66	23	103	24	86	25	66	26	100	27	52	28	94	29	106	30	111	31	39	32	90	33	45	34	23	35	87	36	95	37	56	38	110	39	39	
	0	100	1	39	2	92	3	70	4	58	5	52	6	39	7	23	8	13	9	17	10	100	11	23	12	117	13	81	14	57	15	49	16	20	17	68	18	32	19	85	20	48	21	93	22	66	23	93	24	98	25	64	26	113	27	68	28	79	29	89	30	92	31	31	32	101	33	41	34	23	35	87	36	107	37	55	38	111	39	49	
	0	106	1	39	2	79	3	69	4	56	5	57	6	40	7	39	8	16	9	10	10	87	11	12	12	106	13	81	14	50	15	50	16	28	17	66	18	38	19	89	20	50	21	101	22	71	23	101	24	93	25	71	26	109	27	66	28	89	29	98	30	97	31	32	32	98	33	39	34	24	35	87	36	101	37	56	38	108	39	38	
	0	111	1	26	2	84	3	68	4	72	5	52	6	22	7	36	8	6	9	26	10	83	11	12	12	117	13	62	14	54	15	52	16	29	17	81	18	47	19	80	20	45	21	88	22	78	23	89	24	81	25	77	26	109	27	56	28	76	29	98	30	108	31	27	32	90	33	35	34	25	35	106	36	108	37	47	38	105	39	45	
	0	114	1	22	2	86	3	70	4	70	5	49	6	34	7	39	8	16	9	12	10	86	11	12	12	101	13	66	14	60	15	45	16	31	17	69	18	47	19	88	20	37	21	94	22	71	23	92	24	79	25	81	26	104	27	52	28	94	29	100	30	102	31	23	32	94	33	52	34	28	35	105	36	90	37	50	38	100	39	55	
	0	108	1	38	2	83	3	54	4	72	5	50	6	30	7	28	8	19	9	18	10	86	11	7	12	112	13	70	14	47	15	45	16	19	17	80	18	33	19	94	20	36	21	103	22	74	23	104	24	84	25	62	26	103	27	67	28	81	29	99	30	98	31	33	32	94	33	41	34	31	35	105	36	101	37	41	38	107	39	39	
	0	107	1	39	2	84	3	72	4	56	5	51	6	26	7	40	8	21	9	27	10	91	11	20	12	104	13	74	14	51	15	49	16	16	17	69	18	35	19	85	20	42	21	104	22	69	23	92	24	83	25	81	26	118	27	71	28	79	29	99	30	100	31	34	32	95	33	37	34	24	35	94	36	92	37	38	38	111	39	37	
	0	100	1	22	2	83	3	70	4	60	5	59	6	39	7	34	8	9	9	26	10	97	11	15	12	105	13	77	14	47	15	62	16	15	17	81	18	45	19	76	20	39	21	90	22	68	23	89	24	98	25	64	26	119	27	70	28	76	29	107	30	106	31	34	32	93	33	50	34	28	35	99	36	102	37	54	38	101	39	49	
	0	109	1	36	2	79	3	71	4	54	5	57	6	22	7	32	8	18	9	22	10	82	11	6	12	102	13	67	14	59	15	62	16	30	17	77	18	37	19	90	20	42	21	88	22	80	23	105	24	91	25	69	26	101	27	71	28	85	29	95	30	106	31	37	32	106	33	52	34	33	35	106	36	105	37	55	38	108	39	39	
	0	105	1	36	2	89	3	56	4	72	5	47	6	25	7	35	8	8	9	15	10	94	11	16	12	106	13	73	14	58	15	51	16	24	17	67	18	38	19	77	20	38	21	91	22	74	23	105	24	79	25	80	26	112	27	60	28	87	29	90	30	100	31	30	32	89	33	35	34	36	35	97	36	92	37	56	38	102	39	49	
	0	97	1	29	2	88	3	62	4	70	5	63	6	36	7	29	8	22	9	21	10	84	11	10	12	116	13	69	14	42	15	62	16	30	17	81	18	37	19	93	20	36	21	90	22	69	23	88	24	83	25	81	26	111	27	54	28	95	29	105	30	92	31	31	32	101	33	47	34	17	35	93	36	98	37	54	38	104	39	50	
	0	99	1	37	2	90	3	58	4	59	5	45	6	40	7	26	8	6	9	19	10	86	11	25	12	113	13	76	14	48	15	51	16	33	17	78	18	41	19	85	20	50	21	85	22	65	23	96	24	97	25	78	26	100	27	52	28	89	29	96	30	102	31	40	32	95	33	33	34	32	35	101	36	90	37	52	38	109	39	50	
	0	114	1	23	2	76	3	62	4	59	5	50	6	25	7	39	8	9	9	11	10	100	11	6	12	117	13	73	14	44	15	52	16	20	17	65	18	48	19	78	20	36	21	93	22	72	23	98	24	83	25	67	26	112	27	61	28	92	29	107	30	93	31	23	32	89	33	42	34	22	35	106	36	91	37	47	38	109	39	52	
	0	108	1	23	2	84	3	56	4	70	5	58	6	22	7	26	8	7	9	26	10	94	11	7	12	115	13	80	14	42	15	59	16	21	17	80	18	39	19	92	20	36	21	94	22	64	23	101	24	97	25	63	26	107	27	56	28	77	29	97	30	105	31	28	32	92	33	48	34	17	35	99	36	96	37	52	38	107	39	52	
	0	101	1	22	2	94	3	67	4	54	5	49	6	34	7	40	8	14	9	18	10	86	11	14	12	109	13	75	14	55	15	60	16	26	17	69	18	47	19	87	20	48	21	99	22	64	23	92	24	91	25	66	26	103	27	70	28	88	29	103	30	109	31	28	32	104	33	46	34	31	35	87	36	92	37	55	38	109	39	40	
	0	98	1	26	2	81	3	67	4	57	5	54	6	23	7	28	8	21	9	26	10	84	11	7	12	117	13	75	14	60	15	50	16	27	17	65	18	47	19	85	20	45	21	92	22	71	23	105	24	94	25	80	26	112	27	55	28	90	29	99	30	108	31	31	32	100	33	42	34	32	35	87	36	96	37	55	38	100	39	53	
	0	106	1	24	2	83	3	61	4	65	5	58	6	35	7	32	8	16	9	14	10	93	11	14	12	101	13	65	14	44	15	57	16	16	17	70	18	31	19	75	20	44	21	101	22	78	23	101	24	92	25	66	26	103	27	61	28	86	29	105	30	108	31	33	32	98	33	39	34	33	35	104	36	94	37	56	38	106	39	49	
	0	110	1	28	2	92	3	57	4	60	5	61	6	24	7	39	8	16	9	11	10	83	11	7	12	101	13	71	14	61	15	49	16	34	17	68	18	41	19	84	20	52	21	100	22	67	23	96	24	96	25	67	26	110	27	57	28	88	29	108	30	101	31	35	32	89	33	37	34	34	35	104	36	93	37	52	38	106	39	53	
	0	109	1	35	2	78	3	71	4	54	5	54	6	34	7	29	8	18	9	21	10	99	11	17	12	115	13	64	14	58	15	52	16	29	17	77	18	37	19	82	20	47	21	89	22	81	23	107	24	95	25	62	26	110	27	54	28	81	29	99	30	109	31	41	32	105	33	51	34	24	35	94	36	98	37	53	38	106	39	55	
	0	102	1	31	2	93	3	69	4	58	5	49	6	26	7	28	8	18	9	12	10	90	11	24	12	105	13	75	14	45	15	59	16	25	17	66	18	48	19	78	20	45	21	88	22	69	23	106	24	84	25	76	26	103	27	68	28	86	29	102	30	102	31	34	32	102	33	52	34	25	35	98	36	103	37	47	38	116	39	36	
	0	103	1	38	2	89	3	65	4	66	5	51	6	40	7	36	8	19	9	28	10	95	11	15	12	118	13	76	14	55	15	45	16	21	17	73	18	46	19	91	20	48	21	85	22	80	23	99	24	94	25	65	26	115	27	68	28	95	29	107	30	99	31	42	32	88	33	43	34	35	35	102	36	96	37	53	38	105	39	53	
	0	102	1	39	2	88	3	73	4	66	5	56	6	41	7	25	8	4	9	16	10	84	11	9	12	106	13	62	14	46	15	49	16	15	17	71	18	45	19	92	20	36	21	102	22	82	23	104	24	90	25	72	26	117	27	60	28	85	29	98	30	98	31	29	32	102	33	33	34	20	35	98	36	94	37	49	38	110	39	44	
	0	109	1	35	2	82	3	59	4	63	5	57	6	40	7	33	8	11	9	25	10	94	11	12	12	106	13	77	14	59	15	48	16	21	17	66	18	35	19	76	20	35	21	97	22	74	23	103	24	98	25	66	26	116	27	70	28	78	29	103	30	104	31	25	32	96	33	50	34	28	35	102	36	97	37	41	38	100	39	53	
	0	111	1	27	2	78	3	59	4	57	5	63	6	24	7	39	8	19	9	14	10	97	11	15	12	105	13	63	14	48	15	46	16	18	17	81	18	32	19	77	20	35	21	101	22	68	23	89	24	94	25	63	26	114	27	53	28	95	29	105	30	104	31	26	32	99	33	48	34	29	35	98	36	98	37	49	38	114	39	40	
	0	106	1	36	2	95	3	60	4	67	5	47	6	29	7	27	8	19	9	11	10	90	11	24	12	105	13	66	14	59	15	56	16	24	17	70	18	32	19	88	20	42	21	104	22	79	23	105	24	95	25	62	26	102	27	67	28	84	29	108	30	108	31	36	32	99	33	35	34	29	35	87	36	101	37	37	38	105	39	46	
	0	104	1	32	2	91	3	64	4	53	5	56	6	39	7	34	8	13	9	13	10	93	11	10	12	114	13	69	14	47	15	57	16	16	17	75	18	40	19	83	20	46	21	101	22	70	23	94	24	96	25	68	26	107	27	53	28	83	29	95	30	105	31	30	32	100	33	36	34	19	35	87	36	99	37	54	38	104	39	48	
	0	95	1	36	2	76	3	66	4	62	5	51	6	32	7	22	8	18	9	19	10	99	11	12	12	111	13	65	14	47	15	63	16	21	17	73	18	48	19	93	20	41	21	96	22	67	23	91	24	91	25	63	26	112	27	68	28	77	29	100	30	94	31	37	32	103	33	37	34	27	35	96	36	103	37	52	38	116	39	44	
	0	105	1	33	2	76	3	54	4	66	5	47	6	35	7	29	8	7	9	17	10	93	11	7	12	114	13	72	14	48	15	47	16	23	17	64	18	33	19	83	20	45	21	92	22	74	23	97	24	79	25	74	26	107	27	69	28	76	29	98	30	107	31	28	32	105	33	42	34	23	35	105	36	104	37	53	38	107	39	45	
	0	110	1	23	2	91	3	65	4	66	5	61	6	29	7	40	8	4	9	15	10	95	11	12	12	100	13	77	14	49	15	51	16	19	17	71	18	38	19	91	20	40	21	99	22	67	23	100	24	84	25	68	26	117	27	59	28	81	29	101	30	92	31	32	32	94	33	37	34	36	35	94	36	105	37	50	38	100	39	37	
	0	107	1	36	2	91	3	69	4	55	5	60	6	23	7	40	8	19	9	22	10	97	11	7	12	113	13	80	14	43	15	61	16	34	17	70	18	32	19	79	20	49	21	101	22	80	23	101	24	95	25	74	26	114	27	61	28	93	29	104	30	107	31	29	32	91	33	40	34	26	35	87	36	90	37	44	38	102	39	43	
	0	102	1	26	2	94	3	63	4	59	5	56	6	37	7	24	8	13	9	12	10	85	11	15	12	116	13	74	14	50	15	55	16	18	17	66	18	43	19	80	20	35	21	104	22	65	23	98	24	80	25	74	26	103	27	54	28	76	29	93	30	111	31	33	32	104	33	46	34	36	35	90	36	94	37	37	38	117	39	48	
	0	111	1	23	2	94	3	55	4	69	5	53	6	34	7	34	8	14	9	10	10	87	11	15	12	116	13	62	14	45	15	48	16	16	17	75	18	32	19	81	20	38	21	101	22	81	23	90	24	83	25	64	26	119	27	54	28	83	29	91	30	100	31	30	32	99	33	48	34	17	35	93	36	97	37	45	38	117	39	54	
	0	101	1	39	2	92	3	68	4	66	5	48	6	27	7	40	8	8	9	19	10	99	11	8	12	117	13	79	14	43	15	55	16	27	17	70	18	38	19	90	20	50	21	99	22	75	23	97	24	91	25	72	26	105	27	68	28	95	29	99	30	110	31	36	32	90	33	40	34	24	35	89	36	90	37	49	38	104	39	47	
	0	101	1	27	2	85	3	61	4	69	5	62	6	33	7	31	8	17	9	16	10	94	11	23	12	108	13	78	14	45	15	46	16	15	17	72	18	36	19	82	20	42	21	104	22	65	23	88	24	79	25	71	26	109	27	54	28	76	29	99	30	108	31	25	32	100	33	49	34	19	35	106	36	102	37	46	38	101	39	49	
	0	104	1	29	2	84	3	66	4	71	5	51	6	22	7	41	8	11	9	16	10	84	11	6	12	105	13	65	14	46	15	60	16	33	17	72	18	32	19	79	20	33	21	91	22	77	23	97	24	80	25	71	26	101	27	56	28	89	29	107	30	93	31	31	32	104	33	50	34	17	35	96	36	100	37	51	38	114	39	46	
	0	107	1	26	2	82	3	54	4	69	5	50	6	37	7	26	8	4	9	26	10	83	11	24	12	101	13	65	14	57	15	50	16	22	17	77	18	44	19	85	20	47	21	92	22	80	23	90	24	79	25	70	26	118	27	52	28	91	29	108	30	101	31	41	32	106	33	36	34	18	35	103	36	95	37	47	38	100	39	42	
	0	108	1	24	2	89	3	62	4	59	5	51	6	32	7	31	8	18	9	9	10	93	11	11	12	115	13	69	14	61	15	47	16	21	17	63	18	33	19	78	20	52	21	94	22	65	23	102	24	93	25	64	26	103	27	63	28	83	29	99	30	103	31	29	32	105	33	43	34	17	35	106	36	108	37	56	38	98	39	47	
	0	102	1	24	2	79	3	66	4	57	5	64	6	28	7	32	8	21	9	26	10	88	11	24	12	115	13	80	14	55	15	57	16	19	17	65	18	34	19	85	20	52	21	100	22	68	23	100	24	81	25	73	26	107	27	59	28	89	29	100	30	95	31	34	32	104	33	49	34	32	35	98	36	106	37	49	38	104	39	45	
	0	103	1	26	2	92	3	67	4	60	5	54	6	30	7	41	8	17	9	18	10	96	11	18	12	106	13	68	14	42	15	53	16	30	17	77	18	49	19	93	20	43	21	104	22	64	23	90	24	85	25	80	26	109	27	64	28	87	29	100	30	107	31	34	32	100	33	47	34	24	35	100	36	109	37	43	38	111	39	39	
	0	102	1	23	2	88	3	58	4	68	5	61	6	26	7	28	8	5	9	15	10	85	11	22	12	104	13	74	14	51	15	56	16	28	17	79	18	36	19	81	20	46	21	99	22	71	23	100	24	96	25	66	26	100	27	71	28	79	29	96	30	103	31	41	32	105	33	33	34	22	35	99	36	99	37	55	38	108	39	39	
	0	102	1	21	2	76	3	62	4	72	5	47	6	39	7	27	8	6	9	12	10	93	11	10	12	106	13	62	14	54	15	45	16	15	17	78	18	36	19	85	20	34	21	102	22	78	23	99	24	85	25	77	26	114	27	70	28	85	29	97	30	107	31	25	32	93	33	49	34	21	35	102	36	109	37	44	38	109	39	45	
	0	95	1	34	2	88	3	61	4	67	5	63	6	41	7	32	8	7	9	16	10	97	11	7	12	111	13	72	14	48	15	61	16	27	17	69	18	38	19	80	20	43	21	91	22	82	23	94	24	81	25	66	26	106	27	62	28	92	29	107	30	100	31	28	32	105	33	51	34	34	35	103	36	101	37	46	38	104	39	36	
	0	102	1	21	2	76	3	70	4	70	5	48	6	22	7	31	8	8	9	20	10	96	11	12	12	117	13	78	14	48	15	49	16	18	17	71	18	35	19	92	20	48	21	94	22	78	23	88	24	93	25	69	26	112	27	63	28	89	29	103	30	106	31	30	32	94	33	50	34	25	35	105	36	95	37	48	38	107	39	36	
	0	110	1	26	2	93	3	73	4	59	5	60	6	26	7	34	8	18	9	18	10	92	11	10	12	100	13	74	14	52	15	56	16	19	17	67	18	30	19	87	20	41	21	95	22	81	23	99	24	79	25	70	26	106	27	57	28	82	29	90	30	98	31	41	32	87	33	45	34	23	35	96	36	102	37	46	38	117	39	43	
	0	110	1	22	2	88	3	66	4	55	5	50	6	26	7	37	8	16	9	22	10	96	11	24	12	104	13	72	14	47	15	44	16	26	17	82	18	35	19	79	20	34	21	90	22	72	23	88	24	87	25	75	26	104	27	70	28	82	29	93	30	108	31	34	32	96	33	35	34	21	35	105	36	94	37	52	38	109	39	43	
	0	110	1	22	2	94	3	73	4	56	5	46	6	36	7	37	8	9	9	15	10	88	11	8	12	117	13	81	14	56	15	48	16	30	17	77	18	31	19	92	20	36	21	96	22	80	23	93	24	97	25	75	26	110	27	59	28	82	29	97	30	111	31	31	32	99	33	45	34	32	35	102	36	94	37	42	38	105	39	45	
	0	101	1	34	2	93	3	66	4	60	5	52	6	38	7	33	8	10	9	13	10	83	11	13	12	112	13	65	14	61	15	57	16	20	17	69	18	32	19	82	20	39	21	93	22	72	23	88	24	98	25	72	26	119	27	62	28	82	29	107	30	111	31	39	32	90	33	47	34	22	35	105	36	94	37	45	38	114	39	50	
	0	114	1	35	2	92	3	72	4	70	5	55	6	33	7	26	8	8	9	25	10	85	11	11	12	112	13	81	14	43	15	56	16	32	17	63	18	35	19	75	20	39	21	100	22	74	23	93	24	92	25	81	26	107	27	66	28	88	29	105	30	100	31	31	32	88	33	50	34	25	35	88	36	108	37	39	38	110	39	36	
	0	109	1	31	2	81	3	69	4	54	5	45	6	24	7	22	8	13	9	18	10	101	11	15	12	108	13	66	14	51	15	49	16	31	17	71	18	31	19	94	20	48	21	91	22	73	23	97	24	94	25	63	26	116	27	55	28	92	29	91	30	101	31	41	32	87	33	51	34	27	35	106	36	99	37	50	38	112	39	39	
	0	112	1	38	2	78	3	67	4	59	5	52	6	35	7	34	8	16	9	13	10	96	11	11	12	103	13	66	14	53	15	46	16	23	17	68	18	38	19	93	20	40	21	93	22	72	23	92	24	94	25	66	26	117	27	52	28	85	29	108	30	107	31	42	32	87	33	34	34	20	35	96	36	106	37	47	38	116	39	54	
	0	110	1	34	2	82	3	57	4	53	5	47	6	40	7	28	8	12	9	22	10	100	11	19	12	112	13	69	14	49	15	61	16	34	17	81	18	48	19	86	20	47	21	94	22	71	23	101	24	98	25	67	26	106	27	69	28	87	29	91	30	105	31	28	32	104	33	34	34	30	35	94	36	92	37	52	38	105	39	50	
	0	100	1	25	2	90	3	67	4	55	5	58	6	38	7	32	8	13	9	15	10	91	11	13	12	116	13	73	14	48	15	49	16	22	17	66	18	45	19	76	20	51	21	96	22	75	23	95	24	93	25	76	26	119	27	69	28	94	29	92	30	105	31	40	32	103	33	42	34	34	35	93	36	96	37	51	38	107	39	53	
	0	95	1	21	2	84	3	55	4	69	5	53	6	32	7	27	8	15	9	24	10	87	11	10	12	107	13	81	14	59	15	45	16	30	17	65	18	40	19	84	20	46	21	86	22	73	23	88	24	95	25	65	26	103	27	61	28	83	29	89	30	111	31	39	32	103	33	50	34	25	35	100	36	103	37	49	38	111	39	38	
	0	110	1	33	2	84	3	63	4	53	5	51	6	29	7	31	8	14	9	28	10	84	11	12	12	117	13	78	14	52	15	63	16	17	17	68	18	38	19	93	20	34	21	101	22	65	23	92	24	97	25	76	26	100	27	63	28	86	29	98	30	103	31	25	32	104	33	46	34	34	35	98	36	90	37	52	38	110	39	38	
	0	112	1	22	2	91	3	62	4	71	5	61	6	36	7	28	8	22	9	11	10	100	11	24	12	105	13	76	14	52	15	56	16	30	17	76	18	47	19	88	20	43	21	95	22	83	23	92	24	84	25	73	26	105	27	69	28	84	29	98	30	93	31	27	32	93	33	38	34	19	35	96	36	92	37	41	38	111	39	42	
	0	99	1	24	2	79	3	59	4	61	5	50	6	35	7	35	8	20	9	24	10	88	11	11	12	102	13	62	14	42	15	50	16	34	17	80	18	32	19	91	20	46	21	96	22	76	23	96	24	90	25	79	26	103	27	52	28	89	29	97	30	93	31	37	32	99	33	42	34	25	35	91	36	92	37	49	38	98	39	38	
	0	103	1	27	2	76	3	64	4	61	5	54	6	41	7	25	8	4	9	10	10	86	11	16	12	106	13	65	14	60	15	51	16	22	17	70	18	39	19	84	20	35	21	85	22	69	23	102	24	82	25	68	26	116	27	58	28	93	29	103	30	97	31	38	32	96	33	41	34	28	35	101	36	98	37	41	38	102	39	40	
	0	109	1	30	2	81	3	61	4	59	5	45	6	34	7	23	8	17	9	14	10	93	11	6	12	112	13	66	14	46	15	47	16	27	17	82	18	36	19	87	20	35	21	100	22	75	23	100	24	89	25	79	26	119	27	65	28	90	29	90	30	108	31	25	32	94	33	33	34	30	35	95	36	92	37	51	38	115	39	53	
	0	102	1	20	2	76	3	70	4	56	5	57	6	41	7	28	8	19	9	9	10	90	11	9	12	118	13	70	14	45	15	44	16	25	17	69	18	42	19	89	20	43	21	89	22	73	23	103	24	81	25	70	26	106	27	64	28	89	29	103	30	94	31	35	32	93	33	37	34	29	35	106	36	103	37	42	38	104	39	39	
	0	109	1	37	2	77	3	62	4	65	5	57	6	38	7	32	8	3	9	23	10	92	11	13	12	118	13	62	14	55	15	47	16	28	17	77	18	32	19	79	20	52	21	90	22	68	23	88	24	79	25	67	26	115	27	69	28	79	29	108	30	107	31	33	32	100	33	38	34	34	35	90	36	101	37	56	38	114	39	55	
	0	102	1	29	2	91	3	61	4	57	5	64	6	36	7	36	8	10	9	19	10	96	11	9	12	103	13	73	14	43	15	59	16	32	17	73	18	30	19	90	20	50	21	91	22	66	23	101	24	80	25	63	26	110	27	56	28	79	29	96	30	107	31	27	32	90	33	43	34	29	35	103	36	92	37	52	38	109	39	44	
	0	97	1	31	2	91	3	61	4	57	5	61	6	36	7	41	8	20	9	11	10	100	11	14	12	117	13	78	14	51	15	45	16	21	17	80	18	30	19	81	20	45	21	90	22	72	23	96	24	95	25	71	26	114	27	55	28	78	29	107	30	96	31	35	32	92	33	50	34	25	35	98	36	106	37	47	38	109	39	36	
	0	114	1	29	2	94	3	59	4	69	5	47	6	39	7	29	8	17	9	9	10	101	11	10	12	105	13	79	14	54	15	63	16	21	17	78	18	38	19	84	20	45	21	100	22	68	23	104	24	87	25	66	26	110	27	68	28	89	29	105	30	92	31	29	32	90	33	44	34	23	35	91	36	104	37	50	38	114	39	36	
	0	100	1	33	2	76	3	57	4	64	5	47	6	22	7	23	8	20	9	10	10	96	11	25	12	115	13	70	14	49	15	61	16	19	17	63	18	36	19	82	20	38	21	91	22	64	23	90	24	81	25	64	26	112	27	59	28	91	29	104	30	101	31	39	32	105	33	44	34	19	35	93	36	96	37	49	38	103	39	46	
	0	109	1	30	2	95	3	56	4	72	5	63	6	27	7	39	8	10	9	26	10	84	11	11	12	105	13	70	14	57	15	62	16	20	17	65	18	48	19	93	20	44	21	86	22	82	23	98	24	84	25	81	26	105	27	57	28	80	29	108	30	103	31	40	32	98	33	34	34	24	35	92	36	105	37	45	38	98	39	55	
	0	108	1	21	2	88	3	68	4	61	5	64	6	22	7	31	8	21	9	10	10	94	11	16	12	106	13	64	14	49	15	61	16	27	17	76	18	31	19	76	20	40	21	103	22	74	23	102	24	91	25	71	26	108	27	71	28	94	29	103	30	103	31	38	32	105	33	40	34	32	35	105	36	99	37	45	38	99	39	41	
	0	96	1	27	2	92	3	67	4	56	5	56	6	40	7	33	8	5	9	26	10	98	11	21	12	108	13	72	14	58	15	45	16	23	17	64	18	35	19	87	20	48	21	101	22	75	23	98	24	80	25	70	26	118	27	64	28	86	29	98	30	99	31	23	32	92	33	33	34	32	35	92	36	101	37	39	38	107	39	48	
	0	113	1	23	2	95	3	65	4	63	5	54	6	25	7	29	8	21	9	12	10	99	11	7	12	116	13	63	14	58	15	55	16	24	17	77	18	49	19	89	20	52	21	100	22	70	23	99	24	79	25	79	26	117	27	64	28	92	29	96	30	107	31	32	32	105	33	47	34	33	35	105	36	92	37	45	38	113	39	37	
	0	99	1	21	2	80	3	55	4	57	5	46	6	28	7	25	8	6	9	9	10	85	11	7	12	115	13	74	14	60	15	61	16	34	17	70	18	40	19	83	20	34	21	92	22	73	23	100	24	84	25	81	26	116	27	58	28	80	29	98	30	99	31	37	32	93	33	33	34	35	35	105	36	96	37	55	38	100	39	54	
	0	109	1	38	2	87	3	55	4	62	5	58	6	25	7	37	8	8	9	15	10	98	11	10	12	111	13	63	14	57	15	63	16	29	17	63	18	32	19	89	20	41	21	90	22	69	23	95	24	87	25	67	26	118	27	58	28	89	29	104	30	105	31	39	32	104	33	40	34	33	35	103	36	97	37	40	38	104	39	43	
	0	101	1	31	2	76	3	61	4	70	5	50	6	32	7	27	8	4	9	20	10	85	11	24	12	107	13	73	14	57	15	51	16	24	17	77	18	40	19	82	20	33	21	102	22	64	23	88	24	92	25	76	26	110	27	55	28	77	29	102	30	92	31	42	32	102	33	35	34	23	35	104	36	108	37	49	38	117	39	41	
	0	97	1	29	2	91	3	67	4	72	5	50	6	22	7	39	8	12	9	19	10	100	11	20	12	100	13	67	14	44	15	52	16	15	17	68	18	31	19	77	20	50	21	85	22	72	23	104	24	82	25	77	26	109	27	64	28	90	29	91	30	96	31	42	32	95	33	39	34	25	35	100	36	104	37	43	38	103	39	55	
	0	100	1	24	2	82	3	60	4	63	5	48	6	26	7	24	8	10	9	11	10	85	11	6	12	106	13	81	14	47	15	53	16	27	17	74	18	33	19	80	20	42	21	90	22	80	23	97	24	91	25	64	26	110	27	58	28	89	29	89	30	107	31	37	32	89	33	43	34	30	35	88	36	102	37	47	38	107	39	49	
	0	112	1	36	2	89	3	63	4	57	5	47	6	33	7	35	8	10	9	22	10	99	11	25	12	118	13	68	14	54	15	48	16	32	17	73	18	38	19	82	20	49	21	86	22	80	23	95	24	86	25	71	26	117	27	52	28	83	29	98	30	96	31	30	32	106	33	42	34	26	35	94	36	100	37	48	38	110	39	44	
	0	101	1	30	2	88	3	67	4	65	5	45	6	24	7	38	8	13	9	9	10	96	11	8	12	118	13	80	14	59	15	54	16	23	17	65	18	39	19	83	20	42	21	102	22	66	23	105	24	92	25	65	26	112	27	59	28	85	29	103	30	107	31	28	32	106	33	33	34	30	35	103	36	100	37	46	38	117	39	37	
	0	104	1	21	2	81	3	65	4	70	5	62	6	22	7	28	8	15	9	21	10	88	11	11	12	107	13	77	14	47	15	52	16	20	17	74	18	38	19	86	20	37	21	90	22	66	23	104	24	85	25	69	26	116	27	52	28	77	29	102	30	104	31	28	32	103	33	35	34	30	35	105	36	92	37	48	38	108	39	50	
	0	113	1	28	2	77	3	60	4	57	5	64	6	36	7	24	8	13	9	21	10	82	11	21	12	106	13	73	14	61	15	45	16	27	17	65	18	37	19	75	20	45	21	94	22	67	23	105	24	96	25	73	26	112	27	56	28	78	29	94	30	100	31	39	32	96	33	52	34	17	35	89	36	94	37	55	38	107	39	47	
	0	101	1	33	2	80	3	64	4	59	5	58	6	41	7	34	8	6	9	18	10	88	11	6	12	100	13	70	14	47	15	44	16	16	17	69	18	37	19	75	20	38	21	94	22	72	23	100	24	91	25	71	26	108	27	66	28	95	29	100	30	107	31	42	32	88	33	43	34	20	35	90	36	101	37	54	38	107	39	36	