200 50 1
50
	0	51	1	62	2	43	3	50	4	54	5	34	6	97	7	25	8	65	9	57	10	19	11	54	12	55	13	75	14	32	15	83	16	77	17	104	18	50	19	85	20	93	21	64	22	46	23	30	24	101	25	24	26	79	27	56	28	67	29	44	30	98	31	20	32	46	33	54	34	46	35	44	36	80	37	32	38	46	39	40	40	59	41	106	42	35	43	50	44	46	45	32	46	95	47	36	48	89	49	103	
	0	39	1	57	2	26	3	47	4	60	5	42	6	93	7	19	8	67	9	55	10	17	11	47	12	63	13	75	14	34	15	70	16	78	17	107	18	53	19	85	20	87	21	72	22	38	23	28	24	90	25	20	26	89	27	45	28	66	29	51	30	103	31	26	32	53	33	56	34	47	35	36	36	81	37	35	38	45	39	44	40	73	41	100	42	31	43	65	44	46	45	31	46	102	47	32	48	84	49	93	
	0	55	1	68	2	42	3	42	4	59	5	27	6	83	7	21	8	78	9	53	10	19	11	54	12	65	13	59	14	31	15	74	16	74	17	108	18	45	19	89	20	93	21	77	22	37	23	39	24	96	25	28	26	92	27	54	28	60	29	54	30	105	31	29	32	62	33	61	34	41	35	39	36	66	37	34	38	45	39	57	40	75	41	112	42	38	43	53	44	50	45	39	46	88	47	36	48	78	49	97	
	0	45	1	74	2	26	3	36	4	55	5	32	6	94	7	22	8	84	9	44	10	23	11	58	12	62	13	66	14	33	15	76	16	77	17	104	18	52	19	92	20	84	21	68	22	45	23	35	24	104	25	22	26	77	27	55	28	55	29	47	30	101	31	32	32	45	33	67	34	49	35	48	36	66	37	35	38	56	39	54	40	67	41	96	42	39	43	53	44	53	45	42	46	89	47	35	48	83	49	97	
	0	53	1	58	2	36	3	44	4	60	5	25	6	85	7	16	8	82	9	58	10	17	11	52	12	65	13	62	14	25	15	75	16	86	17	100	18	50	19	86	20	82	21	72	22	31	23	24	24	104	25	26	26	78	27	43	28	65	29	49	30	106	31	24	32	62	33	60	34	57	35	51	36	67	37	33	38	55	39	41	40	67	41	106	42	38	43	56	44	50	45	32	46	91	47	33	48	88	49	106	
	0	46	1	61	2	26	3	46	4	61	5	31	6	82	7	23	8	75	9	49	10	29	11	57	12	53	13	76	14	29	15	86	16	83	17	99	18	45	19	86	20	98	21	68	22	49	23	29	24	94	25	29	26	96	27	42	28	49	29	53	30	92	31	35	32	45	33	58	34	39	35	51	36	77	37	38	38	48	39	47	40	74	41	98	42	43	43	55	44	56	45	28	46	93	47	25	48	89	49	92	
	0	49	1	67	2	28	3	48	4	59	5	42	6	95	7	13	8	74	9	56	10	33	11	51	12	54	13	65	14	29	15	78	16	73	17	99	18	47	19	92	20	97	21	65	22	36	23	20	24	107	25	27	26	78	27	56	28	55	29	57	30	99	31	19	32	52	33	53	34	56	35	53	36	65	37	46	38	52	39	48	40	58	41	97	42	26	43	55	44	55	45	41	46	90	47	40	48	79	49	97	
	0	43	1	71	2	28	3	36	4	46	5	40	6	98	7	6	8	71	9	44	10	31	11	49	12	54	13	74	14	38	15	84	16	87	17	113	18	57	19	90	20	87	21	83	22	33	23	28	24	101	25	36	26	91	27	41	28	59	29	53	30	93	31	26	32	61	33	51	34	38	35	40	36	77	37	34	38	58	39	56	40	69	41	99	42	24	43	57	44	60	45	43	46	83	47	36	48	85	49	90	
	0	54	1	72	2	38	3	48	4	50	5	28	6	88	7	10	8	78	9	41	10	34	11	65	12	47	13	72	14	39	15	69	16	75	17	104	18	52	19	84	20	90	21	77	22	38	23	25	24	100	25	36	26	77	27	39	28	66	29	62	30	108	31	19	32	48	33	55	34	40	35	35	36	64	37	45	38	44	39	56	40	73	41	111	42	29	43	63	44	61	45	33	46	89	47	36	48	82	49	90	
	0	44	1	67	2	36	3	45	4	51	5	38	6	94	7	15	8	83	9	52	10	16	11	48	12	59	13	65	14	35	15	86	16	80	17	113	18	52	19	90	20	84	21	65	22	31	23	31	24	95	25	34	26	83	27	46	28	63	29	49	30	108	31	21	32	44	33	65	34	47	35	45	36	70	37	49	38	42	39	42	40	72	41	96	42	35	43	55	44	60	45	28	46	90	47	25	48	82	49	103	
	0	46	1	61	2	29	3	38	4	56	5	42	6	95	7	10	8	78	9	60	10	20	11	47	12	61	13	62	14	35	15	72	16	81	17	112	18	47	19	75	20	86	21	83	22	44	23	38	24	104	25	35	26	89	27	55	28	67	29	55	30	103	31	37	32	56	33	65	34	48	35	39	36	77	37	33	38	53	39	51	40	74	41	94	42	42	43	48	44	52	45	41	46	101	47	29	48	91	49	94	
	0	40	1	62	2	33	3	35	4	51	5	29	6	86	7	17	8	72	9	43	10	34	11	64	12	55	13	71	14	29	15	78	16	86	17	96	18	47	19	92	20	92	21	79	22	41	23	23	24	92	25	33	26	92	27	56	28	61	29	53	30	96	31	20	32	60	33	57	34	47	35	49	36	66	37	38	38	49	39	55	40	70	41	95	42	31	43	65	44	58	45	31	46	102	47	24	48	75	49	95	
	0	46	1	60	2	37	3	52	4	60	5	34	6	82	7	7	8	82	9	58	10	22	11	51	12	52	13	75	14	39	15	70	16	72	17	107	18	49	19	82	20	95	21	66	22	44	23	31	24	102	25	20	26	82	27	40	28	60	29	51	30	104	31	36	32	55	33	57	34	40	35	53	36	67	37	37	38	56	39	44	40	61	41	97	42	25	43	47	44	47	45	40	46	91	47	39	48	78	49	109	
	0	38	1	68	2	27	3	47	4	51	5	31	6	95	7	10	8	79	9	42	10	30	11	48	12	60	13	75	14	35	15	70	16	91	17	102	18	47	19	78	20	94	21	81	22	47	23	27	24	88	25	29	26	82	27	44	28	58	29	57	30	96	31	35	32	54	33	50	34	49	35	50	36	73	37	37	38	49	39	58	40	60	41	105	42	41	43	54	44	46	45	41	46	87	47	35	48	88	49	106	
	0	44	1	72	2	32	3	44	4	47	5	39	6	88	7	12	8	81	9	42	10	30	11	51	12	56	13	63	14	37	15	76	16	77	17	96	18	57	19	79	20	92	21	71	22	48	23	36	24	97	25	20	26	96	27	56	28	57	29	58	30	108	31	37	32	48	33	49	34	48	35	37	36	79	37	33	38	46	39	44	40	58	41	97	42	41	43	65	44	60	45	35	46	94	47	27	48	85	49	92	
	0	52	1	70	2	25	3	46	4	51	5	36	6	88	7	7	8	70	9	44	10	21	11	51	12	61	13	69	14	31	15	71	16	82	17	110	18	55	19	89	20	93	21	76	22	40	23	27	24	98	25	21	26	80	27	53	28	56	29	50	30	106	31	38	32	58	33	64	34	54	35	36	36	76	37	34	38	59	39	57	40	71	41	96	42	31	43	50	44	52	45	44	46	97	47	36	48	86	49	96	
	0	55	1	59	2	29	3	42	4	42	5	28	6	81	7	23	8	79	9	50	10	24	11	49	12	63	13	65	14	33	15	75	16	72	17	106	18	50	19	76	20	99	21	81	22	37	23	25	24	101	25	36	26	94	27	46	28	56	29	54	30	98	31	29	32	60	33	64	34	49	35	41	36	73	37	50	38	49	39	39	40	71	41	107	42	29	43	64	44	61	45	37	46	100	47	41	48	75	49	108	
	0	45	1	72	2	28	3	51	4	56	5	30	6	80	7	15	8	70	9	51	10	34	11	56	12	59	13	64	14	23	15	81	16	76	17	99	18	46	19	86	20	101	21	71	22	39	23	26	24	95	25	30	26	77	27	53	28	49	29	52	30	101	31	38	32	53	33	64	34	55	35	49	36	71	37	43	38	40	39	57	40	74	41	101	42	36	43	53	44	50	45	36	46	100	47	25	48	86	49	99	
	0	51	1	60	2	35	3	43	4	54	5	44	6	95	7	8	8	77	9	57	10	30	11	46	12	49	13	72	14	33	15	81	16	76	17	110	18	44	19	79	20	99	21	81	22	36	23	26	24	89	25	36	26	92	27	44	28	63	29	57	30	90	31	37	32	50	33	57	34	38	35	40	36	76	37	36	38	41	39	39	40	74	41	99	42	31	43	51	44	53	45	27	46	87	47	41	48	93	49	90	
	0	50	1	73	2	35	3	44	4	53	5	35	6	84	7	8	8	65	9	47	10	34	11	58	12	62	13	70	14	33	15	79	16	87	17	111	18	40	19	79	20	82	21	69	22	47	23	31	24	105	25	34	26	77	27	55	28	51	29	63	30	105	31	37	32	59	33	51	34	47	35	46	36	78	37	46	38	59	39	52	40	72	41	108	42	38	43	52	44	50	45	39	46	84	47	30	48	84	49	105	
	0	40	1	69	2	43	3	39	4	53	5	28	6	98	7	8	8	73	9	59	10	16	11	64	12	55	13	68	14	29	15	85	16	82	17	97	18	40	19	74	20	99	21	73	22	30	23	25	24	91	25	18	26	92	27	47	28	53	29	58	30	93	31	38	32	60	33	66	34	45	35	34	36	76	37	34	38	48	39	54	40	67	41	112	42	43	43	58	44	52	45	30	46	87	47	30	48	81	49	107	
	0	38	1	66	2	30	3	53	4	45	5	32	6	90	7	19	8	71	9	49	10	16	11	58	12	50	13	66	14	23	15	85	16	72	17	105	18	46	19	90	20	91	21	82	22	43	23	27	24	96	25	36	26	83	27	39	28	51	29	48	30	103	31	29	32	49	33	59	34	48	35	45	36	77	37	39	38	55	39	39	40	58	41	108	42	38	43	53	44	58	45	46	46	92	47	24	48	75	49	101	
	0	44	1	67	2	43	3	38	4	60	5	32	6	86	7	25	8	78	9	41	10	18	11	55	12	58	13	74	14	39	15	77	16	87	17	113	18	57	19	93	20	86	21	65	22	38	23	20	24	105	25	21	26	88	27	55	28	52	29	52	30	95	31	20	32	52	33	68	34	46	35	52	36	73	37	44	38	46	39	56	40	62	41	103	42	27	43	58	44	54	45	40	46	96	47	29	48	82	49	103	
	0	51	1	69	2	32	3	36	4	44	5	38	6	91	7	7	8	78	9	43	10	21	11	54	12	51	13	76	14	29	15	82	16	89	17	109	18	55	19	79	20	92	21	75	22	34	23	22	24	98	25	19	26	77	27	47	28	50	29	55	30	98	31	31	32	53	33	60	34	45	35	42	36	72	37	43	38	53	39	41	40	67	41	102	42	32	43	53	44	57	45	45	46	91	47	27	48	85	49	109	
	0	52	1	71	2	43	3	46	4	49	5	38	6	88	7	8	8	67	9	60	10	25	11	51	12	47	13	63	14	25	15	68	16	83	17	96	18	46	19	83	20	84	21	73	22	48	23	37	24	102	25	37	26	80	27	44	28	59	29	56	30	104	31	32	32	56	33	57	34	47	35	45	36	70	37	45	38	40	39	57	40	65	41	101	42	26	43	54	44	61	45	33	46	87	47	22	48	81	49	98	
	0	51	1	59	2	25	3	39	4	55	5	31	6	93	7	13	8	67	9	45	10	17	11	63	12	52	13	72	14	30	15	82	16	78	17	106	18	58	19	92	20	93	21	64	22	46	23	32	24	107	25	20	26	84	27	44	28	62	29	50	30	105	31	26	32	48	33	59	34	53	35	48	36	66	37	42	38	50	39	58	40	72	41	95	42	43	43	57	44	52	45	31	46	92	47	27	48	94	49	90	
	0	51	1	71	2	41	3	47	4	53	5	34	6	81	7	11	8	81	9	50	10	27	11	65	12	56	13	64	14	37	15	77	16	90	17	111	18	58	19	84	20	97	21	83	22	42	23	35	24	95	25	26	26	84	27	50	28	67	29	56	30	92	31	23	32	53	33	57	34	46	35	35	36	81	37	48	38	49	39	54	40	70	41	108	42	34	43	63	44	54	45	29	46	94	47	34	48	82	49	92	
	0	51	1	62	2	43	3	50	4	51	5	43	6	82	7	22	8	80	9	43	10	20	11	48	12	64	13	76	14	29	15	67	16	72	17	96	18	39	19	76	20	93	21	67	22	31	23	20	24	98	25	32	26	77	27	41	28	58	29	58	30	104	31	30	32	51	33	66	34	48	35	38	36	63	37	45	38	47	39	41	40	69	41	109	42	38	43	64	44	47	45	34	46	100	47	35	48	81	49	101	
	0	44	1	56	2	36	3	53	4	48	5	41	6	98	7	11	8	72	9	53	10	34	11	55	12	58	13	75	14	36	15	76	16	75	17	112	18	40	19	80	20	91	21	82	22	43	23	33	24	100	25	34	26	87	27	57	28	52	29	62	30	109	31	25	32	61	33	58	34	57	35	44	36	68	37	44	38	59	39	43	40	72	41	112	42	32	43	52	44	50	45	28	46	101	47	32	48	87	49	100	
	0	51	1	57	2	44	3	40	4	53	5	41	6	89	7	23	8	75	9	43	10	21	11	62	12	65	13	60	14	40	15	74	16	72	17	99	18	55	19	81	20	100	21	83	22	32	23	30	24	101	25	36	26	90	27	54	28	65	29	50	30	92	31	19	32	50	33	68	34	38	35	38	36	81	37	43	38	40	39	39	40	61	41	93	42	42	43	61	44	56	45	39	46	91	47	32	48	89	49	101	
	0	45	1	65	2	25	3	50	4	55	5	40	6	93	7	19	8	67	9	42	10	31	11	50	12	50	13	59	14	42	15	67	16	90	17	96	18	54	19	75	20	95	21	68	22	30	23	36	24	103	25	35	26	80	27	47	28	50	29	57	30	99	31	26	32	54	33	67	34	53	35	42	36	71	37	40	38	40	39	53	40	70	41	105	42	34	43	50	44	50	45	44	46	99	47	32	48	88	49	94	
	0	52	1	63	2	31	3	37	4	61	5	36	6	89	7	19	8	76	9	56	10	22	11	58	12	62	13	73	14	40	15	74	16	89	17	112	18	51	19	76	20	88	21	77	22	40	23	23	24	103	25	29	26	95	27	43	28	66	29	45	30	107	31	25	32	60	33	68	34	46	35	50	36	66	37	44	38	44	39	42	40	62	41	99	42	32	43	56	44	56	45	27	46	92	47	29	48	85	49	90	
	0	47	1	63	2	39	3	39	4	44	5	29	6	89	7	14	8	77	9	45	10	19	11	65	12	58	13	58	14	40	15	70	16	91	17	110	18	46	19	78	20	92	21	80	22	42	23	36	24	103	25	20	26	84	27	51	28	57	29	58	30	106	31	31	32	58	33	58	34	53	35	51	36	74	37	45	38	58	39	45	40	76	41	100	42	27	43	53	44	47	45	38	46	96	47	33	48	89	49	107	
	0	55	1	73	2	29	3	52	4	44	5	25	6	84	7	17	8	69	9	47	10	23	11	48	12	62	13	69	14	41	15	71	16	85	17	95	18	45	19	80	20	90	21	66	22	40	23	39	24	90	25	37	26	79	27	44	28	54	29	49	30	108	31	29	32	47	33	66	34	42	35	37	36	75	37	37	38	56	39	58	40	72	41	111	42	35	43	55	44	55	45	33	46	98	47	26	48	87	49	97	
	0	51	1	59	2	41	3	41	4	49	5	28	6	85	7	7	8	74	9	60	10	16	11	46	12	63	13	69	14	30	15	75	16	86	17	95	18	41	19	92	20	90	21	79	22	31	23	20	24	93	25	25	26	94	27	40	28	64	29	55	30	98	31	35	32	51	33	60	34	43	35	43	36	78	37	34	38	41	39	50	40	69	41	105	42	43	43	55	44	62	45	41	46	83	47	37	48	77	49	101	
	0	44	1	66	2	30	3	42	4	42	5	36	6	80	7	14	8	72	9	55	10	19	11	59	12	50	13	57	14	37	15	72	16	77	17	96	18	44	19	80	20	85	21	72	22	35	23	36	24	103	25	29	26	84	27	47	28	52	29	55	30	107	31	21	32	55	33	49	34	51	35	35	36	70	37	45	38	40	39	47	40	59	41	94	42	43	43	56	44	60	45	28	46	92	47	25	48	84	49	109	
	0	47	1	58	2	33	3	39	4	48	5	40	6	93	7	20	8	73	9	45	10	29	11	62	12	46	13	70	14	37	15	76	16	76	17	111	18	41	19	89	20	82	21	78	22	47	23	25	24	88	25	30	26	92	27	55	28	63	29	46	30	91	31	36	32	45	33	67	34	42	35	47	36	72	37	33	38	40	39	48	40	60	41	97	42	31	43	63	44	46	45	41	46	93	47	30	48	89	49	102	
	0	49	1	63	2	29	3	41	4	59	5	28	6	93	7	25	8	83	9	57	10	32	11	50	12	51	13	69	14	38	15	73	16	78	17	113	18	46	19	76	20	100	21	65	22	31	23	27	24	93	25	35	26	90	27	55	28	49	29	50	30	94	31	34	32	50	33	50	34	41	35	38	36	71	37	39	38	53	39	42	40	61	41	94	42	38	43	46	44	47	45	46	46	89	47	37	48	92	49	92	
	0	42	1	61	2	31	3	47	4	57	5	40	6	97	7	12	8	78	9	58	10	21	11	64	12	56	13	65	14	38	15	86	16	76	17	108	18	58	19	79	20	82	21	83	22	30	23	39	24	96	25	34	26	93	27	48	28	49	29	48	30	100	31	30	32	63	33	54	34	39	35	46	36	82	37	41	38	42	39	45	40	57	41	98	42	26	43	48	44	61	45	43	46	84	47	26	48	89	49	107	
	0	44	1	57	2	32	3	44	4	58	5	33	6	96	7	18	8	76	9	57	10	23	11	60	12	57	13	72	14	29	15	70	16	88	17	103	18	56	19	80	20	84	21	72	22	49	23	24	24	105	25	24	26	93	27	51	28	65	29	63	30	96	31	30	32	48	33	52	34	44	35	49	36	76	37	50	38	41	39	50	40	57	41	104	42	39	43	55	44	48	45	33	46	91	47	29	48	81	49	95	
	0	46	1	62	2	36	3	48	4	57	5	36	6	93	7	18	8	82	9	59	10	22	11	54	12	64	13	70	14	30	15	69	16	89	17	107	18	56	19	87	20	87	21	76	22	39	23	37	24	95	25	36	26	83	27	53	28	58	29	58	30	107	31	26	32	54	33	66	34	39	35	47	36	69	37	36	38	53	39	41	40	72	41	111	42	31	43	55	44	61	45	31	46	85	47	23	48	92	49	107	
	0	46	1	74	2	41	3	44	4	52	5	35	6	80	7	20	8	67	9	50	10	21	11	54	12	46	13	68	14	38	15	68	16	88	17	114	18	45	19	79	20	99	21	77	22	30	23	31	24	103	25	18	26	87	27	50	28	57	29	60	30	91	31	26	32	58	33	52	34	42	35	48	36	73	37	47	38	40	39	45	40	61	41	111	42	40	43	55	44	59	45	32	46	85	47	24	48	87	49	98	
	0	48	1	57	2	33	3	47	4	58	5	32	6	96	7	18	8	78	9	50	10	34	11	53	12	49	13	58	14	38	15	74	16	91	17	114	18	41	19	74	20	88	21	72	22	39	23	28	24	89	25	37	26	77	27	53	28	50	29	48	30	100	31	20	32	52	33	67	34	40	35	53	36	78	37	43	38	55	39	43	40	65	41	98	42	28	43	48	44	56	45	30	46	86	47	36	48	90	49	107	
	0	51	1	58	2	31	3	39	4	57	5	41	6	87	7	19	8	81	9	50	10	32	11	52	12	56	13	62	14	35	15	79	16	72	17	101	18	41	19	78	20	87	21	83	22	33	23	22	24	95	25	18	26	95	27	48	28	57	29	61	30	108	31	22	32	51	33	52	34	53	35	43	36	66	37	33	38	53	39	52	40	73	41	103	42	37	43	61	44	59	45	38	46	100	47	40	48	91	49	105	
	0	53	1	56	2	38	3	38	4	56	5	30	6	99	7	23	8	69	9	43	10	24	11	64	12	57	13	74	14	37	15	84	16	87	17	100	18	40	19	82	20	87	21	70	22	44	23	22	24	94	25	21	26	91	27	42	28	58	29	57	30	107	31	32	32	47	33	60	34	50	35	44	36	81	37	35	38	42	39	44	40	64	41	107	42	37	43	63	44	43	45	42	46	96	47	38	48	81	49	103	
	0	41	1	59	2	43	3	45	4	42	5	42	6	85	7	12	8	66	9	45	10	31	11	49	12	61	13	60	14	24	15	69	16	85	17	110	18	39	19	92	20	91	21	64	22	30	23	25	24	101	25	30	26	77	27	58	28	52	29	62	30	101	31	35	32	59	33	53	34	50	35	45	36	69	37	45	38	50	39	41	40	71	41	97	42	43	43	50	44	53	45	36	46	92	47	37	48	78	49	108	
	0	41	1	59	2	38	3	36	4	61	5	30	6	82	7	15	8	74	9	53	10	33	11	56	12	60	13	70	14	42	15	79	16	79	17	99	18	51	19	74	20	93	21	76	22	31	23	26	24	91	25	19	26	84	27	39	28	64	29	57	30	98	31	26	32	44	33	63	34	38	35	53	36	81	37	34	38	41	39	57	40	60	41	96	42	25	43	55	44	56	45	41	46	97	47	22	48	80	49	105	
	0	55	1	59	2	39	3	51	4	51	5	30	6	99	7	18	8	80	9	60	10	19	11	46	12	61	13	63	14	34	15	78	16	72	17	111	18	46	19	85	20	93	21	73	22	36	23	39	24	104	25	37	26	89	27	54	28	63	29	44	30	103	31	31	32	60	33	60	34	47	35	52	36	65	37	47	38	48	39	52	40	60	41	112	42	37	43	48	44	46	45	31	46	90	47	32	48	80	49	94	
	0	42	1	56	2	25	3	42	4	53	5	37	6	90	7	9	8	78	9	58	10	21	11	62	12	56	13	76	14	26	15	67	16	73	17	114	18	44	19	81	20	88	21	80	22	35	23	38	24	94	25	24	26	90	27	42	28	68	29	53	30	93	31	22	32	49	33	63	34	39	35	40	36	78	37	36	38	53	39	44	40	61	41	110	42	41	43	46	44	45	45	38	46	100	47	28	48	92	49	95	
	0	55	1	56	2	39	3	36	4	60	5	34	6	99	7	19	8	78	9	48	10	35	11	50	12	48	13	60	14	24	15	85	16	90	17	97	18	52	19	82	20	100	21	75	22	34	23	24	24	89	25	33	26	83	27	46	28	56	29	44	30	97	31	37	32	52	33	68	34	44	35	40	36	71	37	32	38	56	39	55	40	68	41	99	42	41	43	57	44	43	45	33	46	88	47	32	48	90	49	99	
	0	43	1	73	2	26	3	47	4	49	5	34	6	94	7	12	8	70	9	44	10	19	11	58	12	59	13	57	14	27	15	70	16	77	17	107	18	41	19	76	20	89	21	74	22	46	23	26	24	107	25	22	26	79	27	55	28	49	29	59	30	94	31	20	32	62	33	52	34	51	35	38	36	70	37	43	38	50	39	52	40	59	41	101	42	26	43	59	44	44	45	42	46	87	47	32	48	76	49	104	
	0	37	1	56	2	25	3	50	4	47	5	40	6	98	7	17	8	79	9	53	10	34	11	51	12	55	13	75	14	31	15	76	16	88	17	104	18	55	19	87	20	90	21	79	22	38	23	33	24	92	25	23	26	94	27	47	28	62	29	46	30	107	31	20	32	59	33	58	34	38	35	43	36	63	37	40	38	41	39	44	40	64	41	99	42	32	43	61	44	44	45	37	46	94	47	24	48	79	49	92	
	0	49	1	57	2	43	3	42	4	54	5	29	6	83	7	19	8	79	9	56	10	32	11	64	12	57	13	64	14	30	15	71	16	88	17	101	18	43	19	86	20	85	21	69	22	47	23	22	24	99	25	29	26	87	27	50	28	65	29	59	30	95	31	29	32	44	33	51	34	52	35	40	36	68	37	46	38	47	39	50	40	61	41	107	42	26	43	53	44	51	45	41	46	99	47	39	48	92	49	97	
	0	42	1	62	2	43	3	52	4	46	5	36	6	94	7	8	8	76	9	44	10	26	11	65	12	48	13	75	14	40	15	79	16	81	17	96	18	57	19	78	20	96	21	79	22	47	23	33	24	96	25	30	26	90	27	51	28	53	29	54	30	98	31	36	32	61	33	56	34	38	35	34	36	72	37	37	38	47	39	47	40	62	41	105	42	34	43	50	44	52	45	37	46	85	47	34	48	86	49	98	
	0	48	1	64	2	34	3	53	4	57	5	28	6	83	7	9	8	84	9	41	10	27	11	58	12	51	13	63	14	27	15	73	16	88	17	106	18	57	19	89	20	96	21	71	22	47	23	22	24	106	25	31	26	86	27	51	28	58	29	52	30	100	31	36	32	48	33	50	34	51	35	35	36	66	37	51	38	56	39	52	40	62	41	105	42	30	43	55	44	53	45	45	46	91	47	38	48	82	49	99	
	0	44	1	59	2	26	3	42	4	59	5	26	6	80	7	9	8	67	9	56	10	26	11	48	12	52	13	61	14	34	15	75	16	88	17	99	18	45	19	81	20	93	21	78	22	38	23	22	24	98	25	28	26	84	27	45	28	56	29	52	30	91	31	34	32	62	33	51	34	54	35	36	36	65	37	47	38	48	39	39	40	72	41	101	42	41	43	63	44	53	45	27	46	90	47	30	48	89	49	93	
	0	55	1	65	2	26	3	44	4	53	5	34	6	87	7	12	8	67	9	48	10	23	11	63	12	54	13	60	14	38	15	67	16	81	17	111	18	40	19	84	20	95	21	69	22	44	23	23	24	102	25	24	26	86	27	39	28	62	29	44	30	98	31	23	32	54	33	54	34	57	35	36	36	82	37	46	38	49	39	49	40	61	41	108	42	36	43	52	44	60	45	29	46	100	47	33	48	85	49	94	
	0	54	1	68	2	25	3	42	4	54	5	26	6	84	7	13	8	66	9	44	10	20	11	54	12	60	13	73	14	29	15	67	16	79	17	97	18	39	19	90	20	91	21	75	22	40	23	24	24	88	25	18	26	79	27	50	28	62	29	56	30	106	31	19	32	53	33	65	34	53	35	46	36	66	37	47	38	52	39	54	40	62	41	93	42	27	43	56	44	53	45	39	46	99	47	33	48	75	49	109	
	0	41	1	67	2	26	3	36	4	60	5	40	6	85	7	16	8	74	9	58	10	25	11	49	12	65	13	62	14	23	15	74	16	78	17	95	18	49	19	92	20	88	21	69	22	33	23	26	24	98	25	32	26	90	27	39	28	60	29	45	30	101	31	33	32	48	33	53	34	40	35	42	36	65	37	39	38	43	39	49	40	57	41	97	42	40	43	58	44	45	45	46	46	88	47	38	48	89	49	109	
	0	44	1	62	2	26	3	38	4	42	5	36	6	85	7	24	8	74	9	43	10	16	11	53	12	57	13	65	14	24	15	81	16	89	17	106	18	51	19	87	20	91	21	74	22	38	23	29	24	94	25	18	26	81	27	51	28	55	29	54	30	90	31	29	32	46	33	59	34	53	35	46	36	75	37	51	38	48	39	48	40	65	41	102	42	26	43	47	44	53	45	33	46	97	47	22	48	79	49	94	
	0	38	1	55	2	25	3	37	4	57	5	44	6	90	7	21	8	79	9	44	10	16	11	65	12	61	13	57	14	39	15	79	16	87	17	97	18	56	19	76	20	89	21	71	22	49	23	20	24	93	25	33	26	89	27	57	28	65	29	59	30	98	31	22	32	46	33	53	34	45	35	52	36	73	37	51	38	51	39	55	40	61	41	109	42	30	43	50	44	62	45	38	46	85	47	29	48	76	49	92	
	0	46	1	55	2	28	3	47	4	45	5	27	6	90	7	24	8	77	9	51	10	16	11	49	12	63	13	61	14	31	15	73	16	91	17	96	18	52	19	77	20	91	21	82	22	43	23	29	24	93	25	18	26	88	27	42	28	60	29	56	30	107	31	31	32	53	33	52	34	45	35	49	36	68	37	44	38	47	39	44	40	60	41	95	42	36	43	48	44	57	45	43	46	88	47	32	48	94	49	94	
	0	49	1	60	2	32	3	49	4	44	5	32	6	99	7	18	8	67	9	41	10	28	11	56	12	57	13	69	14	42	15	70	16	84	17	98	18	42	19	82	20	97	21	79	22	48	23	38	24	90	25	35	26	93	27	48	28	62	29	61	30	97	31	30	32	59	33	56	34	50	35	35	36	69	37	36	38	40	39	41	40	60	41	107	42	34	43	55	44	51	45	31	46	88	47	31	48	85	49	103	
	0	42	1	60	2	34	3	49	4	55	5	43	6	90	7	25	8	83	9	53	10	31	11	59	12	63	13	61	14	31	15	84	16	88	17	98	18	43	19	91	20	99	21	81	22	34	23	23	24	104	25	18	26	92	27	56	28	54	29	51	30	90	31	19	32	59	33	54	34	41	35	50	36	75	37	38	38	52	39	41	40	74	41	94	42	26	43	47	44	45	45	35	46	91	47	30	48	78	49	103	
	0	49	1	70	2	33	3	34	4	48	5	37	6	81	7	19	8	67	9	50	10	31	11	60	12	53	13	71	14	40	15	84	16	89	17	108	18	44	19	88	20	100	21	79	22	31	23	29	24	94	25	34	26	84	27	43	28	68	29	56	30	104	31	23	32	53	33	65	34	55	35	44	36	79	37	36	38	50	39	51	40	76	41	105	42	36	43	55	44	56	45	46	46	98	47	40	48	89	49	103	
	0	44	1	62	2	33	3	43	4	57	5	35	6	87	7	8	8	75	9	58	10	24	11	64	12	62	13	59	14	34	15	75	16	87	17	99	18	53	19	87	20	87	21	69	22	36	23	22	24	90	25	35	26	90	27	56	28	57	29	57	30	108	31	38	32	55	33	51	34	47	35	48	36	81	37	50	38	50	39	58	40	64	41	98	42	41	43	52	44	57	45	32	46	102	47	39	48	90	49	102	
	0	52	1	70	2	41	3	52	4	57	5	29	6	87	7	18	8	84	9	45	10	22	11	47	12	59	13	67	14	35	15	82	16	90	17	100	18	48	19	84	20	94	21	83	22	45	23	24	24	98	25	22	26	88	27	45	28	65	29	62	30	94	31	33	32	46	33	64	34	54	35	45	36	80	37	41	38	47	39	48	40	70	41	106	42	37	43	53	44	57	45	30	46	88	47	27	48	92	49	100	
	0	55	1	69	2	39	3	36	4	42	5	44	6	94	7	12	8	69	9	58	10	33	11	53	12	53	13	61	14	42	15	70	16	90	17	98	18	48	19	82	20	94	21	71	22	36	23	27	24	97	25	24	26	92	27	45	28	66	29	46	30	105	31	22	32	45	33	58	34	52	35	38	36	68	37	43	38	52	39	50	40	64	41	104	42	29	43	52	44	49	45	27	46	95	47	22	48	83	49	94	
	0	36	1	56	2	30	3	35	4	47	5	32	6	82	7	24	8	72	9	46	10	18	11	46	12	59	13	67	14	31	15	69	16	87	17	101	18	50	19	87	20	83	21	65	22	46	23	24	24	105	25	22	26	93	27	51	28	67	29	52	30	95	31	19	32	55	33	67	34	43	35	36	36	64	37	45	38	58	39	47	40	61	41	105	42	29	43	60	44	49	45	44	46	100	47	27	48	82	49	100	
	0	44	1	71	2	33	3	42	4	56	5	33	6	95	7	9	8	68	9	44	10	31	11	54	12	48	13	71	14	27	15	71	16	75	17	105	18	48	19	74	20	98	21	79	22	34	23	25	24	99	25	26	26	79	27	58	28	58	29	61	30	109	31	30	32	62	33	54	34	40	35	35	36	68	37	32	38	53	39	47	40	76	41	98	42	26	43	59	44	56	45	32	46	84	47	33	48	88	49	108	
	0	54	1	63	2	28	3	43	4	42	5	35	6	86	7	19	8	77	9	60	10	19	11	63	12	54	13	72	14	38	15	80	16	82	17	110	18	52	19	78	20	92	21	72	22	47	23	36	24	102	25	19	26	89	27	40	28	67	29	51	30	106	31	32	32	45	33	50	34	47	35	53	36	66	37	49	38	46	39	40	40	67	41	96	42	29	43	58	44	58	45	28	46	85	47	26	48	79	49	102	
	0	47	1	64	2	29	3	37	4	46	5	28	6	90	7	8	8	68	9	51	10	33	11	53	12	61	13	71	14	31	15	79	16	73	17	98	18	44	19	74	20	99	21	83	22	38	23	21	24	98	25	19	26	81	27	53	28	68	29	55	30	109	31	38	32	60	33	61	34	54	35	40	36	80	37	43	38	42	39	58	40	71	41	109	42	36	43	59	44	49	45	44	46	83	47	37	48	78	49	91	
	0	54	1	64	2	26	3	37	4	47	5	37	6	86	7	16	8	75	9	41	10	16	11	47	12	50	13	60	14	26	15	85	16	77	17	107	18	54	19	81	20	90	21	70	22	46	23	25	24	100	25	35	26	89	27	45	28	64	29	55	30	98	31	34	32	46	33	68	34	45	35	38	36	65	37	48	38	52	39	44	40	66	41	107	42	42	43	60	44	54	45	33	46	100	47	28	48	82	49	97	
	0	51	1	69	2	32	3	41	4	47	5	44	6	82	7	9	8	71	9	52	10	35	11	48	12	60	13	68	14	27	15	69	16	76	17	100	18	55	19	76	20	88	21	64	22	48	23	28	24	97	25	24	26	77	27	49	28	52	29	50	30	97	31	36	32	54	33	51	34	47	35	34	36	74	37	44	38	42	39	47	40	74	41	98	42	36	43	47	44	59	45	37	46	100	47	40	48	77	49	101	
	0	48	1	63	2	27	3	48	4	43	5	35	6	92	7	9	8	69	9	50	10	18	11	52	12	48	13	71	14	32	15	80	16	90	17	96	18	46	19	75	20	98	21	68	22	30	23	38	24	107	25	20	26	89	27	47	28	55	29	49	30	106	31	19	32	59	33	50	34	46	35	44	36	70	37	49	38	42	39	50	40	64	41	96	42	25	43	57	44	59	45	40	46	89	47	31	48	78	49	104	
	0	47	1	63	2	40	3	52	4	46	5	25	6	86	7	11	8	84	9	48	10	25	11	64	12	57	13	74	14	28	15	78	16	82	17	109	18	43	19	92	20	83	21	75	22	41	23	33	24	90	25	35	26	92	27	44	28	60	29	53	30	100	31	29	32	62	33	56	34	42	35	50	36	70	37	48	38	46	39	50	40	72	41	104	42	31	43	55	44	59	45	39	46	100	47	39	48	78	49	101	
	0	51	1	74	2	44	3	46	4	47	5	26	6	81	7	12	8	66	9	52	10	20	11	65	12	50	13	67	14	38	15	72	16	84	17	101	18	50	19	90	20	89	21	65	22	40	23	28	24	90	25	28	26	95	27	45	28	51	29	51	30	107	31	20	32	51	33	61	34	57	35	42	36	71	37	49	38	49	39	44	40	67	41	96	42	27	43	57	44	44	45	38	46	96	47	39	48	77	49	93	
	0	45	1	69	2	33	3	42	4	57	5	29	6	91	7	9	8	68	9	53	10	34	11	46	12	51	13	74	14	34	15	85	16	78	17	104	18	58	19	83	20	86	21	77	22	35	23	37	24	101	25	35	26	92	27	41	28	61	29	50	30	92	31	33	32	54	33	67	34	56	35	47	36	76	37	33	38	51	39	57	40	72	41	106	42	27	43	61	44	49	45	27	46	86	47	36	48	79	49	104	
	0	44	1	61	2	27	3	51	4	50	5	44	6	87	7	15	8	79	9	45	10	35	11	49	12	52	13	60	14	23	15	81	16	90	17	109	18	46	19	86	20	91	21	71	22	38	23	22	24	92	25	25	26	92	27	47	28	53	29	47	30	93	31	35	32	47	33	53	34	47	35	39	36	69	37	38	38	59	39	47	40	60	41	109	42	33	43	64	44	44	45	30	46	92	47	22	48	91	49	92	
	0	50	1	66	2	35	3	47	4	52	5	37	6	90	7	8	8	77	9	58	10	20	11	55	12	52	13	76	14	42	15	69	16	79	17	106	18	57	19	93	20	88	21	65	22	45	23	20	24	105	25	28	26	87	27	49	28	58	29	58	30	104	31	38	32	53	33	50	34	46	35	42	36	63	37	45	38	48	39	41	40	69	41	102	42	25	43	49	44	47	45	36	46	92	47	39	48	80	49	103	
	0	41	1	58	2	43	3	42	4	48	5	33	6	82	7	10	8	66	9	43	10	33	11	56	12	54	13	72	14	35	15	71	16	73	17	100	18	54	19	85	20	100	21	75	22	41	23	28	24	99	25	33	26	79	27	55	28	56	29	55	30	96	31	25	32	62	33	55	34	38	35	48	36	64	37	48	38	50	39	52	40	61	41	98	42	32	43	61	44	43	45	34	46	96	47	32	48	80	49	101	
	0	40	1	68	2	25	3	50	4	54	5	43	6	99	7	23	8	66	9	46	10	16	11	61	12	52	13	69	14	32	15	82	16	90	17	109	18	39	19	92	20	95	21	74	22	41	23	21	24	105	25	36	26	79	27	49	28	55	29	48	30	90	31	27	32	55	33	49	34	38	35	39	36	80	37	37	38	46	39	46	40	61	41	99	42	38	43	47	44	59	45	29	46	99	47	37	48	84	49	98	
	0	42	1	73	2	44	3	49	4	43	5	38	6	92	7	24	8	70	9	44	10	16	11	52	12	50	13	57	14	36	15	76	16	76	17	101	18	47	19	92	20	97	21	73	22	33	23	35	24	92	25	31	26	88	27	58	28	54	29	53	30	96	31	31	32	60	33	58	34	53	35	46	36	65	37	39	38	46	39	56	40	69	41	103	42	32	43	60	44	52	45	35	46	90	47	27	48	88	49	94	
	0	37	1	73	2	43	3	46	4	56	5	31	6	98	7	24	8	75	9	55	10	16	11	56	12	46	13	63	14	37	15	77	16	84	17	104	18	57	19	81	20	85	21	74	22	45	23	20	24	91	25	36	26	77	27	58	28	52	29	50	30	106	31	25	32	48	33	54	34	44	35	46	36	79	37	51	38	41	39	51	40	74	41	93	42	28	43	50	44	55	45	39	46	84	47	41	48	82	49	98	
	0	54	1	69	2	42	3	49	4	56	5	39	6	97	7	12	8	71	9	54	10	23	11	56	12	62	13	58	14	30	15	81	16	73	17	98	18	39	19	83	20	86	21	76	22	48	23	23	24	90	25	31	26	83	27	43	28	57	29	56	30	106	31	29	32	45	33	50	34	53	35	37	36	73	37	35	38	52	39	44	40	61	41	94	42	40	43	65	44	48	45	43	46	95	47	30	48	89	49	96	
	0	44	1	67	2	26	3	43	4	60	5	38	6	91	7	9	8	67	9	45	10	24	11	64	12	65	13	74	14	34	15	74	16	75	17	109	18	57	19	79	20	100	21	80	22	33	23	25	24	101	25	27	26	94	27	45	28	62	29	60	30	107	31	35	32	54	33	63	34	50	35	52	36	63	37	44	38	55	39	51	40	58	41	108	42	42	43	61	44	51	45	42	46	88	47	37	48	80	49	102	
	0	36	1	59	2	33	3	39	4	43	5	32	6	87	7	15	8	68	9	42	10	31	11	53	12	65	13	72	14	39	15	72	16	88	17	114	18	42	19	91	20	91	21	65	22	42	23	27	24	101	25	29	26	89	27	45	28	62	29	55	30	95	31	37	32	44	33	57	34	43	35	38	36	77	37	50	38	59	39	45	40	75	41	108	42	33	43	60	44	57	45	30	46	94	47	25	48	75	49	98	
	0	42	1	64	2	30	3	48	4	57	5	32	6	99	7	19	8	80	9	48	10	22	11	54	12	48	13	64	14	28	15	77	16	73	17	109	18	58	19	80	20	88	21	66	22	41	23	24	24	101	25	34	26	84	27	49	28	51	29	58	30	104	31	36	32	55	33	52	34	42	35	37	36	81	37	50	38	45	39	41	40	66	41	98	42	42	43	46	44	60	45	33	46	92	47	24	48	75	49	94	
	0	51	1	60	2	44	3	40	4	51	5	30	6	80	7	12	8	81	9	50	10	21	11	46	12	60	13	67	14	42	15	84	16	83	17	109	18	58	19	74	20	94	21	67	22	44	23	26	24	93	25	19	26	81	27	58	28	65	29	55	30	98	31	33	32	62	33	64	34	53	35	48	36	75	37	40	38	50	39	45	40	75	41	110	42	38	43	49	44	54	45	34	46	93	47	22	48	76	49	104	
	0	41	1	70	2	25	3	38	4	49	5	30	6	87	7	23	8	75	9	42	10	28	11	60	12	56	13	65	14	36	15	74	16	87	17	112	18	55	19	83	20	93	21	66	22	31	23	31	24	92	25	29	26	77	27	57	28	52	29	50	30	96	31	24	32	58	33	49	34	53	35	37	36	81	37	46	38	45	39	51	40	74	41	106	42	32	43	53	44	62	45	38	46	102	47	28	48	83	49	107	
	0	48	1	68	2	30	3	34	4	60	5	40	6	97	7	14	8	69	9	52	10	28	11	55	12	60	13	72	14	39	15	73	16	88	17	112	18	41	19	91	20	90	21	83	22	41	23	36	24	101	25	32	26	90	27	42	28	54	29	59	30	98	31	19	32	60	33	64	34	42	35	48	36	82	37	41	38	45	39	52	40	65	41	98	42	42	43	61	44	54	45	42	46	90	47	40	48	82	49	107	
	0	52	1	73	2	37	3	34	4	47	5	40	6	96	7	7	8	67	9	46	10	23	11	48	12	56	13	74	14	24	15	79	16	75	17	113	18	45	19	84	20	95	21	78	22	43	23	27	24	104	25	30	26	84	27	39	28	60	29	44	30	109	31	32	32	55	33	54	34	39	35	34	36	80	37	41	38	43	39	51	40	73	41	108	42	28	43	58	44	61	45	33	46	90	47	26	48	85	49	103	
	0	49	1	69	2	25	3	34	4	44	5	26	6	98	7	9	8	77	9	43	10	26	11	49	12	46	13	58	14	34	15	77	16	86	17	103	18	57	19	78	20	92	21	76	22	36	23	23	24	103	25	31	26	77	27	45	28	63	29	46	30	101	31	33	32	54	33	53	34	51	35	52	36	64	37	33	38	59	39	54	40	63	41	106	42	40	43	54	44	49	45	44	46	101	47	38	48	77	49	90	
	0	36	1	71	2	32	3	35	4	51	5	40	6	97	7	11	8	67	9	45	10	35	11	65	12	58	13	57	14	40	15	74	16	91	17	108	18	50	19	84	20	90	21	74	22	30	23	35	24	96	25	21	26	77	27	58	28	51	29	60	30	107	31	37	32	51	33	58	34	43	35	52	36	68	37	35	38	55	39	43	40	72	41	112	42	43	43	64	44	44	45	39	46	83	47	38	48	92	49	102	
	0	53	1	70	2	43	3	48	4	47	5	33	6	97	7	8	8	74	9	44	10	21	11	60	12	63	13	73	14	41	15	68	16	77	17	104	18	48	19	76	20	97	21	74	22	33	23	22	24	89	25	24	26	89	27	40	28	50	29	53	30	98	31	29	32	56	33	60	34	51	35	36	36	81	37	45	38	48	39	39	40	65	41	111	42	38	43	54	44	43	45	40	46	102	47	34	48	80	49	101	
	0	42	1	68	2	40	3	53	4	49	5	31	6	88	7	16	8	84	9	45	10	32	11	62	12	61	13	67	14	25	15	69	16	85	17	112	18	41	19	81	20	96	21	83	22	48	23	26	24	101	25	37	26	79	27	57	28	66	29	59	30	109	31	20	32	63	33	60	34	51	35	35	36	68	37	43	38	58	39	57	40	65	41	101	42	25	43	51	44	59	45	35	46	85	47	32	48	94	49	109	
	0	41	1	64	2	43	3	53	4	43	5	35	6	81	7	10	8	65	9	53	10	32	11	59	12	64	13	66	14	26	15	80	16	74	17	111	18	47	19	83	20	93	21	68	22	46	23	26	24	90	25	22	26	94	27	52	28	53	29	49	30	90	31	27	32	53	33	54	34	56	35	36	36	71	37	51	38	46	39	54	40	59	41	101	42	37	43	52	44	44	45	40	46	100	47	29	48	93	49	100	
	0	51	1	70	2	34	3	36	4	46	5	35	6	90	7	22	8	66	9	44	10	19	11	62	12	47	13	57	14	35	15	79	16	77	17	108	18	45	19	93	20	89	21	64	22	31	23	25	24	91	25	31	26	82	27	52	28	54	29	50	30	107	31	31	32	49	33	49	34	38	35	52	36	82	37	38	38	41	39	43	40	76	41	95	42	30	43	47	44	56	45	30	46	88	47	36	48	92	49	95	
	0	38	1	59	2	38	3	41	4	55	5	32	6	87	7	15	8	72	9	43	10	22	11	63	12	58	13	57	14	30	15	67	16	84	17	104	18	58	19	85	20	94	21	75	22	38	23	23	24	95	25	23	26	81	27	39	28	55	29	56	30	107	31	32	32	62	33	64	34	41	35	39	36	72	37	47	38	42	39	47	40	76	41	110	42	29	43	62	44	51	45	28	46	83	47	41	48	90	49	102	
	0	41	1	72	2	30	3	40	4	57	5	27	6	93	7	18	8	66	9	46	10	22	11	65	12	52	13	70	14	33	15	83	16	90	17	97	18	45	19	88	20	91	21	79	22	40	23	38	24	102	25	29	26	80	27	40	28	61	29	48	30	103	31	36	32	54	33	51	34	50	35	51	36	76	37	49	38	49	39	42	40	73	41	103	42	42	43	47	44	46	45	40	46	84	47	41	48	87	49	97	
	0	36	1	58	2	31	3	37	4	45	5	38	6	92	7	7	8	78	9	50	10	19	11	47	12	52	13	60	14	30	15	84	16	86	17	98	18	45	19	81	20	85	21	73	22	31	23	28	24	96	25	22	26	93	27	43	28	56	29	46	30	107	31	21	32	55	33	59	34	56	35	34	36	76	37	32	38	40	39	41	40	65	41	95	42	28	43	55	44	48	45	46	46	96	47	29	48	88	49	93	
	0	39	1	66	2	36	3	48	4	44	5	37	6	92	7	24	8	71	9	52	10	35	11	54	12	48	13	60	14	23	15	73	16	82	17	113	18	45	19	89	20	97	21	74	22	33	23	24	24	95	25	31	26	83	27	54	28	68	29	51	30	98	31	20	32	50	33	64	34	51	35	50	36	63	37	47	38	40	39	50	40	61	41	93	42	34	43	56	44	54	45	38	46	87	47	37	48	82	49	93	
	0	51	1	59	2	34	3	41	4	58	5	37	6	95	7	10	8	82	9	42	10	27	11	60	12	62	13	74	14	36	15	74	16	79	17	105	18	48	19	88	20	90	21	73	22	48	23	39	24	88	25	35	26	89	27	48	28	59	29	55	30	104	31	29	32	56	33	57	34	40	35	41	36	72	37	39	38	59	39	52	40	59	41	106	42	37	43	59	44	62	45	27	46	84	47	30	48	85	49	105	
	0	52	1	71	2	37	3	52	4	43	5	42	6	94	7	12	8	76	9	54	10	28	11	61	12	63	13	60	14	30	15	79	16	74	17	100	18	40	19	91	20	82	21	68	22	48	23	33	24	104	25	25	26	78	27	48	28	54	29	48	30	91	31	26	32	54	33	51	34	44	35	40	36	65	37	40	38	51	39	43	40	57	41	107	42	34	43	49	44	56	45	33	46	99	47	32	48	90	49	105	
	0	52	1	66	2	32	3	41	4	53	5	25	6	92	7	8	8	67	9	48	10	27	11	53	12	64	13	76	14	36	15	67	16	77	17	100	18	46	19	75	20	98	21	65	22	45	23	37	24	95	25	32	26	91	27	44	28	53	29	44	30	104	31	19	32	62	33	55	34	56	35	41	36	81	37	35	38	43	39	45	40	65	41	103	42	31	43	46	44	50	45	41	46	96	47	37	48	78	49	93	
	0	47	1	67	2	43	3	53	4	47	5	33	6	90	7	17	8	66	9	55	10	19	11	61	12	59	13	60	14	37	15	75	16	80	17	104	18	54	19	85	20	92	21	72	22	42	23	30	24	92	25	37	26	89	27	48	28	58	29	62	30	93	31	32	32	45	33	64	34	52	35	46	36	76	37	41	38	42	39	48	40	70	41	105	42	35	43	50	44	46	45	30	46	92	47	24	48	87	49	106	
	0	50	1	59	2	30	3	45	4	51	5	29	6	81	7	6	8	76	9	53	10	21	11	63	12	47	13	74	14	41	15	81	16	81	17	102	18	55	19	82	20	93	21	66	22	45	23	28	24	95	25	32	26	94	27	43	28	61	29	54	30	97	31	36	32	55	33	54	34	57	35	42	36	81	37	47	38	40	39	50	40	74	41	97	42	33	43	54	44	55	45	34	46	95	47	29	48	81	49	100	
	0	47	1	68	2	28	3	35	4	59	5	30	6	90	7	22	8	77	9	50	10	30	11	62	12	63	13	65	14	27	15	69	16	86	17	111	18	43	19	93	20	84	21	65	22	32	23	28	24	96	25	35	26	91	27	49	28	60	29	50	30	96	31	29	32	55	33	60	34	50	35	39	36	81	37	45	38	57	39	56	40	58	41	106	42	41	43	52	44	52	45	42	46	95	47	22	48	84	49	100	
	0	45	1	70	2	27	3	40	4	47	5	38	6	84	7	17	8	70	9	52	10	29	11	52	12	49	13	65	14	41	15	81	16	78	17	102	18	39	19	90	20	86	21	74	22	36	23	25	24	107	25	31	26	95	27	58	28	58	29	48	30	106	31	36	32	59	33	52	34	41	35	37	36	77	37	43	38	57	39	41	40	58	41	108	42	34	43	55	44	50	45	42	46	101	47	37	48	87	49	107	
	0	54	1	68	2	40	3	46	4	43	5	29	6	92	7	22	8	76	9	42	10	35	11	55	12	54	13	57	14	40	15	69	16	89	17	104	18	57	19	79	20	94	21	65	22	49	23	34	24	106	25	34	26	91	27	55	28	68	29	50	30	102	31	38	32	45	33	62	34	39	35	36	36	71	37	49	38	51	39	48	40	59	41	104	42	26	43	52	44	57	45	44	46	88	47	27	48	83	49	94	
	0	39	1	72	2	41	3	52	4	58	5	41	6	91	7	12	8	76	9	59	10	29	11	61	12	52	13	66	14	24	15	68	16	85	17	109	18	52	19	79	20	91	21	78	22	49	23	38	24	102	25	30	26	89	27	49	28	57	29	58	30	98	31	19	32	44	33	63	34	42	35	40	36	69	37	32	38	44	39	42	40	57	41	95	42	27	43	49	44	57	45	36	46	102	47	37	48	80	49	105	
	0	48	1	73	2	28	3	44	4	60	5	33	6	98	7	13	8	66	9	42	10	34	11	56	12	50	13	71	14	27	15	76	16	88	17	105	18	58	19	82	20	83	21	73	22	40	23	29	24	104	25	36	26	89	27	45	28	62	29	45	30	95	31	34	32	45	33	65	34	53	35	38	36	75	37	46	38	57	39	56	40	61	41	102	42	36	43	62	44	55	45	28	46	95	47	30	48	81	49	95	
	0	47	1	73	2	26	3	43	4	47	5	32	6	87	7	7	8	83	9	58	10	31	11	60	12	46	13	75	14	26	15	80	16	86	17	97	18	55	19	75	20	95	21	64	22	38	23	28	24	92	25	29	26	95	27	47	28	55	29	58	30	92	31	27	32	47	33	55	34	50	35	53	36	74	37	39	38	49	39	51	40	69	41	96	42	36	43	54	44	43	45	35	46	98	47	28	48	78	49	106	
	0	49	1	57	2	43	3	34	4	58	5	40	6	98	7	11	8	78	9	49	10	30	11	51	12	55	13	60	14	32	15	81	16	79	17	104	18	44	19	91	20	98	21	75	22	36	23	32	24	100	25	25	26	87	27	47	28	68	29	56	30	101	31	29	32	56	33	54	34	47	35	34	36	75	37	48	38	54	39	56	40	71	41	108	42	24	43	64	44	50	45	38	46	89	47	30	48	76	49	103	
	0	53	1	67	2	40	3	35	4	42	5	38	6	94	7	11	8	79	9	50	10	24	11	48	12	50	13	67	14	38	15	70	16	84	17	96	18	41	19	90	20	99	21	71	22	44	23	34	24	103	25	32	26	95	27	45	28	62	29	59	30	100	31	31	32	46	33	58	34	50	35	46	36	75	37	32	38	40	39	47	40	62	41	101	42	38	43	47	44	49	45	35	46	90	47	31	48	81	49	100	
	0	51	1	63	2	28	3	53	4	58	5	40	6	97	7	7	8	67	9	54	10	18	11	53	12	65	13	70	14	29	15	86	16	91	17	107	18	57	19	83	20	86	21	73	22	41	23	28	24	90	25	26	26	88	27	58	28	61	29	63	30	102	31	32	32	54	33	68	34	43	35	52	36	80	37	45	38	51	39	45	40	71	41	98	42	36	43	59	44	55	45	43	46	94	47	23	48	81	49	99	
	0	41	1	67	2	30	3	50	4	51	5	31	6	98	7	23	8	65	9	44	10	20	11	53	12	52	13	75	14	33	15	85	16	76	17	96	18	57	19	90	20	86	21	82	22	46	23	20	24	93	25	27	26	92	27	43	28	61	29	62	30	90	31	29	32	58	33	65	34	55	35	41	36	80	37	41	38	56	39	44	40	66	41	112	42	33	43	57	44	55	45	27	46	101	47	36	48	93	49	96	
	0	41	1	69	2	27	3	42	4	58	5	34	6	89	7	23	8	65	9	56	10	16	11	48	12	50	13	67	14	41	15	71	16	88	17	101	18	52	19	87	20	87	21	67	22	38	23	23	24	107	25	37	26	84	27	43	28	54	29	54	30	101	31	22	32	50	33	58	34	49	35	42	36	71	37	41	38	53	39	43	40	72	41	109	42	41	43	53	44	55	45	46	46	97	47	26	48	75	49	109	
	0	48	1	67	2	43	3	45	4	49	5	28	6	99	7	20	8	72	9	42	10	32	11	53	12	49	13	59	14	40	15	86	16	73	17	114	18	56	19	87	20	101	21	70	22	43	23	25	24	103	25	19	26	82	27	53	28	54	29	57	30	97	31	35	32	47	33	53	34	54	35	36	36	67	37	48	38	52	39	45	40	68	41	109	42	31	43	62	44	50	45	29	46	90	47	23	48	82	49	95	
	0	43	1	58	2	37	3	37	4	54	5	40	6	94	7	13	8	83	9	43	10	34	11	52	12	57	13	72	14	28	15	84	16	83	17	95	18	40	19	76	20	91	21	66	22	39	23	35	24	104	25	25	26	93	27	55	28	53	29	46	30	109	31	37	32	56	33	66	34	40	35	50	36	68	37	35	38	51	39	47	40	73	41	98	42	30	43	65	44	51	45	42	46	87	47	28	48	79	49	106	
	0	49	1	56	2	28	3	53	4	46	5	38	6	96	7	21	8	77	9	54	10	26	11	64	12	63	13	66	14	27	15	85	16	91	17	98	18	53	19	83	20	89	21	83	22	45	23	20	24	89	25	27	26	90	27	58	28	61	29	45	30	108	31	34	32	51	33	51	34	51	35	38	36	74	37	49	38	57	39	49	40	59	41	98	42	26	43	53	44	51	45	35	46	85	47	24	48	94	49	98	
	0	45	1	57	2	34	3	38	4	59	5	25	6	93	7	22	8	78	9	59	10	26	11	62	12	63	13	67	14	28	15	84	16	74	17	101	18	50	19	78	20	100	21	76	22	35	23	29	24	99	25	24	26	87	27	51	28	68	29	50	30	109	31	21	32	59	33	54	34	50	35	36	36	79	37	50	38	49	39	57	40	75	41	108	42	31	43	59	44	55	45	39	46	96	47	33	48	93	49	104	
	0	47	1	72	2	33	3	43	4	49	5	42	6	81	7	8	8	72	9	54	10	16	11	65	12	60	13	60	14	31	15	78	16	85	17	111	18	47	19	87	20	98	21	73	22	40	23	32	24	99	25	32	26	89	27	41	28	55	29	47	30	109	31	20	32	63	33	67	34	47	35	48	36	76	37	32	38	47	39	56	40	62	41	108	42	28	43	55	44	49	45	41	46	89	47	39	48	81	49	107	
	0	42	1	74	2	38	3	49	4	49	5	39	6	83	7	15	8	68	9	41	10	31	11	51	12	65	13	75	14	23	15	67	16	90	17	112	18	43	19	87	20	98	21	72	22	33	23	28	24	104	25	31	26	80	27	46	28	53	29	44	30	95	31	35	32	59	33	52	34	54	35	46	36	70	37	49	38	50	39	39	40	73	41	100	42	35	43	54	44	47	45	28	46	91	47	39	48	79	49	109	
	0	38	1	67	2	39	3	50	4	57	5	34	6	89	7	25	8	82	9	56	10	24	11	65	12	47	13	66	14	38	15	75	16	76	17	111	18	51	19	77	20	99	21	65	22	36	23	22	24	106	25	33	26	82	27	55	28	54	29	50	30	95	31	22	32	54	33	56	34	45	35	48	36	69	37	45	38	49	39	43	40	65	41	101	42	34	43	63	44	51	45	41	46	89	47	27	48	81	49	101	
	0	37	1	61	2	43	3	40	4	58	5	36	6	98	7	12	8	73	9	42	10	23	11	51	12	56	13	69	14	28	15	86	16	79	17	109	18	58	19	82	20	88	21	82	22	45	23	21	24	100	25	29	26	91	27	46	28	66	29	61	30	91	31	26	32	48	33	54	34	44	35	52	36	66	37	49	38	40	39	47	40	59	41	108	42	34	43	47	44	58	45	30	46	93	47	34	48	82	49	99	
	0	46	1	55	2	42	3	44	4	58	5	35	6	83	7	9	8	82	9	45	10	19	11	57	12	62	13	75	14	32	15	86	16	72	17	114	18	47	19	92	20	101	21	75	22	44	23	26	24	92	25	18	26	93	27	56	28	59	29	45	30	100	31	33	32	59	33	61	34	53	35	53	36	74	37	42	38	42	39	44	40	59	41	99	42	32	43	49	44	61	45	27	46	101	47	37	48	94	49	95	
	0	50	1	56	2	41	3	37	4	43	5	25	6	89	7	11	8	75	9	53	10	33	11	58	12	64	13	64	14	37	15	76	16	77	17	104	18	44	19	89	20	86	21	74	22	46	23	35	24	94	25	34	26	89	27	46	28	55	29	58	30	105	31	21	32	60	33	61	34	49	35	36	36	72	37	39	38	50	39	42	40	57	41	103	42	32	43	65	44	57	45	35	46	102	47	33	48	77	49	96	
	0	51	1	68	2	32	3	45	4	44	5	28	6	88	7	25	8	70	9	49	10	28	11	65	12	46	13	62	14	40	15	82	16	80	17	99	18	56	19	78	20	82	21	73	22	31	23	37	24	95	25	19	26	91	27	44	28	64	29	55	30	97	31	27	32	60	33	66	34	41	35	43	36	81	37	47	38	53	39	50	40	65	41	101	42	26	43	54	44	60	45	44	46	87	47	41	48	81	49	93	
	0	39	1	57	2	34	3	42	4	46	5	39	6	86	7	21	8	68	9	49	10	28	11	50	12	61	13	67	14	29	15	77	16	90	17	109	18	48	19	78	20	94	21	68	22	44	23	29	24	93	25	23	26	90	27	48	28	63	29	50	30	109	31	37	32	56	33	50	34	42	35	42	36	76	37	40	38	48	39	47	40	73	41	112	42	33	43	64	44	60	45	43	46	87	47	36	48	82	49	105	
	0	38	1	56	2	43	3	37	4	59	5	39	6	83	7	25	8	79	9	51	10	35	11	48	12	47	13	68	14	39	15	79	16	86	17	99	18	50	19	79	20	91	21	76	22	41	23	30	24	104	25	31	26	86	27	56	28	54	29	44	30	91	31	31	32	63	33	65	34	57	35	43	36	74	37	32	38	46	39	56	40	66	41	111	42	42	43	56	44	60	45	42	46	96	47	32	48	76	49	95	
	0	43	1	55	2	43	3	52	4	51	5	27	6	89	7	10	8	68	9	55	10	18	11	47	12	49	13	60	14	33	15	82	16	75	17	110	18	45	19	80	20	96	21	69	22	49	23	28	24	102	25	36	26	82	27	55	28	49	29	45	30	95	31	26	32	55	33	63	34	54	35	36	36	67	37	35	38	46	39	56	40	63	41	110	42	27	43	55	44	58	45	29	46	91	47	23	48	81	49	94	
	0	46	1	65	2	40	3	40	4	58	5	32	6	97	7	6	8	80	9	46	10	34	11	55	12	49	13	57	14	27	15	78	16	82	17	102	18	57	19	89	20	93	21	75	22	38	23	22	24	104	25	22	26	87	27	51	28	56	29	57	30	97	31	25	32	46	33	61	34	49	35	41	36	74	37	39	38	54	39	39	40	69	41	107	42	27	43	56	44	52	45	29	46	102	47	24	48	75	49	105	
	0	37	1	68	2	44	3	49	4	58	5	41	6	99	7	9	8	74	9	47	10	17	11	64	12	64	13	66	14	23	15	74	16	91	17	101	18	40	19	75	20	92	21	79	22	40	23	31	24	95	25	37	26	94	27	58	28	67	29	62	30	97	31	32	32	58	33	49	34	46	35	47	36	77	37	34	38	49	39	41	40	74	41	104	42	36	43	64	44	46	45	44	46	94	47	28	48	82	49	95	
	0	50	1	67	2	33	3	39	4	59	5	39	6	82	7	20	8	78	9	49	10	30	11	48	12	46	13	74	14	25	15	69	16	89	17	106	18	56	19	86	20	92	21	74	22	33	23	31	24	103	25	33	26	89	27	45	28	60	29	52	30	99	31	21	32	49	33	55	34	50	35	35	36	68	37	35	38	58	39	40	40	70	41	96	42	32	43	46	44	61	45	29	46	101	47	27	48	91	49	98	
	0	47	1	58	2	27	3	44	4	49	5	30	6	94	7	21	8	75	9	54	10	33	11	47	12	55	13	63	14	40	15	73	16	91	17	111	18	45	19	75	20	91	21	64	22	35	23	29	24	107	25	27	26	81	27	54	28	63	29	48	30	92	31	28	32	51	33	56	34	55	35	50	36	79	37	42	38	50	39	47	40	58	41	99	42	41	43	54	44	49	45	39	46	86	47	33	48	83	49	93	
	0	41	1	67	2	43	3	44	4	55	5	38	6	95	7	18	8	71	9	43	10	23	11	59	12	63	13	67	14	24	15	77	16	86	17	107	18	52	19	76	20	92	21	83	22	49	23	37	24	88	25	23	26	91	27	58	28	49	29	59	30	95	31	33	32	48	33	56	34	55	35	39	36	80	37	47	38	47	39	45	40	59	41	100	42	25	43	64	44	44	45	29	46	98	47	33	48	75	49	94	
	0	48	1	61	2	43	3	35	4	55	5	34	6	86	7	19	8	65	9	42	10	24	11	54	12	48	13	62	14	30	15	69	16	81	17	113	18	53	19	75	20	87	21	67	22	42	23	21	24	100	25	19	26	91	27	58	28	60	29	57	30	92	31	34	32	59	33	65	34	46	35	49	36	79	37	33	38	40	39	56	40	73	41	96	42	43	43	65	44	50	45	32	46	90	47	40	48	82	49	96	
	0	46	1	56	2	31	3	38	4	53	5	40	6	88	7	25	8	66	9	47	10	26	11	47	12	50	13	57	14	37	15	74	16	84	17	103	18	47	19	83	20	88	21	73	22	48	23	23	24	104	25	32	26	83	27	54	28	66	29	61	30	109	31	27	32	51	33	53	34	50	35	36	36	63	37	41	38	48	39	58	40	64	41	105	42	35	43	61	44	46	45	27	46	89	47	26	48	81	49	93	
	0	52	1	58	2	31	3	36	4	47	5	32	6	92	7	11	8	79	9	59	10	30	11	47	12	48	13	66	14	36	15	67	16	72	17	112	18	51	19	87	20	95	21	75	22	38	23	24	24	91	25	23	26	84	27	55	28	63	29	62	30	105	31	26	32	44	33	53	34	49	35	50	36	71	37	34	38	49	39	39	40	65	41	110	42	43	43	48	44	61	45	43	46	96	47	23	48	89	49	90	
	0	38	1	55	2	30	3	52	4	50	5	31	6	92	7	19	8	84	9	50	10	20	11	63	12	53	13	68	14	42	15	80	16	77	17	98	18	58	19	74	20	88	21	69	22	42	23	21	24	100	25	35	26	87	27	55	28	53	29	52	30	98	31	23	32	58	33	68	34	45	35	47	36	82	37	37	38	47	39	55	40	75	41	98	42	24	43	64	44	57	45	41	46	89	47	37	48	90	49	109	
	0	52	1	70	2	39	3	41	4	56	5	41	6	85	7	7	8	81	9	56	10	30	11	55	12	61	13	58	14	39	15	70	16	80	17	98	18	50	19	85	20	83	21	78	22	45	23	30	24	103	25	31	26	86	27	58	28	49	29	45	30	106	31	34	32	45	33	60	34	55	35	48	36	81	37	41	38	51	39	54	40	75	41	99	42	34	43	59	44	46	45	38	46	94	47	38	48	93	49	98	
	0	40	1	62	2	42	3	43	4	42	5	32	6	85	7	13	8	72	9	41	10	17	11	48	12	56	13	76	14	40	15	70	16	81	17	107	18	58	19	79	20	100	21	66	22	42	23	20	24	94	25	23	26	80	27	44	28	51	29	47	30	108	31	20	32	44	33	49	34	47	35	43	36	69	37	38	38	59	39	46	40	58	41	98	42	25	43	65	44	62	45	36	46	84	47	26	48	93	49	92	
	0	37	1	62	2	42	3	48	4	52	5	31	6	93	7	24	8	80	9	44	10	32	11	56	12	62	13	68	14	32	15	67	16	81	17	106	18	56	19	86	20	82	21	81	22	38	23	20	24	92	25	19	26	87	27	47	28	63	29	61	30	97	31	21	32	60	33	53	34	46	35	36	36	77	37	43	38	49	39	51	40	70	41	96	42	36	43	61	44	53	45	30	46	102	47	29	48	75	49	98	
	0	38	1	63	2	38	3	41	4	55	5	42	6	81	7	11	8	77	9	55	10	27	11	58	12	52	13	74	14	36	15	68	16	81	17	108	18	52	19	92	20	84	21	73	22	44	23	24	24	95	25	36	26	88	27	50	28	54	29	55	30	105	31	34	32	52	33	51	34	44	35	39	36	65	37	37	38	54	39	41	40	70	41	111	42	31	43	65	44	48	45	31	46	95	47	24	48	85	49	93	
	0	54	1	58	2	25	3	51	4	52	5	35	6	88	7	7	8	79	9	42	10	32	11	47	12	48	13	66	14	26	15	80	16	89	17	96	18	43	19	87	20	101	21	80	22	32	23	28	24	105	25	30	26	89	27	52	28	61	29	44	30	100	31	33	32	49	33	56	34	43	35	52	36	64	37	47	38	45	39	50	40	69	41	102	42	34	43	58	44	52	45	45	46	94	47	33	48	89	49	106	
	0	42	1	68	2	35	3	34	4	48	5	44	6	86	7	17	8	68	9	41	10	32	11	46	12	51	13	59	14	27	15	73	16	77	17	99	18	52	19	92	20	82	21	73	22	41	23	22	24	88	25	28	26	83	27	43	28	52	29	53	30	102	31	26	32	56	33	61	34	38	35	51	36	77	37	46	38	50	39	54	40	68	41	110	42	40	43	59	44	50	45	36	46	102	47	39	48	87	49	104	
	0	50	1	59	2	42	3	39	4	51	5	44	6	98	7	17	8	72	9	45	10	21	11	49	12	62	13	76	14	37	15	68	16	91	17	103	18	47	19	86	20	101	21	72	22	42	23	37	24	98	25	28	26	89	27	44	28	61	29	53	30	100	31	33	32	55	33	64	34	54	35	49	36	74	37	48	38	44	39	51	40	75	41	109	42	25	43	63	44	48	45	46	46	83	47	29	48	75	49	96	
	0	43	1	56	2	25	3	43	4	59	5	36	6	89	7	19	8	68	9	41	10	17	11	62	12	57	13	58	14	23	15	71	16	90	17	95	18	40	19	81	20	101	21	64	22	48	23	28	24	92	25	20	26	89	27	41	28	65	29	49	30	100	31	22	32	51	33	50	34	47	35	49	36	63	37	49	38	50	39	45	40	57	41	95	42	32	43	53	44	56	45	30	46	83	47	41	48	91	49	105	
	0	39	1	56	2	26	3	50	4	45	5	30	6	87	7	25	8	67	9	56	10	16	11	54	12	49	13	63	14	26	15	77	16	90	17	99	18	39	19	77	20	99	21	78	22	38	23	24	24	98	25	18	26	86	27	52	28	62	29	60	30	102	31	19	32	55	33	65	34	42	35	51	36	75	37	51	38	55	39	56	40	61	41	96	42	35	43	54	44	49	45	32	46	87	47	40	48	81	49	91	
	0	39	1	68	2	44	3	46	4	59	5	43	6	90	7	22	8	69	9	45	10	29	11	46	12	58	13	58	14	38	15	71	16	84	17	104	18	39	19	92	20	85	21	64	22	40	23	34	24	97	25	18	26	85	27	56	28	61	29	54	30	93	31	33	32	59	33	58	34	48	35	42	36	82	37	34	38	54	39	54	40	66	41	101	42	34	43	52	44	56	45	27	46	94	47	40	48	79	49	104	
	0	53	1	59	2	42	3	41	4	49	5	27	6	95	7	7	8	82	9	57	10	17	11	50	12	49	13	67	14	26	15	67	16	84	17	105	18	58	19	89	20	91	21	83	22	36	23	29	24	101	25	30	26	96	27	51	28	64	29	55	30	106	31	36	32	45	33	55	34	41	35	45	36	69	37	43	38	57	39	49	40	61	41	102	42	26	43	64	44	50	45	46	46	84	47	41	48	77	49	90	
	0	39	1	71	2	30	3	40	4	51	5	37	6	91	7	6	8	74	9	41	10	27	11	48	12	50	13	62	14	23	15	76	16	75	17	103	18	40	19	84	20	95	21	69	22	39	23	24	24	100	25	23	26	92	27	51	28	49	29	46	30	92	31	19	32	52	33	68	34	48	35	34	36	71	37	41	38	54	39	45	40	65	41	104	42	42	43	59	44	54	45	29	46	97	47	23	48	90	49	100	
	0	54	1	74	2	40	3	51	4	55	5	25	6	93	7	18	8	82	9	41	10	34	11	54	12	51	13	60	14	23	15	83	16	74	17	98	18	39	19	92	20	92	21	67	22	49	23	34	24	102	25	35	26	85	27	49	28	62	29	62	30	96	31	37	32	57	33	52	34	55	35	47	36	79	37	40	38	56	39	56	40	66	41	105	42	28	43	51	44	44	45	39	46	95	47	41	48	85	49	92	
	0	38	1	60	2	37	3	41	4	54	5	26	6	97	7	6	8	65	9	52	10	28	11	57	12	59	13	76	14	28	15	80	16	72	17	100	18	43	19	74	20	86	21	68	22	32	23	39	24	88	25	18	26	86	27	44	28	52	29	59	30	107	31	37	32	55	33	62	34	52	35	41	36	82	37	46	38	41	39	47	40	68	41	102	42	31	43	63	44	57	45	27	46	86	47	32	48	94	49	108	
	0	51	1	70	2	32	3	41	4	44	5	42	6	80	7	10	8	77	9	56	10	26	11	59	12	64	13	69	14	35	15	73	16	74	17	107	18	43	19	76	20	85	21	78	22	37	23	28	24	90	25	26	26	83	27	44	28	51	29	46	30	108	31	36	32	58	33	65	34	53	35	45	36	65	37	37	38	49	39	43	40	65	41	105	42	25	43	47	44	60	45	36	46	101	47	38	48	87	49	104	
	0	53	1	57	2	40	3	51	4	52	5	37	6	92	7	14	8	69	9	45	10	22	11	47	12	51	13	58	14	30	15	72	16	78	17	101	18	49	19	75	20	93	21	71	22	38	23	39	24	93	25	33	26	85	27	56	28	66	29	44	30	90	31	28	32	45	33	59	34	49	35	36	36	65	37	51	38	47	39	42	40	57	41	109	42	24	43	49	44	60	45	45	46	86	47	31	48	80	49	90	
	0	37	1	56	2	28	3	50	4	43	5	37	6	96	7	21	8	83	9	57	10	22	11	48	12	49	13	68	14	31	15	81	16	85	17	101	18	58	19	91	20	98	21	74	22	47	23	30	24	106	25	18	26	80	27	50	28	54	29	47	30	96	31	25	32	60	33	60	34	56	35	41	36	82	37	33	38	43	39	41	40	70	41	99	42	37	43	56	44	50	45	33	46	102	47	26	48	90	49	95	
	0	44	1	73	2	25	3	48	4	59	5	41	6	86	7	20	8	72	9	50	10	22	11	52	12	60	13	70	14	30	15	71	16	82	17	97	18	45	19	74	20	88	21	78	22	34	23	27	24	90	25	30	26	91	27	44	28	63	29	60	30	100	31	31	32	50	33	61	34	46	35	39	36	73	37	40	38	47	39	55	40	67	41	99	42	38	43	59	44	46	45	39	46	94	47	24	48	83	49	96	
	0	36	1	55	2	42	3	38	4	48	5	32	6	80	7	20	8	68	9	54	10	23	11	51	12	63	13	71	14	37	15	76	16	73	17	97	18	52	19	87	20	94	21	78	22	39	23	28	24	92	25	25	26	90	27	49	28	56	29	51	30	94	31	34	32	55	33	49	34	43	35	37	36	80	37	47	38	56	39	47	40	60	41	106	42	28	43	48	44	52	45	28	46	86	47	39	48	91	49	108	
	0	48	1	58	2	37	3	49	4	44	5	27	6	99	7	10	8	66	9	47	10	33	11	60	12	52	13	73	14	42	15	86	16	90	17	99	18	41	19	78	20	96	21	68	22	46	23	24	24	97	25	21	26	93	27	57	28	52	29	45	30	92	31	31	32	52	33	52	34	53	35	52	36	81	37	32	38	48	39	55	40	75	41	112	42	31	43	55	44	48	45	34	46	90	47	22	48	94	49	95	
	0	36	1	69	2	43	3	37	4	50	5	33	6	94	7	19	8	68	9	50	10	29	11	50	12	64	13	69	14	37	15	74	16	82	17	102	18	51	19	87	20	100	21	66	22	31	23	20	24	90	25	26	26	82	27	53	28	50	29	63	30	95	31	37	32	52	33	53	34	44	35	41	36	70	37	41	38	47	39	53	40	57	41	93	42	36	43	56	44	61	45	45	46	95	47	26	48	75	49	95	
	0	43	1	66	2	29	3	52	4	60	5	41	6	93	7	12	8	84	9	57	10	22	11	56	12	64	13	70	14	38	15	77	16	87	17	108	18	56	19	93	20	94	21	67	22	36	23	25	24	106	25	26	26	82	27	54	28	65	29	53	30	108	31	34	32	49	33	67	34	50	35	46	36	77	37	44	38	43	39	54	40	61	41	98	42	25	43	61	44	52	45	40	46	88	47	34	48	88	49	98	
	0	45	1	61	2	34	3	45	4	58	5	39	6	80	7	16	8	83	9	56	10	29	11	51	12	46	13	63	14	42	15	67	16	78	17	97	18	41	19	86	20	86	21	82	22	37	23	22	24	92	25	18	26	77	27	45	28	67	29	45	30	104	31	28	32	48	33	51	34	53	35	38	36	75	37	41	38	51	39	43	40	61	41	98	42	34	43	56	44	61	45	43	46	91	47	31	48	81	49	104	
	0	50	1	58	2	29	3	40	4	50	5	38	6	87	7	9	8	73	9	45	10	25	11	46	12	46	13	59	14	24	15	78	16	87	17	101	18	43	19	81	20	97	21	82	22	44	23	21	24	102	25	30	26	93	27	47	28	66	29	59	30	91	31	32	32	55	33	55	34	46	35	50	36	76	37	45	38	56	39	44	40	76	41	97	42	27	43	52	44	43	45	40	46	101	47	32	48	86	49	96	
	0	44	1	57	2	40	3	40	4	50	5	43	6	81	7	25	8	74	9	46	10	28	11	46	12	56	13	61	14	30	15	70	16	74	17	111	18	49	19	86	20	100	21	77	22	41	23	35	24	98	25	26	26	81	27	56	28	49	29	52	30	102	31	21	32	53	33	64	34	45	35	42	36	64	37	45	38	49	39	49	40	68	41	107	42	28	43	55	44	46	45	39	46	101	47	22	48	92	49	102	
	0	43	1	58	2	36	3	36	4	51	5	36	6	99	7	15	8	81	9	44	10	30	11	62	12	65	13	61	14	32	15	85	16	90	17	112	18	39	19	75	20	83	21	82	22	33	23	30	24	107	25	33	26	81	27	43	28	51	29	53	30	102	31	19	32	60	33	49	34	41	35	50	36	66	37	49	38	59	39	40	40	60	41	110	42	36	43	56	44	44	45	34	46	97	47	29	48	92	49	92	
	0	44	1	65	2	44	3	41	4	51	5	41	6	96	7	20	8	69	9	55	10	19	11	59	12	64	13	59	14	39	15	86	16	81	17	113	18	45	19	78	20	90	21	71	22	35	23	24	24	100	25	31	26	92	27	49	28	57	29	47	30	107	31	30	32	46	33	53	34	43	35	52	36	73	37	49	38	57	39	56	40	75	41	103	42	42	43	64	44	55	45	27	46	94	47	30	48	84	49	95	
	0	46	1	71	2	38	3	36	4	44	5	37	6	87	7	18	8	75	9	43	10	17	11	54	12	54	13	69	14	33	15	85	16	73	17	111	18	45	19	74	20	95	21	81	22	41	23	22	24	103	25	33	26	87	27	47	28	67	29	63	30	109	31	21	32	46	33	65	34	42	35	53	36	63	37	42	38	40	39	50	40	70	41	109	42	24	43	55	44	46	45	43	46	97	47	32	48	81	49	97	
	0	52	1	65	2	35	3	47	4	45	5	30	6	80	7	25	8	67	9	45	10	16	11	59	12	47	13	76	14	42	15	78	16	83	17	106	18	41	19	78	20	93	21	70	22	38	23	21	24	106	25	36	26	82	27	40	28	55	29	59	30	91	31	35	32	54	33	49	34	44	35	39	36	66	37	50	38	46	39	47	40	76	41	96	42	34	43	55	44	56	45	36	46	87	47	24	48	85	49	104	
	0	41	1	68	2	34	3	43	4	55	5	39	6	90	7	23	8	83	9	47	10	22	11	65	12	53	13	70	14	36	15	78	16	88	17	108	18	51	19	74	20	97	21	83	22	31	23	22	24	95	25	29	26	81	27	52	28	56	29	55	30	107	31	22	32	52	33	57	34	40	35	50	36	75	37	51	38	53	39	51	40	72	41	107	42	28	43	52	44	48	45	40	46	89	47	31	48	89	49	97	
	0	38	1	69	2	36	3	35	4	58	5	44	6	95	7	14	8	83	9	52	10	19	11	51	12	54	13	61	14	32	15	81	16	77	17	103	18	40	19	84	20	91	21	83	22	36	23	36	24	104	25	26	26	95	27	42	28	68	29	59	30	98	31	33	32	62	33	54	34	50	35	43	36	81	37	41	38	47	39	49	40	58	41	100	42	29	43	51	44	62	45	34	46	96	47	28	48	76	49	106	
	0	47	1	63	2	34	3	38	4	46	5	41	6	97	7	22	8	74	9	48	10	29	11	49	12	61	13	61	14	30	15	69	16	74	17	103	18	56	19	87	20	84	21	79	22	40	23	23	24	98	25	32	26	94	27	45	28	67	29	48	30	95	31	21	32	44	33	55	34	46	35	51	36	72	37	41	38	54	39	58	40	71	41	96	42	35	43	65	44	53	45	28	46	91	47	39	48	83	49	95	
	0	47	1	68	2	32	3	47	4	61	5	41	6	98	7	19	8	73	9	58	10	31	11	56	12	60	13	72	14	27	15	75	16	81	17	105	18	39	19	87	20	94	21	78	22	35	23	26	24	91	25	24	26	77	27	40	28	68	29	51	30	101	31	32	32	54	33	54	34	49	35	35	36	75	37	46	38	55	39	48	40	74	41	95	42	37	43	54	44	58	45	34	46	102	47	30	48	75	49	91	
	0	52	1	69	2	41	3	45	4	57	5	38	6	82	7	24	8	69	9	53	10	20	11	47	12	52	13	70	14	31	15	77	16	90	17	111	18	40	19	76	20	82	21	82	22	38	23	25	24	96	25	26	26	95	27	49	28	55	29	50	30	96	31	20	32	47	33	63	34	42	35	40	36	79	37	33	38	44	39	39	40	62	41	95	42	33	43	57	44	43	45	41	46	97	47	36	48	83	49	106	
	0	49	1	55	2	38	3	50	4	51	5	31	6	80	7	18	8	74	9	44	10	27	11	60	12	65	13	68	14	23	15	70	16	72	17	107	18	48	19	83	20	93	21	64	22	49	23	31	24	91	25	35	26	78	27	50	28	56	29	49	30	94	31	25	32	59	33	58	34	49	35	49	36	64	37	35	38	53	39	52	40	68	41	101	42	32	43	48	44	53	45	31	46	91	47	28	48	86	49	104	
	0	45	1	55	2	44	3	51	4	60	5	31	6	94	7	14	8	76	9	52	10	26	11	57	12	46	13	69	14	36	15	73	16	79	17	109	18	44	19	76	20	95	21	80	22	49	23	34	24	101	25	34	26	78	27	50	28	64	29	46	30	103	31	36	32	45	33	68	34	39	35	53	36	81	37	42	38	44	39	42	40	64	41	95	42	24	43	61	44	43	45	31	46	102	47	24	48	79	49	106	
	0	46	1	71	2	42	3	47	4	48	5	26	6	99	7	7	8	80	9	60	10	27	11	47	12	61	13	72	14	28	15	80	16	76	17	103	18	39	19	78	20	84	21	67	22	31	23	31	24	96	25	30	26	85	27	46	28	67	29	59	30	92	31	33	32	54	33	50	34	55	35	46	36	79	37	39	38	50	39	41	40	64	41	101	42	41	43	53	44	45	45	38	46	90	47	40	48	75	49	100	
	0	39	1	72	2	28	3	50	4	45	5	39	6	94	7	6	8	78	9	59	10	31	11	49	12	56	13	61	14	37	15	67	16	75	17	95	18	51	19	77	20	92	21	65	22	47	23	36	24	99	25	25	26	80	27	54	28	54	29	47	30	102	31	19	32	60	33	50	34	40	35	41	36	79	37	49	38	59	39	44	40	62	41	95	42	29	43	58	44	61	45	28	46	102	47	40	48	87	49	108	
	0	47	1	68	2	31	3	44	4	61	5	37	6	82	7	15	8	69	9	45	10	17	11	57	12	56	13	73	14	37	15	81	16	86	17	109	18	46	19	74	20	90	21	75	22	43	23	32	24	103	25	31	26	78	27	47	28	53	29	48	30	108	31	21	32	45	33	53	34	57	35	41	36	71	37	34	38	47	39	52	40	73	41	102	42	43	43	59	44	50	45	32	46	91	47	28	48	89	49	96	
	0	55	1	60	2	29	3	39	4	44	5	39	6	83	7	9	8	69	9	42	10	32	11	54	12	47	13	75	14	25	15	77	16	86	17	107	18	43	19	74	20	84	21	82	22	46	23	28	24	106	25	20	26	83	27	41	28	54	29	51	30	103	31	36	32	61	33	59	34	53	35	39	36	64	37	34	38	50	39	44	40	73	41	101	42	42	43	61	44	58	45	39	46	85	47	28	48	84	49	103	
	0	51	1	71	2	40	3	53	4	48	5	28	6	97	7	19	8	79	9	59	10	19	11	57	12	58	13	61	14	25	15	69	16	79	17	105	18	51	19	89	20	83	21	64	22	40	23	28	24	105	25	35	26	82	27	51	28	53	29	55	30	95	31	37	32	54	33	66	34	56	35	45	36	68	37	51	38	49	39	53	40	66	41	96	42	37	43	48	44	60	45	29	46	83	47	24	48	80	49	104	
	0	50	1	66	2	35	3	43	4	61	5	41	6	81	7	22	8	79	9	41	10	17	11	54	12	52	13	57	14	40	15	71	16	73	17	110	18	42	19	86	20	95	21	83	22	40	23	23	24	88	25	32	26	79	27	45	28	60	29	57	30	104	31	25	32	58	33	65	34	41	35	39	36	81	37	32	38	54	39	57	40	65	41	110	42	29	43	54	44	52	45	31	46	83	47	40	48	90	49	101	
	0	51	1	61	2	37	3	48	4	55	5	25	6	84	7	9	8	83	9	43	10	31	11	53	12	52	13	57	14	42	15	71	16	76	17	99	18	41	19	92	20	100	21	73	22	32	23	36	24	90	25	35	26	88	27	46	28	64	29	46	30	99	31	22	32	63	33	50	34	40	35	40	36	81	37	37	38	40	39	47	40	74	41	108	42	25	43	51	44	57	45	38	46	91	47	34	48	90	49	103	
	0	46	1	70	2	27	3	49	4	46	5	41	6	84	7	14	8	74	9	50	10	34	11	55	12	47	13	63	14	23	15	84	16	73	17	103	18	43	19	77	20	93	21	80	22	33	23	26	24	100	25	36	26	95	27	48	28	62	29	57	30	98	31	22	32	63	33	50	34	55	35	52	36	65	37	34	38	59	39	57	40	69	41	105	42	38	43	52	44	44	45	41	46	89	47	23	48	86	49	109	
	0	46	1	64	2	42	3	48	4	55	5	30	6	81	7	18	8	71	9	46	10	20	11	60	12	47	13	72	14	39	15	76	16	85	17	114	18	43	19	84	20	89	21	73	22	43	23	26	24	104	25	23	26	91	27	50	28	53	29	47	30	101	31	38	32	56	33	55	34	50	35	52	36	79	37	32	38	59	39	56	40	74	41	93	42	34	43	61	44	53	45	34	46	95	47	34	48	88	49	92	
	0	45	1	71	2	43	3	46	4	56	5	44	6	81	7	12	8	71	9	47	10	21	11	48	12	63	13	63	14	30	15	83	16	77	17	102	18	48	19	86	20	92	21	70	22	43	23	36	24	88	25	19	26	93	27	49	28	68	29	53	30	92	31	29	32	51	33	52	34	53	35	49	36	78	37	42	38	40	39	48	40	64	41	105	42	39	43	59	44	52	45	36	46	95	47	41	48	78	49	108	
	0	51	1	68	2	30	3	44	4	56	5	27	6	82	7	14	8	81	9	46	10	18	11	47	12	65	13	62	14	40	15	79	16	78	17	103	18	46	19	83	20	87	21	78	22	38	23	21	24	105	25	35	26	94	27	45	28	52	29	54	30	95	31	37	32	56	33	60	34	42	35	36	36	69	37	36	38	47	39	48	40	72	41	101	42	36	43	57	44	54	45	44	46	91	47	26	48	75	49	99	
	0	53	1	71	2	36	3	48	4	57	5	34	6	97	7	11	8	83	9	44	10	31	11	46	12	57	13	61	14	26	15	77	16	83	17	110	18	48	19	88	20	96	21	66	22	41	23	36	24	104	25	20	26	94	27	57	28	50	29	55	30	92	31	32	32	45	33	67	34	44	35	37	36	66	37	40	38	52	39	53	40	63	41	110	42	37	43	49	44	60	45	37	46	102	47	31	48	80	49	102	
	0	40	1	65	2	38	3	45	4	57	5	29	6	96	7	9	8	69	9	44	10	30	11	46	12	48	13	74	14	41	15	74	16	79	17	96	18	40	19	87	20	91	21	71	22	33	23	35	24	102	25	31	26	91	27	50	28	58	29	62	30	98	31	28	32	63	33	55	34	56	35	48	36	71	37	36	38	52	39	48	40	69	41	96	42	24	43	51	44	49	45	46	46	93	47	35	48	78	49	91	
	0	51	1	57	2	28	3	44	4	53	5	32	6	85	7	23	8	79	9	50	10	35	11	64	12	53	13	67	14	36	15	85	16	91	17	104	18	53	19	75	20	83	21	73	22	30	23	21	24	100	25	18	26	77	27	47	28	68	29	63	30	108	31	30	32	57	33	51	34	43	35	37	36	73	37	51	38	54	39	46	40	68	41	93	42	34	43	49	44	53	45	29	46	85	47	23	48	91	49	107	
	0	44	1	68	2	26	3	34	4	49	5	41	6	84	7	21	8	75	9	46	10	26	11	58	12	50	13	65	14	23	15	74	16	72	17	110	18	54	19	84	20	100	21	81	22	45	23	23	24	89	25	22	26	96	27	52	28	51	29	63	30	92	31	22	32	62	33	68	34	51	35	34	36	76	37	39	38	52	39	42	40	65	41	109	42	36	43	52	44	60	45	30	46	89	47	31	48	84	49	93	
	0	42	1	59	2	44	3	35	4	46	5	39	6	90	7	12	8	69	9	57	10	30	11	49	12	53	13	65	14	34	15	76	16	88	17	107	18	56	19	86	20	86	21	83	22	46	23	25	24	101	25	29	26	94	27	52	28	57	29	46	30	98	31	36	32	59	33	53	34	56	35	44	36	80	37	38	38	59	39	42	40	59	41	99	42	33	43	63	44	55	45	41	46	99	47	30	48	82	49	104	
	0	55	1	72	2	37	3	47	4	55	5	38	6	90	7	7	8	71	9	50	10	32	11	51	12	63	13	58	14	34	15	79	16	90	17	96	18	41	19	80	20	88	21	76	22	44	23	31	24	96	25	29	26	84	27	51	28	52	29	57	30	103	31	33	32	57	33	54	34	48	35	50	36	75	37	41	38	51	39	41	40	64	41	100	42	29	43	50	44	59	45	34	46	84	47	36	48	83	49	101	
	0	45	1	56	2	35	3	42	4	51	5	38	6	83	7	13	8	79	9	49	10	23	11	48	12	47	13	57	14	27	15	70	16	88	17	96	18	42	19	81	20	86	21	71	22	30	23	30	24	104	25	34	26	78	27	50	28	62	29	45	30	105	31	22	32	57	33	53	34	42	35	52	36	82	37	40	38	40	39	41	40	71	41	102	42	41	43	54	44	50	45	30	46	89	47	26	48	80	49	108	
	0	51	1	74	2	39	3	50	4	43	5	30	6	89	7	22	8	66	9	58	10	23	11	56	12	50	13	66	14	25	15	75	16	82	17	105	18	45	19	84	20	87	21	68	22	36	23	31	24	88	25	18	26	96	27	47	28	62	29	48	30	103	31	26	32	44	33	54	34	53	35	44	36	74	37	47	38	45	39	55	40	61	41	106	42	32	43	60	44	48	45	42	46	84	47	41	48	82	49	96	
	0	41	1	55	2	29	3	41	4	53	5	38	6	97	7	15	8	74	9	58	10	33	11	62	12	64	13	69	14	31	15	74	16	72	17	107	18	39	19	91	20	90	21	71	22	32	23	31	24	93	25	18	26	85	27	56	28	49	29	48	30	96	31	21	32	63	33	55	34	50	35	47	36	80	37	42	38	55	39	46	40	66	41	109	42	32	43	58	44	50	45	36	46	102	47	36	48	90	49	102	
	0	55	1	64	2	44	3	41	4	61	5	33	6	82	7	24	8	75	9	60	10	24	11	50	12	58	13	59	14	29	15	75	16	75	17	97	18	48	19	88	20	96	21	76	22	46	23	31	24	91	25	28	26	79	27	55	28	63	29	53	30	96	31	20	32	53	33	67	34	41	35	39	36	75	37	50	38	55	39	52	40	72	41	94	42	40	43	49	44	49	45	34	46	87	47	28	48	92	49	97	
	0	37	1	64	2	29	3	42	4	61	5	26	6	81	7	9	8	83	9	47	10	32	11	62	12	64	13	74	14	26	15	86	16	79	17	99	18	57	19	88	20	82	21	70	22	49	23	31	24	96	25	35	26	89	27	57	28	66	29	51	30	93	31	25	32	49	33	49	34	45	35	34	36	71	37	32	38	57	39	43	40	57	41	108	42	35	43	64	44	50	45	45	46	92	47	28	48	89	49	108	
	0	52	1	68	2	30	3	47	4	50	5	38	6	93	7	9	8	66	9	41	10	31	11	50	12	47	13	57	14	41	15	71	16	91	17	112	18	56	19	93	20	97	21	72	22	40	23	28	24	98	25	30	26	95	27	45	28	49	29	62	30	95	31	25	32	51	33	62	34	54	35	49	36	68	37	44	38	54	39	47	40	62	41	109	42	36	43	53	44	55	45	32	46	97	47	37	48	93	49	95	