200 50 1
50
	0	85	1	48	2	81	3	88	4	100	5	64	6	35	7	63	8	19	9	67	10	105	11	60	12	57	13	69	14	18	15	17	16	7	17	70	18	16	19	87	20	31	21	86	22	72	23	16	24	31	25	66	26	29	27	82	28	73	29	58	30	92	31	62	32	72	33	92	34	56	35	106	36	54	37	98	38	100	39	98	40	57	41	40	42	85	43	16	44	84	45	34	46	33	47	78	48	103	49	61	
	0	85	1	51	2	84	3	77	4	102	5	76	6	31	7	61	8	17	9	69	10	107	11	53	12	65	13	61	14	16	15	8	16	16	17	77	18	15	19	75	20	49	21	86	22	84	23	14	24	28	25	74	26	15	27	79	28	64	29	57	30	77	31	64	32	87	33	78	34	57	35	118	36	43	37	93	38	99	39	98	40	59	41	50	42	89	43	15	44	84	45	29	46	24	47	74	48	110	49	63	
	0	93	1	54	2	80	3	80	4	97	5	81	6	37	7	63	8	12	9	63	10	105	11	48	12	55	13	73	14	29	15	8	16	16	17	74	18	15	19	91	20	31	21	75	22	79	23	17	24	22	25	74	26	18	27	80	28	74	29	56	30	83	31	79	32	72	33	75	34	59	35	101	36	52	37	100	38	87	39	103	40	65	41	42	42	92	43	11	44	88	45	17	46	38	47	66	48	100	49	55	
	0	79	1	48	2	84	3	82	4	105	5	74	6	28	7	72	8	18	9	50	10	101	11	44	12	68	13	72	14	31	15	14	16	7	17	66	18	14	19	90	20	46	21	82	22	83	23	25	24	30	25	64	26	27	27	89	28	65	29	69	30	83	31	74	32	71	33	89	34	51	35	102	36	56	37	85	38	82	39	100	40	57	41	34	42	77	43	19	44	87	45	32	46	27	47	69	48	105	49	55	
	0	83	1	48	2	78	3	90	4	110	5	63	6	35	7	66	8	24	9	60	10	99	11	54	12	67	13	68	14	31	15	5	16	8	17	62	18	20	19	92	20	48	21	90	22	89	23	14	24	14	25	56	26	16	27	77	28	71	29	63	30	88	31	70	32	80	33	74	34	63	35	117	36	41	37	87	38	81	39	95	40	65	41	52	42	84	43	18	44	76	45	26	46	33	47	59	48	106	49	60	
	0	84	1	47	2	84	3	80	4	111	5	65	6	28	7	61	8	21	9	67	10	103	11	51	12	63	13	58	14	35	15	8	16	21	17	73	18	11	19	92	20	48	21	86	22	87	23	27	24	16	25	67	26	18	27	80	28	71	29	59	30	90	31	73	32	75	33	88	34	65	35	101	36	51	37	84	38	98	39	93	40	64	41	44	42	81	43	13	44	82	45	30	46	31	47	71	48	99	49	70	
	0	95	1	41	2	86	3	78	4	101	5	64	6	33	7	59	8	24	9	62	10	99	11	45	12	56	13	63	14	27	15	16	16	11	17	69	18	25	19	78	20	31	21	91	22	90	23	14	24	13	25	61	26	20	27	90	28	81	29	59	30	93	31	61	32	74	33	83	34	70	35	99	36	51	37	88	38	82	39	90	40	64	41	43	42	92	43	25	44	77	45	31	46	20	47	78	48	93	49	63	
	0	77	1	53	2	90	3	82	4	104	5	78	6	36	7	76	8	13	9	54	10	101	11	47	12	64	13	64	14	16	15	10	16	13	17	63	18	27	19	88	20	41	21	77	22	71	23	18	24	19	25	70	26	29	27	87	28	81	29	67	30	79	31	60	32	87	33	77	34	56	35	110	36	59	37	88	38	84	39	94	40	55	41	53	42	90	43	19	44	90	45	17	46	21	47	70	48	99	49	56	
	0	92	1	54	2	84	3	82	4	104	5	66	6	30	7	64	8	12	9	55	10	104	11	51	12	61	13	58	14	25	15	23	16	13	17	70	18	14	19	82	20	44	21	87	22	84	23	15	24	18	25	66	26	31	27	89	28	64	29	60	30	86	31	65	32	70	33	77	34	62	35	113	36	58	37	99	38	98	39	94	40	51	41	37	42	87	43	21	44	83	45	19	46	39	47	62	48	104	49	64	
	0	82	1	53	2	90	3	79	4	97	5	76	6	36	7	73	8	13	9	62	10	94	11	46	12	61	13	55	14	21	15	8	16	18	17	71	18	14	19	92	20	46	21	79	22	77	23	17	24	21	25	64	26	25	27	76	28	73	29	55	30	90	31	67	32	70	33	91	34	53	35	107	36	56	37	83	38	88	39	100	40	62	41	38	42	77	43	21	44	90	45	26	46	20	47	67	48	100	49	65	
	0	88	1	51	2	91	3	72	4	110	5	68	6	29	7	72	8	16	9	58	10	94	11	57	12	67	13	72	14	29	15	6	16	23	17	66	18	21	19	77	20	44	21	81	22	86	23	16	24	26	25	73	26	19	27	81	28	81	29	61	30	89	31	75	32	82	33	75	34	62	35	101	36	43	37	99	38	99	39	89	40	64	41	44	42	80	43	30	44	74	45	35	46	35	47	59	48	101	49	68	
	0	90	1	44	2	79	3	81	4	113	5	63	6	44	7	71	8	26	9	69	10	108	11	46	12	69	13	61	14	31	15	12	16	24	17	74	18	9	19	78	20	50	21	77	22	75	23	21	24	30	25	67	26	18	27	78	28	67	29	55	30	86	31	78	32	78	33	91	34	61	35	115	36	52	37	88	38	99	39	85	40	68	41	37	42	77	43	15	44	72	45	17	46	32	47	66	48	101	49	73	
	0	96	1	46	2	87	3	74	4	98	5	68	6	44	7	61	8	20	9	52	10	104	11	53	12	62	13	69	14	17	15	20	16	18	17	77	18	11	19	76	20	41	21	88	22	86	23	17	24	32	25	66	26	24	27	74	28	78	29	69	30	82	31	62	32	77	33	87	34	70	35	103	36	41	37	95	38	90	39	90	40	67	41	47	42	79	43	13	44	77	45	18	46	21	47	69	48	100	49	71	
	0	92	1	50	2	77	3	81	4	97	5	65	6	33	7	64	8	17	9	60	10	92	11	46	12	66	13	65	14	25	15	4	16	9	17	68	18	25	19	92	20	48	21	91	22	77	23	9	24	22	25	71	26	16	27	78	28	64	29	67	30	86	31	69	32	88	33	84	34	55	35	116	36	55	37	91	38	83	39	88	40	50	41	35	42	91	43	12	44	84	45	35	46	33	47	61	48	98	49	56	
	0	94	1	54	2	90	3	82	4	105	5	73	6	38	7	70	8	11	9	52	10	96	11	53	12	54	13	69	14	19	15	22	16	15	17	78	18	15	19	85	20	34	21	73	22	78	23	10	24	23	25	66	26	14	27	78	28	79	29	60	30	90	31	75	32	86	33	91	34	58	35	99	36	53	37	95	38	96	39	90	40	68	41	43	42	87	43	27	44	90	45	33	46	24	47	73	48	111	49	66	
	0	82	1	36	2	79	3	84	4	97	5	66	6	38	7	73	8	16	9	66	10	99	11	53	12	63	13	67	14	25	15	9	16	8	17	76	18	17	19	75	20	35	21	74	22	90	23	17	24	28	25	71	26	30	27	87	28	62	29	72	30	76	31	72	32	76	33	78	34	52	35	118	36	50	37	84	38	97	39	103	40	61	41	50	42	85	43	16	44	74	45	22	46	31	47	70	48	108	49	66	
	0	85	1	41	2	91	3	88	4	96	5	70	6	31	7	73	8	17	9	68	10	98	11	47	12	57	13	71	14	19	15	5	16	10	17	72	18	20	19	78	20	33	21	87	22	83	23	15	24	31	25	66	26	24	27	76	28	62	29	64	30	84	31	63	32	74	33	90	34	55	35	107	36	43	37	88	38	83	39	101	40	65	41	45	42	87	43	18	44	79	45	23	46	22	47	63	48	109	49	58	
	0	83	1	38	2	86	3	85	4	110	5	72	6	42	7	65	8	20	9	69	10	92	11	46	12	61	13	58	14	25	15	19	16	10	17	69	18	24	19	76	20	31	21	89	22	85	23	28	24	13	25	56	26	27	27	79	28	63	29	54	30	91	31	60	32	83	33	78	34	61	35	107	36	41	37	93	38	94	39	91	40	64	41	43	42	86	43	23	44	76	45	18	46	34	47	67	48	108	49	61	
	0	93	1	50	2	77	3	89	4	112	5	66	6	33	7	70	8	15	9	63	10	100	11	44	12	63	13	58	14	23	15	15	16	22	17	72	18	14	19	85	20	45	21	87	22	74	23	24	24	19	25	66	26	14	27	82	28	77	29	71	30	76	31	71	32	76	33	87	34	56	35	102	36	54	37	94	38	95	39	85	40	56	41	53	42	81	43	25	44	83	45	25	46	25	47	71	48	103	49	60	
	0	88	1	47	2	77	3	74	4	95	5	69	6	26	7	78	8	19	9	65	10	96	11	60	12	56	13	72	14	31	15	9	16	9	17	65	18	14	19	85	20	36	21	91	22	81	23	13	24	31	25	56	26	19	27	81	28	77	29	65	30	79	31	71	32	77	33	93	34	61	35	100	36	52	37	84	38	85	39	98	40	62	41	42	42	88	43	26	44	80	45	21	46	22	47	68	48	110	49	71	
	0	90	1	55	2	77	3	85	4	95	5	74	6	36	7	78	8	23	9	69	10	90	11	50	12	53	13	58	14	31	15	7	16	16	17	67	18	22	19	92	20	33	21	87	22	72	23	11	24	25	25	72	26	26	27	73	28	67	29	56	30	91	31	60	32	82	33	84	34	63	35	108	36	42	37	100	38	82	39	92	40	65	41	38	42	89	43	12	44	86	45	32	46	29	47	68	48	103	49	65	
	0	96	1	36	2	88	3	71	4	95	5	74	6	44	7	69	8	17	9	55	10	102	11	60	12	56	13	56	14	29	15	15	16	10	17	79	18	12	19	76	20	37	21	92	22	81	23	9	24	22	25	62	26	17	27	89	28	81	29	58	30	89	31	71	32	75	33	77	34	66	35	115	36	55	37	97	38	97	39	89	40	56	41	34	42	88	43	27	44	76	45	32	46	22	47	66	48	105	49	55	
	0	78	1	53	2	89	3	80	4	114	5	70	6	36	7	67	8	24	9	55	10	108	11	53	12	52	13	64	14	21	15	19	16	13	17	67	18	15	19	75	20	40	21	75	22	72	23	22	24	23	25	67	26	30	27	89	28	70	29	58	30	93	31	74	32	78	33	90	34	64	35	110	36	59	37	86	38	96	39	86	40	56	41	49	42	77	43	20	44	84	45	18	46	30	47	75	48	108	49	57	
	0	89	1	47	2	90	3	74	4	102	5	72	6	41	7	69	8	24	9	53	10	95	11	48	12	53	13	54	14	35	15	16	16	15	17	63	18	9	19	85	20	42	21	89	22	80	23	24	24	24	25	61	26	27	27	85	28	72	29	53	30	92	31	65	32	87	33	86	34	59	35	116	36	58	37	85	38	95	39	87	40	69	41	36	42	82	43	23	44	83	45	31	46	21	47	77	48	95	49	71	
	0	78	1	37	2	85	3	80	4	95	5	68	6	26	7	78	8	17	9	66	10	107	11	49	12	61	13	73	14	27	15	18	16	17	17	62	18	12	19	85	20	42	21	87	22	90	23	15	24	32	25	71	26	14	27	82	28	69	29	62	30	94	31	62	32	86	33	87	34	53	35	103	36	40	37	95	38	82	39	103	40	51	41	51	42	84	43	12	44	75	45	31	46	21	47	76	48	95	49	60	
	0	77	1	41	2	87	3	73	4	105	5	65	6	39	7	75	8	13	9	55	10	91	11	53	12	70	13	62	14	28	15	16	16	8	17	76	18	12	19	94	20	35	21	78	22	88	23	18	24	25	25	58	26	30	27	78	28	68	29	60	30	91	31	64	32	74	33	93	34	51	35	106	36	40	37	92	38	88	39	92	40	58	41	37	42	85	43	27	44	78	45	25	46	26	47	69	48	108	49	64	
	0	77	1	37	2	75	3	89	4	111	5	80	6	43	7	77	8	23	9	52	10	105	11	59	12	62	13	62	14	35	15	19	16	20	17	65	18	12	19	78	20	35	21	85	22	72	23	25	24	13	25	72	26	18	27	80	28	73	29	62	30	82	31	77	32	87	33	75	34	52	35	105	36	55	37	90	38	87	39	84	40	68	41	46	42	88	43	13	44	72	45	35	46	28	47	60	48	104	49	62	
	0	89	1	52	2	89	3	84	4	101	5	81	6	44	7	68	8	22	9	65	10	94	11	54	12	66	13	70	14	35	15	21	16	22	17	62	18	13	19	86	20	35	21	77	22	85	23	22	24	16	25	58	26	23	27	91	28	72	29	64	30	90	31	72	32	77	33	80	34	58	35	108	36	45	37	83	38	97	39	95	40	51	41	39	42	88	43	22	44	89	45	28	46	26	47	65	48	99	49	71	
	0	94	1	50	2	78	3	87	4	102	5	67	6	28	7	65	8	14	9	55	10	92	11	53	12	52	13	73	14	18	15	6	16	13	17	62	18	18	19	90	20	49	21	80	22	73	23	11	24	30	25	68	26	29	27	91	28	74	29	64	30	75	31	63	32	71	33	84	34	51	35	102	36	46	37	94	38	89	39	85	40	62	41	46	42	86	43	14	44	84	45	22	46	39	47	62	48	105	49	70	
	0	85	1	47	2	86	3	90	4	111	5	71	6	39	7	73	8	21	9	53	10	95	11	56	12	63	13	70	14	26	15	16	16	6	17	69	18	21	19	83	20	50	21	85	22	86	23	20	24	19	25	70	26	28	27	76	28	71	29	72	30	82	31	65	32	88	33	82	34	56	35	116	36	47	37	85	38	94	39	93	40	67	41	35	42	84	43	23	44	86	45	33	46	25	47	78	48	107	49	63	
	0	83	1	55	2	79	3	72	4	97	5	66	6	43	7	69	8	25	9	68	10	93	11	48	12	52	13	61	14	28	15	21	16	20	17	78	18	8	19	89	20	45	21	82	22	84	23	26	24	13	25	61	26	18	27	89	28	76	29	59	30	77	31	72	32	88	33	89	34	67	35	104	36	57	37	82	38	94	39	87	40	56	41	43	42	84	43	16	44	76	45	30	46	21	47	74	48	106	49	68	
	0	82	1	41	2	85	3	87	4	99	5	62	6	43	7	65	8	10	9	62	10	104	11	44	12	68	13	55	14	26	15	12	16	23	17	74	18	25	19	94	20	34	21	79	22	90	23	17	24	17	25	71	26	25	27	85	28	64	29	63	30	77	31	79	32	74	33	86	34	64	35	116	36	48	37	82	38	90	39	96	40	60	41	45	42	86	43	26	44	78	45	21	46	38	47	59	48	111	49	60	
	0	81	1	45	2	93	3	85	4	114	5	71	6	31	7	64	8	23	9	51	10	105	11	47	12	56	13	60	14	22	15	8	16	5	17	68	18	16	19	84	20	34	21	86	22	80	23	14	24	29	25	66	26	26	27	89	28	67	29	72	30	76	31	65	32	88	33	80	34	51	35	105	36	44	37	99	38	92	39	91	40	58	41	42	42	85	43	27	44	73	45	24	46	26	47	59	48	107	49	57	
	0	85	1	39	2	87	3	86	4	106	5	71	6	38	7	71	8	23	9	61	10	97	11	46	12	68	13	67	14	19	15	5	16	23	17	73	18	11	19	90	20	40	21	88	22	82	23	13	24	28	25	59	26	17	27	90	28	76	29	67	30	94	31	71	32	85	33	80	34	52	35	107	36	45	37	87	38	82	39	92	40	54	41	53	42	81	43	25	44	77	45	31	46	36	47	60	48	101	49	59	
	0	85	1	37	2	87	3	75	4	107	5	70	6	31	7	73	8	28	9	50	10	90	11	56	12	65	13	63	14	32	15	13	16	12	17	73	18	15	19	86	20	40	21	77	22	77	23	22	24	27	25	63	26	20	27	90	28	62	29	61	30	80	31	61	32	85	33	78	34	69	35	101	36	40	37	100	38	95	39	88	40	51	41	43	42	81	43	25	44	76	45	27	46	29	47	63	48	95	49	63	
	0	86	1	48	2	80	3	84	4	96	5	78	6	26	7	64	8	26	9	61	10	89	11	57	12	52	13	55	14	23	15	14	16	11	17	70	18	14	19	78	20	43	21	74	22	81	23	26	24	29	25	67	26	14	27	89	28	62	29	61	30	89	31	67	32	73	33	83	34	65	35	105	36	56	37	91	38	98	39	85	40	61	41	36	42	93	43	30	44	78	45	34	46	26	47	67	48	106	49	67	
	0	81	1	52	2	87	3	85	4	110	5	70	6	35	7	70	8	23	9	59	10	91	11	48	12	52	13	60	14	31	15	18	16	22	17	69	18	11	19	91	20	44	21	92	22	73	23	15	24	18	25	60	26	30	27	85	28	81	29	60	30	93	31	70	32	79	33	85	34	56	35	113	36	42	37	87	38	82	39	102	40	66	41	47	42	85	43	25	44	72	45	27	46	27	47	64	48	111	49	64	
	0	79	1	49	2	83	3	83	4	101	5	70	6	43	7	59	8	13	9	55	10	102	11	44	12	57	13	59	14	20	15	23	16	24	17	63	18	8	19	94	20	38	21	83	22	89	23	17	24	23	25	73	26	20	27	73	28	71	29	72	30	76	31	60	32	76	33	88	34	51	35	104	36	41	37	89	38	95	39	96	40	59	41	44	42	84	43	24	44	89	45	32	46	31	47	67	48	106	49	70	
	0	96	1	43	2	77	3	73	4	107	5	74	6	27	7	70	8	24	9	52	10	91	11	62	12	62	13	63	14	28	15	12	16	6	17	70	18	8	19	93	20	48	21	89	22	88	23	17	24	30	25	64	26	23	27	82	28	75	29	58	30	86	31	76	32	73	33	80	34	69	35	100	36	40	37	99	38	96	39	87	40	59	41	36	42	92	43	22	44	91	45	25	46	26	47	64	48	111	49	57	
	0	82	1	51	2	82	3	86	4	100	5	71	6	34	7	64	8	22	9	67	10	101	11	62	12	59	13	58	14	27	15	20	16	14	17	73	18	10	19	86	20	50	21	86	22	83	23	10	24	31	25	70	26	23	27	89	28	75	29	57	30	82	31	64	32	82	33	82	34	66	35	103	36	58	37	92	38	91	39	84	40	51	41	50	42	77	43	29	44	90	45	27	46	21	47	67	48	107	49	69	
	0	80	1	48	2	90	3	82	4	111	5	70	6	35	7	72	8	24	9	57	10	108	11	44	12	54	13	64	14	16	15	7	16	7	17	77	18	14	19	77	20	41	21	90	22	77	23	27	24	21	25	62	26	25	27	83	28	72	29	60	30	81	31	64	32	72	33	80	34	69	35	101	36	47	37	90	38	99	39	103	40	66	41	41	42	77	43	13	44	75	45	21	46	39	47	69	48	102	49	73	
	0	96	1	52	2	79	3	90	4	102	5	65	6	34	7	70	8	21	9	64	10	99	11	52	12	64	13	58	14	24	15	6	16	22	17	68	18	11	19	77	20	33	21	79	22	88	23	13	24	13	25	64	26	21	27	72	28	63	29	54	30	77	31	72	32	72	33	90	34	64	35	118	36	55	37	89	38	82	39	99	40	59	41	37	42	78	43	17	44	73	45	18	46	27	47	70	48	105	49	68	
	0	78	1	39	2	91	3	77	4	108	5	66	6	30	7	64	8	24	9	64	10	104	11	55	12	51	13	64	14	28	15	8	16	17	17	64	18	11	19	92	20	46	21	82	22	85	23	18	24	19	25	63	26	15	27	79	28	64	29	54	30	82	31	78	32	82	33	93	34	66	35	103	36	48	37	97	38	89	39	89	40	67	41	36	42	86	43	30	44	86	45	20	46	36	47	74	48	100	49	69	
	0	89	1	52	2	93	3	85	4	99	5	67	6	33	7	65	8	23	9	52	10	98	11	50	12	62	13	60	14	29	15	17	16	6	17	63	18	19	19	80	20	49	21	89	22	87	23	16	24	29	25	56	26	25	27	78	28	63	29	59	30	82	31	64	32	69	33	90	34	51	35	113	36	40	37	95	38	95	39	90	40	51	41	45	42	87	43	19	44	81	45	24	46	30	47	74	48	101	49	55	
	0	83	1	46	2	88	3	88	4	114	5	72	6	41	7	61	8	23	9	65	10	90	11	50	12	55	13	72	14	19	15	14	16	13	17	78	18	26	19	92	20	45	21	76	22	74	23	28	24	20	25	67	26	21	27	80	28	76	29	71	30	85	31	74	32	77	33	74	34	68	35	102	36	59	37	81	38	96	39	98	40	54	41	53	42	79	43	29	44	77	45	20	46	26	47	64	48	99	49	57	
	0	79	1	41	2	81	3	71	4	112	5	72	6	43	7	74	8	16	9	63	10	101	11	51	12	55	13	54	14	18	15	15	16	7	17	68	18	17	19	90	20	33	21	74	22	88	23	15	24	15	25	64	26	23	27	84	28	70	29	72	30	83	31	61	32	81	33	83	34	64	35	103	36	47	37	83	38	92	39	103	40	69	41	47	42	77	43	12	44	83	45	18	46	38	47	71	48	108	49	62	
	0	91	1	41	2	92	3	90	4	99	5	80	6	40	7	77	8	16	9	51	10	103	11	50	12	70	13	72	14	16	15	13	16	13	17	73	18	9	19	76	20	47	21	82	22	85	23	16	24	13	25	69	26	22	27	77	28	70	29	59	30	88	31	64	32	82	33	93	34	68	35	99	36	47	37	84	38	91	39	91	40	50	41	50	42	91	43	17	44	90	45	31	46	39	47	64	48	94	49	63	
	0	89	1	45	2	77	3	77	4	113	5	68	6	33	7	60	8	10	9	58	10	105	11	60	12	67	13	61	14	16	15	16	16	14	17	73	18	8	19	87	20	47	21	83	22	78	23	25	24	22	25	63	26	19	27	80	28	69	29	62	30	89	31	69	32	82	33	78	34	53	35	110	36	55	37	81	38	86	39	98	40	62	41	38	42	95	43	26	44	80	45	33	46	28	47	62	48	98	49	56	
	0	84	1	46	2	87	3	84	4	111	5	79	6	36	7	71	8	16	9	56	10	103	11	48	12	54	13	66	14	24	15	21	16	11	17	72	18	18	19	87	20	50	21	90	22	85	23	24	24	32	25	62	26	28	27	72	28	66	29	67	30	91	31	68	32	75	33	85	34	61	35	118	36	52	37	94	38	95	39	102	40	51	41	36	42	95	43	12	44	75	45	20	46	38	47	70	48	98	49	69	
	0	85	1	54	2	77	3	86	4	106	5	72	6	25	7	77	8	28	9	54	10	89	11	52	12	66	13	66	14	26	15	15	16	12	17	75	18	14	19	80	20	42	21	73	22	88	23	18	24	23	25	71	26	29	27	88	28	74	29	66	30	87	31	71	32	78	33	86	34	70	35	102	36	53	37	82	38	86	39	89	40	66	41	49	42	79	43	19	44	85	45	19	46	30	47	74	48	104	49	69	
	0	93	1	43	2	76	3	77	4	111	5	64	6	40	7	62	8	24	9	58	10	89	11	44	12	61	13	67	14	21	15	4	16	19	17	61	18	15	19	86	20	47	21	84	22	72	23	28	24	13	25	64	26	21	27	73	28	79	29	65	30	84	31	74	32	76	33	86	34	61	35	108	36	40	37	89	38	100	39	98	40	69	41	35	42	88	43	13	44	74	45	16	46	21	47	78	48	110	49	66	
	0	83	1	42	2	83	3	72	4	101	5	70	6	36	7	67	8	29	9	51	10	100	11	49	12	61	13	69	14	25	15	6	16	18	17	62	18	25	19	77	20	40	21	85	22	72	23	19	24	14	25	69	26	20	27	81	28	68	29	60	30	85	31	70	32	69	33	80	34	56	35	117	36	53	37	86	38	99	39	102	40	62	41	41	42	82	43	11	44	86	45	23	46	24	47	74	48	97	49	74	
	0	87	1	55	2	89	3	76	4	100	5	71	6	41	7	73	8	13	9	54	10	106	11	54	12	63	13	54	14	24	15	21	16	10	17	75	18	17	19	84	20	43	21	87	22	81	23	24	24	29	25	55	26	17	27	80	28	79	29	57	30	81	31	79	32	78	33	77	34	58	35	118	36	50	37	92	38	97	39	92	40	67	41	45	42	96	43	19	44	77	45	31	46	33	47	77	48	102	49	63	
	0	84	1	44	2	77	3	82	4	96	5	74	6	32	7	70	8	14	9	50	10	92	11	43	12	62	13	73	14	26	15	5	16	7	17	78	18	23	19	84	20	34	21	85	22	81	23	15	24	14	25	60	26	20	27	81	28	71	29	72	30	84	31	74	32	87	33	90	34	60	35	104	36	42	37	91	38	93	39	101	40	64	41	51	42	80	43	28	44	82	45	27	46	31	47	60	48	108	49	68	
	0	90	1	50	2	88	3	71	4	103	5	66	6	41	7	59	8	14	9	51	10	93	11	52	12	65	13	57	14	29	15	11	16	6	17	72	18	19	19	75	20	50	21	77	22	77	23	16	24	32	25	57	26	20	27	89	28	68	29	70	30	90	31	70	32	74	33	92	34	53	35	113	36	44	37	97	38	90	39	102	40	64	41	51	42	80	43	21	44	91	45	31	46	25	47	68	48	96	49	69	
	0	94	1	45	2	76	3	80	4	109	5	64	6	30	7	67	8	17	9	58	10	108	11	62	12	62	13	59	14	32	15	9	16	6	17	65	18	23	19	83	20	43	21	80	22	84	23	12	24	16	25	70	26	22	27	83	28	74	29	66	30	81	31	64	32	72	33	89	34	64	35	102	36	43	37	97	38	90	39	85	40	50	41	47	42	83	43	17	44	87	45	33	46	36	47	60	48	99	49	63	
	0	85	1	51	2	88	3	78	4	95	5	80	6	37	7	66	8	29	9	50	10	89	11	57	12	64	13	62	14	32	15	21	16	23	17	65	18	22	19	82	20	49	21	79	22	90	23	17	24	16	25	66	26	16	27	81	28	64	29	58	30	76	31	77	32	76	33	88	34	51	35	118	36	56	37	84	38	83	39	99	40	63	41	46	42	94	43	30	44	74	45	23	46	26	47	63	48	95	49	72	
	0	88	1	50	2	83	3	80	4	100	5	68	6	30	7	67	8	24	9	54	10	94	11	56	12	66	13	59	14	35	15	21	16	9	17	79	18	9	19	84	20	45	21	81	22	78	23	10	24	18	25	64	26	21	27	88	28	64	29	62	30	92	31	77	32	83	33	75	34	55	35	116	36	48	37	97	38	82	39	96	40	68	41	47	42	77	43	22	44	75	45	21	46	37	47	67	48	109	49	55	
	0	83	1	49	2	92	3	74	4	102	5	66	6	43	7	66	8	12	9	68	10	91	11	59	12	67	13	64	14	25	15	20	16	20	17	69	18	23	19	94	20	38	21	87	22	87	23	12	24	28	25	58	26	32	27	89	28	62	29	55	30	79	31	79	32	86	33	87	34	54	35	104	36	43	37	93	38	89	39	91	40	63	41	47	42	90	43	28	44	83	45	20	46	22	47	68	48	95	49	71	
	0	94	1	52	2	84	3	88	4	112	5	66	6	39	7	62	8	20	9	57	10	106	11	59	12	63	13	71	14	34	15	15	16	23	17	64	18	13	19	93	20	41	21	84	22	76	23	27	24	28	25	64	26	15	27	77	28	69	29	72	30	76	31	75	32	84	33	85	34	67	35	100	36	49	37	89	38	94	39	102	40	55	41	40	42	84	43	13	44	79	45	31	46	23	47	64	48	101	49	64	
	0	92	1	49	2	83	3	83	4	111	5	78	6	44	7	67	8	25	9	62	10	90	11	51	12	55	13	63	14	17	15	13	16	5	17	67	18	22	19	86	20	47	21	89	22	79	23	10	24	15	25	63	26	23	27	79	28	71	29	61	30	88	31	60	32	76	33	91	34	51	35	114	36	59	37	97	38	89	39	97	40	55	41	51	42	80	43	28	44	76	45	28	46	27	47	71	48	94	49	62	
	0	80	1	45	2	90	3	81	4	111	5	65	6	32	7	74	8	27	9	57	10	90	11	59	12	53	13	71	14	25	15	23	16	5	17	74	18	18	19	83	20	37	21	80	22	85	23	27	24	23	25	56	26	14	27	80	28	74	29	70	30	81	31	69	32	75	33	90	34	63	35	111	36	46	37	98	38	85	39	98	40	54	41	45	42	82	43	18	44	87	45	21	46	26	47	62	48	108	49	60	
	0	79	1	50	2	74	3	83	4	102	5	66	6	29	7	72	8	13	9	67	10	102	11	50	12	67	13	67	14	32	15	8	16	10	17	72	18	16	19	92	20	35	21	81	22	78	23	24	24	16	25	69	26	31	27	90	28	72	29	55	30	79	31	76	32	85	33	86	34	56	35	101	36	59	37	86	38	82	39	91	40	54	41	53	42	92	43	17	44	89	45	21	46	26	47	65	48	103	49	57	
	0	88	1	54	2	84	3	83	4	101	5	77	6	32	7	71	8	17	9	59	10	101	11	45	12	65	13	67	14	29	15	14	16	22	17	68	18	21	19	85	20	45	21	75	22	80	23	21	24	22	25	56	26	30	27	86	28	80	29	65	30	84	31	73	32	81	33	76	34	67	35	116	36	41	37	92	38	86	39	95	40	64	41	52	42	92	43	29	44	87	45	25	46	37	47	60	48	92	49	73	
	0	83	1	40	2	75	3	88	4	110	5	79	6	27	7	69	8	21	9	56	10	89	11	46	12	55	13	69	14	30	15	22	16	7	17	66	18	18	19	90	20	42	21	89	22	81	23	15	24	32	25	64	26	18	27	85	28	70	29	54	30	82	31	73	32	75	33	91	34	61	35	118	36	41	37	98	38	88	39	97	40	62	41	39	42	78	43	29	44	90	45	16	46	24	47	78	48	99	49	73	
	0	82	1	36	2	91	3	77	4	107	5	81	6	37	7	70	8	25	9	52	10	102	11	54	12	52	13	61	14	16	15	13	16	21	17	69	18	23	19	81	20	45	21	87	22	78	23	24	24	32	25	57	26	24	27	82	28	63	29	67	30	78	31	76	32	77	33	89	34	57	35	106	36	47	37	96	38	96	39	100	40	62	41	40	42	83	43	18	44	91	45	18	46	28	47	73	48	108	49	64	
	0	78	1	36	2	87	3	90	4	103	5	79	6	33	7	76	8	18	9	55	10	92	11	49	12	57	13	73	14	25	15	8	16	16	17	74	18	26	19	82	20	36	21	77	22	87	23	26	24	24	25	56	26	30	27	91	28	75	29	60	30	80	31	67	32	88	33	78	34	52	35	115	36	42	37	99	38	93	39	98	40	56	41	52	42	79	43	23	44	75	45	32	46	22	47	73	48	98	49	74	
	0	89	1	51	2	85	3	82	4	108	5	78	6	36	7	78	8	27	9	60	10	95	11	47	12	55	13	67	14	16	15	4	16	12	17	60	18	26	19	84	20	48	21	81	22	90	23	9	24	31	25	62	26	26	27	79	28	64	29	60	30	75	31	60	32	87	33	88	34	66	35	108	36	50	37	97	38	82	39	88	40	54	41	34	42	79	43	26	44	75	45	33	46	33	47	64	48	101	49	72	
	0	78	1	46	2	88	3	73	4	109	5	74	6	40	7	74	8	18	9	64	10	108	11	44	12	53	13	57	14	17	15	11	16	17	17	75	18	8	19	77	20	49	21	83	22	88	23	18	24	27	25	72	26	27	27	77	28	73	29	70	30	85	31	77	32	77	33	93	34	57	35	118	36	46	37	83	38	88	39	101	40	59	41	39	42	79	43	18	44	79	45	34	46	38	47	73	48	100	49	74	
	0	78	1	49	2	87	3	80	4	102	5	79	6	29	7	63	8	26	9	50	10	97	11	56	12	70	13	73	14	21	15	21	16	5	17	63	18	14	19	76	20	40	21	77	22	84	23	11	24	29	25	64	26	29	27	76	28	64	29	55	30	91	31	60	32	88	33	84	34	54	35	101	36	42	37	94	38	91	39	101	40	66	41	48	42	80	43	21	44	82	45	18	46	22	47	75	48	106	49	66	
	0	80	1	41	2	86	3	73	4	100	5	77	6	36	7	77	8	15	9	66	10	93	11	49	12	52	13	54	14	20	15	10	16	20	17	60	18	26	19	76	20	50	21	86	22	77	23	18	24	28	25	69	26	19	27	82	28	73	29	61	30	92	31	74	32	79	33	92	34	53	35	115	36	48	37	99	38	92	39	98	40	53	41	34	42	79	43	12	44	80	45	26	46	23	47	76	48	105	49	68	
	0	89	1	38	2	91	3	87	4	96	5	70	6	36	7	66	8	10	9	61	10	107	11	51	12	51	13	69	14	25	15	9	16	19	17	72	18	22	19	84	20	37	21	73	22	72	23	11	24	32	25	57	26	27	27	91	28	70	29	61	30	87	31	76	32	86	33	79	34	60	35	106	36	46	37	81	38	84	39	92	40	61	41	35	42	90	43	25	44	87	45	26	46	37	47	63	48	104	49	61	
	0	84	1	38	2	84	3	87	4	113	5	71	6	32	7	74	8	17	9	59	10	98	11	53	12	68	13	54	14	20	15	15	16	7	17	69	18	24	19	79	20	40	21	92	22	72	23	23	24	22	25	61	26	19	27	87	28	62	29	57	30	76	31	68	32	84	33	78	34	63	35	100	36	43	37	98	38	82	39	90	40	52	41	37	42	92	43	22	44	88	45	35	46	34	47	74	48	108	49	55	
	0	85	1	55	2	78	3	75	4	113	5	66	6	36	7	59	8	25	9	58	10	97	11	58	12	58	13	54	14	21	15	19	16	10	17	74	18	13	19	90	20	38	21	74	22	86	23	10	24	19	25	74	26	31	27	75	28	74	29	68	30	87	31	66	32	84	33	81	34	61	35	100	36	48	37	94	38	100	39	101	40	52	41	52	42	78	43	17	44	85	45	27	46	26	47	78	48	99	49	63	
	0	82	1	41	2	89	3	74	4	97	5	77	6	30	7	75	8	15	9	60	10	104	11	58	12	62	13	65	14	34	15	10	16	16	17	70	18	16	19	89	20	44	21	74	22	72	23	28	24	13	25	58	26	15	27	85	28	81	29	59	30	80	31	65	32	81	33	88	34	64	35	118	36	40	37	95	38	84	39	88	40	62	41	50	42	95	43	15	44	77	45	22	46	23	47	77	48	100	49	58	
	0	93	1	53	2	86	3	74	4	104	5	71	6	44	7	69	8	26	9	50	10	95	11	50	12	55	13	60	14	34	15	20	16	8	17	67	18	21	19	78	20	45	21	85	22	75	23	19	24	32	25	57	26	14	27	82	28	62	29	67	30	86	31	63	32	80	33	78	34	56	35	112	36	52	37	82	38	88	39	84	40	54	41	34	42	93	43	21	44	85	45	33	46	38	47	77	48	104	49	71	
	0	77	1	44	2	82	3	80	4	101	5	68	6	39	7	66	8	12	9	50	10	102	11	47	12	64	13	69	14	28	15	6	16	6	17	71	18	12	19	88	20	39	21	91	22	90	23	10	24	16	25	66	26	29	27	79	28	65	29	53	30	89	31	70	32	73	33	91	34	63	35	104	36	53	37	99	38	95	39	90	40	69	41	50	42	85	43	11	44	86	45	32	46	26	47	65	48	107	49	59	
	0	83	1	39	2	91	3	72	4	99	5	79	6	25	7	75	8	10	9	67	10	104	11	48	12	53	13	56	14	28	15	15	16	12	17	74	18	8	19	77	20	32	21	79	22	73	23	27	24	23	25	69	26	30	27	75	28	67	29	60	30	90	31	63	32	84	33	93	34	58	35	109	36	46	37	91	38	97	39	91	40	58	41	48	42	81	43	23	44	83	45	33	46	36	47	62	48	105	49	62	
	0	94	1	47	2	81	3	81	4	112	5	70	6	41	7	61	8	21	9	51	10	105	11	43	12	66	13	70	14	21	15	7	16	16	17	67	18	8	19	88	20	33	21	77	22	88	23	20	24	30	25	55	26	22	27	81	28	71	29	57	30	83	31	65	32	69	33	83	34	61	35	113	36	43	37	92	38	85	39	93	40	62	41	43	42	83	43	14	44	82	45	32	46	38	47	60	48	105	49	74	
	0	84	1	36	2	81	3	73	4	114	5	67	6	40	7	78	8	19	9	60	10	90	11	57	12	66	13	62	14	32	15	15	16	21	17	72	18	19	19	83	20	46	21	79	22	87	23	14	24	15	25	74	26	17	27	79	28	68	29	72	30	78	31	64	32	71	33	92	34	68	35	100	36	49	37	99	38	86	39	95	40	51	41	48	42	79	43	27	44	77	45	26	46	30	47	65	48	110	49	57	
	0	95	1	40	2	85	3	84	4	110	5	63	6	40	7	68	8	28	9	61	10	99	11	58	12	68	13	58	14	21	15	9	16	15	17	66	18	12	19	87	20	50	21	81	22	71	23	26	24	25	25	71	26	25	27	73	28	74	29	57	30	78	31	63	32	84	33	81	34	52	35	102	36	42	37	98	38	100	39	102	40	63	41	52	42	90	43	23	44	77	45	24	46	26	47	66	48	102	49	63	
	0	90	1	50	2	79	3	80	4	100	5	65	6	29	7	73	8	24	9	60	10	90	11	47	12	66	13	63	14	22	15	8	16	16	17	71	18	13	19	94	20	37	21	76	22	75	23	15	24	27	25	62	26	29	27	87	28	69	29	66	30	84	31	65	32	69	33	91	34	60	35	113	36	54	37	87	38	96	39	92	40	63	41	45	42	84	43	29	44	89	45	19	46	33	47	75	48	94	49	64	
	0	88	1	39	2	90	3	79	4	109	5	72	6	38	7	70	8	20	9	54	10	90	11	58	12	64	13	55	14	34	15	14	16	18	17	67	18	25	19	90	20	35	21	87	22	75	23	13	24	18	25	73	26	26	27	80	28	64	29	59	30	90	31	69	32	82	33	76	34	59	35	112	36	43	37	81	38	84	39	94	40	67	41	41	42	90	43	14	44	86	45	25	46	24	47	61	48	102	49	56	
	0	95	1	51	2	81	3	72	4	110	5	81	6	28	7	74	8	17	9	53	10	90	11	62	12	56	13	61	14	19	15	19	16	22	17	70	18	11	19	79	20	31	21	84	22	71	23	10	24	25	25	58	26	15	27	88	28	74	29	64	30	92	31	79	32	86	33	88	34	66	35	116	36	41	37	97	38	91	39	85	40	68	41	43	42	82	43	24	44	73	45	21	46	22	47	59	48	104	49	68	
	0	96	1	47	2	92	3	79	4	98	5	81	6	43	7	66	8	13	9	64	10	89	11	58	12	68	13	60	14	20	15	23	16	11	17	60	18	13	19	81	20	32	21	78	22	78	23	17	24	20	25	65	26	17	27	89	28	79	29	54	30	92	31	67	32	83	33	92	34	55	35	111	36	59	37	93	38	90	39	102	40	55	41	36	42	82	43	27	44	82	45	33	46	37	47	68	48	95	49	62	
	0	78	1	41	2	84	3	73	4	106	5	68	6	25	7	67	8	13	9	67	10	90	11	50	12	67	13	72	14	20	15	4	16	13	17	67	18	27	19	81	20	38	21	82	22	75	23	15	24	27	25	61	26	28	27	87	28	80	29	66	30	77	31	73	32	80	33	89	34	64	35	102	36	41	37	82	38	81	39	93	40	68	41	46	42	84	43	15	44	77	45	28	46	22	47	67	48	98	49	60	
	0	78	1	41	2	83	3	89	4	113	5	78	6	25	7	61	8	14	9	56	10	89	11	51	12	63	13	54	14	33	15	6	16	10	17	68	18	20	19	77	20	33	21	75	22	88	23	13	24	27	25	55	26	19	27	83	28	68	29	65	30	77	31	75	32	74	33	91	34	53	35	108	36	51	37	88	38	81	39	95	40	53	41	42	42	79	43	30	44	91	45	16	46	28	47	75	48	101	49	64	
	0	88	1	46	2	76	3	90	4	99	5	70	6	37	7	77	8	14	9	54	10	100	11	48	12	70	13	54	14	22	15	7	16	15	17	79	18	8	19	90	20	46	21	92	22	87	23	10	24	19	25	72	26	30	27	83	28	77	29	68	30	82	31	70	32	85	33	86	34	56	35	111	36	51	37	100	38	87	39	95	40	56	41	36	42	84	43	12	44	74	45	27	46	34	47	74	48	105	49	56	
	0	93	1	50	2	74	3	82	4	105	5	80	6	34	7	74	8	19	9	56	10	95	11	60	12	58	13	65	14	32	15	10	16	17	17	75	18	12	19	92	20	36	21	77	22	78	23	24	24	27	25	73	26	23	27	80	28	63	29	65	30	92	31	79	32	80	33	90	34	55	35	102	36	45	37	98	38	92	39	91	40	53	41	52	42	92	43	15	44	80	45	28	46	27	47	60	48	98	49	74	
	0	91	1	52	2	75	3	84	4	111	5	64	6	25	7	77	8	13	9	68	10	90	11	46	12	54	13	55	14	18	15	8	16	9	17	70	18	17	19	93	20	39	21	84	22	85	23	21	24	26	25	67	26	15	27	91	28	78	29	64	30	94	31	78	32	80	33	91	34	59	35	107	36	47	37	84	38	99	39	93	40	68	41	48	42	82	43	15	44	84	45	20	46	24	47	70	48	93	49	57	
	0	82	1	54	2	80	3	72	4	106	5	62	6	43	7	72	8	15	9	66	10	102	11	45	12	54	13	70	14	17	15	7	16	22	17	70	18	19	19	85	20	40	21	85	22	87	23	22	24	15	25	70	26	24	27	76	28	72	29	53	30	88	31	65	32	82	33	90	34	60	35	106	36	48	37	83	38	83	39	94	40	63	41	36	42	88	43	15	44	76	45	32	46	36	47	62	48	104	49	65	
	0	90	1	51	2	87	3	80	4	97	5	70	6	38	7	77	8	17	9	64	10	97	11	58	12	54	13	68	14	26	15	21	16	17	17	75	18	15	19	86	20	49	21	84	22	77	23	9	24	14	25	60	26	26	27	81	28	62	29	70	30	75	31	74	32	73	33	80	34	69	35	104	36	50	37	87	38	81	39	93	40	67	41	42	42	90	43	12	44	83	45	19	46	32	47	72	48	111	49	69	
	0	95	1	55	2	75	3	84	4	106	5	72	6	40	7	63	8	23	9	69	10	108	11	47	12	52	13	60	14	32	15	19	16	16	17	73	18	19	19	88	20	38	21	90	22	86	23	21	24	25	25	57	26	27	27	91	28	81	29	56	30	79	31	71	32	76	33	75	34	69	35	110	36	42	37	87	38	97	39	88	40	57	41	40	42	86	43	20	44	91	45	34	46	31	47	64	48	95	49	72	
	0	90	1	41	2	86	3	85	4	105	5	74	6	31	7	61	8	21	9	67	10	89	11	43	12	64	13	55	14	26	15	20	16	21	17	62	18	16	19	78	20	32	21	88	22	72	23	13	24	26	25	59	26	23	27	76	28	77	29	58	30	93	31	75	32	73	33	84	34	53	35	118	36	46	37	81	38	89	39	85	40	50	41	38	42	77	43	14	44	74	45	21	46	33	47	72	48	106	49	72	
	0	95	1	52	2	77	3	86	4	109	5	63	6	43	7	66	8	16	9	58	10	99	11	54	12	57	13	71	14	35	15	6	16	23	17	78	18	14	19	90	20	47	21	88	22	79	23	28	24	31	25	58	26	31	27	86	28	80	29	63	30	84	31	75	32	70	33	86	34	69	35	106	36	43	37	99	38	94	39	93	40	67	41	49	42	88	43	12	44	81	45	34	46	32	47	60	48	110	49	59	
	0	80	1	50	2	74	3	75	4	95	5	69	6	38	7	62	8	10	9	55	10	90	11	60	12	59	13	73	14	23	15	7	16	19	17	70	18	19	19	75	20	50	21	85	22	82	23	28	24	23	25	59	26	25	27	91	28	72	29	53	30	87	31	78	32	69	33	74	34	61	35	117	36	50	37	97	38	88	39	87	40	51	41	35	42	79	43	21	44	81	45	25	46	23	47	70	48	104	49	67	
	0	87	1	38	2	77	3	75	4	101	5	65	6	31	7	64	8	11	9	63	10	106	11	53	12	66	13	60	14	32	15	14	16	8	17	73	18	25	19	89	20	47	21	74	22	76	23	24	24	16	25	60	26	20	27	82	28	75	29	63	30	76	31	73	32	75	33	80	34	66	35	106	36	57	37	85	38	100	39	84	40	53	41	47	42	91	43	18	44	90	45	30	46	22	47	63	48	111	49	74	
	0	81	1	44	2	84	3	86	4	96	5	81	6	40	7	68	8	12	9	66	10	105	11	52	12	53	13	55	14	29	15	5	16	11	17	66	18	27	19	79	20	47	21	74	22	85	23	15	24	21	25	61	26	32	27	90	28	80	29	72	30	89	31	61	32	87	33	79	34	68	35	118	36	52	37	96	38	83	39	89	40	58	41	49	42	96	43	17	44	90	45	28	46	22	47	78	48	102	49	73	
	0	80	1	41	2	76	3	71	4	109	5	66	6	37	7	77	8	14	9	61	10	100	11	61	12	56	13	67	14	24	15	13	16	10	17	62	18	16	19	75	20	48	21	89	22	84	23	17	24	21	25	57	26	31	27	77	28	73	29	66	30	85	31	70	32	72	33	74	34	55	35	101	36	58	37	85	38	100	39	85	40	50	41	48	42	87	43	28	44	73	45	30	46	25	47	63	48	108	49	68	
	0	87	1	46	2	92	3	86	4	99	5	77	6	27	7	76	8	24	9	64	10	96	11	51	12	66	13	72	14	23	15	5	16	20	17	71	18	19	19	86	20	33	21	85	22	82	23	24	24	16	25	59	26	18	27	78	28	63	29	66	30	81	31	62	32	76	33	81	34	68	35	109	36	54	37	91	38	87	39	84	40	67	41	41	42	80	43	13	44	80	45	18	46	26	47	75	48	93	49	55	
	0	82	1	48	2	77	3	71	4	111	5	64	6	26	7	73	8	12	9	56	10	105	11	45	12	70	13	54	14	16	15	6	16	8	17	60	18	11	19	83	20	43	21	91	22	81	23	22	24	30	25	56	26	19	27	85	28	62	29	64	30	85	31	79	32	85	33	93	34	58	35	108	36	58	37	98	38	94	39	95	40	67	41	37	42	82	43	29	44	90	45	28	46	38	47	59	48	106	49	63	
	0	77	1	48	2	82	3	82	4	102	5	67	6	34	7	70	8	17	9	58	10	93	11	52	12	62	13	58	14	17	15	15	16	24	17	75	18	27	19	83	20	43	21	80	22	71	23	10	24	17	25	69	26	21	27	72	28	70	29	69	30	88	31	78	32	88	33	82	34	65	35	100	36	57	37	85	38	82	39	100	40	63	41	43	42	84	43	30	44	84	45	32	46	37	47	63	48	104	49	71	
	0	93	1	49	2	84	3	79	4	112	5	67	6	29	7	60	8	20	9	60	10	105	11	62	12	60	13	72	14	34	15	8	16	9	17	79	18	18	19	78	20	48	21	79	22	82	23	13	24	30	25	73	26	23	27	86	28	77	29	65	30	86	31	79	32	82	33	83	34	54	35	115	36	50	37	89	38	81	39	86	40	69	41	40	42	95	43	25	44	88	45	21	46	30	47	72	48	111	49	63	
	0	86	1	53	2	91	3	90	4	97	5	72	6	40	7	66	8	22	9	60	10	106	11	51	12	53	13	58	14	32	15	21	16	24	17	62	18	18	19	77	20	40	21	82	22	82	23	27	24	22	25	67	26	24	27	90	28	76	29	70	30	77	31	76	32	84	33	85	34	66	35	110	36	59	37	82	38	81	39	93	40	63	41	53	42	80	43	23	44	78	45	35	46	29	47	66	48	104	49	71	
	0	86	1	40	2	90	3	83	4	103	5	67	6	34	7	78	8	21	9	58	10	89	11	43	12	62	13	54	14	18	15	21	16	23	17	66	18	8	19	89	20	40	21	79	22	87	23	19	24	13	25	62	26	33	27	78	28	63	29	58	30	78	31	69	32	72	33	93	34	58	35	111	36	43	37	89	38	81	39	103	40	51	41	41	42	93	43	12	44	76	45	35	46	38	47	67	48	108	49	67	
	0	77	1	49	2	77	3	83	4	101	5	71	6	40	7	67	8	20	9	69	10	97	11	59	12	69	13	62	14	35	15	17	16	18	17	78	18	20	19	79	20	50	21	86	22	72	23	12	24	26	25	67	26	23	27	86	28	76	29	68	30	87	31	66	32	71	33	86	34	54	35	108	36	42	37	87	38	92	39	102	40	52	41	51	42	85	43	20	44	80	45	20	46	34	47	74	48	97	49	56	
	0	88	1	49	2	80	3	87	4	97	5	79	6	39	7	72	8	18	9	67	10	107	11	61	12	65	13	68	14	31	15	19	16	11	17	72	18	9	19	92	20	35	21	92	22	71	23	14	24	25	25	62	26	28	27	85	28	63	29	64	30	87	31	74	32	69	33	80	34	67	35	100	36	43	37	81	38	94	39	92	40	68	41	35	42	95	43	24	44	81	45	28	46	33	47	71	48	107	49	62	
	0	77	1	38	2	86	3	85	4	97	5	76	6	40	7	76	8	23	9	56	10	96	11	48	12	57	13	63	14	21	15	23	16	16	17	73	18	13	19	87	20	46	21	79	22	74	23	18	24	30	25	61	26	29	27	75	28	62	29	72	30	78	31	71	32	81	33	78	34	68	35	113	36	47	37	91	38	87	39	86	40	68	41	36	42	91	43	30	44	86	45	28	46	29	47	72	48	94	49	62	
	0	87	1	48	2	81	3	74	4	109	5	80	6	26	7	59	8	20	9	66	10	107	11	62	12	51	13	55	14	35	15	23	16	24	17	72	18	25	19	76	20	36	21	92	22	82	23	19	24	29	25	73	26	25	27	80	28	68	29	62	30	80	31	62	32	85	33	86	34	55	35	115	36	47	37	89	38	87	39	103	40	68	41	38	42	84	43	13	44	76	45	16	46	27	47	71	48	93	49	69	
	0	84	1	42	2	78	3	72	4	109	5	63	6	34	7	76	8	10	9	52	10	97	11	53	12	64	13	71	14	30	15	15	16	7	17	78	18	19	19	85	20	44	21	87	22	83	23	28	24	28	25	68	26	29	27	77	28	70	29	64	30	84	31	68	32	71	33	88	34	69	35	110	36	53	37	99	38	93	39	86	40	61	41	42	42	96	43	30	44	91	45	22	46	34	47	65	48	109	49	60	
	0	81	1	50	2	83	3	74	4	100	5	75	6	29	7	66	8	10	9	69	10	99	11	47	12	70	13	60	14	30	15	6	16	19	17	67	18	10	19	85	20	41	21	84	22	87	23	20	24	24	25	56	26	31	27	83	28	75	29	72	30	80	31	69	32	70	33	89	34	60	35	102	36	59	37	90	38	94	39	92	40	55	41	41	42	93	43	19	44	91	45	26	46	28	47	67	48	98	49	63	
	0	86	1	43	2	90	3	78	4	114	5	63	6	44	7	59	8	16	9	68	10	92	11	46	12	56	13	61	14	17	15	14	16	10	17	75	18	20	19	92	20	49	21	91	22	82	23	19	24	26	25	74	26	31	27	87	28	76	29	71	30	77	31	64	32	83	33	75	34	63	35	116	36	45	37	88	38	91	39	90	40	63	41	40	42	82	43	28	44	77	45	22	46	37	47	72	48	99	49	73	
	0	81	1	51	2	80	3	89	4	101	5	74	6	37	7	65	8	29	9	52	10	105	11	62	12	64	13	65	14	20	15	22	16	16	17	79	18	21	19	85	20	33	21	74	22	88	23	10	24	26	25	55	26	25	27	73	28	73	29	72	30	90	31	69	32	73	33	89	34	68	35	99	36	44	37	93	38	95	39	93	40	59	41	42	42	90	43	16	44	81	45	25	46	32	47	78	48	92	49	72	
	0	95	1	43	2	77	3	72	4	112	5	78	6	28	7	69	8	28	9	55	10	96	11	61	12	61	13	70	14	22	15	15	16	5	17	70	18	10	19	81	20	32	21	89	22	74	23	14	24	14	25	59	26	29	27	81	28	70	29	66	30	91	31	79	32	86	33	80	34	65	35	104	36	45	37	94	38	88	39	98	40	69	41	42	42	86	43	30	44	72	45	20	46	27	47	64	48	106	49	57	
	0	91	1	53	2	86	3	81	4	112	5	72	6	28	7	61	8	13	9	68	10	98	11	46	12	64	13	57	14	24	15	20	16	14	17	78	18	27	19	88	20	33	21	89	22	78	23	24	24	29	25	66	26	21	27	91	28	68	29	57	30	94	31	77	32	80	33	92	34	64	35	112	36	49	37	82	38	98	39	97	40	52	41	47	42	92	43	21	44	75	45	33	46	32	47	69	48	99	49	70	
	0	77	1	41	2	90	3	79	4	108	5	70	6	31	7	65	8	25	9	64	10	104	11	51	12	59	13	68	14	31	15	16	16	5	17	61	18	23	19	77	20	40	21	91	22	87	23	18	24	20	25	64	26	18	27	88	28	71	29	57	30	84	31	78	32	88	33	82	34	61	35	110	36	54	37	83	38	85	39	87	40	65	41	40	42	78	43	29	44	89	45	29	46	24	47	77	48	103	49	73	
	0	79	1	41	2	76	3	72	4	97	5	81	6	36	7	73	8	11	9	58	10	102	11	51	12	66	13	65	14	19	15	7	16	22	17	70	18	23	19	84	20	40	21	92	22	88	23	22	24	27	25	69	26	26	27	89	28	75	29	68	30	80	31	79	32	84	33	75	34	65	35	99	36	50	37	87	38	82	39	86	40	68	41	50	42	83	43	27	44	85	45	17	46	31	47	70	48	107	49	66	
	0	87	1	43	2	81	3	84	4	104	5	72	6	31	7	77	8	27	9	50	10	90	11	62	12	56	13	69	14	27	15	17	16	18	17	71	18	22	19	77	20	37	21	73	22	72	23	25	24	25	25	67	26	18	27	73	28	76	29	72	30	91	31	60	32	80	33	88	34	59	35	116	36	45	37	99	38	87	39	85	40	66	41	39	42	79	43	11	44	85	45	24	46	31	47	60	48	109	49	67	
	0	90	1	53	2	77	3	83	4	95	5	62	6	29	7	66	8	22	9	64	10	90	11	55	12	51	13	57	14	30	15	12	16	7	17	76	18	22	19	93	20	39	21	80	22	77	23	27	24	13	25	57	26	32	27	79	28	68	29	67	30	83	31	61	32	73	33	87	34	52	35	118	36	41	37	86	38	86	39	103	40	66	41	47	42	85	43	28	44	72	45	31	46	36	47	69	48	96	49	69	
	0	81	1	40	2	75	3	83	4	108	5	78	6	40	7	67	8	29	9	61	10	92	11	62	12	51	13	70	14	30	15	6	16	21	17	73	18	18	19	78	20	49	21	84	22	73	23	9	24	14	25	59	26	15	27	73	28	63	29	72	30	83	31	63	32	82	33	92	34	54	35	116	36	50	37	93	38	81	39	101	40	63	41	40	42	80	43	15	44	89	45	28	46	37	47	78	48	105	49	68	
	0	87	1	38	2	82	3	71	4	96	5	76	6	38	7	67	8	15	9	52	10	96	11	46	12	61	13	64	14	21	15	11	16	9	17	64	18	11	19	81	20	39	21	77	22	71	23	14	24	19	25	61	26	32	27	72	28	79	29	71	30	78	31	72	32	85	33	85	34	53	35	112	36	56	37	95	38	95	39	95	40	61	41	36	42	88	43	23	44	81	45	25	46	27	47	78	48	108	49	56	
	0	79	1	43	2	76	3	76	4	113	5	67	6	39	7	60	8	24	9	65	10	92	11	60	12	65	13	57	14	34	15	14	16	16	17	67	18	20	19	80	20	50	21	82	22	73	23	19	24	17	25	62	26	33	27	85	28	62	29	72	30	79	31	79	32	77	33	88	34	64	35	118	36	53	37	100	38	87	39	95	40	65	41	50	42	85	43	17	44	77	45	21	46	30	47	63	48	95	49	58	
	0	89	1	46	2	75	3	81	4	103	5	72	6	39	7	78	8	26	9	68	10	94	11	59	12	70	13	70	14	25	15	16	16	11	17	77	18	21	19	85	20	32	21	79	22	86	23	18	24	17	25	58	26	23	27	83	28	69	29	69	30	83	31	70	32	85	33	81	34	65	35	114	36	46	37	86	38	89	39	98	40	64	41	38	42	90	43	21	44	79	45	23	46	23	47	61	48	103	49	57	
	0	88	1	52	2	76	3	83	4	99	5	81	6	41	7	73	8	26	9	67	10	97	11	53	12	55	13	61	14	21	15	17	16	24	17	66	18	13	19	77	20	40	21	74	22	79	23	22	24	22	25	69	26	14	27	76	28	67	29	66	30	77	31	77	32	69	33	74	34	64	35	104	36	52	37	91	38	96	39	89	40	67	41	50	42	93	43	24	44	73	45	30	46	37	47	65	48	97	49	71	
	0	84	1	53	2	89	3	80	4	95	5	76	6	43	7	67	8	16	9	58	10	98	11	59	12	65	13	56	14	20	15	21	16	6	17	69	18	13	19	83	20	37	21	79	22	82	23	12	24	20	25	55	26	16	27	81	28	72	29	72	30	81	31	68	32	76	33	86	34	51	35	114	36	47	37	95	38	95	39	101	40	59	41	47	42	88	43	25	44	73	45	19	46	23	47	77	48	111	49	67	
	0	91	1	55	2	89	3	78	4	108	5	74	6	28	7	74	8	11	9	68	10	93	11	49	12	62	13	59	14	18	15	12	16	13	17	63	18	8	19	88	20	46	21	84	22	75	23	23	24	18	25	63	26	25	27	76	28	76	29	67	30	93	31	72	32	86	33	84	34	54	35	110	36	48	37	87	38	94	39	97	40	57	41	34	42	84	43	17	44	80	45	32	46	23	47	60	48	92	49	57	
	0	88	1	45	2	76	3	86	4	104	5	81	6	37	7	63	8	16	9	51	10	97	11	59	12	60	13	65	14	30	15	8	16	18	17	72	18	25	19	94	20	47	21	89	22	86	23	20	24	18	25	68	26	31	27	82	28	77	29	55	30	90	31	71	32	81	33	87	34	67	35	115	36	56	37	96	38	92	39	86	40	69	41	37	42	90	43	23	44	83	45	33	46	27	47	71	48	104	49	61	
	0	80	1	50	2	83	3	71	4	105	5	75	6	39	7	77	8	21	9	59	10	103	11	44	12	54	13	54	14	31	15	10	16	15	17	78	18	26	19	83	20	32	21	92	22	72	23	13	24	24	25	64	26	19	27	72	28	81	29	72	30	87	31	79	32	86	33	79	34	59	35	106	36	58	37	85	38	100	39	88	40	63	41	53	42	94	43	19	44	87	45	21	46	24	47	59	48	107	49	74	
	0	85	1	50	2	74	3	75	4	110	5	62	6	30	7	71	8	24	9	51	10	98	11	43	12	60	13	60	14	26	15	4	16	18	17	65	18	10	19	76	20	44	21	87	22	73	23	15	24	29	25	73	26	29	27	74	28	70	29	57	30	83	31	69	32	74	33	92	34	59	35	101	36	51	37	81	38	99	39	92	40	51	41	43	42	92	43	20	44	74	45	18	46	21	47	67	48	99	49	59	
	0	77	1	43	2	88	3	80	4	108	5	73	6	36	7	63	8	10	9	55	10	102	11	48	12	51	13	73	14	35	15	7	16	16	17	71	18	22	19	84	20	48	21	86	22	86	23	19	24	19	25	65	26	24	27	78	28	81	29	56	30	91	31	75	32	78	33	76	34	52	35	100	36	58	37	90	38	98	39	85	40	63	41	34	42	79	43	14	44	78	45	17	46	21	47	62	48	108	49	67	
	0	88	1	38	2	77	3	79	4	109	5	69	6	41	7	75	8	13	9	65	10	97	11	54	12	53	13	54	14	17	15	9	16	12	17	61	18	24	19	89	20	45	21	78	22	79	23	28	24	30	25	57	26	32	27	82	28	68	29	66	30	89	31	65	32	73	33	83	34	59	35	113	36	52	37	86	38	84	39	90	40	64	41	53	42	88	43	14	44	78	45	28	46	26	47	78	48	102	49	61	
	0	81	1	45	2	81	3	74	4	109	5	73	6	43	7	60	8	22	9	57	10	92	11	57	12	51	13	70	14	35	15	16	16	13	17	72	18	11	19	90	20	38	21	79	22	87	23	22	24	20	25	66	26	16	27	77	28	79	29	59	30	85	31	64	32	73	33	85	34	68	35	102	36	57	37	85	38	92	39	90	40	69	41	52	42	85	43	21	44	84	45	27	46	37	47	77	48	103	49	64	
	0	92	1	55	2	78	3	86	4	100	5	62	6	31	7	76	8	18	9	68	10	100	11	61	12	63	13	71	14	33	15	8	16	8	17	64	18	11	19	79	20	35	21	73	22	76	23	28	24	18	25	68	26	17	27	77	28	66	29	71	30	83	31	75	32	72	33	79	34	55	35	99	36	44	37	81	38	88	39	101	40	55	41	53	42	85	43	14	44	82	45	23	46	20	47	74	48	109	49	67	
	0	91	1	50	2	78	3	83	4	108	5	63	6	25	7	63	8	16	9	65	10	103	11	62	12	54	13	60	14	29	15	20	16	13	17	67	18	26	19	93	20	38	21	81	22	82	23	25	24	29	25	59	26	20	27	80	28	73	29	60	30	87	31	62	32	76	33	83	34	64	35	101	36	55	37	92	38	99	39	95	40	56	41	42	42	94	43	22	44	72	45	26	46	36	47	78	48	104	49	65	
	0	80	1	41	2	83	3	85	4	97	5	69	6	36	7	74	8	20	9	67	10	92	11	50	12	68	13	60	14	19	15	23	16	19	17	76	18	14	19	80	20	46	21	76	22	79	23	9	24	25	25	55	26	27	27	87	28	74	29	70	30	93	31	71	32	83	33	77	34	56	35	113	36	58	37	81	38	100	39	90	40	64	41	38	42	86	43	16	44	91	45	23	46	35	47	73	48	105	49	68	
	0	85	1	44	2	77	3	86	4	107	5	80	6	36	7	75	8	13	9	68	10	103	11	45	12	57	13	73	14	30	15	15	16	5	17	69	18	23	19	89	20	33	21	86	22	81	23	19	24	17	25	73	26	23	27	72	28	65	29	58	30	86	31	78	32	77	33	74	34	61	35	100	36	45	37	96	38	88	39	101	40	52	41	41	42	95	43	16	44	75	45	29	46	36	47	63	48	101	49	55	
	0	79	1	37	2	77	3	86	4	113	5	72	6	41	7	64	8	13	9	69	10	89	11	61	12	69	13	65	14	18	15	11	16	24	17	77	18	14	19	86	20	46	21	85	22	75	23	11	24	18	25	61	26	33	27	80	28	67	29	53	30	89	31	71	32	74	33	90	34	69	35	105	36	54	37	97	38	89	39	99	40	69	41	46	42	91	43	30	44	78	45	23	46	28	47	75	48	97	49	56	
	0	78	1	51	2	93	3	81	4	105	5	80	6	32	7	73	8	19	9	64	10	102	11	44	12	54	13	64	14	20	15	15	16	23	17	75	18	11	19	89	20	41	21	73	22	88	23	15	24	26	25	61	26	17	27	88	28	74	29	71	30	90	31	60	32	81	33	87	34	68	35	107	36	41	37	99	38	82	39	94	40	63	41	42	42	85	43	27	44	88	45	18	46	20	47	78	48	92	49	66	
	0	84	1	38	2	85	3	80	4	99	5	78	6	38	7	71	8	24	9	69	10	92	11	45	12	60	13	67	14	35	15	16	16	22	17	61	18	25	19	81	20	42	21	83	22	86	23	21	24	26	25	62	26	29	27	84	28	64	29	63	30	83	31	77	32	85	33	79	34	68	35	118	36	57	37	95	38	94	39	92	40	58	41	47	42	85	43	19	44	72	45	17	46	23	47	76	48	99	49	67	
	0	90	1	52	2	93	3	78	4	109	5	66	6	42	7	65	8	25	9	65	10	104	11	45	12	62	13	60	14	34	15	9	16	22	17	66	18	25	19	93	20	33	21	89	22	88	23	10	24	17	25	65	26	18	27	85	28	65	29	72	30	87	31	68	32	86	33	91	34	67	35	100	36	45	37	96	38	99	39	93	40	63	41	36	42	81	43	30	44	75	45	33	46	34	47	69	48	99	49	56	
	0	80	1	37	2	76	3	74	4	100	5	65	6	26	7	61	8	22	9	52	10	98	11	57	12	51	13	54	14	16	15	22	16	15	17	72	18	16	19	76	20	46	21	83	22	88	23	19	24	30	25	57	26	21	27	73	28	79	29	62	30	80	31	73	32	72	33	74	34	67	35	101	36	48	37	83	38	89	39	93	40	65	41	52	42	82	43	22	44	75	45	27	46	39	47	59	48	104	49	59	
	0	94	1	36	2	93	3	87	4	98	5	79	6	27	7	69	8	15	9	58	10	96	11	49	12	51	13	60	14	21	15	4	16	22	17	60	18	24	19	75	20	33	21	84	22	79	23	28	24	13	25	61	26	20	27	80	28	67	29	71	30	84	31	68	32	71	33	86	34	69	35	110	36	43	37	99	38	81	39	96	40	57	41	49	42	92	43	21	44	76	45	20	46	24	47	72	48	111	49	68	
	0	90	1	44	2	88	3	81	4	96	5	74	6	43	7	59	8	14	9	59	10	95	11	62	12	70	13	70	14	26	15	12	16	7	17	73	18	8	19	85	20	34	21	80	22	76	23	26	24	24	25	69	26	18	27	86	28	73	29	53	30	86	31	78	32	78	33	87	34	61	35	113	36	59	37	92	38	81	39	92	40	56	41	40	42	79	43	23	44	88	45	30	46	30	47	76	48	103	49	66	
	0	95	1	36	2	76	3	82	4	106	5	73	6	31	7	74	8	10	9	58	10	106	11	54	12	64	13	66	14	34	15	17	16	19	17	72	18	14	19	76	20	44	21	91	22	88	23	10	24	22	25	61	26	29	27	81	28	69	29	63	30	75	31	63	32	74	33	91	34	56	35	102	36	51	37	81	38	95	39	101	40	60	41	34	42	90	43	11	44	83	45	28	46	36	47	59	48	105	49	68	
	0	80	1	37	2	92	3	87	4	105	5	68	6	27	7	77	8	19	9	65	10	93	11	60	12	66	13	64	14	18	15	18	16	11	17	74	18	26	19	90	20	42	21	79	22	90	23	22	24	25	25	70	26	30	27	76	28	76	29	57	30	91	31	60	32	70	33	93	34	54	35	117	36	55	37	91	38	100	39	103	40	56	41	37	42	77	43	27	44	90	45	29	46	25	47	66	48	95	49	59	
	0	92	1	36	2	79	3	77	4	110	5	69	6	42	7	77	8	13	9	56	10	102	11	61	12	58	13	72	14	28	15	22	16	15	17	66	18	9	19	85	20	39	21	86	22	74	23	22	24	23	25	56	26	27	27	90	28	67	29	62	30	86	31	71	32	87	33	86	34	57	35	102	36	58	37	97	38	99	39	84	40	55	41	52	42	92	43	20	44	90	45	31	46	28	47	71	48	103	49	72	
	0	88	1	50	2	85	3	84	4	106	5	66	6	28	7	59	8	18	9	59	10	94	11	60	12	61	13	61	14	29	15	19	16	11	17	77	18	18	19	86	20	44	21	87	22	79	23	24	24	30	25	74	26	17	27	85	28	62	29	71	30	92	31	76	32	74	33	83	34	52	35	109	36	43	37	96	38	84	39	84	40	66	41	40	42	82	43	13	44	80	45	26	46	28	47	73	48	93	49	66	
	0	88	1	37	2	76	3	73	4	109	5	74	6	28	7	75	8	22	9	59	10	95	11	47	12	60	13	54	14	31	15	14	16	5	17	73	18	9	19	84	20	47	21	82	22	88	23	23	24	32	25	62	26	31	27	86	28	63	29	59	30	78	31	79	32	85	33	74	34	68	35	115	36	48	37	98	38	94	39	93	40	69	41	51	42	83	43	17	44	90	45	32	46	21	47	67	48	101	49	66	
	0	77	1	42	2	87	3	85	4	97	5	74	6	31	7	65	8	22	9	59	10	91	11	48	12	55	13	68	14	21	15	9	16	16	17	61	18	10	19	83	20	47	21	86	22	74	23	22	24	18	25	66	26	15	27	83	28	67	29	71	30	82	31	68	32	73	33	80	34	61	35	99	36	45	37	83	38	96	39	95	40	51	41	37	42	94	43	19	44	90	45	24	46	21	47	63	48	101	49	55	
	0	89	1	46	2	76	3	80	4	107	5	80	6	37	7	75	8	21	9	58	10	98	11	44	12	55	13	61	14	32	15	23	16	12	17	61	18	17	19	79	20	33	21	84	22	88	23	26	24	28	25	72	26	20	27	86	28	64	29	54	30	88	31	65	32	85	33	83	34	64	35	101	36	49	37	89	38	93	39	90	40	55	41	42	42	77	43	28	44	91	45	18	46	25	47	78	48	103	49	73	
	0	77	1	38	2	78	3	80	4	105	5	69	6	44	7	68	8	19	9	63	10	91	11	60	12	52	13	72	14	32	15	9	16	14	17	70	18	21	19	94	20	39	21	82	22	78	23	24	24	23	25	68	26	23	27	78	28	71	29	64	30	91	31	71	32	73	33	80	34	62	35	108	36	44	37	84	38	88	39	84	40	68	41	47	42	80	43	26	44	78	45	29	46	36	47	78	48	101	49	62	
	0	79	1	41	2	76	3	83	4	95	5	77	6	29	7	73	8	12	9	51	10	95	11	60	12	59	13	69	14	20	15	21	16	6	17	75	18	12	19	79	20	41	21	73	22	78	23	11	24	31	25	64	26	26	27	77	28	78	29	65	30	76	31	66	32	83	33	89	34	67	35	115	36	47	37	89	38	91	39	99	40	51	41	40	42	96	43	30	44	76	45	24	46	38	47	75	48	107	49	56	
	0	93	1	49	2	92	3	74	4	97	5	79	6	37	7	68	8	16	9	55	10	105	11	50	12	64	13	68	14	17	15	18	16	9	17	65	18	14	19	82	20	37	21	75	22	73	23	22	24	30	25	61	26	18	27	89	28	63	29	56	30	78	31	61	32	86	33	82	34	70	35	112	36	57	37	95	38	84	39	87	40	63	41	46	42	88	43	21	44	88	45	31	46	31	47	77	48	96	49	62	
	0	88	1	40	2	74	3	89	4	97	5	71	6	39	7	72	8	16	9	51	10	100	11	60	12	57	13	58	14	29	15	5	16	24	17	76	18	17	19	90	20	34	21	77	22	87	23	12	24	28	25	61	26	27	27	91	28	76	29	72	30	94	31	63	32	83	33	78	34	53	35	109	36	57	37	86	38	98	39	98	40	56	41	39	42	86	43	21	44	90	45	25	46	21	47	67	48	103	49	66	
	0	84	1	54	2	91	3	83	4	104	5	64	6	35	7	76	8	27	9	50	10	102	11	55	12	61	13	66	14	26	15	18	16	6	17	74	18	17	19	92	20	32	21	74	22	86	23	13	24	22	25	72	26	24	27	78	28	70	29	69	30	85	31	71	32	85	33	80	34	54	35	103	36	52	37	84	38	91	39	93	40	54	41	40	42	93	43	25	44	79	45	17	46	36	47	62	48	100	49	66	
	0	93	1	36	2	90	3	87	4	102	5	76	6	30	7	76	8	15	9	50	10	104	11	49	12	66	13	67	14	25	15	11	16	20	17	61	18	25	19	82	20	47	21	76	22	87	23	14	24	24	25	64	26	21	27	78	28	69	29	64	30	82	31	62	32	72	33	87	34	63	35	107	36	55	37	91	38	83	39	89	40	63	41	39	42	83	43	17	44	74	45	26	46	27	47	60	48	93	49	58	
	0	79	1	51	2	74	3	81	4	106	5	71	6	30	7	64	8	11	9	59	10	104	11	57	12	53	13	56	14	32	15	22	16	20	17	71	18	11	19	77	20	47	21	81	22	84	23	17	24	27	25	59	26	31	27	74	28	68	29	62	30	84	31	70	32	75	33	93	34	51	35	110	36	47	37	93	38	85	39	88	40	59	41	47	42	78	43	27	44	90	45	27	46	32	47	65	48	106	49	64	
	0	87	1	42	2	74	3	80	4	109	5	71	6	26	7	59	8	25	9	59	10	104	11	54	12	51	13	70	14	17	15	19	16	19	17	67	18	16	19	93	20	48	21	84	22	73	23	16	24	32	25	56	26	22	27	84	28	80	29	57	30	90	31	75	32	74	33	86	34	58	35	115	36	44	37	87	38	93	39	103	40	56	41	45	42	87	43	30	44	88	45	19	46	24	47	64	48	100	49	57	
	0	86	1	51	2	75	3	86	4	97	5	71	6	44	7	62	8	22	9	52	10	92	11	58	12	70	13	72	14	20	15	9	16	24	17	63	18	19	19	80	20	50	21	92	22	72	23	9	24	24	25	64	26	33	27	78	28	73	29	62	30	82	31	69	32	76	33	75	34	56	35	109	36	55	37	82	38	85	39	101	40	69	41	49	42	92	43	13	44	84	45	33	46	36	47	66	48	105	49	66	
	0	78	1	37	2	80	3	76	4	114	5	74	6	30	7	66	8	26	9	64	10	93	11	49	12	65	13	73	14	35	15	14	16	19	17	67	18	10	19	89	20	44	21	80	22	73	23	22	24	30	25	55	26	28	27	83	28	70	29	53	30	76	31	60	32	69	33	79	34	53	35	111	36	54	37	85	38	98	39	89	40	54	41	44	42	90	43	22	44	86	45	22	46	20	47	69	48	101	49	66	
	0	82	1	40	2	75	3	79	4	114	5	65	6	41	7	76	8	28	9	57	10	95	11	58	12	66	13	63	14	24	15	4	16	16	17	77	18	11	19	92	20	42	21	78	22	88	23	22	24	27	25	67	26	31	27	75	28	74	29	59	30	94	31	77	32	70	33	74	34	51	35	102	36	51	37	90	38	86	39	97	40	65	41	38	42	81	43	17	44	82	45	16	46	32	47	64	48	96	49	65	
	0	94	1	55	2	85	3	71	4	104	5	71	6	36	7	69	8	14	9	64	10	107	11	52	12	62	13	63	14	27	15	16	16	12	17	64	18	21	19	93	20	34	21	88	22	81	23	26	24	20	25	60	26	32	27	83	28	76	29	65	30	77	31	79	32	78	33	83	34	70	35	103	36	40	37	99	38	89	39	95	40	55	41	39	42	90	43	22	44	87	45	23	46	33	47	72	48	97	49	69	
	0	93	1	44	2	91	3	78	4	102	5	75	6	27	7	62	8	10	9	51	10	92	11	46	12	58	13	56	14	16	15	23	16	9	17	62	18	10	19	75	20	44	21	89	22	86	23	27	24	24	25	56	26	20	27	76	28	71	29	55	30	78	31	64	32	87	33	89	34	60	35	100	36	47	37	90	38	89	39	100	40	67	41	40	42	83	43	11	44	86	45	30	46	26	47	76	48	106	49	68	
	0	79	1	43	2	84	3	87	4	100	5	65	6	26	7	62	8	25	9	50	10	99	11	45	12	64	13	61	14	28	15	13	16	8	17	79	18	11	19	76	20	40	21	92	22	83	23	20	24	18	25	68	26	31	27	91	28	77	29	67	30	86	31	70	32	86	33	85	34	67	35	104	36	45	37	91	38	97	39	85	40	63	41	40	42	84	43	22	44	79	45	25	46	33	47	73	48	95	49	62	
	0	80	1	36	2	91	3	74	4	112	5	68	6	29	7	63	8	27	9	55	10	91	11	60	12	52	13	65	14	34	15	4	16	5	17	71	18	25	19	75	20	47	21	92	22	82	23	23	24	16	25	68	26	27	27	73	28	68	29	65	30	81	31	62	32	85	33	85	34	64	35	112	36	46	37	91	38	86	39	98	40	62	41	43	42	81	43	30	44	73	45	34	46	27	47	78	48	96	49	70	
	0	90	1	43	2	78	3	78	4	100	5	77	6	27	7	67	8	20	9	52	10	102	11	44	12	54	13	55	14	28	15	8	16	12	17	65	18	27	19	80	20	38	21	87	22	83	23	25	24	28	25	56	26	31	27	78	28	63	29	54	30	92	31	79	32	79	33	74	34	55	35	108	36	50	37	91	38	87	39	103	40	62	41	49	42	78	43	21	44	72	45	21	46	35	47	68	48	94	49	72	
	0	77	1	52	2	82	3	86	4	109	5	62	6	29	7	77	8	27	9	62	10	92	11	52	12	59	13	63	14	26	15	11	16	16	17	78	18	21	19	77	20	33	21	80	22	79	23	28	24	13	25	59	26	31	27	73	28	65	29	71	30	88	31	73	32	86	33	91	34	59	35	104	36	52	37	83	38	85	39	102	40	62	41	48	42	86	43	18	44	86	45	20	46	39	47	63	48	102	49	62	
	0	82	1	55	2	90	3	83	4	101	5	71	6	38	7	74	8	27	9	61	10	97	11	49	12	70	13	61	14	21	15	12	16	19	17	63	18	15	19	88	20	36	21	77	22	89	23	14	24	22	25	73	26	18	27	91	28	71	29	61	30	81	31	72	32	76	33	87	34	57	35	106	36	47	37	83	38	91	39	102	40	61	41	41	42	96	43	30	44	89	45	25	46	20	47	60	48	98	49	57	
	0	96	1	41	2	88	3	82	4	106	5	75	6	25	7	76	8	13	9	65	10	103	11	52	12	68	13	59	14	19	15	11	16	15	17	73	18	11	19	88	20	33	21	79	22	71	23	24	24	13	25	59	26	17	27	77	28	65	29	69	30	75	31	79	32	76	33	83	34	64	35	107	36	45	37	92	38	98	39	92	40	64	41	51	42	90	43	29	44	72	45	29	46	23	47	74	48	103	49	59	
	0	82	1	43	2	93	3	81	4	95	5	64	6	38	7	59	8	21	9	55	10	94	11	53	12	65	13	70	14	32	15	16	16	21	17	60	18	19	19	76	20	35	21	76	22	76	23	15	24	16	25	74	26	32	27	78	28	77	29	69	30	85	31	65	32	84	33	75	34	62	35	109	36	44	37	88	38	92	39	89	40	58	41	38	42	84	43	29	44	78	45	26	46	29	47	70	48	111	49	62	
	0	79	1	54	2	92	3	77	4	109	5	69	6	40	7	73	8	17	9	65	10	96	11	47	12	55	13	68	14	30	15	8	16	22	17	74	18	21	19	88	20	39	21	73	22	85	23	24	24	13	25	67	26	19	27	78	28	74	29	65	30	85	31	72	32	86	33	79	34	58	35	116	36	41	37	85	38	83	39	101	40	50	41	53	42	86	43	14	44	74	45	26	46	27	47	65	48	111	49	67	
	0	84	1	51	2	86	3	73	4	108	5	62	6	29	7	64	8	13	9	62	10	101	11	57	12	64	13	67	14	22	15	7	16	23	17	69	18	14	19	78	20	45	21	77	22	82	23	22	24	26	25	68	26	21	27	72	28	74	29	53	30	84	31	67	32	88	33	84	34	64	35	117	36	43	37	95	38	89	39	95	40	56	41	50	42	79	43	17	44	84	45	16	46	26	47	66	48	102	49	56	
	0	89	1	49	2	80	3	76	4	100	5	75	6	27	7	72	8	28	9	66	10	95	11	47	12	51	13	67	14	20	15	23	16	12	17	77	18	18	19	93	20	50	21	85	22	82	23	25	24	28	25	66	26	28	27	75	28	81	29	62	30	81	31	79	32	70	33	77	34	56	35	105	36	50	37	91	38	92	39	92	40	69	41	50	42	77	43	27	44	79	45	22	46	29	47	65	48	109	49	61	
	0	89	1	42	2	90	3	85	4	107	5	79	6	36	7	73	8	19	9	52	10	89	11	54	12	66	13	66	14	21	15	17	16	19	17	71	18	13	19	77	20	48	21	80	22	81	23	24	24	25	25	70	26	19	27	86	28	66	29	57	30	91	31	66	32	72	33	76	34	59	35	109	36	41	37	96	38	85	39	86	40	60	41	45	42	79	43	16	44	72	45	32	46	36	47	60	48	109	49	69	
	0	82	1	39	2	91	3	79	4	103	5	68	6	40	7	74	8	23	9	67	10	102	11	61	12	58	13	64	14	25	15	15	16	20	17	61	18	18	19	82	20	48	21	92	22	76	23	27	24	22	25	68	26	21	27	75	28	65	29	60	30	82	31	70	32	77	33	93	34	56	35	106	36	53	37	87	38	90	39	97	40	60	41	41	42	95	43	15	44	81	45	27	46	31	47	66	48	105	49	68	
	0	87	1	53	2	76	3	80	4	109	5	77	6	38	7	68	8	24	9	50	10	97	11	46	12	59	13	54	14	25	15	4	16	6	17	73	18	26	19	85	20	31	21	86	22	75	23	17	24	17	25	69	26	24	27	76	28	78	29	63	30	84	31	71	32	73	33	80	34	67	35	99	36	46	37	85	38	95	39	90	40	62	41	35	42	78	43	14	44	83	45	29	46	33	47	74	48	104	49	58	
	0	95	1	45	2	74	3	85	4	106	5	73	6	36	7	68	8	26	9	58	10	96	11	47	12	56	13	55	14	30	15	11	16	9	17	71	18	10	19	86	20	33	21	86	22	83	23	28	24	23	25	72	26	28	27	80	28	66	29	56	30	77	31	66	32	79	33	82	34	65	35	111	36	43	37	84	38	86	39	88	40	58	41	37	42	90	43	27	44	73	45	21	46	32	47	62	48	105	49	60	
	0	88	1	49	2	88	3	85	4	114	5	76	6	29	7	69	8	22	9	58	10	97	11	53	12	51	13	58	14	26	15	6	16	10	17	61	18	17	19	88	20	46	21	73	22	81	23	25	24	18	25	64	26	19	27	80	28	65	29	69	30	82	31	71	32	76	33	92	34	61	35	108	36	57	37	85	38	100	39	95	40	66	41	51	42	83	43	11	44	91	45	16	46	20	47	62	48	101	49	66	
	0	89	1	54	2	74	3	84	4	95	5	73	6	40	7	72	8	20	9	57	10	101	11	59	12	70	13	55	14	35	15	9	16	13	17	65	18	25	19	75	20	42	21	83	22	81	23	10	24	21	25	71	26	26	27	72	28	64	29	57	30	92	31	73	32	86	33	84	34	66	35	115	36	49	37	99	38	89	39	94	40	64	41	49	42	79	43	20	44	79	45	30	46	24	47	66	48	93	49	62	
	0	93	1	54	2	77	3	86	4	107	5	71	6	44	7	69	8	11	9	67	10	95	11	55	12	66	13	55	14	27	15	19	16	20	17	79	18	8	19	92	20	48	21	77	22	81	23	14	24	17	25	65	26	16	27	89	28	63	29	62	30	82	31	67	32	83	33	75	34	59	35	115	36	45	37	96	38	89	39	102	40	59	41	40	42	85	43	21	44	76	45	26	46	29	47	66	48	99	49	70	
	0	85	1	38	2	91	3	77	4	102	5	69	6	37	7	67	8	23	9	60	10	94	11	56	12	57	13	65	14	31	15	11	16	8	17	77	18	17	19	88	20	50	21	80	22	88	23	10	24	16	25	58	26	17	27	87	28	80	29	61	30	85	31	78	32	87	33	81	34	55	35	113	36	58	37	100	38	100	39	94	40	67	41	39	42	88	43	19	44	88	45	25	46	35	47	66	48	94	49	57	
	0	77	1	41	2	90	3	75	4	110	5	66	6	39	7	69	8	25	9	57	10	89	11	55	12	60	13	63	14	19	15	19	16	17	17	71	18	9	19	83	20	45	21	82	22	90	23	22	24	15	25	65	26	24	27	81	28	67	29	61	30	81	31	75	32	76	33	88	34	62	35	107	36	58	37	85	38	91	39	95	40	52	41	34	42	87	43	14	44	74	45	23	46	21	47	70	48	106	49	70	
	0	92	1	36	2	81	3	85	4	103	5	75	6	27	7	60	8	29	9	59	10	99	11	60	12	58	13	59	14	26	15	17	16	19	17	68	18	20	19	80	20	49	21	85	22	90	23	25	24	18	25	62	26	29	27	91	28	78	29	55	30	82	31	75	32	80	33	83	34	67	35	117	36	43	37	86	38	92	39	87	40	67	41	40	42	95	43	20	44	86	45	17	46	37	47	62	48	100	49	59	
	0	93	1	47	2	87	3	82	4	101	5	63	6	26	7	67	8	17	9	61	10	101	11	43	12	66	13	59	14	28	15	21	16	6	17	73	18	27	19	90	20	46	21	75	22	90	23	18	24	16	25	73	26	14	27	80	28	70	29	68	30	81	31	68	32	69	33	84	34	66	35	110	36	43	37	83	38	90	39	93	40	52	41	38	42	83	43	25	44	91	45	24	46	29	47	72	48	100	49	65	
	0	96	1	48	2	89	3	87	4	112	5	67	6	30	7	68	8	24	9	60	10	108	11	45	12	65	13	65	14	33	15	22	16	11	17	65	18	17	19	87	20	43	21	78	22	79	23	16	24	26	25	58	26	21	27	82	28	68	29	63	30	92	31	72	32	85	33	76	34	57	35	102	36	59	37	92	38	97	39	103	40	51	41	35	42	96	43	30	44	74	45	35	46	31	47	61	48	92	49	67	
	0	80	1	46	2	76	3	90	4	109	5	76	6	31	7	76	8	25	9	52	10	90	11	54	12	57	13	70	14	29	15	6	16	11	17	76	18	21	19	86	20	47	21	87	22	89	23	12	24	26	25	57	26	33	27	76	28	67	29	65	30	79	31	72	32	78	33	81	34	56	35	102	36	45	37	82	38	81	39	94	40	52	41	35	42	96	43	23	44	79	45	16	46	33	47	64	48	94	49	70	
	0	95	1	37	2	81	3	76	4	110	5	78	6	31	7	66	8	25	9	69	10	95	11	54	12	61	13	73	14	16	15	17	16	19	17	60	18	22	19	88	20	38	21	84	22	89	23	26	24	18	25	65	26	19	27	91	28	62	29	63	30	78	31	71	32	85	33	82	34	63	35	107	36	52	37	84	38	82	39	102	40	54	41	43	42	77	43	25	44	86	45	22	46	37	47	59	48	92	49	62	
	0	77	1	46	2	80	3	78	4	106	5	65	6	32	7	68	8	19	9	64	10	100	11	45	12	51	13	68	14	26	15	9	16	20	17	77	18	20	19	93	20	45	21	76	22	84	23	11	24	15	25	65	26	32	27	87	28	66	29	68	30	77	31	71	32	70	33	86	34	64	35	114	36	47	37	94	38	93	39	90	40	50	41	35	42	82	43	27	44	84	45	30	46	29	47	68	48	109	49	69	
	0	87	1	37	2	90	3	90	4	107	5	64	6	31	7	77	8	13	9	66	10	89	11	48	12	63	13	63	14	24	15	7	16	9	17	76	18	10	19	82	20	50	21	84	22	79	23	26	24	14	25	70	26	32	27	75	28	68	29	53	30	78	31	66	32	87	33	89	34	54	35	103	36	40	37	82	38	94	39	103	40	69	41	40	42	87	43	23	44	86	45	31	46	32	47	61	48	106	49	64	
	0	90	1	43	2	80	3	71	4	99	5	63	6	26	7	71	8	15	9	58	10	108	11	48	12	66	13	68	14	23	15	8	16	17	17	70	18	14	19	77	20	33	21	73	22	71	23	9	24	24	25	69	26	29	27	88	28	76	29	64	30	76	31	78	32	73	33	81	34	70	35	118	36	53	37	82	38	90	39	102	40	63	41	46	42	82	43	13	44	75	45	32	46	35	47	77	48	108	49	57	
	0	77	1	47	2	90	3	82	4	99	5	70	6	35	7	65	8	29	9	68	10	93	11	50	12	63	13	69	14	22	15	7	16	9	17	74	18	19	19	93	20	37	21	79	22	76	23	15	24	18	25	56	26	31	27	89	28	66	29	69	30	86	31	72	32	75	33	89	34	65	35	111	36	43	37	97	38	84	39	92	40	54	41	35	42	84	43	19	44	83	45	19	46	35	47	61	48	97	49	65	
	0	78	1	38	2	76	3	72	4	111	5	67	6	42	7	63	8	29	9	56	10	96	11	48	12	56	13	59	14	33	15	4	16	6	17	68	18	24	19	78	20	42	21	91	22	79	23	13	24	23	25	56	26	18	27	78	28	81	29	69	30	78	31	64	32	80	33	74	34	57	35	116	36	46	37	85	38	94	39	84	40	55	41	43	42	86	43	30	44	74	45	20	46	31	47	65	48	94	49	59	
	0	80	1	37	2	90	3	81	4	104	5	65	6	32	7	74	8	15	9	63	10	104	11	47	12	55	13	63	14	24	15	10	16	6	17	73	18	14	19	84	20	44	21	85	22	76	23	23	24	23	25	67	26	16	27	90	28	75	29	68	30	88	31	66	32	73	33	75	34	70	35	118	36	54	37	96	38	81	39	84	40	65	41	37	42	79	43	17	44	89	45	35	46	33	47	64	48	108	49	74	
	0	81	1	38	2	91	3	73	4	105	5	72	6	36	7	69	8	13	9	52	10	106	11	53	12	65	13	60	14	16	15	13	16	24	17	62	18	11	19	86	20	50	21	86	22	82	23	9	24	22	25	59	26	22	27	85	28	78	29	71	30	85	31	75	32	87	33	88	34	58	35	116	36	53	37	95	38	85	39	95	40	62	41	46	42	91	43	12	44	81	45	24	46	38	47	66	48	97	49	55	
	0	79	1	42	2	93	3	72	4	105	5	64	6	37	7	63	8	29	9	51	10	101	11	58	12	69	13	55	14	33	15	16	16	10	17	66	18	16	19	79	20	32	21	89	22	88	23	12	24	18	25	64	26	16	27	76	28	68	29	67	30	91	31	68	32	71	33	79	34	64	35	114	36	56	37	94	38	82	39	87	40	69	41	36	42	87	43	24	44	72	45	16	46	35	47	68	48	94	49	70	
	0	81	1	40	2	77	3	72	4	101	5	80	6	39	7	68	8	28	9	68	10	105	11	50	12	64	13	64	14	19	15	21	16	8	17	79	18	27	19	78	20	33	21	74	22	86	23	13	24	22	25	68	26	18	27	77	28	72	29	70	30	93	31	68	32	74	33	88	34	63	35	106	36	44	37	85	38	95	39	85	40	63	41	40	42	90	43	22	44	90	45	20	46	38	47	59	48	104	49	66	
	0	79	1	49	2	87	3	71	4	99	5	76	6	39	7	77	8	16	9	60	10	103	11	60	12	66	13	67	14	17	15	16	16	10	17	65	18	17	19	85	20	36	21	85	22	82	23	9	24	31	25	68	26	23	27	78	28	63	29	58	30	94	31	79	32	85	33	81	34	56	35	117	36	58	37	100	38	85	39	84	40	60	41	51	42	82	43	24	44	72	45	26	46	20	47	70	48	104	49	68	
	0	93	1	42	2	86	3	71	4	107	5	79	6	44	7	70	8	21	9	66	10	98	11	52	12	64	13	73	14	23	15	5	16	5	17	71	18	18	19	82	20	46	21	78	22	80	23	25	24	13	25	70	26	25	27	77	28	81	29	59	30	82	31	62	32	79	33	77	34	55	35	109	36	57	37	84	38	89	39	86	40	50	41	36	42	82	43	15	44	87	45	16	46	21	47	78	48	106	49	63	
	0	79	1	42	2	79	3	76	4	99	5	64	6	27	7	59	8	25	9	65	10	102	11	48	12	62	13	68	14	20	15	8	16	5	17	69	18	11	19	86	20	40	21	80	22	71	23	9	24	18	25	69	26	19	27	91	28	72	29	65	30	83	31	67	32	79	33	91	34	59	35	116	36	49	37	94	38	95	39	89	40	59	41	34	42	89	43	26	44	88	45	19	46	34	47	78	48	99	49	70	
	0	94	1	54	2	84	3	81	4	112	5	68	6	31	7	59	8	28	9	51	10	89	11	52	12	53	13	67	14	23	15	5	16	21	17	78	18	14	19	79	20	43	21	90	22	82	23	22	24	28	25	64	26	33	27	79	28	75	29	72	30	85	31	79	32	85	33	84	34	52	35	99	36	54	37	86	38	88	39	101	40	56	41	47	42	90	43	27	44	81	45	18	46	27	47	63	48	99	49	73	