200 50 1
50
	0	48	1	95	2	33	3	43	4	80	5	39	6	54	7	90	8	41	9	73	10	64	11	102	12	39	13	73	14	82	15	92	16	39	17	60	18	79	19	38	20	86	21	78	22	75	23	79	24	119	25	56	26	44	27	66	28	52	29	85	30	19	31	88	32	60	33	18	34	87	35	65	36	81	37	33	38	51	39	6	40	24	41	44	42	8	43	80	44	22	45	38	46	93	47	57	48	10	49	89	
	0	58	1	77	2	30	3	41	4	83	5	49	6	63	7	102	8	37	9	66	10	52	11	101	12	33	13	62	14	74	15	90	16	22	17	53	18	76	19	29	20	91	21	91	22	76	23	86	24	117	25	59	26	49	27	77	28	58	29	87	30	34	31	96	32	72	33	23	34	91	35	75	36	85	37	31	38	56	39	8	40	21	41	32	42	22	43	73	44	16	45	55	46	102	47	70	48	10	49	100	
	0	49	1	93	2	43	3	58	4	89	5	31	6	56	7	102	8	43	9	73	10	63	11	110	12	38	13	72	14	69	15	91	16	36	17	49	18	70	19	35	20	86	21	91	22	73	23	92	24	110	25	57	26	41	27	67	28	49	29	91	30	26	31	93	32	72	33	21	34	82	35	61	36	92	37	32	38	53	39	11	40	36	41	38	42	3	43	75	44	10	45	53	46	105	47	61	48	10	49	106	
	0	56	1	82	2	30	3	39	4	78	5	43	6	64	7	89	8	51	9	63	10	70	11	97	12	32	13	74	14	81	15	87	16	20	17	55	18	79	19	24	20	91	21	80	22	83	23	82	24	107	25	48	26	49	27	71	28	47	29	83	30	19	31	99	32	68	33	10	34	88	35	64	36	97	37	39	38	58	39	17	40	27	41	40	42	10	43	69	44	12	45	38	46	109	47	65	48	14	49	104	
	0	50	1	91	2	29	3	52	4	93	5	41	6	49	7	93	8	34	9	63	10	61	11	97	12	38	13	64	14	70	15	88	16	23	17	49	18	80	19	40	20	87	21	86	22	71	23	96	24	114	25	50	26	52	27	68	28	47	29	95	30	23	31	84	32	59	33	29	34	98	35	65	36	92	37	30	38	63	39	19	40	33	41	36	42	11	43	73	44	19	45	49	46	100	47	62	48	12	49	88	
	0	57	1	85	2	34	3	53	4	80	5	37	6	65	7	90	8	37	9	55	10	56	11	107	12	40	13	72	14	69	15	86	16	27	17	57	18	73	19	29	20	89	21	95	22	68	23	84	24	101	25	60	26	43	27	69	28	45	29	101	30	18	31	97	32	61	33	12	34	94	35	74	36	93	37	42	38	67	39	11	40	30	41	34	42	10	43	71	44	15	45	56	46	93	47	68	48	20	49	96	
	0	54	1	84	2	25	3	57	4	88	5	39	6	55	7	86	8	43	9	60	10	58	11	104	12	47	13	55	14	82	15	80	16	35	17	59	18	68	19	41	20	90	21	94	22	76	23	88	24	101	25	51	26	51	27	69	28	61	29	95	30	36	31	92	32	65	33	26	34	86	35	70	36	86	37	40	38	60	39	14	40	36	41	42	42	15	43	73	44	28	45	42	46	108	47	56	48	4	49	107	
	0	54	1	90	2	28	3	58	4	82	5	42	6	48	7	93	8	37	9	58	10	65	11	95	12	45	13	65	14	65	15	87	16	38	17	44	18	73	19	37	20	90	21	95	22	80	23	86	24	108	25	62	26	39	27	81	28	54	29	89	30	24	31	81	32	61	33	18	34	82	35	59	36	80	37	41	38	52	39	7	40	32	41	39	42	6	43	73	44	23	45	51	46	99	47	66	48	11	49	105	
	0	60	1	89	2	28	3	56	4	80	5	41	6	65	7	99	8	35	9	66	10	58	11	98	12	48	13	57	14	81	15	79	16	20	17	61	18	70	19	25	20	87	21	79	22	83	23	89	24	106	25	60	26	38	27	68	28	55	29	99	30	21	31	92	32	66	33	15	34	82	35	73	36	82	37	30	38	68	39	5	40	35	41	41	42	10	43	84	44	22	45	38	46	110	47	53	48	14	49	95	
	0	52	1	86	2	43	3	52	4	82	5	36	6	57	7	89	8	37	9	70	10	70	11	106	12	45	13	61	14	71	15	74	16	39	17	48	18	75	19	38	20	84	21	92	22	74	23	90	24	118	25	57	26	46	27	77	28	54	29	92	30	26	31	84	32	67	33	12	34	95	35	60	36	85	37	45	38	60	39	14	40	28	41	32	42	18	43	83	44	27	45	47	46	101	47	51	48	20	49	103	
	0	63	1	82	2	34	3	58	4	89	5	47	6	56	7	90	8	51	9	57	10	52	11	108	12	30	13	71	14	64	15	89	16	22	17	52	18	69	19	40	20	100	21	80	22	84	23	82	24	101	25	59	26	34	27	77	28	60	29	92	30	31	31	98	32	57	33	10	34	94	35	57	36	98	37	31	38	62	39	5	40	27	41	32	42	10	43	69	44	13	45	47	46	91	47	58	48	16	49	99	
	0	51	1	81	2	29	3	50	4	82	5	40	6	56	7	95	8	47	9	65	10	65	11	94	12	30	13	62	14	72	15	74	16	25	17	54	18	71	19	35	20	91	21	83	22	79	23	85	24	119	25	48	26	43	27	79	28	56	29	84	30	35	31	87	32	75	33	11	34	86	35	61	36	97	37	38	38	63	39	22	40	22	41	35	42	9	43	85	44	17	45	51	46	94	47	67	48	13	49	102	
	0	52	1	86	2	43	3	45	4	74	5	35	6	55	7	95	8	42	9	66	10	70	11	108	12	33	13	56	14	80	15	87	16	29	17	63	18	75	19	31	20	89	21	96	22	80	23	87	24	107	25	52	26	52	27	82	28	58	29	89	30	24	31	89	32	68	33	29	34	82	35	63	36	93	37	31	38	56	39	13	40	39	41	38	42	18	43	84	44	16	45	50	46	109	47	67	48	10	49	103	
	0	54	1	88	2	26	3	54	4	86	5	37	6	61	7	84	8	41	9	64	10	53	11	99	12	34	13	62	14	79	15	78	16	31	17	61	18	83	19	34	20	98	21	97	22	73	23	93	24	119	25	56	26	49	27	72	28	58	29	88	30	31	31	89	32	66	33	25	34	85	35	73	36	88	37	49	38	56	39	17	40	31	41	44	42	16	43	86	44	17	45	45	46	99	47	62	48	7	49	97	
	0	62	1	86	2	25	3	48	4	84	5	40	6	48	7	96	8	50	9	62	10	70	11	104	12	29	13	64	14	70	15	85	16	27	17	44	18	79	19	40	20	97	21	88	22	77	23	81	24	114	25	48	26	38	27	65	28	46	29	99	30	36	31	98	32	74	33	10	34	85	35	71	36	89	37	30	38	55	39	5	40	28	41	42	42	9	43	87	44	29	45	49	46	95	47	55	48	13	49	89	
	0	67	1	81	2	28	3	49	4	79	5	35	6	66	7	93	8	49	9	67	10	68	11	94	12	47	13	65	14	79	15	82	16	37	17	44	18	75	19	29	20	92	21	84	22	78	23	89	24	106	25	56	26	51	27	80	28	48	29	98	30	17	31	92	32	69	33	22	34	86	35	60	36	87	37	33	38	62	39	17	40	31	41	43	42	18	43	78	44	19	45	47	46	100	47	63	48	4	49	92	
	0	57	1	96	2	38	3	39	4	92	5	40	6	50	7	83	8	36	9	62	10	65	11	93	12	44	13	63	14	78	15	85	16	38	17	46	18	75	19	38	20	97	21	90	22	66	23	90	24	106	25	56	26	51	27	83	28	50	29	95	30	31	31	93	32	66	33	24	34	94	35	74	36	95	37	48	38	70	39	17	40	37	41	45	42	18	43	74	44	17	45	43	46	105	47	61	48	3	49	89	
	0	64	1	96	2	35	3	45	4	83	5	33	6	66	7	97	8	41	9	73	10	69	11	91	12	33	13	63	14	70	15	73	16	32	17	50	18	82	19	29	20	101	21	95	22	78	23	88	24	103	25	53	26	52	27	73	28	57	29	99	30	36	31	80	32	69	33	18	34	98	35	56	36	91	37	46	38	70	39	12	40	38	41	37	42	11	43	80	44	20	45	51	46	104	47	67	48	20	49	91	
	0	65	1	86	2	32	3	47	4	84	5	32	6	51	7	93	8	42	9	69	10	51	11	102	12	29	13	73	14	79	15	90	16	30	17	58	18	82	19	32	20	101	21	95	22	73	23	91	24	115	25	48	26	41	27	73	28	52	29	86	30	26	31	97	32	68	33	22	34	92	35	69	36	93	37	34	38	54	39	16	40	36	41	36	42	11	43	69	44	17	45	41	46	101	47	57	48	13	49	100	
	0	50	1	81	2	39	3	39	4	89	5	49	6	55	7	83	8	36	9	61	10	57	11	101	12	37	13	66	14	77	15	78	16	35	17	58	18	79	19	26	20	85	21	92	22	65	23	86	24	105	25	57	26	40	27	82	28	46	29	95	30	23	31	92	32	71	33	21	34	82	35	74	36	94	37	38	38	54	39	19	40	35	41	39	42	17	43	72	44	25	45	51	46	91	47	57	48	14	49	89	
	0	65	1	86	2	44	3	39	4	74	5	36	6	59	7	85	8	41	9	71	10	68	11	105	12	43	13	62	14	63	15	82	16	32	17	58	18	78	19	39	20	96	21	90	22	82	23	78	24	113	25	58	26	50	27	72	28	50	29	83	30	29	31	82	32	62	33	14	34	99	35	60	36	85	37	31	38	53	39	19	40	28	41	42	42	16	43	83	44	17	45	51	46	109	47	67	48	21	49	88	
	0	49	1	85	2	30	3	43	4	93	5	34	6	57	7	102	8	50	9	71	10	55	11	97	12	44	13	74	14	79	15	76	16	31	17	52	18	74	19	41	20	82	21	78	22	78	23	94	24	108	25	59	26	43	27	67	28	46	29	84	30	22	31	92	32	61	33	26	34	95	35	68	36	88	37	46	38	57	39	19	40	25	41	43	42	8	43	84	44	25	45	45	46	96	47	55	48	10	49	96	
	0	57	1	96	2	32	3	51	4	77	5	37	6	54	7	89	8	34	9	65	10	59	11	107	12	38	13	71	14	76	15	90	16	24	17	53	18	79	19	30	20	88	21	95	22	71	23	81	24	106	25	54	26	38	27	77	28	58	29	101	30	31	31	81	32	61	33	12	34	100	35	65	36	82	37	42	38	70	39	22	40	24	41	33	42	7	43	71	44	11	45	45	46	106	47	54	48	3	49	101	
	0	62	1	85	2	32	3	55	4	79	5	49	6	49	7	93	8	33	9	54	10	52	11	108	12	33	13	72	14	73	15	90	16	33	17	47	18	67	19	43	20	83	21	82	22	80	23	89	24	102	25	49	26	49	27	75	28	49	29	87	30	32	31	94	32	69	33	11	34	92	35	70	36	87	37	34	38	59	39	8	40	23	41	42	42	10	43	69	44	19	45	56	46	102	47	66	48	7	49	101	
	0	65	1	96	2	32	3	43	4	75	5	38	6	61	7	92	8	32	9	65	10	57	11	104	12	40	13	68	14	78	15	74	16	29	17	53	18	75	19	40	20	101	21	78	22	65	23	94	24	116	25	49	26	46	27	78	28	61	29	94	30	20	31	97	32	57	33	26	34	96	35	70	36	95	37	35	38	52	39	15	40	23	41	42	42	3	43	72	44	25	45	47	46	101	47	70	48	10	49	88	
	0	50	1	95	2	25	3	49	4	82	5	46	6	52	7	87	8	45	9	71	10	64	11	101	12	30	13	68	14	78	15	74	16	25	17	53	18	70	19	24	20	93	21	95	22	72	23	95	24	119	25	50	26	40	27	71	28	58	29	89	30	20	31	81	32	71	33	29	34	84	35	75	36	98	37	38	38	53	39	14	40	32	41	50	42	18	43	80	44	19	45	43	46	104	47	58	48	16	49	98	
	0	52	1	84	2	39	3	43	4	86	5	42	6	54	7	92	8	50	9	58	10	51	11	110	12	32	13	74	14	71	15	90	16	31	17	44	18	75	19	41	20	82	21	93	22	83	23	95	24	116	25	58	26	50	27	72	28	48	29	86	30	17	31	80	32	63	33	26	34	95	35	68	36	86	37	46	38	65	39	24	40	32	41	46	42	15	43	72	44	15	45	39	46	104	47	55	48	7	49	94	
	0	63	1	81	2	42	3	57	4	79	5	49	6	48	7	92	8	47	9	65	10	62	11	110	12	47	13	59	14	81	15	79	16	35	17	47	18	75	19	43	20	93	21	82	22	65	23	83	24	101	25	50	26	36	27	73	28	46	29	82	30	23	31	88	32	70	33	17	34	87	35	58	36	86	37	36	38	62	39	8	40	36	41	48	42	13	43	76	44	13	45	45	46	100	47	53	48	4	49	93	
	0	57	1	82	2	42	3	42	4	77	5	49	6	58	7	83	8	48	9	61	10	66	11	100	12	35	13	61	14	70	15	90	16	29	17	49	18	86	19	38	20	96	21	79	22	67	23	78	24	110	25	54	26	45	27	79	28	62	29	99	30	34	31	81	32	70	33	14	34	86	35	66	36	89	37	30	38	64	39	9	40	26	41	49	42	16	43	73	44	15	45	42	46	103	47	60	48	15	49	102	
	0	63	1	92	2	43	3	50	4	92	5	31	6	51	7	86	8	33	9	62	10	63	11	105	12	44	13	72	14	76	15	82	16	32	17	46	18	74	19	37	20	87	21	86	22	78	23	80	24	104	25	58	26	49	27	74	28	52	29	94	30	18	31	97	32	61	33	23	34	89	35	58	36	80	37	42	38	55	39	19	40	36	41	48	42	12	43	85	44	22	45	50	46	103	47	54	48	8	49	93	
	0	62	1	82	2	26	3	46	4	81	5	41	6	62	7	92	8	47	9	66	10	64	11	99	12	43	13	60	14	63	15	85	16	20	17	52	18	84	19	25	20	97	21	97	22	70	23	80	24	113	25	47	26	37	27	76	28	52	29	87	30	35	31	91	32	60	33	19	34	82	35	68	36	96	37	34	38	56	39	7	40	27	41	42	42	3	43	79	44	14	45	46	46	109	47	64	48	16	49	91	
	0	59	1	86	2	39	3	40	4	80	5	38	6	55	7	85	8	43	9	59	10	61	11	100	12	37	13	68	14	80	15	81	16	21	17	47	18	86	19	31	20	99	21	96	22	74	23	93	24	107	25	51	26	34	27	66	28	53	29	101	30	26	31	92	32	72	33	26	34	101	35	58	36	85	37	32	38	51	39	6	40	34	41	35	42	22	43	72	44	23	45	55	46	108	47	55	48	16	49	106	
	0	48	1	84	2	32	3	43	4	90	5	42	6	62	7	102	8	37	9	70	10	68	11	98	12	31	13	72	14	78	15	76	16	36	17	46	18	76	19	28	20	82	21	89	22	66	23	77	24	113	25	49	26	38	27	84	28	54	29	99	30	34	31	92	32	64	33	27	34	94	35	60	36	96	37	43	38	63	39	7	40	38	41	33	42	16	43	82	44	16	45	44	46	110	47	54	48	2	49	89	
	0	50	1	88	2	40	3	39	4	80	5	48	6	66	7	91	8	36	9	61	10	70	11	98	12	37	13	73	14	81	15	91	16	24	17	45	18	68	19	24	20	85	21	89	22	66	23	82	24	109	25	64	26	51	27	76	28	62	29	97	30	34	31	92	32	59	33	25	34	86	35	60	36	91	37	37	38	54	39	5	40	39	41	35	42	5	43	75	44	25	45	53	46	101	47	60	48	6	49	101	
	0	52	1	96	2	35	3	58	4	75	5	41	6	49	7	100	8	47	9	60	10	52	11	91	12	31	13	66	14	64	15	76	16	36	17	51	18	67	19	38	20	91	21	81	22	72	23	84	24	114	25	58	26	43	27	82	28	62	29	88	30	30	31	99	32	61	33	12	34	100	35	68	36	88	37	32	38	62	39	15	40	27	41	38	42	19	43	76	44	23	45	46	46	104	47	65	48	6	49	91	
	0	67	1	85	2	25	3	44	4	85	5	42	6	62	7	97	8	47	9	57	10	61	11	101	12	32	13	57	14	81	15	87	16	28	17	59	18	83	19	31	20	88	21	80	22	74	23	86	24	103	25	52	26	39	27	66	28	52	29	98	30	34	31	88	32	70	33	19	34	87	35	74	36	93	37	32	38	70	39	23	40	31	41	50	42	17	43	76	44	26	45	40	46	99	47	60	48	3	49	92	
	0	53	1	80	2	26	3	51	4	77	5	33	6	62	7	93	8	34	9	62	10	53	11	106	12	47	13	72	14	75	15	77	16	38	17	44	18	71	19	35	20	87	21	83	22	84	23	81	24	101	25	58	26	34	27	72	28	56	29	91	30	20	31	92	32	70	33	24	34	84	35	65	36	98	37	39	38	53	39	14	40	38	41	34	42	20	43	72	44	22	45	55	46	94	47	70	48	9	49	99	
	0	64	1	86	2	25	3	47	4	79	5	47	6	52	7	99	8	42	9	67	10	58	11	104	12	46	13	69	14	66	15	88	16	26	17	56	18	73	19	32	20	87	21	92	22	82	23	89	24	108	25	57	26	41	27	75	28	48	29	101	30	32	31	92	32	73	33	17	34	101	35	57	36	83	37	39	38	60	39	21	40	36	41	37	42	16	43	73	44	25	45	53	46	100	47	52	48	10	49	103	
	0	60	1	83	2	25	3	56	4	79	5	40	6	66	7	100	8	39	9	62	10	62	11	108	12	37	13	67	14	64	15	92	16	37	17	48	18	71	19	29	20	87	21	88	22	66	23	83	24	102	25	62	26	35	27	65	28	46	29	97	30	25	31	83	32	69	33	26	34	93	35	64	36	80	37	43	38	58	39	10	40	23	41	36	42	7	43	77	44	13	45	52	46	110	47	55	48	2	49	88	
	0	51	1	89	2	40	3	58	4	93	5	36	6	47	7	85	8	35	9	71	10	70	11	106	12	35	13	63	14	76	15	81	16	35	17	49	18	75	19	28	20	91	21	95	22	80	23	91	24	112	25	66	26	48	27	75	28	53	29	90	30	19	31	84	32	75	33	23	34	95	35	61	36	96	37	37	38	51	39	5	40	28	41	35	42	6	43	75	44	18	45	44	46	95	47	60	48	12	49	99	
	0	56	1	96	2	34	3	49	4	78	5	32	6	65	7	83	8	51	9	60	10	67	11	110	12	45	13	60	14	63	15	83	16	31	17	47	18	77	19	41	20	84	21	93	22	80	23	81	24	104	25	49	26	49	27	70	28	55	29	99	30	28	31	98	32	75	33	18	34	84	35	68	36	90	37	49	38	58	39	22	40	37	41	48	42	20	43	81	44	22	45	45	46	107	47	67	48	20	49	96	
	0	58	1	82	2	40	3	50	4	84	5	34	6	50	7	83	8	38	9	64	10	68	11	105	12	29	13	60	14	77	15	79	16	31	17	53	18	69	19	26	20	86	21	81	22	73	23	78	24	118	25	57	26	51	27	78	28	57	29	95	30	29	31	88	32	73	33	19	34	89	35	68	36	93	37	30	38	66	39	20	40	33	41	50	42	6	43	87	44	29	45	51	46	101	47	63	48	2	49	93	
	0	53	1	91	2	27	3	55	4	91	5	41	6	49	7	94	8	51	9	54	10	54	11	105	12	41	13	55	14	79	15	84	16	25	17	54	18	67	19	27	20	85	21	94	22	67	23	84	24	114	25	66	26	50	27	79	28	47	29	82	30	36	31	80	32	66	33	19	34	98	35	63	36	87	37	32	38	51	39	21	40	31	41	47	42	5	43	85	44	28	45	47	46	107	47	53	48	19	49	104	
	0	54	1	89	2	31	3	57	4	92	5	31	6	50	7	101	8	40	9	57	10	62	11	103	12	31	13	61	14	82	15	82	16	20	17	59	18	76	19	29	20	94	21	83	22	71	23	96	24	106	25	53	26	51	27	83	28	57	29	97	30	30	31	88	32	66	33	14	34	96	35	74	36	86	37	40	38	51	39	11	40	24	41	46	42	4	43	72	44	29	45	54	46	108	47	59	48	14	49	100	
	0	58	1	82	2	40	3	42	4	85	5	38	6	59	7	91	8	46	9	60	10	52	11	109	12	45	13	59	14	75	15	89	16	20	17	44	18	70	19	43	20	97	21	96	22	73	23	95	24	108	25	50	26	40	27	80	28	47	29	99	30	28	31	81	32	57	33	20	34	100	35	58	36	83	37	44	38	62	39	13	40	29	41	32	42	10	43	72	44	28	45	40	46	94	47	51	48	17	49	101	
	0	57	1	86	2	31	3	40	4	81	5	37	6	51	7	90	8	41	9	72	10	65	11	95	12	32	13	63	14	72	15	81	16	36	17	53	18	75	19	28	20	91	21	80	22	80	23	80	24	100	25	57	26	36	27	69	28	56	29	97	30	27	31	81	32	63	33	15	34	86	35	72	36	96	37	36	38	69	39	17	40	38	41	41	42	14	43	73	44	24	45	55	46	100	47	52	48	9	49	99	
	0	66	1	80	2	36	3	44	4	78	5	31	6	55	7	95	8	43	9	69	10	58	11	101	12	40	13	59	14	68	15	85	16	29	17	60	18	81	19	36	20	82	21	86	22	75	23	78	24	105	25	47	26	41	27	72	28	53	29	91	30	18	31	98	32	70	33	27	34	84	35	62	36	90	37	39	38	70	39	10	40	37	41	50	42	14	43	77	44	16	45	54	46	99	47	54	48	8	49	102	
	0	63	1	79	2	39	3	50	4	82	5	36	6	50	7	88	8	34	9	59	10	58	11	96	12	32	13	59	14	78	15	90	16	39	17	53	18	70	19	33	20	84	21	89	22	66	23	81	24	116	25	63	26	52	27	82	28	59	29	87	30	22	31	97	32	59	33	11	34	91	35	63	36	92	37	38	38	58	39	19	40	23	41	35	42	7	43	68	44	25	45	38	46	93	47	66	48	15	49	97	
	0	51	1	78	2	35	3	39	4	82	5	46	6	59	7	93	8	46	9	58	10	66	11	106	12	33	13	66	14	76	15	89	16	35	17	46	18	86	19	43	20	82	21	81	22	68	23	91	24	112	25	65	26	48	27	84	28	62	29	95	30	29	31	94	32	63	33	19	34	96	35	66	36	96	37	33	38	61	39	6	40	27	41	36	42	22	43	84	44	14	45	55	46	94	47	69	48	13	49	93	
	0	50	1	88	2	26	3	39	4	76	5	45	6	61	7	93	8	32	9	66	10	57	11	109	12	46	13	67	14	75	15	73	16	38	17	56	18	75	19	25	20	100	21	87	22	65	23	83	24	100	25	48	26	42	27	82	28	63	29	92	30	28	31	91	32	56	33	15	34	84	35	72	36	98	37	35	38	66	39	15	40	39	41	47	42	7	43	81	44	14	45	45	46	103	47	55	48	17	49	99	
	0	65	1	79	2	27	3	56	4	75	5	43	6	62	7	101	8	46	9	69	10	60	11	98	12	48	13	59	14	68	15	92	16	39	17	59	18	67	19	29	20	83	21	79	22	67	23	83	24	101	25	55	26	33	27	68	28	46	29	92	30	18	31	85	32	67	33	20	34	84	35	72	36	84	37	40	38	66	39	5	40	25	41	39	42	18	43	84	44	16	45	40	46	100	47	60	48	8	49	101	
	0	56	1	80	2	44	3	40	4	74	5	39	6	61	7	99	8	34	9	72	10	69	11	94	12	42	13	55	14	67	15	91	16	35	17	58	18	79	19	35	20	98	21	79	22	68	23	95	24	115	25	49	26	33	27	79	28	45	29	98	30	17	31	94	32	74	33	24	34	97	35	58	36	98	37	43	38	67	39	23	40	35	41	43	42	3	43	85	44	14	45	53	46	106	47	66	48	14	49	95	
	0	66	1	95	2	29	3	43	4	83	5	45	6	59	7	92	8	36	9	73	10	68	11	105	12	46	13	73	14	75	15	85	16	34	17	50	18	85	19	27	20	94	21	82	22	71	23	79	24	112	25	66	26	33	27	75	28	54	29	100	30	19	31	93	32	74	33	23	34	89	35	70	36	82	37	39	38	64	39	16	40	34	41	36	42	15	43	87	44	20	45	47	46	93	47	55	48	8	49	91	
	0	66	1	89	2	26	3	42	4	74	5	39	6	57	7	91	8	46	9	67	10	65	11	91	12	31	13	74	14	75	15	74	16	29	17	50	18	69	19	33	20	84	21	83	22	82	23	79	24	112	25	52	26	46	27	66	28	56	29	85	30	36	31	83	32	60	33	27	34	101	35	58	36	83	37	40	38	69	39	6	40	26	41	41	42	21	43	78	44	22	45	44	46	105	47	52	48	4	49	90	
	0	62	1	78	2	28	3	54	4	74	5	41	6	59	7	98	8	45	9	61	10	55	11	98	12	43	13	60	14	72	15	75	16	38	17	47	18	86	19	43	20	97	21	84	22	72	23	86	24	103	25	60	26	47	27	72	28	59	29	94	30	28	31	97	32	65	33	22	34	97	35	57	36	80	37	49	38	57	39	17	40	36	41	50	42	10	43	84	44	29	45	46	46	104	47	70	48	14	49	104	
	0	60	1	83	2	34	3	41	4	87	5	32	6	63	7	100	8	41	9	55	10	57	11	94	12	46	13	60	14	77	15	83	16	27	17	49	18	80	19	24	20	97	21	86	22	84	23	89	24	106	25	54	26	35	27	68	28	59	29	95	30	25	31	93	32	62	33	18	34	94	35	64	36	93	37	31	38	67	39	15	40	31	41	32	42	4	43	71	44	23	45	38	46	98	47	68	48	3	49	105	
	0	56	1	90	2	28	3	53	4	83	5	30	6	55	7	84	8	36	9	57	10	64	11	104	12	31	13	66	14	75	15	89	16	27	17	63	18	81	19	26	20	85	21	94	22	84	23	83	24	119	25	60	26	40	27	68	28	51	29	94	30	19	31	87	32	68	33	10	34	82	35	65	36	83	37	48	38	66	39	22	40	23	41	45	42	17	43	74	44	25	45	51	46	102	47	62	48	18	49	95	
	0	49	1	96	2	44	3	44	4	90	5	36	6	59	7	100	8	41	9	59	10	70	11	93	12	42	13	61	14	69	15	87	16	39	17	44	18	83	19	38	20	82	21	78	22	74	23	87	24	103	25	65	26	46	27	78	28	46	29	83	30	28	31	90	32	64	33	20	34	92	35	62	36	90	37	39	38	67	39	6	40	30	41	48	42	17	43	80	44	20	45	54	46	102	47	67	48	18	49	88	
	0	51	1	77	2	35	3	44	4	93	5	32	6	66	7	89	8	39	9	67	10	70	11	93	12	29	13	68	14	81	15	80	16	39	17	63	18	78	19	33	20	101	21	87	22	69	23	95	24	104	25	48	26	39	27	77	28	54	29	95	30	18	31	86	32	66	33	21	34	90	35	56	36	98	37	37	38	51	39	6	40	26	41	38	42	8	43	68	44	10	45	39	46	97	47	67	48	17	49	90	
	0	64	1	78	2	25	3	53	4	90	5	30	6	60	7	83	8	48	9	73	10	55	11	108	12	48	13	56	14	80	15	88	16	37	17	45	18	74	19	31	20	86	21	86	22	65	23	87	24	110	25	64	26	36	27	82	28	47	29	90	30	24	31	88	32	73	33	25	34	96	35	62	36	86	37	39	38	70	39	7	40	25	41	38	42	20	43	70	44	15	45	41	46	92	47	68	48	13	49	90	
	0	59	1	88	2	34	3	54	4	74	5	45	6	51	7	101	8	48	9	60	10	53	11	110	12	33	13	58	14	81	15	80	16	36	17	57	18	86	19	25	20	83	21	88	22	77	23	84	24	119	25	62	26	47	27	83	28	51	29	101	30	22	31	99	32	72	33	26	34	94	35	66	36	98	37	41	38	56	39	21	40	26	41	34	42	14	43	68	44	11	45	40	46	91	47	61	48	4	49	98	
	0	62	1	90	2	36	3	57	4	93	5	38	6	53	7	87	8	51	9	73	10	66	11	107	12	29	13	65	14	70	15	88	16	39	17	58	18	75	19	29	20	87	21	94	22	66	23	95	24	109	25	64	26	48	27	70	28	47	29	100	30	17	31	94	32	61	33	19	34	84	35	64	36	79	37	43	38	69	39	24	40	28	41	42	42	15	43	83	44	15	45	51	46	103	47	70	48	16	49	101	
	0	50	1	90	2	37	3	45	4	78	5	49	6	55	7	87	8	40	9	62	10	60	11	97	12	38	13	63	14	64	15	79	16	22	17	50	18	71	19	36	20	90	21	93	22	77	23	87	24	112	25	51	26	46	27	77	28	64	29	83	30	33	31	95	32	68	33	21	34	99	35	56	36	79	37	42	38	56	39	18	40	38	41	48	42	14	43	73	44	28	45	53	46	97	47	60	48	9	49	101	
	0	62	1	95	2	29	3	55	4	91	5	34	6	60	7	87	8	41	9	67	10	69	11	106	12	34	13	73	14	79	15	76	16	27	17	48	18	67	19	27	20	98	21	85	22	76	23	77	24	108	25	48	26	39	27	76	28	54	29	82	30	20	31	97	32	74	33	25	34	92	35	74	36	94	37	49	38	51	39	21	40	30	41	33	42	4	43	83	44	16	45	42	46	107	47	52	48	4	49	91	
	0	58	1	79	2	35	3	55	4	74	5	46	6	54	7	88	8	48	9	58	10	64	11	109	12	46	13	56	14	66	15	81	16	26	17	53	18	70	19	30	20	86	21	88	22	67	23	82	24	100	25	51	26	46	27	72	28	54	29	85	30	17	31	92	32	70	33	17	34	88	35	61	36	97	37	37	38	58	39	8	40	22	41	42	42	13	43	76	44	16	45	48	46	103	47	69	48	10	49	101	
	0	51	1	78	2	32	3	50	4	93	5	37	6	66	7	83	8	33	9	72	10	62	11	98	12	45	13	55	14	73	15	79	16	23	17	50	18	72	19	42	20	94	21	80	22	67	23	89	24	118	25	58	26	50	27	71	28	64	29	96	30	26	31	80	32	59	33	13	34	87	35	59	36	80	37	38	38	53	39	9	40	32	41	33	42	7	43	71	44	20	45	55	46	102	47	58	48	16	49	106	
	0	57	1	80	2	43	3	56	4	83	5	33	6	60	7	87	8	49	9	57	10	66	11	91	12	35	13	61	14	81	15	87	16	27	17	53	18	74	19	26	20	84	21	80	22	81	23	84	24	111	25	47	26	37	27	70	28	63	29	92	30	23	31	97	32	59	33	16	34	83	35	59	36	94	37	30	38	64	39	21	40	39	41	36	42	9	43	70	44	18	45	40	46	109	47	60	48	17	49	94	
	0	62	1	93	2	31	3	55	4	82	5	30	6	57	7	98	8	51	9	61	10	59	11	100	12	32	13	56	14	70	15	82	16	22	17	53	18	76	19	38	20	97	21	86	22	67	23	90	24	109	25	50	26	43	27	69	28	50	29	85	30	36	31	89	32	64	33	17	34	83	35	66	36	91	37	38	38	54	39	6	40	35	41	40	42	8	43	72	44	28	45	47	46	99	47	65	48	21	49	90	
	0	62	1	81	2	44	3	52	4	88	5	48	6	59	7	92	8	44	9	71	10	62	11	102	12	32	13	56	14	73	15	83	16	21	17	50	18	84	19	37	20	93	21	86	22	82	23	80	24	106	25	51	26	35	27	80	28	48	29	94	30	24	31	91	32	64	33	15	34	89	35	66	36	98	37	31	38	62	39	16	40	38	41	31	42	18	43	81	44	17	45	45	46	97	47	60	48	11	49	89	
	0	59	1	95	2	40	3	52	4	88	5	36	6	50	7	96	8	51	9	59	10	69	11	97	12	43	13	66	14	74	15	90	16	23	17	47	18	72	19	34	20	82	21	94	22	72	23	92	24	114	25	52	26	34	27	81	28	57	29	97	30	32	31	89	32	65	33	12	34	88	35	58	36	84	37	39	38	60	39	22	40	40	41	45	42	20	43	83	44	27	45	43	46	108	47	64	48	2	49	96	
	0	67	1	80	2	26	3	44	4	92	5	48	6	50	7	83	8	45	9	69	10	52	11	107	12	42	13	74	14	75	15	89	16	23	17	47	18	77	19	40	20	101	21	97	22	80	23	88	24	103	25	56	26	39	27	81	28	49	29	101	30	34	31	89	32	58	33	22	34	93	35	74	36	95	37	47	38	70	39	22	40	40	41	34	42	9	43	68	44	22	45	41	46	94	47	58	48	8	49	107	
	0	66	1	80	2	44	3	40	4	74	5	34	6	56	7	102	8	47	9	69	10	64	11	100	12	36	13	67	14	67	15	90	16	24	17	61	18	72	19	37	20	83	21	78	22	69	23	83	24	117	25	66	26	37	27	77	28	51	29	83	30	35	31	92	32	63	33	16	34	93	35	68	36	84	37	34	38	65	39	13	40	39	41	33	42	6	43	82	44	24	45	48	46	106	47	56	48	8	49	103	
	0	59	1	90	2	40	3	45	4	93	5	30	6	55	7	100	8	43	9	58	10	56	11	107	12	42	13	73	14	67	15	74	16	30	17	55	18	83	19	26	20	99	21	84	22	83	23	85	24	105	25	63	26	39	27	71	28	62	29	96	30	34	31	86	32	72	33	21	34	91	35	59	36	98	37	34	38	56	39	17	40	40	41	48	42	19	43	82	44	14	45	39	46	97	47	61	48	15	49	103	
	0	59	1	89	2	32	3	55	4	75	5	31	6	57	7	83	8	41	9	55	10	57	11	103	12	38	13	63	14	66	15	89	16	31	17	59	18	71	19	39	20	99	21	79	22	79	23	94	24	116	25	63	26	37	27	84	28	63	29	101	30	36	31	90	32	74	33	25	34	99	35	58	36	86	37	35	38	53	39	18	40	29	41	37	42	14	43	71	44	14	45	56	46	95	47	67	48	7	49	93	
	0	57	1	81	2	41	3	41	4	76	5	35	6	60	7	101	8	42	9	71	10	59	11	100	12	29	13	69	14	65	15	86	16	27	17	48	18	76	19	25	20	99	21	93	22	66	23	86	24	117	25	61	26	50	27	80	28	64	29	87	30	18	31	92	32	60	33	10	34	91	35	65	36	92	37	46	38	55	39	19	40	30	41	50	42	14	43	74	44	24	45	45	46	98	47	63	48	18	49	89	
	0	58	1	78	2	36	3	39	4	90	5	35	6	56	7	102	8	47	9	62	10	67	11	98	12	40	13	74	14	67	15	82	16	29	17	51	18	75	19	39	20	87	21	86	22	71	23	83	24	105	25	57	26	36	27	80	28	63	29	85	30	18	31	99	32	58	33	14	34	93	35	73	36	82	37	44	38	69	39	10	40	40	41	35	42	18	43	87	44	22	45	39	46	100	47	66	48	5	49	101	
	0	61	1	83	2	26	3	46	4	81	5	34	6	61	7	96	8	38	9	65	10	64	11	93	12	43	13	56	14	63	15	73	16	25	17	53	18	71	19	31	20	83	21	94	22	73	23	85	24	119	25	48	26	44	27	71	28	60	29	84	30	23	31	81	32	57	33	25	34	82	35	63	36	92	37	46	38	53	39	22	40	24	41	33	42	7	43	79	44	21	45	55	46	93	47	51	48	18	49	103	
	0	53	1	85	2	40	3	40	4	80	5	44	6	53	7	92	8	35	9	68	10	68	11	104	12	30	13	61	14	66	15	81	16	21	17	47	18	78	19	31	20	85	21	85	22	65	23	80	24	105	25	65	26	39	27	73	28	60	29	98	30	18	31	80	32	61	33	26	34	84	35	74	36	88	37	44	38	70	39	16	40	39	41	42	42	18	43	68	44	23	45	47	46	109	47	58	48	9	49	95	
	0	66	1	94	2	44	3	55	4	79	5	41	6	64	7	87	8	48	9	62	10	60	11	109	12	44	13	58	14	77	15	90	16	23	17	62	18	83	19	24	20	89	21	80	22	82	23	91	24	117	25	57	26	33	27	65	28	59	29	97	30	17	31	99	32	64	33	29	34	97	35	61	36	91	37	39	38	60	39	8	40	38	41	43	42	13	43	86	44	29	45	40	46	109	47	63	48	16	49	97	
	0	53	1	85	2	34	3	45	4	84	5	43	6	57	7	90	8	39	9	64	10	54	11	98	12	30	13	55	14	77	15	89	16	35	17	53	18	80	19	37	20	100	21	97	22	72	23	78	24	108	25	51	26	38	27	65	28	62	29	98	30	26	31	92	32	64	33	13	34	101	35	65	36	94	37	45	38	67	39	12	40	24	41	41	42	12	43	85	44	26	45	47	46	91	47	70	48	7	49	94	
	0	62	1	84	2	40	3	51	4	89	5	42	6	62	7	99	8	50	9	72	10	62	11	92	12	39	13	73	14	68	15	73	16	26	17	57	18	80	19	42	20	82	21	85	22	70	23	85	24	109	25	49	26	48	27	84	28	54	29	96	30	25	31	82	32	60	33	27	34	83	35	74	36	94	37	33	38	51	39	13	40	34	41	36	42	4	43	83	44	28	45	52	46	97	47	60	48	21	49	99	
	0	48	1	88	2	32	3	44	4	90	5	30	6	58	7	85	8	32	9	72	10	58	11	99	12	38	13	73	14	64	15	86	16	37	17	44	18	79	19	39	20	91	21	78	22	80	23	96	24	113	25	58	26	43	27	73	28	51	29	100	30	33	31	94	32	70	33	12	34	89	35	75	36	95	37	37	38	65	39	9	40	29	41	34	42	16	43	78	44	22	45	44	46	98	47	63	48	7	49	98	
	0	56	1	94	2	37	3	49	4	93	5	38	6	53	7	100	8	51	9	64	10	64	11	96	12	43	13	66	14	74	15	85	16	21	17	62	18	69	19	41	20	91	21	94	22	65	23	92	24	105	25	55	26	50	27	75	28	59	29	90	30	20	31	83	32	62	33	10	34	83	35	71	36	86	37	40	38	66	39	17	40	34	41	37	42	13	43	77	44	20	45	41	46	100	47	59	48	4	49	103	
	0	64	1	85	2	42	3	57	4	79	5	42	6	53	7	87	8	42	9	61	10	66	11	95	12	40	13	70	14	76	15	80	16	39	17	54	18	77	19	36	20	88	21	94	22	84	23	82	24	106	25	63	26	49	27	69	28	55	29	90	30	32	31	91	32	75	33	29	34	96	35	66	36	87	37	31	38	55	39	14	40	38	41	41	42	18	43	86	44	25	45	38	46	104	47	52	48	21	49	97	
	0	64	1	90	2	43	3	41	4	81	5	36	6	50	7	85	8	36	9	58	10	67	11	97	12	34	13	60	14	75	15	74	16	38	17	63	18	84	19	25	20	91	21	93	22	77	23	88	24	104	25	52	26	48	27	77	28	46	29	94	30	34	31	85	32	70	33	19	34	86	35	67	36	87	37	32	38	69	39	10	40	22	41	47	42	21	43	82	44	12	45	49	46	96	47	55	48	6	49	102	
	0	48	1	83	2	29	3	58	4	84	5	33	6	62	7	84	8	46	9	72	10	58	11	103	12	47	13	57	14	65	15	86	16	26	17	63	18	80	19	35	20	100	21	79	22	80	23	87	24	105	25	62	26	42	27	73	28	45	29	91	30	18	31	98	32	62	33	21	34	86	35	75	36	90	37	32	38	62	39	6	40	21	41	32	42	21	43	73	44	17	45	54	46	92	47	59	48	11	49	90	
	0	53	1	84	2	43	3	44	4	76	5	37	6	47	7	92	8	44	9	67	10	64	11	106	12	42	13	58	14	69	15	90	16	29	17	55	18	67	19	29	20	101	21	95	22	75	23	80	24	103	25	54	26	42	27	70	28	64	29	85	30	24	31	81	32	73	33	29	34	97	35	72	36	98	37	35	38	63	39	19	40	28	41	37	42	17	43	82	44	25	45	44	46	100	47	61	48	8	49	91	
	0	57	1	83	2	34	3	50	4	77	5	42	6	65	7	90	8	51	9	63	10	61	11	104	12	31	13	72	14	67	15	89	16	20	17	51	18	77	19	39	20	91	21	85	22	84	23	86	24	109	25	61	26	47	27	80	28	51	29	93	30	35	31	91	32	71	33	22	34	97	35	65	36	93	37	49	38	68	39	21	40	25	41	37	42	8	43	69	44	19	45	48	46	107	47	63	48	17	49	101	
	0	49	1	89	2	41	3	57	4	89	5	38	6	61	7	93	8	37	9	67	10	58	11	95	12	40	13	60	14	76	15	73	16	32	17	49	18	76	19	40	20	92	21	96	22	68	23	83	24	115	25	48	26	51	27	84	28	46	29	89	30	19	31	86	32	59	33	20	34	82	35	66	36	85	37	49	38	58	39	22	40	37	41	43	42	14	43	79	44	27	45	55	46	102	47	67	48	20	49	98	
	0	61	1	94	2	41	3	56	4	85	5	45	6	49	7	86	8	38	9	61	10	67	11	102	12	30	13	56	14	80	15	78	16	39	17	50	18	83	19	43	20	88	21	93	22	65	23	85	24	111	25	60	26	49	27	84	28	52	29	86	30	19	31	82	32	73	33	15	34	100	35	56	36	96	37	33	38	68	39	19	40	26	41	45	42	7	43	84	44	21	45	53	46	93	47	55	48	13	49	98	
	0	65	1	77	2	27	3	51	4	89	5	32	6	49	7	98	8	41	9	64	10	65	11	96	12	32	13	69	14	72	15	75	16	38	17	45	18	83	19	41	20	91	21	93	22	74	23	88	24	118	25	49	26	51	27	83	28	63	29	89	30	18	31	84	32	65	33	13	34	96	35	70	36	87	37	34	38	66	39	22	40	22	41	44	42	14	43	87	44	11	45	39	46	108	47	69	48	10	49	88	
	0	60	1	80	2	25	3	52	4	75	5	35	6	55	7	90	8	42	9	68	10	53	11	98	12	30	13	62	14	67	15	75	16	31	17	51	18	81	19	28	20	82	21	90	22	73	23	94	24	108	25	52	26	44	27	79	28	48	29	83	30	24	31	95	32	67	33	21	34	94	35	58	36	79	37	48	38	70	39	11	40	37	41	43	42	14	43	70	44	27	45	48	46	109	47	64	48	15	49	103	
	0	55	1	86	2	38	3	50	4	93	5	34	6	51	7	98	8	42	9	68	10	55	11	93	12	31	13	67	14	76	15	90	16	35	17	63	18	67	19	31	20	98	21	93	22	80	23	83	24	105	25	56	26	42	27	82	28	52	29	91	30	22	31	94	32	75	33	29	34	93	35	73	36	89	37	34	38	55	39	7	40	21	41	40	42	5	43	72	44	10	45	49	46	98	47	54	48	5	49	91	
	0	64	1	90	2	35	3	49	4	91	5	35	6	48	7	94	8	33	9	63	10	58	11	91	12	41	13	73	14	64	15	74	16	30	17	55	18	78	19	24	20	93	21	86	22	69	23	81	24	107	25	60	26	52	27	66	28	54	29	95	30	25	31	99	32	59	33	17	34	82	35	75	36	80	37	31	38	61	39	18	40	39	41	39	42	10	43	80	44	11	45	55	46	99	47	60	48	6	49	98	
	0	63	1	80	2	40	3	44	4	80	5	38	6	61	7	92	8	46	9	64	10	69	11	97	12	35	13	67	14	82	15	85	16	26	17	44	18	81	19	42	20	87	21	87	22	69	23	90	24	118	25	52	26	43	27	70	28	52	29	83	30	27	31	89	32	58	33	20	34	89	35	73	36	79	37	34	38	53	39	16	40	26	41	49	42	19	43	79	44	24	45	38	46	95	47	67	48	17	49	90	
	0	49	1	92	2	35	3	51	4	85	5	45	6	63	7	98	8	50	9	63	10	54	11	109	12	44	13	58	14	80	15	81	16	20	17	51	18	76	19	40	20	99	21	78	22	78	23	92	24	117	25	59	26	39	27	81	28	61	29	98	30	31	31	90	32	63	33	15	34	91	35	74	36	79	37	34	38	53	39	17	40	32	41	48	42	15	43	75	44	25	45	50	46	105	47	67	48	20	49	97	
	0	67	1	81	2	33	3	53	4	92	5	35	6	65	7	102	8	38	9	54	10	52	11	100	12	48	13	71	14	71	15	85	16	20	17	56	18	69	19	28	20	94	21	78	22	71	23	86	24	104	25	59	26	40	27	70	28	47	29	95	30	30	31	95	32	59	33	27	34	94	35	65	36	80	37	40	38	62	39	11	40	25	41	43	42	17	43	70	44	21	45	38	46	105	47	54	48	2	49	102	
	0	66	1	86	2	42	3	46	4	77	5	30	6	57	7	92	8	41	9	62	10	69	11	92	12	45	13	73	14	78	15	90	16	32	17	50	18	68	19	24	20	93	21	84	22	82	23	84	24	111	25	65	26	41	27	67	28	54	29	82	30	34	31	97	32	72	33	28	34	93	35	56	36	82	37	33	38	60	39	7	40	23	41	47	42	12	43	86	44	27	45	41	46	96	47	67	48	15	49	103	
	0	48	1	96	2	43	3	41	4	93	5	33	6	51	7	99	8	45	9	64	10	70	11	108	12	30	13	55	14	68	15	85	16	38	17	49	18	79	19	38	20	84	21	96	22	66	23	92	24	108	25	63	26	50	27	69	28	49	29	85	30	23	31	88	32	75	33	17	34	83	35	56	36	98	37	32	38	58	39	12	40	22	41	43	42	5	43	72	44	24	45	54	46	105	47	53	48	19	49	96	
	0	65	1	88	2	26	3	54	4	93	5	38	6	60	7	93	8	36	9	69	10	68	11	108	12	34	13	65	14	72	15	86	16	21	17	44	18	76	19	31	20	90	21	78	22	66	23	93	24	106	25	63	26	36	27	84	28	61	29	83	30	33	31	98	32	58	33	25	34	86	35	58	36	80	37	40	38	55	39	10	40	28	41	35	42	13	43	74	44	25	45	47	46	96	47	56	48	2	49	97	
	0	49	1	84	2	41	3	49	4	82	5	43	6	48	7	84	8	39	9	54	10	60	11	108	12	41	13	69	14	80	15	81	16	24	17	63	18	74	19	42	20	99	21	95	22	75	23	92	24	105	25	63	26	42	27	76	28	62	29	91	30	35	31	97	32	68	33	28	34	94	35	72	36	93	37	30	38	60	39	23	40	39	41	37	42	4	43	81	44	21	45	48	46	106	47	54	48	17	49	94	
	0	54	1	82	2	28	3	55	4	83	5	44	6	54	7	91	8	37	9	58	10	66	11	92	12	31	13	64	14	74	15	84	16	30	17	51	18	72	19	40	20	100	21	90	22	67	23	86	24	119	25	49	26	34	27	81	28	51	29	82	30	33	31	87	32	61	33	14	34	87	35	65	36	79	37	35	38	58	39	14	40	24	41	49	42	9	43	76	44	16	45	45	46	95	47	63	48	21	49	97	
	0	61	1	81	2	31	3	53	4	91	5	45	6	56	7	102	8	39	9	55	10	60	11	108	12	35	13	67	14	77	15	87	16	29	17	62	18	82	19	34	20	95	21	83	22	73	23	87	24	102	25	51	26	46	27	78	28	57	29	93	30	36	31	93	32	74	33	29	34	90	35	63	36	81	37	49	38	52	39	22	40	33	41	43	42	10	43	77	44	10	45	41	46	109	47	54	48	18	49	107	
	0	59	1	87	2	25	3	58	4	86	5	33	6	65	7	90	8	34	9	68	10	55	11	99	12	30	13	60	14	77	15	78	16	33	17	50	18	75	19	42	20	85	21	88	22	67	23	95	24	115	25	52	26	41	27	67	28	53	29	99	30	34	31	81	32	58	33	29	34	92	35	60	36	97	37	32	38	61	39	15	40	37	41	39	42	16	43	77	44	11	45	52	46	106	47	70	48	17	49	89	
	0	57	1	79	2	26	3	41	4	87	5	37	6	65	7	96	8	51	9	73	10	51	11	93	12	40	13	69	14	73	15	73	16	30	17	60	18	67	19	29	20	96	21	90	22	65	23	89	24	116	25	64	26	44	27	66	28	51	29	90	30	21	31	87	32	67	33	15	34	98	35	74	36	98	37	40	38	63	39	23	40	22	41	41	42	15	43	79	44	15	45	55	46	97	47	66	48	19	49	99	
	0	66	1	79	2	26	3	47	4	78	5	36	6	56	7	99	8	33	9	61	10	62	11	104	12	29	13	72	14	65	15	78	16	36	17	62	18	77	19	41	20	100	21	84	22	80	23	88	24	103	25	63	26	45	27	72	28	62	29	86	30	27	31	83	32	65	33	11	34	83	35	58	36	84	37	44	38	57	39	11	40	33	41	48	42	10	43	86	44	24	45	42	46	107	47	63	48	14	49	98	
	0	55	1	85	2	44	3	54	4	76	5	30	6	58	7	90	8	44	9	66	10	65	11	100	12	40	13	71	14	70	15	83	16	34	17	62	18	80	19	40	20	98	21	91	22	81	23	85	24	109	25	64	26	35	27	68	28	47	29	91	30	26	31	93	32	57	33	11	34	91	35	68	36	98	37	32	38	56	39	20	40	40	41	39	42	6	43	84	44	15	45	48	46	109	47	65	48	6	49	94	
	0	67	1	92	2	40	3	46	4	75	5	45	6	57	7	96	8	47	9	65	10	68	11	108	12	33	13	61	14	74	15	85	16	21	17	57	18	82	19	33	20	88	21	97	22	82	23	79	24	112	25	50	26	47	27	69	28	52	29	93	30	23	31	87	32	70	33	14	34	85	35	71	36	93	37	48	38	68	39	15	40	37	41	34	42	12	43	80	44	11	45	38	46	91	47	64	48	7	49	104	
	0	54	1	87	2	32	3	48	4	92	5	35	6	60	7	85	8	47	9	72	10	62	11	97	12	34	13	62	14	70	15	91	16	35	17	58	18	76	19	35	20	99	21	91	22	80	23	86	24	105	25	63	26	40	27	67	28	64	29	93	30	23	31	80	32	68	33	24	34	90	35	63	36	98	37	48	38	58	39	23	40	32	41	33	42	15	43	85	44	23	45	44	46	103	47	66	48	7	49	101	
	0	50	1	79	2	27	3	52	4	74	5	36	6	51	7	97	8	50	9	57	10	69	11	97	12	48	13	57	14	76	15	73	16	25	17	51	18	84	19	35	20	101	21	96	22	83	23	89	24	114	25	60	26	34	27	70	28	47	29	101	30	36	31	93	32	68	33	28	34	87	35	72	36	95	37	40	38	70	39	11	40	22	41	44	42	20	43	83	44	12	45	48	46	99	47	53	48	21	49	101	
	0	56	1	85	2	35	3	52	4	76	5	42	6	48	7	100	8	32	9	63	10	61	11	93	12	36	13	56	14	73	15	86	16	35	17	53	18	77	19	32	20	84	21	92	22	66	23	90	24	116	25	55	26	43	27	71	28	47	29	88	30	26	31	88	32	70	33	11	34	100	35	69	36	91	37	46	38	64	39	19	40	39	41	37	42	20	43	83	44	25	45	49	46	108	47	54	48	4	49	98	
	0	55	1	89	2	35	3	55	4	83	5	48	6	56	7	95	8	37	9	72	10	61	11	95	12	48	13	62	14	78	15	84	16	35	17	59	18	82	19	25	20	95	21	97	22	67	23	88	24	111	25	58	26	52	27	69	28	50	29	89	30	30	31	89	32	68	33	23	34	101	35	73	36	95	37	49	38	63	39	20	40	33	41	42	42	18	43	85	44	29	45	51	46	106	47	53	48	19	49	98	
	0	57	1	94	2	27	3	52	4	81	5	37	6	55	7	88	8	35	9	71	10	68	11	109	12	43	13	72	14	63	15	89	16	20	17	61	18	73	19	29	20	84	21	97	22	71	23	80	24	113	25	65	26	37	27	72	28	53	29	99	30	25	31	95	32	61	33	19	34	92	35	67	36	92	37	44	38	65	39	12	40	38	41	45	42	5	43	72	44	20	45	52	46	95	47	60	48	6	49	99	
	0	65	1	96	2	30	3	41	4	86	5	47	6	57	7	89	8	33	9	56	10	52	11	94	12	29	13	60	14	71	15	92	16	26	17	46	18	67	19	38	20	90	21	91	22	79	23	78	24	119	25	56	26	34	27	79	28	63	29	100	30	27	31	87	32	56	33	29	34	98	35	62	36	87	37	35	38	69	39	11	40	38	41	35	42	6	43	68	44	21	45	38	46	104	47	65	48	2	49	90	
	0	50	1	77	2	30	3	43	4	83	5	35	6	66	7	83	8	40	9	71	10	69	11	104	12	42	13	64	14	63	15	75	16	33	17	56	18	71	19	36	20	100	21	93	22	65	23	83	24	112	25	53	26	44	27	74	28	47	29	84	30	24	31	87	32	68	33	22	34	84	35	68	36	97	37	49	38	65	39	5	40	32	41	46	42	3	43	76	44	17	45	52	46	100	47	55	48	5	49	106	
	0	62	1	91	2	32	3	52	4	85	5	31	6	52	7	102	8	33	9	73	10	52	11	103	12	32	13	73	14	73	15	77	16	35	17	54	18	80	19	42	20	89	21	93	22	68	23	78	24	106	25	52	26	43	27	69	28	48	29	87	30	25	31	86	32	62	33	19	34	91	35	60	36	96	37	36	38	65	39	21	40	23	41	41	42	22	43	74	44	25	45	42	46	101	47	70	48	11	49	106	
	0	54	1	92	2	44	3	43	4	92	5	35	6	63	7	96	8	33	9	60	10	53	11	109	12	33	13	56	14	70	15	90	16	38	17	45	18	75	19	31	20	84	21	88	22	83	23	80	24	103	25	59	26	45	27	68	28	63	29	84	30	35	31	90	32	75	33	13	34	97	35	67	36	85	37	30	38	56	39	9	40	24	41	42	42	21	43	70	44	23	45	37	46	103	47	56	48	21	49	98	
	0	56	1	80	2	30	3	45	4	86	5	32	6	55	7	85	8	48	9	54	10	63	11	99	12	37	13	67	14	65	15	86	16	32	17	47	18	67	19	27	20	90	21	83	22	69	23	86	24	115	25	47	26	35	27	71	28	58	29	85	30	19	31	92	32	65	33	12	34	88	35	73	36	86	37	33	38	67	39	10	40	24	41	36	42	4	43	80	44	22	45	42	46	108	47	56	48	18	49	93	
	0	65	1	92	2	36	3	46	4	86	5	32	6	59	7	88	8	37	9	55	10	64	11	98	12	37	13	64	14	70	15	80	16	22	17	54	18	69	19	29	20	98	21	95	22	75	23	85	24	105	25	60	26	52	27	75	28	52	29	91	30	17	31	83	32	57	33	25	34	100	35	70	36	89	37	30	38	69	39	10	40	30	41	43	42	16	43	71	44	10	45	54	46	91	47	64	48	15	49	93	
	0	63	1	86	2	36	3	55	4	77	5	43	6	49	7	92	8	37	9	66	10	52	11	106	12	47	13	71	14	71	15	75	16	39	17	50	18	71	19	43	20	99	21	90	22	77	23	78	24	119	25	56	26	41	27	82	28	52	29	93	30	32	31	95	32	68	33	29	34	92	35	73	36	83	37	43	38	69	39	11	40	32	41	38	42	5	43	68	44	22	45	37	46	110	47	63	48	10	49	89	
	0	66	1	94	2	29	3	46	4	88	5	30	6	49	7	101	8	33	9	71	10	51	11	105	12	36	13	59	14	68	15	83	16	25	17	63	18	74	19	33	20	83	21	80	22	69	23	96	24	114	25	63	26	39	27	80	28	50	29	83	30	17	31	83	32	72	33	16	34	89	35	64	36	88	37	34	38	61	39	6	40	37	41	31	42	3	43	86	44	19	45	37	46	107	47	61	48	18	49	96	
	0	57	1	77	2	34	3	44	4	86	5	43	6	63	7	100	8	36	9	57	10	65	11	101	12	38	13	59	14	67	15	79	16	33	17	52	18	85	19	42	20	91	21	92	22	78	23	79	24	115	25	55	26	47	27	71	28	60	29	97	30	23	31	87	32	75	33	12	34	89	35	63	36	86	37	33	38	60	39	13	40	39	41	44	42	22	43	71	44	26	45	54	46	100	47	56	48	15	49	91	
	0	60	1	93	2	43	3	51	4	86	5	42	6	53	7	84	8	33	9	58	10	65	11	109	12	37	13	62	14	72	15	91	16	22	17	48	18	69	19	36	20	96	21	87	22	72	23	89	24	116	25	52	26	34	27	66	28	64	29	84	30	21	31	81	32	60	33	23	34	101	35	57	36	85	37	42	38	60	39	21	40	31	41	45	42	13	43	68	44	13	45	50	46	103	47	60	48	9	49	88	
	0	50	1	81	2	38	3	56	4	88	5	46	6	49	7	89	8	39	9	55	10	70	11	97	12	31	13	67	14	79	15	83	16	34	17	58	18	86	19	31	20	86	21	87	22	80	23	79	24	100	25	58	26	35	27	82	28	45	29	95	30	34	31	89	32	63	33	15	34	97	35	73	36	93	37	41	38	61	39	23	40	25	41	48	42	18	43	78	44	14	45	52	46	107	47	58	48	6	49	93	
	0	52	1	85	2	37	3	51	4	82	5	31	6	50	7	89	8	42	9	68	10	61	11	98	12	36	13	59	14	68	15	80	16	26	17	56	18	68	19	35	20	92	21	83	22	69	23	79	24	103	25	65	26	51	27	84	28	59	29	88	30	19	31	94	32	72	33	13	34	94	35	61	36	87	37	42	38	58	39	8	40	34	41	43	42	10	43	85	44	28	45	54	46	103	47	55	48	13	49	99	
	0	49	1	84	2	42	3	46	4	82	5	46	6	52	7	102	8	40	9	60	10	53	11	102	12	31	13	68	14	64	15	86	16	35	17	47	18	81	19	34	20	87	21	86	22	84	23	83	24	115	25	59	26	47	27	78	28	54	29	92	30	30	31	81	32	64	33	17	34	99	35	72	36	86	37	33	38	51	39	15	40	26	41	39	42	5	43	71	44	25	45	46	46	105	47	53	48	5	49	102	
	0	56	1	96	2	32	3	56	4	84	5	31	6	48	7	97	8	42	9	58	10	56	11	110	12	39	13	72	14	70	15	87	16	25	17	63	18	69	19	34	20	87	21	88	22	69	23	86	24	105	25	51	26	50	27	82	28	56	29	98	30	28	31	97	32	56	33	10	34	82	35	75	36	84	37	32	38	62	39	9	40	32	41	33	42	8	43	75	44	22	45	52	46	103	47	54	48	7	49	96	
	0	66	1	92	2	41	3	48	4	74	5	44	6	52	7	94	8	33	9	72	10	56	11	97	12	34	13	60	14	77	15	91	16	21	17	46	18	71	19	28	20	86	21	81	22	84	23	86	24	114	25	48	26	41	27	65	28	47	29	85	30	28	31	91	32	60	33	23	34	85	35	71	36	79	37	39	38	61	39	9	40	29	41	31	42	18	43	72	44	16	45	47	46	98	47	55	48	19	49	88	
	0	49	1	81	2	34	3	50	4	78	5	45	6	64	7	102	8	35	9	61	10	57	11	98	12	34	13	68	14	73	15	79	16	26	17	55	18	69	19	39	20	88	21	94	22	67	23	78	24	105	25	63	26	44	27	81	28	53	29	97	30	22	31	92	32	57	33	15	34	82	35	72	36	86	37	48	38	65	39	15	40	39	41	34	42	11	43	87	44	25	45	46	46	100	47	57	48	10	49	99	
	0	62	1	80	2	33	3	44	4	78	5	37	6	61	7	96	8	47	9	72	10	51	11	101	12	31	13	71	14	65	15	76	16	37	17	63	18	75	19	26	20	93	21	84	22	66	23	87	24	100	25	66	26	49	27	80	28	50	29	93	30	32	31	84	32	59	33	16	34	94	35	73	36	88	37	36	38	59	39	7	40	21	41	48	42	12	43	84	44	11	45	51	46	91	47	58	48	12	49	105	
	0	55	1	94	2	37	3	49	4	80	5	31	6	56	7	98	8	40	9	64	10	60	11	96	12	48	13	69	14	69	15	80	16	20	17	63	18	79	19	28	20	92	21	82	22	66	23	87	24	101	25	55	26	43	27	77	28	51	29	85	30	32	31	87	32	56	33	26	34	99	35	72	36	95	37	33	38	54	39	5	40	31	41	40	42	14	43	77	44	21	45	51	46	94	47	61	48	8	49	88	
	0	67	1	94	2	43	3	54	4	74	5	45	6	47	7	85	8	38	9	65	10	52	11	106	12	44	13	63	14	80	15	73	16	26	17	57	18	68	19	31	20	96	21	85	22	80	23	87	24	113	25	66	26	50	27	78	28	61	29	100	30	26	31	96	32	63	33	13	34	82	35	67	36	98	37	34	38	60	39	7	40	30	41	34	42	17	43	70	44	13	45	56	46	103	47	65	48	12	49	106	
	0	51	1	95	2	34	3	56	4	92	5	41	6	54	7	87	8	32	9	67	10	58	11	92	12	34	13	55	14	76	15	88	16	28	17	51	18	75	19	39	20	94	21	96	22	83	23	94	24	109	25	59	26	37	27	72	28	57	29	87	30	30	31	93	32	75	33	17	34	99	35	67	36	80	37	36	38	54	39	16	40	26	41	49	42	4	43	82	44	16	45	50	46	96	47	57	48	8	49	98	
	0	49	1	91	2	28	3	44	4	85	5	47	6	54	7	96	8	40	9	57	10	56	11	95	12	43	13	62	14	78	15	81	16	39	17	52	18	83	19	31	20	88	21	79	22	71	23	86	24	107	25	60	26	50	27	78	28	59	29	94	30	36	31	90	32	69	33	27	34	94	35	63	36	84	37	42	38	67	39	12	40	22	41	32	42	3	43	71	44	21	45	48	46	110	47	70	48	17	49	95	
	0	56	1	85	2	34	3	52	4	85	5	40	6	47	7	85	8	51	9	69	10	58	11	92	12	31	13	63	14	70	15	86	16	26	17	47	18	74	19	40	20	94	21	79	22	82	23	88	24	105	25	53	26	50	27	75	28	58	29	97	30	31	31	89	32	67	33	24	34	100	35	60	36	93	37	45	38	55	39	10	40	32	41	33	42	16	43	76	44	26	45	51	46	95	47	64	48	19	49	88	
	0	54	1	77	2	34	3	50	4	84	5	36	6	56	7	84	8	41	9	60	10	60	11	109	12	29	13	74	14	80	15	81	16	31	17	58	18	77	19	30	20	90	21	80	22	82	23	91	24	103	25	49	26	45	27	74	28	63	29	91	30	31	31	82	32	70	33	22	34	95	35	73	36	98	37	34	38	57	39	6	40	38	41	42	42	12	43	85	44	11	45	55	46	110	47	56	48	18	49	96	
	0	59	1	80	2	44	3	45	4	88	5	31	6	64	7	94	8	48	9	56	10	68	11	92	12	35	13	73	14	65	15	82	16	36	17	59	18	85	19	37	20	98	21	97	22	66	23	78	24	117	25	48	26	49	27	68	28	46	29	93	30	27	31	98	32	58	33	24	34	97	35	57	36	82	37	49	38	63	39	10	40	25	41	49	42	13	43	86	44	28	45	50	46	103	47	70	48	19	49	92	
	0	60	1	96	2	31	3	49	4	87	5	48	6	65	7	102	8	39	9	60	10	70	11	105	12	43	13	65	14	66	15	92	16	29	17	51	18	81	19	31	20	99	21	82	22	81	23	91	24	108	25	54	26	50	27	65	28	64	29	97	30	18	31	93	32	66	33	28	34	98	35	61	36	98	37	41	38	58	39	15	40	29	41	48	42	9	43	72	44	24	45	44	46	98	47	51	48	4	49	92	
	0	64	1	86	2	29	3	51	4	91	5	40	6	53	7	98	8	38	9	72	10	51	11	108	12	35	13	59	14	78	15	91	16	34	17	48	18	81	19	33	20	82	21	79	22	76	23	87	24	118	25	64	26	33	27	71	28	60	29	87	30	30	31	87	32	60	33	29	34	87	35	74	36	84	37	46	38	56	39	11	40	25	41	46	42	20	43	78	44	18	45	52	46	102	47	70	48	6	49	98	
	0	60	1	86	2	34	3	39	4	86	5	39	6	50	7	97	8	34	9	65	10	57	11	93	12	35	13	73	14	79	15	75	16	20	17	58	18	71	19	34	20	98	21	86	22	65	23	94	24	118	25	65	26	40	27	79	28	46	29	86	30	23	31	89	32	71	33	27	34	100	35	74	36	87	37	42	38	64	39	23	40	33	41	50	42	10	43	76	44	16	45	55	46	104	47	70	48	11	49	106	
	0	55	1	89	2	36	3	57	4	88	5	32	6	56	7	99	8	40	9	63	10	69	11	91	12	45	13	70	14	80	15	78	16	23	17	51	18	75	19	36	20	101	21	79	22	75	23	81	24	105	25	48	26	52	27	84	28	51	29	101	30	31	31	91	32	71	33	13	34	82	35	56	36	88	37	39	38	68	39	5	40	28	41	40	42	4	43	86	44	14	45	50	46	95	47	54	48	19	49	99	
	0	52	1	77	2	27	3	43	4	88	5	43	6	52	7	86	8	44	9	70	10	64	11	110	12	31	13	73	14	79	15	77	16	27	17	56	18	70	19	40	20	99	21	82	22	75	23	96	24	114	25	66	26	49	27	78	28	56	29	84	30	28	31	84	32	64	33	10	34	95	35	68	36	85	37	33	38	66	39	10	40	23	41	39	42	17	43	86	44	20	45	46	46	106	47	57	48	12	49	93	
	0	57	1	80	2	39	3	55	4	92	5	37	6	54	7	86	8	45	9	58	10	53	11	105	12	36	13	74	14	69	15	75	16	39	17	63	18	68	19	37	20	94	21	87	22	66	23	93	24	108	25	55	26	45	27	74	28	61	29	101	30	21	31	92	32	70	33	29	34	93	35	56	36	94	37	47	38	67	39	11	40	39	41	32	42	9	43	71	44	26	45	54	46	101	47	58	48	21	49	98	
	0	64	1	93	2	26	3	51	4	80	5	30	6	55	7	83	8	34	9	70	10	66	11	95	12	44	13	68	14	68	15	87	16	33	17	57	18	83	19	26	20	86	21	92	22	76	23	94	24	108	25	62	26	51	27	82	28	51	29	88	30	28	31	83	32	56	33	23	34	82	35	56	36	80	37	31	38	52	39	10	40	22	41	40	42	3	43	73	44	19	45	37	46	94	47	52	48	5	49	93	
	0	59	1	81	2	36	3	45	4	89	5	31	6	66	7	91	8	41	9	67	10	64	11	98	12	32	13	59	14	69	15	74	16	39	17	60	18	77	19	26	20	101	21	87	22	72	23	81	24	108	25	64	26	42	27	76	28	52	29	93	30	30	31	87	32	70	33	24	34	90	35	64	36	91	37	47	38	54	39	19	40	39	41	32	42	3	43	78	44	25	45	40	46	96	47	60	48	14	49	98	
	0	61	1	77	2	36	3	53	4	91	5	49	6	54	7	93	8	37	9	68	10	63	11	97	12	43	13	73	14	74	15	88	16	36	17	63	18	70	19	27	20	93	21	79	22	82	23	83	24	100	25	53	26	44	27	79	28	57	29	99	30	22	31	84	32	61	33	22	34	99	35	72	36	96	37	43	38	60	39	6	40	37	41	41	42	16	43	86	44	23	45	37	46	105	47	67	48	11	49	102	
	0	48	1	82	2	41	3	54	4	77	5	33	6	63	7	89	8	33	9	57	10	60	11	110	12	35	13	64	14	77	15	82	16	30	17	44	18	70	19	42	20	100	21	90	22	81	23	83	24	105	25	64	26	40	27	73	28	50	29	82	30	26	31	90	32	73	33	17	34	99	35	69	36	87	37	35	38	59	39	8	40	29	41	32	42	12	43	69	44	15	45	54	46	107	47	63	48	8	49	105	
	0	66	1	90	2	33	3	42	4	91	5	42	6	65	7	92	8	43	9	55	10	67	11	96	12	48	13	71	14	77	15	87	16	34	17	49	18	78	19	29	20	100	21	83	22	68	23	80	24	118	25	54	26	33	27	83	28	49	29	89	30	27	31	92	32	74	33	10	34	93	35	65	36	97	37	48	38	58	39	22	40	26	41	44	42	16	43	79	44	18	45	37	46	106	47	60	48	10	49	91	
	0	49	1	82	2	42	3	52	4	84	5	49	6	58	7	84	8	48	9	65	10	57	11	94	12	45	13	55	14	77	15	89	16	27	17	47	18	70	19	35	20	83	21	78	22	69	23	93	24	101	25	53	26	38	27	74	28	59	29	86	30	36	31	83	32	69	33	19	34	97	35	58	36	81	37	38	38	54	39	18	40	30	41	48	42	8	43	70	44	20	45	39	46	93	47	65	48	12	49	99	
	0	55	1	91	2	38	3	44	4	84	5	45	6	57	7	87	8	33	9	59	10	51	11	109	12	36	13	74	14	70	15	73	16	21	17	50	18	67	19	29	20	83	21	78	22	80	23	91	24	109	25	56	26	41	27	83	28	46	29	92	30	25	31	82	32	75	33	16	34	101	35	67	36	82	37	43	38	65	39	23	40	33	41	47	42	22	43	73	44	15	45	48	46	106	47	70	48	16	49	95	
	0	52	1	77	2	29	3	39	4	80	5	35	6	63	7	98	8	50	9	73	10	57	11	102	12	34	13	63	14	67	15	81	16	21	17	61	18	76	19	37	20	86	21	89	22	65	23	78	24	114	25	50	26	39	27	81	28	63	29	87	30	30	31	86	32	68	33	11	34	90	35	56	36	91	37	48	38	66	39	7	40	24	41	50	42	3	43	77	44	13	45	53	46	104	47	61	48	4	49	106	
	0	61	1	86	2	25	3	39	4	81	5	46	6	65	7	94	8	49	9	72	10	59	11	93	12	43	13	66	14	77	15	75	16	36	17	52	18	74	19	37	20	83	21	95	22	82	23	95	24	101	25	48	26	48	27	67	28	47	29	98	30	17	31	95	32	61	33	10	34	84	35	57	36	84	37	34	38	64	39	9	40	40	41	41	42	16	43	83	44	29	45	46	46	91	47	63	48	20	49	94	
	0	60	1	92	2	28	3	57	4	93	5	30	6	51	7	86	8	43	9	62	10	63	11	101	12	34	13	64	14	64	15	89	16	24	17	52	18	73	19	30	20	89	21	82	22	67	23	96	24	106	25	64	26	41	27	84	28	46	29	91	30	25	31	87	32	58	33	20	34	94	35	56	36	84	37	31	38	51	39	10	40	39	41	34	42	3	43	80	44	18	45	39	46	99	47	64	48	3	49	97	
	0	57	1	93	2	28	3	57	4	87	5	43	6	52	7	96	8	32	9	56	10	65	11	109	12	46	13	60	14	79	15	90	16	22	17	57	18	78	19	31	20	88	21	79	22	75	23	80	24	101	25	54	26	41	27	72	28	53	29	101	30	26	31	92	32	69	33	18	34	91	35	71	36	91	37	43	38	51	39	8	40	21	41	41	42	11	43	75	44	23	45	39	46	107	47	59	48	19	49	104	
	0	63	1	85	2	30	3	50	4	76	5	46	6	53	7	90	8	42	9	69	10	69	11	98	12	43	13	69	14	65	15	73	16	21	17	48	18	68	19	40	20	88	21	81	22	73	23	83	24	109	25	66	26	43	27	66	28	53	29	101	30	28	31	94	32	64	33	18	34	98	35	75	36	92	37	43	38	70	39	9	40	22	41	32	42	8	43	73	44	26	45	52	46	99	47	52	48	15	49	90	
	0	67	1	89	2	39	3	47	4	79	5	32	6	59	7	93	8	47	9	66	10	64	11	97	12	38	13	68	14	63	15	80	16	37	17	54	18	74	19	32	20	96	21	90	22	71	23	94	24	109	25	53	26	35	27	72	28	62	29	85	30	18	31	83	32	70	33	11	34	97	35	72	36	96	37	32	38	59	39	7	40	40	41	32	42	15	43	79	44	18	45	47	46	108	47	65	48	17	49	91	
	0	66	1	79	2	38	3	56	4	85	5	41	6	56	7	99	8	45	9	62	10	70	11	108	12	43	13	71	14	64	15	74	16	31	17	58	18	78	19	25	20	83	21	97	22	67	23	79	24	118	25	65	26	39	27	82	28	59	29	89	30	27	31	81	32	62	33	20	34	83	35	62	36	98	37	45	38	64	39	16	40	30	41	38	42	20	43	75	44	29	45	50	46	107	47	56	48	17	49	92	
	0	57	1	96	2	44	3	44	4	91	5	48	6	47	7	92	8	34	9	64	10	65	11	94	12	43	13	67	14	67	15	76	16	24	17	55	18	70	19	39	20	97	21	90	22	70	23	92	24	117	25	48	26	40	27	66	28	49	29	86	30	35	31	99	32	68	33	26	34	84	35	61	36	81	37	33	38	58	39	8	40	38	41	34	42	20	43	71	44	25	45	44	46	97	47	60	48	4	49	102	
	0	54	1	90	2	27	3	44	4	85	5	49	6	66	7	101	8	32	9	71	10	63	11	105	12	41	13	55	14	63	15	89	16	23	17	53	18	83	19	32	20	90	21	80	22	71	23	84	24	103	25	50	26	37	27	65	28	61	29	97	30	29	31	95	32	75	33	25	34	87	35	56	36	86	37	42	38	56	39	13	40	40	41	44	42	15	43	68	44	22	45	56	46	100	47	65	48	4	49	106	
	0	56	1	82	2	25	3	44	4	91	5	34	6	62	7	94	8	39	9	56	10	54	11	98	12	41	13	74	14	65	15	79	16	25	17	63	18	68	19	43	20	86	21	86	22	78	23	82	24	119	25	63	26	49	27	65	28	63	29	98	30	21	31	92	32	70	33	19	34	86	35	68	36	96	37	39	38	54	39	19	40	31	41	38	42	14	43	79	44	23	45	56	46	101	47	54	48	21	49	96	
	0	65	1	96	2	26	3	57	4	82	5	40	6	52	7	91	8	39	9	56	10	66	11	100	12	48	13	66	14	72	15	87	16	28	17	63	18	75	19	27	20	93	21	94	22	78	23	80	24	103	25	66	26	39	27	82	28	45	29	86	30	21	31	80	32	58	33	13	34	94	35	58	36	91	37	49	38	65	39	21	40	28	41	34	42	20	43	76	44	12	45	47	46	96	47	55	48	18	49	100	
	0	56	1	77	2	42	3	48	4	90	5	35	6	60	7	98	8	35	9	65	10	55	11	92	12	34	13	72	14	69	15	78	16	34	17	61	18	82	19	27	20	84	21	81	22	73	23	90	24	118	25	64	26	38	27	69	28	45	29	82	30	17	31	99	32	67	33	11	34	92	35	73	36	89	37	37	38	66	39	9	40	29	41	44	42	10	43	87	44	27	45	48	46	99	47	53	48	9	49	90	
	0	64	1	83	2	34	3	40	4	86	5	37	6	57	7	89	8	32	9	66	10	55	11	96	12	36	13	64	14	80	15	83	16	25	17	56	18	74	19	31	20	92	21	84	22	84	23	81	24	119	25	63	26	40	27	80	28	51	29	83	30	33	31	99	32	75	33	23	34	99	35	68	36	87	37	42	38	55	39	11	40	35	41	43	42	5	43	86	44	12	45	45	46	97	47	70	48	17	49	103	
	0	61	1	80	2	34	3	39	4	77	5	41	6	55	7	94	8	41	9	66	10	63	11	109	12	33	13	62	14	66	15	87	16	25	17	47	18	76	19	34	20	97	21	85	22	76	23	88	24	103	25	52	26	52	27	84	28	58	29	89	30	30	31	86	32	75	33	29	34	92	35	69	36	91	37	44	38	70	39	10	40	29	41	42	42	16	43	76	44	28	45	42	46	91	47	61	48	3	49	96	
	0	64	1	91	2	38	3	40	4	80	5	34	6	56	7	93	8	38	9	70	10	70	11	98	12	31	13	56	14	66	15	75	16	32	17	57	18	73	19	30	20	98	21	92	22	84	23	94	24	107	25	47	26	50	27	73	28	59	29	93	30	36	31	92	32	72	33	28	34	87	35	71	36	85	37	42	38	61	39	10	40	33	41	35	42	12	43	70	44	27	45	54	46	103	47	56	48	3	49	101	
	0	64	1	96	2	39	3	43	4	77	5	30	6	48	7	92	8	48	9	68	10	54	11	96	12	46	13	64	14	82	15	74	16	29	17	57	18	68	19	25	20	83	21	97	22	79	23	77	24	117	25	60	26	44	27	75	28	56	29	92	30	32	31	91	32	69	33	23	34	85	35	58	36	92	37	44	38	55	39	9	40	40	41	39	42	14	43	78	44	28	45	39	46	96	47	61	48	14	49	97	
	0	60	1	80	2	38	3	52	4	81	5	44	6	48	7	95	8	50	9	56	10	58	11	106	12	42	13	62	14	73	15	74	16	28	17	56	18	73	19	41	20	88	21	80	22	82	23	90	24	101	25	61	26	34	27	80	28	52	29	87	30	22	31	84	32	74	33	21	34	91	35	71	36	96	37	34	38	67	39	13	40	38	41	44	42	17	43	74	44	20	45	39	46	103	47	62	48	9	49	90	
	0	64	1	88	2	36	3	43	4	74	5	40	6	58	7	99	8	51	9	57	10	66	11	110	12	35	13	71	14	82	15	86	16	24	17	55	18	77	19	26	20	82	21	82	22	70	23	87	24	119	25	61	26	48	27	73	28	64	29	99	30	25	31	93	32	65	33	15	34	90	35	72	36	84	37	36	38	59	39	7	40	30	41	47	42	9	43	72	44	25	45	51	46	109	47	52	48	11	49	94	
	0	55	1	96	2	43	3	48	4	78	5	34	6	60	7	95	8	48	9	59	10	57	11	107	12	34	13	63	14	75	15	91	16	38	17	51	18	86	19	24	20	101	21	95	22	70	23	82	24	100	25	58	26	49	27	68	28	56	29	101	30	25	31	85	32	60	33	21	34	100	35	59	36	80	37	39	38	56	39	12	40	23	41	38	42	8	43	77	44	14	45	49	46	107	47	57	48	13	49	95	
	0	52	1	81	2	38	3	54	4	84	5	45	6	63	7	84	8	42	9	63	10	55	11	105	12	30	13	55	14	77	15	90	16	26	17	57	18	77	19	37	20	93	21	94	22	84	23	91	24	106	25	63	26	37	27	84	28	58	29	87	30	34	31	81	32	74	33	28	34	95	35	62	36	94	37	37	38	68	39	10	40	35	41	32	42	8	43	87	44	27	45	43	46	102	47	51	48	15	49	91	
	0	63	1	89	2	31	3	43	4	92	5	43	6	58	7	92	8	47	9	64	10	59	11	109	12	46	13	56	14	73	15	87	16	37	17	49	18	77	19	36	20	82	21	89	22	71	23	83	24	116	25	65	26	34	27	73	28	54	29	97	30	23	31	87	32	73	33	13	34	89	35	56	36	81	37	32	38	66	39	9	40	30	41	37	42	13	43	70	44	17	45	41	46	99	47	51	48	18	49	94	
	0	58	1	92	2	28	3	49	4	89	5	46	6	49	7	92	8	38	9	67	10	54	11	93	12	45	13	72	14	71	15	84	16	29	17	58	18	72	19	43	20	94	21	83	22	78	23	94	24	112	25	52	26	51	27	78	28	51	29	90	30	17	31	88	32	69	33	28	34	90	35	74	36	80	37	37	38	66	39	20	40	29	41	31	42	20	43	79	44	29	45	54	46	99	47	59	48	14	49	102	
	0	64	1	84	2	28	3	39	4	79	5	45	6	62	7	94	8	34	9	68	10	54	11	105	12	30	13	55	14	75	15	87	16	28	17	47	18	78	19	28	20	89	21	80	22	77	23	91	24	104	25	61	26	40	27	71	28	49	29	97	30	23	31	82	32	62	33	16	34	88	35	72	36	82	37	34	38	67	39	12	40	21	41	33	42	3	43	82	44	22	45	42	46	105	47	55	48	4	49	100	
	0	54	1	83	2	40	3	41	4	93	5	48	6	64	7	94	8	35	9	65	10	53	11	99	12	38	13	67	14	70	15	75	16	24	17	60	18	71	19	34	20	93	21	86	22	73	23	77	24	107	25	50	26	45	27	75	28	48	29	94	30	35	31	86	32	65	33	24	34	96	35	59	36	98	37	49	38	57	39	23	40	37	41	50	42	3	43	82	44	17	45	53	46	105	47	53	48	21	49	90	
	0	61	1	95	2	42	3	41	4	91	5	39	6	54	7	101	8	33	9	58	10	53	11	92	12	37	13	63	14	69	15	79	16	32	17	47	18	82	19	30	20	84	21	80	22	83	23	82	24	105	25	63	26	33	27	75	28	57	29	83	30	33	31	97	32	57	33	28	34	91	35	74	36	81	37	35	38	57	39	16	40	28	41	36	42	6	43	82	44	11	45	50	46	99	47	57	48	7	49	99	
	0	56	1	79	2	26	3	45	4	91	5	49	6	47	7	85	8	48	9	62	10	58	11	98	12	35	13	64	14	82	15	73	16	31	17	58	18	68	19	35	20	96	21	87	22	83	23	94	24	115	25	54	26	38	27	81	28	60	29	84	30	29	31	99	32	70	33	28	34	84	35	60	36	84	37	46	38	52	39	24	40	27	41	44	42	6	43	68	44	28	45	38	46	107	47	58	48	13	49	95	
	0	54	1	88	2	25	3	56	4	93	5	47	6	62	7	98	8	36	9	57	10	66	11	102	12	43	13	66	14	82	15	90	16	32	17	54	18	77	19	30	20	89	21	93	22	69	23	94	24	102	25	59	26	43	27	67	28	50	29	100	30	27	31	81	32	75	33	16	34	93	35	66	36	90	37	39	38	57	39	24	40	26	41	45	42	17	43	79	44	19	45	37	46	108	47	68	48	19	49	107	
	0	53	1	90	2	37	3	49	4	75	5	36	6	53	7	85	8	38	9	66	10	70	11	109	12	44	13	68	14	72	15	84	16	36	17	50	18	82	19	41	20	92	21	90	22	70	23	90	24	104	25	61	26	49	27	74	28	51	29	95	30	35	31	95	32	61	33	20	34	99	35	73	36	86	37	35	38	60	39	16	40	32	41	33	42	4	43	81	44	28	45	42	46	105	47	51	48	9	49	95	
	0	49	1	77	2	30	3	50	4	83	5	32	6	59	7	87	8	34	9	60	10	56	11	94	12	32	13	59	14	74	15	77	16	24	17	56	18	81	19	26	20	101	21	79	22	83	23	92	24	112	25	54	26	42	27	68	28	55	29	97	30	27	31	84	32	58	33	15	34	86	35	67	36	88	37	39	38	68	39	14	40	31	41	41	42	9	43	76	44	25	45	53	46	95	47	52	48	4	49	97	
	0	67	1	88	2	27	3	39	4	89	5	31	6	60	7	101	8	51	9	56	10	55	11	92	12	46	13	60	14	72	15	89	16	25	17	52	18	78	19	33	20	97	21	82	22	73	23	82	24	103	25	61	26	41	27	79	28	64	29	100	30	18	31	83	32	72	33	15	34	88	35	73	36	98	37	45	38	69	39	11	40	21	41	46	42	22	43	87	44	24	45	44	46	106	47	54	48	20	49	92	
	0	56	1	78	2	38	3	56	4	90	5	43	6	63	7	94	8	45	9	55	10	52	11	107	12	32	13	56	14	71	15	74	16	27	17	63	18	68	19	43	20	93	21	95	22	79	23	81	24	115	25	56	26	44	27	66	28	51	29	101	30	32	31	93	32	75	33	27	34	91	35	60	36	85	37	48	38	70	39	5	40	39	41	39	42	3	43	86	44	15	45	44	46	102	47	68	48	21	49	105	
	0	63	1	83	2	43	3	40	4	87	5	39	6	64	7	86	8	33	9	65	10	62	11	107	12	40	13	72	14	77	15	81	16	26	17	59	18	78	19	29	20	90	21	96	22	82	23	82	24	101	25	61	26	49	27	67	28	61	29	82	30	29	31	83	32	62	33	12	34	84	35	72	36	83	37	30	38	68	39	17	40	25	41	39	42	11	43	87	44	10	45	52	46	102	47	62	48	10	49	95	
	0	56	1	95	2	41	3	39	4	87	5	42	6	66	7	90	8	48	9	61	10	58	11	91	12	37	13	67	14	69	15	77	16	26	17	55	18	84	19	36	20	88	21	97	22	72	23	79	24	118	25	65	26	52	27	66	28	49	29	90	30	25	31	89	32	56	33	29	34	99	35	57	36	90	37	46	38	59	39	14	40	23	41	48	42	22	43	76	44	13	45	40	46	100	47	57	48	7	49	94	
	0	59	1	81	2	33	3	39	4	87	5	31	6	54	7	83	8	50	9	65	10	62	11	104	12	39	13	68	14	81	15	87	16	39	17	50	18	84	19	27	20	87	21	80	22	70	23	82	24	117	25	61	26	44	27	73	28	56	29	93	30	34	31	85	32	66	33	24	34	99	35	60	36	92	37	45	38	51	39	14	40	38	41	40	42	15	43	87	44	11	45	50	46	110	47	68	48	17	49	90	
	0	48	1	87	2	32	3	41	4	87	5	41	6	53	7	83	8	39	9	71	10	67	11	100	12	39	13	73	14	64	15	73	16	23	17	60	18	84	19	34	20	91	21	94	22	70	23	78	24	113	25	56	26	44	27	74	28	51	29	91	30	22	31	95	32	56	33	26	34	89	35	57	36	82	37	40	38	56	39	18	40	31	41	42	42	18	43	77	44	24	45	38	46	95	47	64	48	3	49	102	
	0	54	1	87	2	26	3	47	4	74	5	45	6	56	7	85	8	38	9	60	10	70	11	91	12	33	13	68	14	71	15	87	16	29	17	45	18	86	19	36	20	92	21	97	22	82	23	88	24	115	25	58	26	46	27	81	28	45	29	82	30	27	31	85	32	67	33	18	34	89	35	67	36	94	37	39	38	65	39	24	40	21	41	44	42	17	43	84	44	11	45	46	46	94	47	53	48	2	49	99	
	0	55	1	84	2	37	3	42	4	86	5	45	6	61	7	101	8	48	9	72	10	58	11	105	12	39	13	56	14	71	15	84	16	34	17	47	18	78	19	27	20	98	21	92	22	72	23	80	24	114	25	51	26	43	27	75	28	46	29	98	30	21	31	86	32	60	33	24	34	82	35	66	36	83	37	39	38	68	39	13	40	38	41	35	42	15	43	84	44	20	45	37	46	101	47	70	48	11	49	89	
	0	54	1	79	2	38	3	46	4	83	5	30	6	52	7	101	8	51	9	56	10	60	11	102	12	40	13	58	14	63	15	79	16	33	17	62	18	77	19	38	20	82	21	81	22	84	23	84	24	101	25	53	26	42	27	81	28	60	29	85	30	33	31	84	32	63	33	22	34	86	35	67	36	97	37	31	38	69	39	15	40	23	41	48	42	15	43	81	44	13	45	39	46	110	47	69	48	5	49	98	
	0	50	1	81	2	38	3	57	4	78	5	42	6	58	7	87	8	47	9	56	10	60	11	95	12	46	13	62	14	64	15	87	16	29	17	50	18	81	19	25	20	90	21	87	22	81	23	88	24	118	25	48	26	52	27	66	28	48	29	100	30	25	31	93	32	62	33	23	34	94	35	74	36	79	37	37	38	65	39	10	40	40	41	31	42	14	43	70	44	17	45	54	46	100	47	64	48	16	49	95	
	0	59	1	93	2	37	3	55	4	89	5	32	6	59	7	95	8	47	9	54	10	53	11	105	12	30	13	61	14	64	15	85	16	34	17	59	18	83	19	35	20	90	21	90	22	84	23	85	24	117	25	61	26	39	27	74	28	58	29	82	30	25	31	82	32	67	33	21	34	87	35	63	36	90	37	35	38	59	39	7	40	25	41	39	42	11	43	86	44	11	45	54	46	101	47	58	48	21	49	98	
	0	61	1	87	2	38	3	53	4	75	5	48	6	50	7	83	8	48	9	63	10	63	11	109	12	29	13	72	14	66	15	83	16	20	17	60	18	70	19	33	20	100	21	86	22	75	23	86	24	102	25	55	26	46	27	80	28	62	29	100	30	25	31	91	32	59	33	15	34	97	35	59	36	94	37	41	38	70	39	12	40	38	41	47	42	19	43	83	44	25	45	54	46	102	47	60	48	16	49	96	
	0	63	1	80	2	29	3	49	4	80	5	44	6	55	7	95	8	46	9	65	10	52	11	108	12	29	13	73	14	67	15	73	16	31	17	49	18	74	19	39	20	91	21	80	22	83	23	81	24	105	25	57	26	48	27	68	28	47	29	98	30	35	31	89	32	74	33	26	34	95	35	73	36	91	37	46	38	58	39	5	40	28	41	36	42	10	43	75	44	18	45	49	46	104	47	66	48	6	49	89	
	0	55	1	85	2	30	3	43	4	80	5	44	6	62	7	97	8	42	9	62	10	63	11	106	12	45	13	67	14	79	15	77	16	34	17	51	18	78	19	32	20	99	21	88	22	78	23	86	24	118	25	54	26	44	27	69	28	55	29	88	30	22	31	80	32	60	33	29	34	89	35	70	36	82	37	43	38	51	39	23	40	28	41	48	42	22	43	85	44	27	45	39	46	101	47	58	48	6	49	106	
	0	55	1	87	2	41	3	45	4	86	5	44	6	52	7	101	8	38	9	69	10	58	11	106	12	38	13	65	14	78	15	82	16	29	17	46	18	77	19	43	20	92	21	91	22	66	23	82	24	100	25	47	26	51	27	70	28	52	29	101	30	26	31	96	32	73	33	25	34	91	35	58	36	86	37	37	38	61	39	21	40	35	41	32	42	15	43	82	44	21	45	46	46	108	47	70	48	2	49	96	
	0	62	1	90	2	44	3	42	4	89	5	42	6	64	7	90	8	48	9	61	10	51	11	108	12	36	13	63	14	73	15	79	16	33	17	56	18	83	19	26	20	96	21	92	22	82	23	95	24	113	25	62	26	52	27	80	28	55	29	99	30	21	31	91	32	63	33	29	34	100	35	70	36	92	37	49	38	53	39	11	40	32	41	40	42	13	43	84	44	10	45	44	46	106	47	59	48	9	49	101	
	0	58	1	78	2	43	3	53	4	83	5	45	6	63	7	97	8	36	9	64	10	57	11	91	12	32	13	62	14	72	15	90	16	26	17	55	18	72	19	40	20	83	21	96	22	74	23	77	24	104	25	53	26	51	27	66	28	53	29	92	30	18	31	84	32	64	33	24	34	92	35	68	36	86	37	38	38	52	39	18	40	24	41	34	42	22	43	87	44	14	45	38	46	108	47	59	48	21	49	95	
	0	59	1	96	2	42	3	49	4	79	5	39	6	54	7	96	8	47	9	71	10	54	11	98	12	32	13	74	14	81	15	88	16	21	17	63	18	85	19	29	20	96	21	92	22	76	23	91	24	102	25	47	26	46	27	81	28	63	29	93	30	25	31	94	32	60	33	11	34	84	35	73	36	82	37	44	38	51	39	19	40	32	41	31	42	21	43	75	44	27	45	38	46	95	47	60	48	14	49	107	
	0	54	1	87	2	27	3	55	4	92	5	48	6	48	7	90	8	33	9	55	10	66	11	105	12	37	13	59	14	77	15	90	16	34	17	60	18	68	19	28	20	83	21	80	22	76	23	86	24	119	25	63	26	50	27	78	28	51	29	92	30	30	31	86	32	57	33	21	34	92	35	59	36	98	37	30	38	66	39	8	40	35	41	42	42	3	43	68	44	20	45	50	46	110	47	63	48	14	49	101	
	0	51	1	86	2	27	3	46	4	91	5	42	6	54	7	102	8	35	9	59	10	56	11	95	12	32	13	67	14	67	15	79	16	37	17	51	18	75	19	25	20	91	21	84	22	69	23	91	24	114	25	59	26	46	27	78	28	48	29	100	30	34	31	93	32	58	33	10	34	87	35	67	36	92	37	41	38	69	39	17	40	31	41	42	42	19	43	82	44	26	45	43	46	93	47	65	48	6	49	105	
	0	51	1	83	2	34	3	54	4	85	5	40	6	59	7	92	8	44	9	56	10	70	11	104	12	30	13	68	14	65	15	78	16	30	17	63	18	71	19	25	20	88	21	80	22	74	23	82	24	117	25	65	26	42	27	68	28	45	29	86	30	25	31	80	32	62	33	17	34	90	35	72	36	83	37	32	38	65	39	22	40	34	41	48	42	3	43	73	44	17	45	44	46	101	47	55	48	12	49	106	