200 50 1
50
	0	67	1	22	2	39	3	18	4	106	5	114	6	25	7	77	8	65	9	69	10	71	11	46	12	11	13	15	14	76	15	107	16	93	17	88	18	30	19	29	20	81	21	88	22	30	23	50	24	97	25	108	26	59	27	16	28	39	29	64	30	66	31	68	32	46	33	110	34	78	35	24	36	88	37	32	38	34	39	84	40	91	41	86	42	43	43	42	44	62	45	60	46	11	47	100	48	77	49	27	
	0	67	1	33	2	42	3	27	4	104	5	110	6	41	7	63	8	59	9	63	10	65	11	59	12	11	13	11	14	62	15	106	16	90	17	79	18	37	19	33	20	91	21	88	22	30	23	60	24	86	25	108	26	61	27	21	28	42	29	75	30	71	31	54	32	57	33	108	34	67	35	20	36	69	37	31	38	33	39	88	40	93	41	88	42	35	43	41	44	50	45	59	46	18	47	108	48	80	49	25	
	0	79	1	32	2	26	3	18	4	107	5	115	6	35	7	73	8	66	9	73	10	71	11	42	12	9	13	19	14	71	15	102	16	98	17	92	18	33	19	29	20	97	21	85	22	21	23	55	24	104	25	92	26	52	27	14	28	32	29	78	30	69	31	61	32	50	33	101	34	77	35	19	36	82	37	46	38	29	39	77	40	95	41	80	42	34	43	29	44	54	45	67	46	28	47	108	48	62	49	25	
	0	81	1	34	2	42	3	8	4	107	5	104	6	34	7	78	8	72	9	76	10	67	11	50	12	26	13	22	14	61	15	108	16	97	17	92	18	36	19	28	20	96	21	96	22	29	23	51	24	104	25	106	26	69	27	11	28	27	29	79	30	65	31	56	32	45	33	103	34	65	35	24	36	70	37	43	38	36	39	94	40	95	41	92	42	35	43	25	44	57	45	62	46	17	47	115	48	71	49	33	
	0	73	1	26	2	28	3	16	4	112	5	101	6	37	7	72	8	66	9	74	10	81	11	48	12	9	13	6	14	69	15	91	16	98	17	96	18	38	19	38	20	82	21	88	22	27	23	52	24	92	25	98	26	66	27	19	28	41	29	69	30	78	31	60	32	46	33	116	34	77	35	31	36	87	37	33	38	35	39	85	40	99	41	86	42	30	43	40	44	50	45	72	46	27	47	105	48	76	49	34	
	0	70	1	33	2	30	3	14	4	105	5	111	6	26	7	79	8	55	9	65	10	77	11	53	12	25	13	12	14	73	15	98	16	95	17	91	18	33	19	26	20	98	21	84	22	13	23	53	24	86	25	105	26	68	27	18	28	45	29	65	30	68	31	63	32	45	33	110	34	83	35	27	36	77	37	30	38	28	39	87	40	94	41	90	42	39	43	39	44	68	45	72	46	21	47	97	48	69	49	20	
	0	81	1	27	2	32	3	8	4	103	5	114	6	23	7	73	8	74	9	60	10	77	11	51	12	18	13	13	14	69	15	102	16	89	17	91	18	31	19	24	20	85	21	97	22	24	23	64	24	87	25	95	26	62	27	24	28	39	29	81	30	67	31	55	32	56	33	113	34	72	35	13	36	81	37	42	38	32	39	88	40	106	41	81	42	38	43	31	44	59	45	73	46	22	47	96	48	71	49	29	
	0	79	1	27	2	32	3	16	4	114	5	116	6	26	7	74	8	63	9	72	10	71	11	45	12	26	13	14	14	78	15	104	16	95	17	93	18	25	19	26	20	95	21	91	22	21	23	56	24	105	25	96	26	67	27	21	28	27	29	81	30	77	31	66	32	53	33	103	34	66	35	28	36	73	37	34	38	30	39	80	40	109	41	79	42	44	43	37	44	56	45	63	46	11	47	104	48	65	49	34	
	0	66	1	24	2	38	3	24	4	102	5	104	6	32	7	66	8	66	9	69	10	62	11	57	12	27	13	4	14	75	15	93	16	91	17	80	18	44	19	40	20	98	21	89	22	22	23	53	24	104	25	96	26	65	27	7	28	46	29	78	30	76	31	63	32	60	33	107	34	64	35	19	36	84	37	33	38	40	39	80	40	97	41	91	42	33	43	27	44	53	45	57	46	21	47	96	48	66	49	38	
	0	68	1	31	2	24	3	25	4	115	5	106	6	30	7	79	8	63	9	72	10	64	11	56	12	23	13	5	14	79	15	106	16	92	17	81	18	44	19	42	20	88	21	85	22	23	23	51	24	87	25	94	26	67	27	6	28	43	29	81	30	64	31	65	32	44	33	105	34	79	35	25	36	86	37	37	38	34	39	86	40	92	41	92	42	39	43	43	44	56	45	68	46	22	47	109	48	70	49	39	
	0	66	1	33	2	25	3	18	4	116	5	106	6	35	7	70	8	74	9	76	10	80	11	47	12	25	13	6	14	63	15	108	16	105	17	80	18	43	19	35	20	82	21	91	22	28	23	62	24	96	25	111	26	69	27	19	28	39	29	67	30	75	31	53	32	44	33	117	34	76	35	23	36	73	37	33	38	25	39	83	40	102	41	94	42	30	43	40	44	64	45	69	46	13	47	109	48	71	49	22	
	0	68	1	18	2	25	3	27	4	107	5	117	6	34	7	73	8	60	9	63	10	62	11	56	12	23	13	3	14	65	15	102	16	90	17	92	18	39	19	24	20	80	21	95	22	29	23	59	24	88	25	109	26	56	27	20	28	45	29	77	30	76	31	68	32	44	33	113	34	83	35	17	36	82	37	38	38	29	39	91	40	94	41	79	42	43	43	41	44	62	45	75	46	14	47	108	48	67	49	31	
	0	82	1	24	2	37	3	16	4	116	5	102	6	38	7	63	8	58	9	74	10	66	11	55	12	24	13	3	14	67	15	90	16	92	17	79	18	29	19	38	20	95	21	82	22	20	23	59	24	90	25	104	26	58	27	8	28	28	29	79	30	68	31	60	32	47	33	105	34	72	35	21	36	75	37	45	38	24	39	96	40	109	41	77	42	45	43	27	44	55	45	68	46	23	47	99	48	62	49	25	
	0	74	1	24	2	35	3	27	4	103	5	99	6	35	7	66	8	55	9	70	10	62	11	44	12	24	13	15	14	75	15	98	16	103	17	94	18	39	19	26	20	82	21	101	22	15	23	47	24	104	25	93	26	62	27	12	28	30	29	69	30	68	31	63	32	42	33	118	34	73	35	30	36	81	37	37	38	37	39	86	40	100	41	93	42	49	43	38	44	50	45	61	46	19	47	115	48	72	49	38	
	0	84	1	36	2	36	3	8	4	103	5	115	6	32	7	76	8	69	9	74	10	74	11	55	12	24	13	7	14	73	15	96	16	89	17	80	18	41	19	27	20	88	21	95	22	28	23	52	24	97	25	104	26	52	27	20	28	33	29	70	30	72	31	65	32	60	33	101	34	76	35	21	36	87	37	49	38	26	39	92	40	106	41	89	42	33	43	25	44	68	45	75	46	26	47	111	48	77	49	32	
	0	68	1	34	2	25	3	22	4	107	5	116	6	28	7	67	8	62	9	76	10	77	11	55	12	25	13	17	14	71	15	103	16	90	17	82	18	39	19	41	20	97	21	100	22	20	23	63	24	94	25	101	26	52	27	21	28	40	29	66	30	66	31	66	32	50	33	100	34	70	35	28	36	88	37	34	38	35	39	89	40	107	41	84	42	39	43	30	44	52	45	72	46	9	47	96	48	62	49	36	
	0	75	1	31	2	33	3	22	4	102	5	100	6	41	7	79	8	67	9	78	10	80	11	53	12	23	13	9	14	69	15	103	16	96	17	90	18	38	19	28	20	87	21	93	22	21	23	65	24	101	25	108	26	66	27	6	28	28	29	66	30	78	31	69	32	56	33	104	34	73	35	21	36	77	37	46	38	37	39	91	40	99	41	83	42	37	43	28	44	57	45	61	46	16	47	113	48	75	49	20	
	0	81	1	24	2	32	3	19	4	116	5	102	6	24	7	63	8	70	9	59	10	62	11	56	12	15	13	4	14	67	15	93	16	92	17	91	18	30	19	34	20	89	21	99	22	23	23	58	24	91	25	102	26	57	27	13	28	37	29	76	30	69	31	62	32	61	33	112	34	67	35	25	36	83	37	31	38	28	39	93	40	102	41	77	42	36	43	29	44	58	45	64	46	20	47	101	48	70	49	31	
	0	83	1	20	2	27	3	15	4	102	5	108	6	35	7	68	8	61	9	69	10	70	11	42	12	17	13	8	14	73	15	105	16	96	17	86	18	40	19	39	20	91	21	93	22	24	23	58	24	89	25	104	26	68	27	20	28	35	29	73	30	70	31	69	32	58	33	117	34	66	35	24	36	84	37	44	38	41	39	79	40	94	41	87	42	43	43	39	44	53	45	75	46	23	47	109	48	65	49	38	
	0	66	1	21	2	27	3	24	4	109	5	111	6	28	7	68	8	73	9	71	10	78	11	42	12	10	13	6	14	61	15	95	16	91	17	91	18	36	19	39	20	90	21	93	22	23	23	51	24	105	25	110	26	61	27	19	28	35	29	75	30	61	31	65	32	55	33	115	34	75	35	14	36	78	37	42	38	31	39	92	40	100	41	76	42	46	43	28	44	58	45	67	46	20	47	106	48	68	49	37	
	0	80	1	29	2	39	3	23	4	101	5	100	6	26	7	76	8	73	9	67	10	64	11	48	12	23	13	12	14	65	15	97	16	98	17	77	18	32	19	38	20	87	21	101	22	26	23	65	24	87	25	98	26	60	27	19	28	33	29	62	30	61	31	66	32	52	33	110	34	73	35	30	36	80	37	34	38	24	39	78	40	91	41	84	42	43	43	34	44	68	45	58	46	15	47	106	48	69	49	23	
	0	82	1	34	2	26	3	17	4	117	5	116	6	30	7	67	8	71	9	69	10	68	11	42	12	14	13	10	14	79	15	93	16	96	17	85	18	26	19	30	20	83	21	82	22	27	23	51	24	104	25	108	26	59	27	19	28	31	29	68	30	75	31	65	32	57	33	115	34	64	35	13	36	85	37	47	38	31	39	79	40	102	41	80	42	38	43	41	44	54	45	58	46	16	47	108	48	75	49	37	
	0	72	1	27	2	35	3	22	4	100	5	116	6	26	7	65	8	58	9	69	10	78	11	43	12	26	13	6	14	63	15	89	16	87	17	81	18	41	19	25	20	82	21	85	22	14	23	60	24	89	25	93	26	64	27	23	28	32	29	64	30	71	31	60	32	44	33	100	34	74	35	28	36	77	37	40	38	26	39	96	40	98	41	75	42	39	43	42	44	50	45	60	46	28	47	113	48	66	49	31	
	0	75	1	33	2	40	3	24	4	112	5	114	6	23	7	79	8	70	9	75	10	69	11	42	12	15	13	4	14	61	15	98	16	101	17	81	18	31	19	39	20	80	21	95	22	26	23	54	24	98	25	111	26	57	27	11	28	38	29	79	30	66	31	63	32	61	33	100	34	65	35	30	36	76	37	35	38	25	39	81	40	107	41	82	42	40	43	33	44	57	45	69	46	11	47	107	48	77	49	21	
	0	80	1	23	2	39	3	26	4	101	5	110	6	28	7	68	8	67	9	64	10	77	11	59	12	19	13	3	14	73	15	96	16	99	17	92	18	26	19	27	20	80	21	101	22	24	23	61	24	90	25	93	26	56	27	8	28	31	29	68	30	76	31	64	32	56	33	117	34	71	35	17	36	82	37	45	38	24	39	77	40	93	41	81	42	42	43	38	44	57	45	61	46	27	47	98	48	73	49	34	
	0	71	1	35	2	29	3	19	4	119	5	99	6	37	7	73	8	71	9	77	10	77	11	51	12	20	13	12	14	78	15	98	16	94	17	90	18	26	19	24	20	97	21	100	22	30	23	52	24	91	25	96	26	68	27	12	28	46	29	70	30	77	31	62	32	48	33	107	34	81	35	24	36	78	37	42	38	26	39	94	40	104	41	79	42	39	43	33	44	52	45	59	46	20	47	111	48	74	49	38	
	0	83	1	23	2	29	3	19	4	101	5	106	6	37	7	79	8	65	9	74	10	75	11	53	12	12	13	12	14	65	15	89	16	86	17	83	18	26	19	28	20	85	21	87	22	14	23	55	24	99	25	98	26	52	27	18	28	43	29	80	30	64	31	55	32	57	33	101	34	78	35	23	36	69	37	40	38	37	39	82	40	94	41	84	42	42	43	31	44	58	45	61	46	26	47	114	48	78	49	32	
	0	83	1	30	2	23	3	18	4	103	5	107	6	26	7	62	8	72	9	67	10	68	11	48	12	8	13	16	14	65	15	103	16	100	17	80	18	35	19	24	20	89	21	87	22	19	23	52	24	94	25	96	26	69	27	9	28	38	29	70	30	76	31	66	32	51	33	106	34	68	35	26	36	71	37	41	38	27	39	85	40	101	41	77	42	38	43	28	44	59	45	74	46	12	47	115	48	77	49	21	
	0	80	1	24	2	32	3	9	4	108	5	113	6	30	7	67	8	56	9	69	10	62	11	59	12	18	13	15	14	80	15	92	16	87	17	96	18	32	19	28	20	99	21	90	22	23	23	65	24	100	25	102	26	51	27	13	28	36	29	66	30	73	31	65	32	49	33	118	34	73	35	28	36	76	37	36	38	39	39	83	40	108	41	88	42	48	43	32	44	66	45	60	46	21	47	112	48	75	49	20	
	0	67	1	17	2	28	3	20	4	101	5	113	6	29	7	71	8	55	9	63	10	69	11	42	12	25	13	12	14	64	15	106	16	88	17	91	18	35	19	33	20	80	21	95	22	12	23	50	24	97	25	92	26	58	27	10	28	41	29	66	30	64	31	55	32	54	33	116	34	74	35	30	36	77	37	39	38	36	39	95	40	93	41	89	42	34	43	25	44	52	45	59	46	19	47	104	48	65	49	33	
	0	69	1	17	2	33	3	22	4	111	5	104	6	33	7	75	8	71	9	66	10	75	11	58	12	26	13	15	14	78	15	103	16	90	17	84	18	30	19	31	20	95	21	84	22	30	23	56	24	99	25	107	26	56	27	23	28	34	29	73	30	75	31	70	32	50	33	111	34	69	35	22	36	75	37	36	38	40	39	77	40	98	41	81	42	42	43	42	44	62	45	68	46	15	47	96	48	76	49	34	
	0	72	1	19	2	39	3	25	4	109	5	108	6	41	7	79	8	64	9	76	10	66	11	50	12	26	13	9	14	72	15	98	16	97	17	88	18	35	19	40	20	92	21	101	22	12	23	51	24	87	25	105	26	63	27	7	28	34	29	81	30	67	31	57	32	48	33	112	34	70	35	30	36	74	37	40	38	24	39	86	40	106	41	91	42	40	43	36	44	68	45	67	46	16	47	97	48	69	49	30	
	0	83	1	35	2	27	3	11	4	104	5	105	6	25	7	74	8	61	9	69	10	79	11	49	12	26	13	22	14	64	15	102	16	87	17	86	18	34	19	30	20	88	21	92	22	18	23	60	24	95	25	92	26	68	27	7	28	41	29	78	30	74	31	71	32	58	33	114	34	69	35	15	36	78	37	45	38	34	39	93	40	108	41	84	42	35	43	37	44	67	45	62	46	28	47	113	48	65	49	27	
	0	83	1	17	2	33	3	12	4	108	5	105	6	36	7	73	8	69	9	75	10	71	11	52	12	26	13	17	14	61	15	95	16	89	17	95	18	25	19	28	20	90	21	98	22	16	23	63	24	102	25	109	26	55	27	8	28	38	29	77	30	68	31	53	32	51	33	114	34	82	35	25	36	75	37	37	38	28	39	82	40	92	41	83	42	39	43	31	44	67	45	73	46	26	47	102	48	79	49	21	
	0	67	1	35	2	41	3	9	4	117	5	100	6	29	7	67	8	74	9	60	10	64	11	46	12	19	13	9	14	66	15	107	16	98	17	91	18	37	19	40	20	90	21	83	22	31	23	60	24	89	25	93	26	66	27	20	28	40	29	79	30	62	31	59	32	47	33	108	34	83	35	27	36	86	37	34	38	29	39	94	40	101	41	81	42	39	43	35	44	50	45	65	46	27	47	109	48	65	49	37	
	0	76	1	30	2	38	3	26	4	114	5	100	6	24	7	62	8	68	9	67	10	71	11	47	12	26	13	5	14	69	15	96	16	105	17	84	18	32	19	36	20	81	21	96	22	19	23	56	24	95	25	97	26	64	27	11	28	32	29	67	30	79	31	53	32	59	33	117	34	79	35	31	36	74	37	37	38	36	39	91	40	91	41	78	42	43	43	40	44	56	45	64	46	20	47	97	48	80	49	25	
	0	83	1	26	2	41	3	19	4	112	5	108	6	41	7	68	8	65	9	73	10	65	11	46	12	10	13	10	14	69	15	96	16	96	17	87	18	29	19	29	20	98	21	86	22	27	23	61	24	96	25	98	26	68	27	7	28	31	29	74	30	75	31	68	32	61	33	115	34	70	35	27	36	72	37	41	38	24	39	96	40	100	41	77	42	47	43	27	44	66	45	73	46	21	47	98	48	65	49	26	
	0	77	1	35	2	25	3	25	4	103	5	112	6	33	7	73	8	63	9	73	10	64	11	46	12	15	13	13	14	62	15	101	16	98	17	85	18	38	19	40	20	84	21	89	22	27	23	63	24	101	25	103	26	70	27	11	28	45	29	74	30	70	31	70	32	42	33	118	34	81	35	18	36	75	37	47	38	37	39	78	40	105	41	86	42	30	43	42	44	51	45	62	46	17	47	109	48	72	49	28	
	0	78	1	33	2	31	3	19	4	117	5	108	6	37	7	76	8	62	9	66	10	81	11	48	12	20	13	5	14	62	15	106	16	92	17	96	18	26	19	35	20	94	21	87	22	18	23	63	24	92	25	94	26	53	27	16	28	45	29	76	30	72	31	54	32	43	33	114	34	79	35	14	36	70	37	37	38	22	39	85	40	97	41	94	42	30	43	24	44	57	45	59	46	20	47	110	48	73	49	39	
	0	68	1	25	2	24	3	20	4	114	5	109	6	24	7	78	8	60	9	77	10	79	11	44	12	13	13	16	14	65	15	98	16	88	17	95	18	40	19	40	20	88	21	92	22	17	23	52	24	105	25	96	26	53	27	7	28	29	29	63	30	76	31	70	32	56	33	104	34	68	35	25	36	72	37	42	38	41	39	78	40	93	41	76	42	35	43	31	44	60	45	61	46	15	47	105	48	65	49	35	
	0	70	1	22	2	24	3	16	4	105	5	116	6	29	7	66	8	58	9	63	10	74	11	46	12	16	13	10	14	74	15	93	16	105	17	79	18	32	19	35	20	95	21	84	22	15	23	65	24	87	25	108	26	59	27	13	28	46	29	70	30	75	31	54	32	58	33	102	34	79	35	23	36	77	37	32	38	37	39	93	40	96	41	83	42	35	43	39	44	49	45	75	46	13	47	107	48	76	49	39	
	0	66	1	30	2	29	3	24	4	112	5	103	6	40	7	60	8	67	9	66	10	65	11	50	12	14	13	8	14	62	15	92	16	104	17	94	18	25	19	35	20	87	21	101	22	18	23	63	24	103	25	102	26	67	27	22	28	41	29	68	30	63	31	58	32	42	33	108	34	78	35	16	36	69	37	43	38	32	39	81	40	105	41	83	42	36	43	27	44	67	45	64	46	21	47	96	48	75	49	30	
	0	76	1	29	2	29	3	15	4	110	5	108	6	28	7	66	8	70	9	78	10	74	11	57	12	13	13	14	14	62	15	98	16	103	17	94	18	41	19	26	20	92	21	84	22	23	23	64	24	97	25	101	26	65	27	13	28	30	29	68	30	64	31	56	32	48	33	111	34	72	35	21	36	70	37	39	38	35	39	83	40	105	41	86	42	44	43	40	44	64	45	74	46	26	47	112	48	74	49	31	
	0	75	1	26	2	23	3	11	4	113	5	105	6	39	7	71	8	57	9	74	10	64	11	56	12	20	13	18	14	67	15	103	16	96	17	77	18	33	19	38	20	99	21	83	22	29	23	58	24	91	25	102	26	63	27	16	28	41	29	65	30	68	31	66	32	43	33	100	34	81	35	23	36	74	37	45	38	37	39	84	40	97	41	87	42	49	43	25	44	51	45	62	46	12	47	96	48	63	49	33	
	0	81	1	36	2	38	3	18	4	104	5	106	6	23	7	67	8	57	9	75	10	76	11	48	12	17	13	22	14	61	15	92	16	87	17	88	18	40	19	38	20	95	21	82	22	24	23	62	24	94	25	105	26	51	27	18	28	38	29	65	30	63	31	68	32	47	33	108	34	74	35	20	36	77	37	39	38	30	39	92	40	104	41	79	42	33	43	43	44	59	45	58	46	28	47	110	48	77	49	31	
	0	73	1	23	2	27	3	9	4	106	5	102	6	33	7	72	8	66	9	73	10	79	11	53	12	9	13	20	14	76	15	101	16	97	17	78	18	43	19	36	20	95	21	84	22	18	23	65	24	97	25	110	26	69	27	22	28	40	29	74	30	73	31	67	32	51	33	113	34	78	35	21	36	77	37	33	38	26	39	93	40	107	41	89	42	31	43	34	44	53	45	72	46	28	47	105	48	70	49	36	
	0	69	1	31	2	26	3	12	4	117	5	110	6	30	7	67	8	58	9	61	10	81	11	52	12	12	13	14	14	62	15	95	16	87	17	87	18	43	19	26	20	93	21	88	22	19	23	62	24	95	25	99	26	60	27	15	28	36	29	73	30	78	31	66	32	48	33	103	34	70	35	13	36	85	37	46	38	41	39	81	40	96	41	84	42	37	43	27	44	52	45	65	46	25	47	106	48	80	49	21	
	0	71	1	31	2	27	3	23	4	107	5	106	6	39	7	70	8	72	9	68	10	71	11	54	12	17	13	11	14	70	15	90	16	104	17	95	18	30	19	29	20	81	21	93	22	20	23	59	24	88	25	109	26	57	27	18	28	27	29	72	30	75	31	59	32	44	33	116	34	71	35	16	36	69	37	47	38	32	39	92	40	104	41	92	42	41	43	40	44	62	45	75	46	26	47	104	48	80	49	38	
	0	66	1	28	2	41	3	14	4	101	5	113	6	34	7	61	8	66	9	62	10	65	11	46	12	12	13	20	14	66	15	91	16	97	17	90	18	32	19	29	20	80	21	100	22	23	23	58	24	98	25	108	26	66	27	22	28	28	29	81	30	69	31	54	32	49	33	107	34	83	35	12	36	78	37	44	38	37	39	80	40	109	41	82	42	37	43	34	44	61	45	62	46	28	47	100	48	76	49	35	
	0	83	1	20	2	23	3	24	4	112	5	118	6	23	7	63	8	58	9	60	10	75	11	46	12	8	13	4	14	68	15	105	16	94	17	85	18	36	19	34	20	84	21	91	22	22	23	60	24	97	25	109	26	63	27	10	28	44	29	68	30	69	31	57	32	52	33	104	34	76	35	20	36	87	37	32	38	28	39	91	40	92	41	91	42	49	43	41	44	55	45	69	46	12	47	108	48	70	49	27	
	0	83	1	33	2	26	3	15	4	105	5	102	6	38	7	72	8	70	9	60	10	79	11	42	12	15	13	9	14	79	15	106	16	89	17	87	18	37	19	24	20	85	21	94	22	26	23	58	24	95	25	98	26	63	27	11	28	41	29	63	30	74	31	68	32	58	33	108	34	71	35	14	36	70	37	43	38	22	39	84	40	107	41	89	42	30	43	35	44	60	45	62	46	27	47	104	48	76	49	28	
	0	69	1	36	2	41	3	22	4	107	5	100	6	38	7	65	8	59	9	61	10	66	11	47	12	11	13	7	14	79	15	104	16	104	17	92	18	31	19	43	20	90	21	99	22	26	23	53	24	96	25	103	26	66	27	23	28	34	29	74	30	63	31	72	32	59	33	102	34	82	35	19	36	75	37	32	38	37	39	96	40	108	41	83	42	32	43	29	44	56	45	69	46	14	47	104	48	67	49	36	
	0	81	1	33	2	35	3	10	4	106	5	113	6	23	7	63	8	59	9	72	10	80	11	56	12	21	13	8	14	78	15	107	16	100	17	93	18	31	19	42	20	81	21	85	22	15	23	46	24	87	25	109	26	67	27	18	28	37	29	75	30	79	31	61	32	48	33	111	34	64	35	12	36	84	37	38	38	39	39	90	40	101	41	75	42	46	43	41	44	63	45	73	46	19	47	107	48	64	49	29	
	0	74	1	34	2	31	3	12	4	118	5	104	6	34	7	72	8	60	9	64	10	78	11	41	12	20	13	3	14	64	15	91	16	89	17	92	18	25	19	26	20	80	21	99	22	15	23	65	24	88	25	98	26	70	27	11	28	41	29	70	30	78	31	64	32	61	33	116	34	74	35	22	36	84	37	33	38	39	39	83	40	94	41	85	42	34	43	26	44	52	45	69	46	17	47	106	48	62	49	30	
	0	80	1	24	2	34	3	17	4	113	5	104	6	31	7	69	8	64	9	61	10	67	11	46	12	11	13	3	14	75	15	105	16	100	17	90	18	41	19	29	20	92	21	83	22	19	23	58	24	94	25	103	26	54	27	15	28	30	29	68	30	60	31	56	32	48	33	114	34	83	35	19	36	74	37	31	38	24	39	92	40	106	41	77	42	42	43	27	44	57	45	69	46	11	47	98	48	70	49	39	
	0	72	1	19	2	38	3	10	4	119	5	102	6	40	7	65	8	55	9	60	10	62	11	56	12	12	13	17	14	74	15	91	16	100	17	91	18	29	19	25	20	85	21	90	22	18	23	58	24	102	25	100	26	68	27	9	28	44	29	68	30	71	31	66	32	50	33	107	34	74	35	24	36	73	37	35	38	24	39	87	40	104	41	85	42	45	43	31	44	49	45	63	46	26	47	110	48	69	49	25	
	0	75	1	29	2	42	3	20	4	109	5	114	6	27	7	68	8	71	9	64	10	75	11	59	12	26	13	16	14	78	15	103	16	101	17	91	18	32	19	28	20	95	21	89	22	24	23	51	24	90	25	108	26	54	27	23	28	38	29	80	30	74	31	63	32	46	33	114	34	73	35	20	36	70	37	42	38	37	39	77	40	93	41	92	42	32	43	36	44	56	45	69	46	24	47	113	48	77	49	38	
	0	78	1	20	2	33	3	10	4	118	5	118	6	40	7	77	8	70	9	64	10	68	11	50	12	12	13	17	14	73	15	91	16	99	17	85	18	35	19	34	20	87	21	95	22	24	23	64	24	96	25	98	26	63	27	14	28	38	29	76	30	66	31	67	32	53	33	117	34	69	35	14	36	82	37	39	38	32	39	86	40	102	41	89	42	47	43	28	44	57	45	67	46	15	47	101	48	75	49	21	
	0	73	1	31	2	38	3	24	4	104	5	100	6	33	7	72	8	58	9	66	10	77	11	49	12	21	13	18	14	79	15	106	16	98	17	87	18	33	19	32	20	80	21	85	22	13	23	58	24	98	25	92	26	66	27	19	28	36	29	65	30	77	31	57	32	44	33	109	34	76	35	26	36	85	37	39	38	35	39	93	40	109	41	77	42	48	43	34	44	49	45	58	46	28	47	98	48	61	49	21	
	0	80	1	22	2	34	3	18	4	114	5	108	6	25	7	68	8	66	9	71	10	64	11	45	12	13	13	9	14	64	15	89	16	93	17	94	18	35	19	27	20	91	21	86	22	26	23	61	24	90	25	110	26	69	27	15	28	43	29	78	30	74	31	53	32	42	33	111	34	69	35	22	36	75	37	39	38	28	39	96	40	93	41	90	42	30	43	27	44	53	45	61	46	9	47	98	48	75	49	34	
	0	74	1	35	2	33	3	17	4	105	5	112	6	30	7	69	8	71	9	72	10	64	11	49	12	21	13	21	14	75	15	95	16	91	17	77	18	36	19	24	20	85	21	87	22	29	23	60	24	93	25	93	26	57	27	21	28	29	29	71	30	70	31	70	32	54	33	101	34	77	35	24	36	69	37	35	38	35	39	87	40	97	41	93	42	30	43	34	44	58	45	62	46	21	47	113	48	64	49	32	
	0	82	1	35	2	40	3	15	4	109	5	103	6	34	7	64	8	57	9	71	10	64	11	57	12	27	13	13	14	79	15	101	16	95	17	84	18	32	19	25	20	91	21	86	22	27	23	65	24	101	25	106	26	60	27	18	28	40	29	72	30	75	31	71	32	45	33	108	34	69	35	29	36	84	37	40	38	23	39	88	40	108	41	87	42	48	43	28	44	57	45	71	46	28	47	100	48	74	49	34	
	0	69	1	28	2	28	3	17	4	112	5	112	6	23	7	74	8	67	9	65	10	76	11	44	12	9	13	5	14	74	15	106	16	104	17	78	18	26	19	30	20	93	21	83	22	28	23	58	24	98	25	95	26	69	27	20	28	46	29	69	30	61	31	54	32	51	33	116	34	82	35	23	36	81	37	48	38	24	39	77	40	108	41	79	42	30	43	27	44	67	45	63	46	16	47	107	48	65	49	23	
	0	82	1	28	2	34	3	9	4	107	5	111	6	34	7	65	8	59	9	77	10	79	11	59	12	11	13	5	14	79	15	104	16	104	17	90	18	39	19	39	20	91	21	101	22	26	23	55	24	100	25	94	26	68	27	24	28	38	29	79	30	78	31	67	32	59	33	118	34	81	35	30	36	71	37	38	38	28	39	85	40	94	41	82	42	38	43	27	44	57	45	67	46	15	47	98	48	78	49	35	
	0	73	1	18	2	29	3	22	4	104	5	113	6	25	7	79	8	55	9	62	10	79	11	44	12	17	13	19	14	72	15	108	16	105	17	96	18	40	19	40	20	84	21	87	22	19	23	49	24	86	25	102	26	52	27	7	28	36	29	80	30	72	31	55	32	45	33	117	34	67	35	12	36	75	37	48	38	38	39	91	40	108	41	85	42	48	43	31	44	64	45	58	46	10	47	104	48	61	49	35	
	0	68	1	18	2	29	3	23	4	117	5	115	6	39	7	60	8	55	9	74	10	72	11	44	12	26	13	7	14	62	15	91	16	95	17	79	18	41	19	35	20	83	21	85	22	28	23	62	24	90	25	99	26	66	27	8	28	33	29	77	30	68	31	66	32	59	33	99	34	67	35	12	36	73	37	42	38	30	39	82	40	108	41	82	42	33	43	32	44	61	45	64	46	14	47	115	48	66	49	26	
	0	84	1	22	2	25	3	16	4	109	5	109	6	39	7	70	8	72	9	73	10	70	11	43	12	27	13	3	14	67	15	94	16	90	17	80	18	32	19	40	20	98	21	91	22	29	23	64	24	98	25	110	26	64	27	17	28	29	29	66	30	66	31	61	32	50	33	100	34	78	35	13	36	76	37	45	38	27	39	96	40	102	41	86	42	41	43	29	44	61	45	66	46	16	47	111	48	64	49	20	
	0	71	1	33	2	31	3	8	4	114	5	112	6	30	7	72	8	57	9	62	10	65	11	41	12	9	13	13	14	74	15	94	16	90	17	86	18	32	19	42	20	94	21	99	22	24	23	51	24	93	25	92	26	60	27	5	28	42	29	74	30	65	31	58	32	49	33	118	34	80	35	14	36	84	37	31	38	40	39	94	40	104	41	92	42	49	43	36	44	49	45	71	46	11	47	98	48	71	49	38	
	0	80	1	28	2	26	3	19	4	115	5	104	6	30	7	64	8	72	9	70	10	66	11	42	12	19	13	11	14	67	15	101	16	95	17	93	18	26	19	27	20	83	21	101	22	30	23	52	24	97	25	102	26	61	27	11	28	31	29	68	30	63	31	59	32	59	33	99	34	71	35	20	36	80	37	49	38	38	39	83	40	97	41	81	42	37	43	24	44	57	45	76	46	16	47	99	48	70	49	36	
	0	80	1	19	2	41	3	26	4	100	5	105	6	35	7	73	8	64	9	68	10	71	11	58	12	24	13	7	14	67	15	107	16	103	17	93	18	28	19	34	20	90	21	83	22	26	23	53	24	99	25	102	26	59	27	6	28	30	29	77	30	73	31	62	32	42	33	114	34	80	35	15	36	76	37	36	38	29	39	83	40	104	41	78	42	34	43	31	44	64	45	68	46	20	47	97	48	76	49	36	
	0	74	1	19	2	24	3	15	4	110	5	111	6	38	7	75	8	65	9	72	10	67	11	47	12	22	13	20	14	62	15	96	16	86	17	90	18	28	19	42	20	88	21	88	22	27	23	60	24	90	25	107	26	69	27	16	28	31	29	79	30	78	31	56	32	49	33	114	34	71	35	13	36	82	37	37	38	38	39	84	40	107	41	92	42	41	43	34	44	58	45	76	46	13	47	114	48	71	49	34	
	0	79	1	20	2	33	3	25	4	118	5	100	6	22	7	64	8	72	9	71	10	81	11	41	12	13	13	11	14	71	15	107	16	101	17	78	18	28	19	42	20	83	21	83	22	26	23	49	24	102	25	95	26	53	27	21	28	44	29	67	30	65	31	54	32	48	33	105	34	66	35	28	36	72	37	31	38	26	39	86	40	107	41	89	42	44	43	39	44	61	45	60	46	11	47	109	48	62	49	23	
	0	82	1	32	2	30	3	25	4	119	5	117	6	22	7	60	8	71	9	77	10	72	11	51	12	18	13	20	14	78	15	93	16	105	17	83	18	42	19	25	20	98	21	94	22	18	23	61	24	100	25	107	26	69	27	21	28	40	29	67	30	74	31	66	32	58	33	116	34	81	35	18	36	73	37	40	38	32	39	96	40	98	41	87	42	34	43	32	44	50	45	61	46	20	47	100	48	78	49	21	
	0	79	1	21	2	32	3	17	4	111	5	108	6	22	7	69	8	59	9	64	10	67	11	56	12	8	13	20	14	75	15	97	16	104	17	92	18	27	19	32	20	96	21	84	22	24	23	60	24	101	25	92	26	53	27	21	28	40	29	66	30	77	31	68	32	50	33	111	34	75	35	14	36	74	37	36	38	26	39	95	40	106	41	78	42	40	43	43	44	51	45	57	46	24	47	96	48	73	49	33	
	0	72	1	19	2	31	3	8	4	115	5	107	6	32	7	61	8	69	9	62	10	70	11	44	12	16	13	19	14	76	15	100	16	90	17	96	18	26	19	31	20	90	21	100	22	14	23	46	24	87	25	96	26	53	27	15	28	39	29	77	30	66	31	63	32	59	33	106	34	82	35	20	36	82	37	49	38	26	39	82	40	108	41	84	42	33	43	41	44	51	45	76	46	21	47	103	48	74	49	32	
	0	79	1	23	2	32	3	24	4	114	5	109	6	22	7	67	8	68	9	64	10	77	11	48	12	13	13	6	14	72	15	90	16	102	17	77	18	27	19	40	20	87	21	95	22	29	23	61	24	90	25	99	26	56	27	12	28	44	29	73	30	72	31	69	32	54	33	112	34	70	35	14	36	74	37	36	38	30	39	86	40	104	41	84	42	43	43	43	44	59	45	71	46	28	47	107	48	74	49	29	
	0	71	1	34	2	28	3	14	4	107	5	110	6	37	7	60	8	58	9	68	10	64	11	49	12	10	13	3	14	78	15	108	16	96	17	85	18	42	19	26	20	81	21	97	22	28	23	52	24	90	25	96	26	51	27	21	28	43	29	67	30	79	31	64	32	51	33	113	34	81	35	22	36	75	37	37	38	33	39	84	40	99	41	84	42	43	43	25	44	64	45	58	46	28	47	111	48	77	49	25	
	0	69	1	29	2	29	3	10	4	101	5	109	6	23	7	61	8	72	9	69	10	74	11	42	12	19	13	22	14	74	15	93	16	94	17	96	18	26	19	27	20	86	21	101	22	31	23	53	24	105	25	95	26	68	27	9	28	45	29	78	30	68	31	57	32	50	33	99	34	72	35	19	36	88	37	49	38	23	39	85	40	100	41	82	42	47	43	33	44	65	45	71	46	18	47	108	48	63	49	28	
	0	72	1	33	2	35	3	19	4	106	5	104	6	27	7	75	8	55	9	65	10	75	11	49	12	24	13	12	14	63	15	101	16	102	17	77	18	38	19	30	20	83	21	91	22	30	23	54	24	104	25	93	26	64	27	15	28	33	29	67	30	61	31	67	32	51	33	101	34	83	35	15	36	69	37	46	38	23	39	87	40	92	41	77	42	45	43	24	44	68	45	74	46	28	47	98	48	63	49	28	
	0	78	1	34	2	27	3	19	4	100	5	109	6	34	7	68	8	73	9	70	10	80	11	59	12	24	13	8	14	74	15	97	16	91	17	82	18	29	19	41	20	92	21	93	22	21	23	56	24	93	25	100	26	59	27	9	28	42	29	66	30	64	31	54	32	57	33	106	34	78	35	18	36	79	37	33	38	36	39	89	40	109	41	82	42	33	43	41	44	55	45	60	46	20	47	99	48	72	49	31	
	0	77	1	34	2	35	3	26	4	116	5	113	6	38	7	74	8	62	9	71	10	73	11	40	12	22	13	16	14	67	15	103	16	97	17	96	18	38	19	37	20	80	21	87	22	21	23	64	24	99	25	101	26	51	27	11	28	44	29	67	30	60	31	61	32	54	33	107	34	66	35	24	36	84	37	40	38	22	39	88	40	93	41	86	42	48	43	41	44	59	45	66	46	28	47	100	48	76	49	33	
	0	80	1	24	2	33	3	18	4	118	5	107	6	31	7	71	8	62	9	74	10	64	11	41	12	12	13	9	14	76	15	90	16	98	17	85	18	35	19	24	20	91	21	86	22	17	23	57	24	97	25	108	26	67	27	5	28	43	29	64	30	70	31	67	32	51	33	113	34	70	35	15	36	88	37	37	38	34	39	78	40	93	41	91	42	30	43	27	44	67	45	61	46	19	47	105	48	76	49	30	
	0	70	1	17	2	24	3	9	4	115	5	114	6	28	7	64	8	62	9	76	10	76	11	44	12	10	13	5	14	64	15	92	16	88	17	85	18	31	19	24	20	93	21	101	22	29	23	51	24	92	25	103	26	64	27	10	28	46	29	73	30	64	31	71	32	60	33	106	34	65	35	18	36	81	37	43	38	30	39	80	40	93	41	79	42	48	43	28	44	56	45	75	46	22	47	103	48	76	49	30	
	0	81	1	29	2	39	3	10	4	108	5	103	6	30	7	72	8	67	9	71	10	64	11	48	12	18	13	19	14	65	15	89	16	88	17	88	18	33	19	25	20	85	21	94	22	17	23	56	24	87	25	100	26	61	27	18	28	36	29	66	30	66	31	57	32	52	33	102	34	76	35	26	36	83	37	43	38	41	39	87	40	98	41	93	42	36	43	26	44	67	45	75	46	24	47	97	48	78	49	26	
	0	66	1	25	2	30	3	17	4	112	5	103	6	41	7	76	8	67	9	74	10	75	11	48	12	14	13	6	14	62	15	101	16	89	17	94	18	35	19	39	20	90	21	100	22	28	23	51	24	98	25	99	26	51	27	23	28	33	29	72	30	78	31	57	32	49	33	106	34	69	35	13	36	85	37	43	38	28	39	88	40	109	41	86	42	32	43	29	44	64	45	75	46	23	47	106	48	73	49	20	
	0	72	1	35	2	34	3	23	4	116	5	118	6	31	7	65	8	59	9	69	10	76	11	56	12	21	13	22	14	70	15	94	16	99	17	77	18	33	19	39	20	88	21	84	22	17	23	53	24	89	25	95	26	54	27	17	28	38	29	80	30	79	31	63	32	54	33	115	34	78	35	20	36	79	37	40	38	35	39	91	40	94	41	76	42	38	43	29	44	59	45	66	46	28	47	97	48	80	49	30	
	0	76	1	35	2	41	3	19	4	107	5	116	6	35	7	75	8	68	9	78	10	67	11	41	12	13	13	8	14	67	15	100	16	100	17	82	18	26	19	43	20	87	21	85	22	26	23	47	24	89	25	93	26	57	27	13	28	38	29	75	30	79	31	53	32	52	33	113	34	71	35	26	36	69	37	46	38	35	39	93	40	91	41	88	42	45	43	40	44	53	45	62	46	26	47	113	48	71	49	30	
	0	74	1	20	2	30	3	20	4	101	5	116	6	39	7	75	8	68	9	60	10	78	11	42	12	24	13	8	14	76	15	97	16	97	17	93	18	26	19	28	20	92	21	98	22	13	23	64	24	97	25	102	26	64	27	5	28	43	29	78	30	68	31	56	32	55	33	100	34	70	35	25	36	85	37	30	38	29	39	77	40	94	41	86	42	46	43	26	44	64	45	61	46	28	47	104	48	79	49	26	
	0	83	1	20	2	24	3	24	4	119	5	110	6	40	7	64	8	65	9	70	10	69	11	42	12	16	13	3	14	62	15	104	16	87	17	93	18	26	19	38	20	86	21	95	22	12	23	50	24	101	25	107	26	65	27	14	28	41	29	75	30	74	31	57	32	58	33	116	34	69	35	16	36	87	37	44	38	34	39	85	40	99	41	82	42	46	43	41	44	62	45	62	46	13	47	98	48	72	49	32	
	0	77	1	26	2	25	3	10	4	105	5	118	6	27	7	79	8	71	9	74	10	72	11	40	12	16	13	5	14	80	15	102	16	99	17	80	18	35	19	31	20	85	21	82	22	19	23	59	24	88	25	97	26	61	27	5	28	36	29	78	30	72	31	72	32	58	33	113	34	65	35	25	36	85	37	34	38	25	39	95	40	110	41	90	42	32	43	25	44	66	45	66	46	10	47	112	48	75	49	39	
	0	84	1	28	2	30	3	22	4	112	5	116	6	29	7	78	8	61	9	72	10	76	11	55	12	12	13	8	14	67	15	97	16	104	17	88	18	33	19	27	20	90	21	99	22	13	23	48	24	89	25	108	26	58	27	10	28	34	29	75	30	78	31	63	32	60	33	116	34	70	35	12	36	78	37	45	38	29	39	92	40	101	41	86	42	42	43	29	44	66	45	74	46	14	47	96	48	78	49	23	
	0	76	1	21	2	29	3	14	4	107	5	100	6	24	7	67	8	67	9	62	10	71	11	40	12	16	13	14	14	80	15	103	16	95	17	77	18	33	19	28	20	95	21	82	22	31	23	59	24	100	25	110	26	68	27	15	28	44	29	76	30	73	31	60	32	47	33	114	34	79	35	30	36	80	37	33	38	39	39	91	40	97	41	84	42	32	43	26	44	65	45	57	46	14	47	110	48	69	49	35	
	0	81	1	29	2	37	3	26	4	100	5	106	6	34	7	65	8	69	9	67	10	78	11	53	12	10	13	14	14	62	15	97	16	94	17	83	18	41	19	34	20	84	21	84	22	28	23	47	24	103	25	95	26	65	27	9	28	31	29	78	30	65	31	61	32	46	33	117	34	67	35	28	36	80	37	33	38	35	39	78	40	91	41	86	42	44	43	42	44	49	45	64	46	13	47	110	48	65	49	22	
	0	72	1	31	2	32	3	15	4	103	5	116	6	37	7	79	8	67	9	61	10	75	11	41	12	10	13	5	14	64	15	94	16	99	17	96	18	38	19	40	20	94	21	82	22	26	23	51	24	96	25	105	26	61	27	14	28	43	29	76	30	79	31	57	32	51	33	110	34	83	35	12	36	84	37	39	38	23	39	83	40	108	41	76	42	31	43	32	44	60	45	67	46	23	47	114	48	64	49	22	
	0	77	1	26	2	31	3	16	4	111	5	113	6	41	7	72	8	58	9	72	10	77	11	48	12	23	13	21	14	61	15	92	16	89	17	92	18	36	19	24	20	85	21	94	22	25	23	62	24	93	25	100	26	61	27	20	28	30	29	73	30	70	31	65	32	44	33	100	34	67	35	12	36	85	37	33	38	40	39	83	40	105	41	87	42	30	43	26	44	67	45	72	46	14	47	114	48	72	49	29	
	0	66	1	32	2	36	3	17	4	113	5	115	6	32	7	76	8	64	9	73	10	68	11	46	12	21	13	3	14	61	15	101	16	93	17	80	18	33	19	37	20	84	21	99	22	28	23	58	24	101	25	93	26	51	27	17	28	30	29	75	30	77	31	68	32	55	33	108	34	71	35	19	36	72	37	43	38	38	39	85	40	93	41	89	42	45	43	27	44	51	45	67	46	21	47	108	48	66	49	25	
	0	81	1	24	2	23	3	25	4	111	5	115	6	33	7	74	8	57	9	73	10	80	11	47	12	12	13	18	14	70	15	96	16	90	17	87	18	31	19	31	20	89	21	100	22	26	23	50	24	98	25	98	26	66	27	24	28	37	29	77	30	74	31	63	32	53	33	106	34	64	35	12	36	83	37	39	38	34	39	90	40	95	41	93	42	33	43	32	44	64	45	64	46	16	47	97	48	61	49	28	
	0	67	1	18	2	26	3	16	4	118	5	99	6	34	7	62	8	70	9	60	10	63	11	54	12	19	13	17	14	67	15	91	16	93	17	96	18	29	19	33	20	85	21	92	22	19	23	61	24	99	25	103	26	62	27	20	28	38	29	62	30	71	31	55	32	45	33	109	34	78	35	12	36	74	37	34	38	37	39	83	40	108	41	83	42	42	43	43	44	64	45	66	46	16	47	100	48	76	49	31	
	0	70	1	31	2	26	3	21	4	115	5	108	6	39	7	67	8	64	9	59	10	70	11	47	12	26	13	9	14	62	15	95	16	96	17	84	18	42	19	33	20	94	21	83	22	30	23	47	24	95	25	111	26	61	27	7	28	31	29	76	30	63	31	68	32	58	33	104	34	81	35	31	36	88	37	31	38	30	39	91	40	92	41	86	42	45	43	42	44	63	45	76	46	19	47	97	48	78	49	34	
	0	81	1	20	2	34	3	12	4	105	5	107	6	25	7	62	8	62	9	62	10	70	11	57	12	24	13	6	14	65	15	95	16	86	17	77	18	41	19	40	20	95	21	91	22	16	23	50	24	86	25	101	26	64	27	16	28	29	29	72	30	67	31	60	32	58	33	103	34	74	35	27	36	76	37	41	38	25	39	86	40	109	41	87	42	38	43	27	44	62	45	76	46	12	47	109	48	71	49	25	
	0	84	1	26	2	23	3	17	4	101	5	102	6	24	7	67	8	74	9	62	10	71	11	43	12	20	13	20	14	66	15	96	16	98	17	94	18	37	19	33	20	93	21	97	22	23	23	52	24	100	25	110	26	65	27	15	28	40	29	70	30	75	31	69	32	43	33	115	34	80	35	22	36	80	37	32	38	28	39	89	40	109	41	91	42	48	43	31	44	60	45	74	46	12	47	101	48	68	49	25	
	0	71	1	22	2	40	3	8	4	112	5	109	6	28	7	64	8	71	9	72	10	79	11	42	12	8	13	16	14	71	15	93	16	94	17	77	18	37	19	37	20	97	21	86	22	17	23	64	24	87	25	95	26	59	27	18	28	44	29	67	30	78	31	68	32	54	33	100	34	79	35	18	36	71	37	35	38	36	39	78	40	105	41	81	42	34	43	40	44	62	45	58	46	19	47	109	48	78	49	21	
	0	75	1	31	2	34	3	17	4	118	5	117	6	23	7	70	8	58	9	70	10	63	11	44	12	10	13	22	14	72	15	102	16	99	17	93	18	36	19	28	20	98	21	97	22	16	23	63	24	92	25	111	26	57	27	24	28	27	29	63	30	68	31	61	32	56	33	109	34	76	35	17	36	72	37	39	38	23	39	88	40	95	41	94	42	45	43	27	44	54	45	67	46	28	47	102	48	61	49	29	
	0	80	1	27	2	33	3	20	4	103	5	114	6	30	7	68	8	68	9	78	10	72	11	49	12	15	13	8	14	66	15	103	16	102	17	88	18	44	19	39	20	98	21	84	22	24	23	57	24	96	25	97	26	58	27	12	28	30	29	72	30	63	31	66	32	50	33	99	34	68	35	20	36	77	37	32	38	23	39	79	40	109	41	79	42	34	43	37	44	56	45	69	46	11	47	100	48	78	49	37	
	0	68	1	26	2	28	3	13	4	117	5	109	6	28	7	76	8	55	9	68	10	71	11	45	12	20	13	12	14	80	15	103	16	97	17	84	18	26	19	39	20	90	21	93	22	29	23	49	24	99	25	100	26	55	27	20	28	45	29	64	30	64	31	59	32	42	33	99	34	68	35	29	36	77	37	43	38	27	39	81	40	105	41	87	42	47	43	38	44	62	45	73	46	12	47	97	48	78	49	29	
	0	75	1	19	2	31	3	13	4	115	5	109	6	34	7	65	8	66	9	75	10	67	11	49	12	11	13	16	14	65	15	107	16	104	17	96	18	34	19	33	20	96	21	100	22	22	23	54	24	100	25	105	26	65	27	16	28	34	29	66	30	69	31	72	32	57	33	100	34	76	35	18	36	88	37	45	38	30	39	84	40	102	41	85	42	35	43	38	44	50	45	62	46	28	47	104	48	79	49	38	
	0	82	1	19	2	42	3	9	4	115	5	101	6	29	7	74	8	60	9	73	10	73	11	59	12	15	13	22	14	61	15	93	16	89	17	82	18	31	19	38	20	89	21	90	22	17	23	56	24	91	25	92	26	62	27	7	28	37	29	62	30	65	31	64	32	43	33	106	34	65	35	26	36	77	37	35	38	28	39	90	40	110	41	81	42	37	43	42	44	63	45	74	46	11	47	113	48	65	49	36	
	0	75	1	36	2	32	3	27	4	119	5	114	6	34	7	78	8	61	9	62	10	62	11	42	12	11	13	5	14	79	15	93	16	86	17	79	18	31	19	29	20	88	21	93	22	24	23	48	24	92	25	99	26	55	27	21	28	28	29	74	30	60	31	65	32	47	33	104	34	66	35	27	36	77	37	37	38	29	39	96	40	106	41	78	42	33	43	36	44	56	45	66	46	27	47	102	48	76	49	24	
	0	69	1	26	2	23	3	16	4	103	5	110	6	28	7	77	8	62	9	60	10	73	11	52	12	25	13	17	14	69	15	105	16	98	17	94	18	39	19	38	20	98	21	90	22	20	23	61	24	87	25	95	26	55	27	22	28	30	29	68	30	66	31	72	32	59	33	108	34	69	35	21	36	81	37	47	38	37	39	93	40	94	41	88	42	34	43	27	44	50	45	62	46	25	47	113	48	71	49	31	
	0	70	1	36	2	36	3	26	4	107	5	117	6	40	7	70	8	64	9	62	10	71	11	43	12	26	13	9	14	80	15	97	16	93	17	84	18	29	19	27	20	94	21	97	22	17	23	50	24	90	25	94	26	67	27	19	28	44	29	78	30	78	31	58	32	45	33	102	34	67	35	20	36	87	37	41	38	35	39	80	40	103	41	92	42	46	43	36	44	53	45	64	46	12	47	115	48	75	49	34	
	0	71	1	28	2	33	3	24	4	106	5	109	6	27	7	68	8	64	9	59	10	81	11	53	12	12	13	6	14	80	15	92	16	101	17	77	18	44	19	39	20	83	21	90	22	25	23	50	24	94	25	94	26	53	27	5	28	37	29	74	30	62	31	59	32	56	33	115	34	70	35	24	36	73	37	40	38	36	39	90	40	109	41	79	42	47	43	37	44	61	45	60	46	26	47	105	48	80	49	33	
	0	72	1	25	2	40	3	12	4	100	5	101	6	22	7	65	8	66	9	66	10	70	11	56	12	14	13	11	14	79	15	100	16	100	17	85	18	42	19	30	20	87	21	101	22	24	23	57	24	104	25	104	26	53	27	17	28	42	29	69	30	71	31	66	32	61	33	105	34	81	35	22	36	87	37	42	38	37	39	80	40	101	41	78	42	36	43	42	44	55	45	60	46	23	47	106	48	61	49	23	
	0	71	1	17	2	34	3	15	4	119	5	108	6	27	7	63	8	55	9	78	10	79	11	44	12	22	13	15	14	78	15	92	16	94	17	93	18	43	19	35	20	91	21	92	22	18	23	60	24	88	25	109	26	55	27	11	28	43	29	78	30	68	31	55	32	59	33	103	34	66	35	13	36	78	37	47	38	29	39	83	40	97	41	76	42	32	43	38	44	59	45	59	46	26	47	96	48	70	49	26	
	0	69	1	29	2	31	3	10	4	118	5	116	6	30	7	63	8	58	9	69	10	70	11	59	12	19	13	4	14	64	15	97	16	99	17	80	18	44	19	39	20	86	21	91	22	24	23	64	24	104	25	105	26	59	27	15	28	44	29	76	30	73	31	69	32	44	33	118	34	83	35	30	36	87	37	40	38	30	39	88	40	107	41	84	42	48	43	24	44	62	45	74	46	17	47	98	48	68	49	31	
	0	77	1	19	2	32	3	15	4	114	5	106	6	26	7	79	8	55	9	66	10	80	11	52	12	22	13	11	14	62	15	106	16	104	17	92	18	33	19	34	20	87	21	87	22	12	23	62	24	103	25	92	26	59	27	17	28	34	29	63	30	68	31	63	32	42	33	114	34	66	35	14	36	75	37	40	38	24	39	95	40	110	41	93	42	46	43	43	44	61	45	71	46	26	47	107	48	69	49	20	
	0	83	1	19	2	32	3	17	4	110	5	100	6	37	7	71	8	63	9	74	10	70	11	57	12	25	13	6	14	77	15	94	16	87	17	87	18	25	19	39	20	86	21	101	22	21	23	48	24	90	25	94	26	68	27	18	28	45	29	79	30	66	31	56	32	42	33	116	34	79	35	16	36	88	37	41	38	27	39	77	40	99	41	82	42	40	43	39	44	63	45	75	46	26	47	103	48	77	49	39	
	0	85	1	35	2	30	3	14	4	115	5	111	6	34	7	63	8	57	9	64	10	64	11	49	12	12	13	7	14	65	15	89	16	104	17	88	18	37	19	38	20	82	21	82	22	30	23	52	24	89	25	111	26	52	27	15	28	29	29	62	30	70	31	53	32	58	33	117	34	67	35	13	36	72	37	45	38	40	39	84	40	110	41	80	42	33	43	33	44	63	45	67	46	13	47	104	48	65	49	36	
	0	81	1	25	2	27	3	26	4	114	5	102	6	25	7	79	8	69	9	72	10	64	11	56	12	26	13	3	14	73	15	91	16	104	17	93	18	40	19	27	20	99	21	91	22	18	23	47	24	103	25	109	26	52	27	23	28	38	29	70	30	61	31	58	32	58	33	110	34	77	35	18	36	79	37	37	38	29	39	87	40	108	41	89	42	37	43	29	44	51	45	66	46	25	47	114	48	75	49	37	
	0	68	1	31	2	31	3	9	4	105	5	104	6	23	7	72	8	72	9	66	10	76	11	49	12	25	13	7	14	80	15	106	16	89	17	90	18	28	19	35	20	97	21	90	22	19	23	57	24	103	25	95	26	70	27	5	28	34	29	65	30	61	31	59	32	47	33	109	34	70	35	20	36	87	37	36	38	32	39	89	40	92	41	77	42	47	43	42	44	50	45	65	46	14	47	103	48	74	49	23	
	0	79	1	22	2	25	3	9	4	114	5	108	6	30	7	69	8	67	9	59	10	70	11	44	12	17	13	20	14	64	15	104	16	99	17	83	18	44	19	28	20	95	21	94	22	27	23	59	24	92	25	93	26	65	27	19	28	33	29	66	30	69	31	61	32	44	33	118	34	80	35	30	36	76	37	43	38	39	39	91	40	101	41	90	42	30	43	33	44	67	45	66	46	11	47	100	48	63	49	30	
	0	73	1	20	2	36	3	21	4	118	5	106	6	24	7	69	8	73	9	70	10	66	11	56	12	11	13	22	14	75	15	93	16	103	17	90	18	29	19	27	20	81	21	91	22	29	23	48	24	89	25	107	26	54	27	6	28	29	29	65	30	76	31	54	32	59	33	99	34	75	35	14	36	70	37	33	38	41	39	89	40	91	41	94	42	38	43	29	44	59	45	67	46	13	47	104	48	66	49	34	
	0	73	1	29	2	38	3	14	4	107	5	101	6	29	7	74	8	70	9	59	10	78	11	50	12	11	13	19	14	64	15	92	16	94	17	85	18	30	19	42	20	80	21	100	22	23	23	49	24	103	25	100	26	59	27	11	28	28	29	62	30	69	31	69	32	51	33	110	34	78	35	28	36	79	37	30	38	33	39	81	40	103	41	84	42	39	43	43	44	55	45	75	46	24	47	101	48	77	49	24	
	0	79	1	28	2	37	3	11	4	109	5	114	6	29	7	64	8	60	9	62	10	64	11	41	12	24	13	20	14	71	15	94	16	105	17	87	18	43	19	31	20	98	21	93	22	12	23	60	24	95	25	92	26	65	27	17	28	27	29	71	30	69	31	72	32	43	33	107	34	75	35	20	36	76	37	40	38	23	39	96	40	106	41	88	42	44	43	35	44	57	45	65	46	9	47	103	48	65	49	27	
	0	70	1	30	2	34	3	9	4	113	5	111	6	31	7	79	8	72	9	73	10	63	11	43	12	17	13	19	14	79	15	95	16	94	17	80	18	39	19	35	20	90	21	88	22	25	23	56	24	88	25	99	26	56	27	14	28	33	29	76	30	79	31	63	32	55	33	116	34	82	35	30	36	86	37	41	38	34	39	87	40	109	41	80	42	43	43	30	44	67	45	64	46	23	47	111	48	75	49	33	
	0	66	1	27	2	39	3	10	4	105	5	106	6	29	7	65	8	70	9	60	10	64	11	45	12	27	13	18	14	74	15	107	16	96	17	91	18	43	19	37	20	95	21	85	22	28	23	58	24	94	25	109	26	58	27	7	28	34	29	74	30	79	31	66	32	46	33	104	34	77	35	28	36	77	37	33	38	41	39	95	40	101	41	93	42	42	43	43	44	63	45	69	46	9	47	107	48	65	49	21	
	0	73	1	21	2	23	3	16	4	110	5	100	6	38	7	64	8	69	9	66	10	71	11	47	12	20	13	13	14	72	15	106	16	87	17	89	18	34	19	42	20	96	21	94	22	25	23	53	24	92	25	97	26	59	27	6	28	38	29	81	30	75	31	70	32	60	33	114	34	64	35	24	36	74	37	37	38	28	39	83	40	103	41	92	42	34	43	35	44	50	45	58	46	25	47	98	48	66	49	27	
	0	78	1	27	2	42	3	8	4	102	5	115	6	31	7	65	8	70	9	77	10	75	11	41	12	18	13	7	14	72	15	106	16	92	17	82	18	43	19	24	20	81	21	95	22	16	23	62	24	92	25	98	26	57	27	8	28	27	29	65	30	60	31	69	32	51	33	105	34	69	35	25	36	70	37	38	38	34	39	96	40	95	41	75	42	48	43	25	44	53	45	71	46	13	47	97	48	78	49	39	
	0	78	1	32	2	25	3	17	4	111	5	113	6	29	7	71	8	67	9	65	10	65	11	50	12	16	13	4	14	65	15	100	16	89	17	84	18	44	19	25	20	98	21	90	22	30	23	47	24	90	25	106	26	69	27	18	28	39	29	78	30	69	31	57	32	60	33	109	34	69	35	24	36	84	37	31	38	22	39	82	40	105	41	75	42	44	43	33	44	65	45	59	46	18	47	105	48	69	49	32	
	0	67	1	32	2	28	3	25	4	100	5	116	6	32	7	65	8	58	9	65	10	76	11	41	12	18	13	22	14	72	15	102	16	104	17	83	18	40	19	42	20	86	21	101	22	15	23	61	24	99	25	107	26	59	27	16	28	28	29	79	30	69	31	55	32	48	33	110	34	77	35	15	36	73	37	47	38	25	39	90	40	105	41	85	42	38	43	34	44	56	45	72	46	27	47	113	48	61	49	37	
	0	83	1	17	2	34	3	10	4	102	5	115	6	38	7	73	8	72	9	69	10	76	11	54	12	25	13	3	14	73	15	105	16	90	17	93	18	36	19	38	20	94	21	92	22	28	23	49	24	93	25	107	26	66	27	8	28	39	29	62	30	73	31	65	32	60	33	110	34	74	35	26	36	80	37	40	38	28	39	79	40	109	41	76	42	37	43	32	44	52	45	63	46	19	47	108	48	66	49	21	
	0	78	1	28	2	31	3	21	4	111	5	107	6	23	7	73	8	67	9	71	10	71	11	40	12	23	13	4	14	79	15	99	16	86	17	95	18	26	19	27	20	99	21	92	22	17	23	54	24	92	25	95	26	66	27	20	28	34	29	68	30	75	31	71	32	51	33	101	34	69	35	31	36	82	37	40	38	34	39	92	40	110	41	75	42	42	43	32	44	64	45	74	46	28	47	96	48	72	49	27	
	0	79	1	35	2	39	3	16	4	119	5	99	6	37	7	70	8	56	9	67	10	74	11	47	12	17	13	4	14	77	15	98	16	99	17	78	18	25	19	36	20	88	21	89	22	25	23	64	24	86	25	108	26	70	27	19	28	41	29	73	30	67	31	62	32	59	33	115	34	74	35	24	36	71	37	35	38	38	39	84	40	103	41	82	42	31	43	27	44	50	45	57	46	15	47	99	48	69	49	34	
	0	78	1	33	2	36	3	20	4	102	5	112	6	29	7	62	8	68	9	78	10	66	11	55	12	17	13	17	14	71	15	94	16	90	17	86	18	25	19	29	20	89	21	91	22	14	23	62	24	100	25	94	26	67	27	23	28	28	29	73	30	77	31	57	32	46	33	109	34	81	35	25	36	86	37	35	38	22	39	83	40	109	41	91	42	43	43	28	44	60	45	57	46	10	47	104	48	75	49	29	
	0	73	1	32	2	24	3	17	4	102	5	113	6	23	7	73	8	58	9	63	10	69	11	40	12	24	13	18	14	79	15	102	16	95	17	93	18	40	19	39	20	96	21	95	22	24	23	47	24	91	25	101	26	66	27	22	28	43	29	78	30	77	31	64	32	42	33	105	34	82	35	31	36	77	37	30	38	29	39	89	40	106	41	80	42	32	43	28	44	58	45	68	46	10	47	108	48	78	49	23	
	0	70	1	35	2	33	3	11	4	107	5	99	6	30	7	76	8	62	9	73	10	66	11	44	12	22	13	6	14	65	15	105	16	105	17	86	18	40	19	30	20	88	21	90	22	25	23	47	24	103	25	97	26	53	27	17	28	32	29	68	30	79	31	61	32	57	33	111	34	82	35	19	36	80	37	47	38	22	39	80	40	106	41	88	42	40	43	34	44	49	45	57	46	21	47	107	48	63	49	26	
	0	71	1	30	2	39	3	16	4	109	5	102	6	30	7	65	8	71	9	62	10	73	11	43	12	11	13	3	14	80	15	105	16	87	17	87	18	37	19	43	20	95	21	100	22	15	23	65	24	95	25	99	26	65	27	10	28	39	29	76	30	68	31	60	32	51	33	112	34	79	35	18	36	83	37	42	38	26	39	83	40	102	41	91	42	49	43	26	44	61	45	59	46	10	47	101	48	71	49	37	
	0	85	1	35	2	31	3	16	4	111	5	118	6	39	7	78	8	63	9	75	10	75	11	43	12	15	13	15	14	76	15	93	16	90	17	79	18	36	19	32	20	88	21	87	22	29	23	65	24	96	25	107	26	63	27	22	28	45	29	75	30	75	31	69	32	48	33	112	34	75	35	27	36	88	37	39	38	39	39	93	40	99	41	80	42	37	43	32	44	60	45	69	46	18	47	105	48	71	49	26	
	0	76	1	21	2	35	3	27	4	115	5	118	6	30	7	63	8	61	9	66	10	80	11	46	12	12	13	6	14	62	15	89	16	105	17	89	18	37	19	43	20	95	21	99	22	14	23	57	24	100	25	111	26	63	27	18	28	40	29	65	30	68	31	58	32	51	33	109	34	70	35	13	36	75	37	33	38	36	39	80	40	93	41	88	42	47	43	29	44	62	45	68	46	22	47	96	48	74	49	36	
	0	70	1	20	2	39	3	22	4	117	5	116	6	40	7	65	8	74	9	63	10	78	11	51	12	22	13	17	14	65	15	106	16	96	17	91	18	43	19	35	20	88	21	93	22	12	23	55	24	96	25	92	26	55	27	14	28	34	29	73	30	69	31	71	32	47	33	113	34	78	35	16	36	71	37	41	38	32	39	94	40	92	41	81	42	35	43	25	44	66	45	67	46	9	47	98	48	61	49	29	
	0	76	1	18	2	35	3	20	4	103	5	112	6	24	7	75	8	63	9	59	10	78	11	51	12	20	13	14	14	64	15	107	16	100	17	80	18	35	19	27	20	83	21	83	22	26	23	52	24	91	25	99	26	52	27	7	28	27	29	62	30	61	31	62	32	44	33	109	34	65	35	18	36	79	37	38	38	29	39	95	40	109	41	90	42	39	43	40	44	57	45	75	46	12	47	115	48	61	49	22	
	0	70	1	31	2	42	3	8	4	102	5	99	6	32	7	71	8	60	9	74	10	68	11	59	12	9	13	12	14	74	15	92	16	93	17	78	18	34	19	26	20	84	21	85	22	14	23	65	24	88	25	111	26	63	27	11	28	29	29	64	30	62	31	63	32	42	33	112	34	69	35	31	36	78	37	37	38	39	39	87	40	103	41	86	42	48	43	28	44	53	45	73	46	9	47	101	48	70	49	29	
	0	76	1	30	2	27	3	21	4	112	5	117	6	41	7	67	8	61	9	72	10	70	11	51	12	13	13	14	14	75	15	98	16	104	17	82	18	26	19	25	20	83	21	98	22	13	23	46	24	103	25	103	26	66	27	22	28	37	29	69	30	74	31	62	32	57	33	100	34	83	35	12	36	77	37	37	38	31	39	86	40	107	41	87	42	30	43	31	44	66	45	62	46	14	47	106	48	61	49	38	
	0	80	1	26	2	26	3	19	4	102	5	108	6	25	7	73	8	68	9	77	10	81	11	56	12	24	13	16	14	64	15	94	16	89	17	83	18	26	19	39	20	80	21	94	22	30	23	60	24	90	25	95	26	64	27	8	28	27	29	79	30	64	31	60	32	48	33	117	34	75	35	19	36	69	37	34	38	35	39	94	40	94	41	90	42	33	43	29	44	54	45	76	46	20	47	106	48	77	49	20	
	0	81	1	30	2	30	3	8	4	112	5	107	6	41	7	72	8	60	9	64	10	68	11	44	12	26	13	16	14	80	15	103	16	97	17	82	18	32	19	34	20	94	21	101	22	26	23	60	24	100	25	103	26	59	27	23	28	39	29	65	30	73	31	69	32	56	33	117	34	78	35	16	36	69	37	39	38	29	39	79	40	110	41	92	42	44	43	41	44	49	45	58	46	10	47	109	48	75	49	38	
	0	78	1	23	2	38	3	25	4	107	5	106	6	37	7	71	8	73	9	63	10	71	11	50	12	20	13	14	14	64	15	96	16	89	17	84	18	28	19	24	20	80	21	85	22	16	23	60	24	91	25	92	26	60	27	22	28	38	29	79	30	69	31	58	32	56	33	107	34	76	35	23	36	77	37	33	38	38	39	85	40	102	41	83	42	43	43	29	44	60	45	59	46	15	47	108	48	69	49	37	
	0	78	1	26	2	41	3	11	4	100	5	111	6	28	7	75	8	55	9	62	10	72	11	55	12	8	13	10	14	62	15	92	16	89	17	96	18	43	19	31	20	85	21	92	22	16	23	52	24	89	25	102	26	53	27	8	28	45	29	68	30	72	31	61	32	61	33	104	34	71	35	20	36	76	37	39	38	33	39	86	40	109	41	90	42	42	43	30	44	56	45	61	46	22	47	97	48	61	49	30	
	0	74	1	32	2	23	3	26	4	116	5	100	6	30	7	61	8	68	9	65	10	64	11	42	12	11	13	15	14	75	15	93	16	101	17	87	18	40	19	28	20	94	21	93	22	17	23	62	24	100	25	100	26	51	27	15	28	36	29	77	30	62	31	58	32	60	33	105	34	66	35	15	36	81	37	46	38	26	39	82	40	92	41	90	42	36	43	35	44	58	45	68	46	26	47	107	48	63	49	36	
	0	82	1	35	2	38	3	19	4	119	5	112	6	22	7	61	8	64	9	65	10	69	11	53	12	18	13	16	14	65	15	100	16	87	17	95	18	27	19	38	20	93	21	92	22	14	23	49	24	102	25	108	26	53	27	8	28	45	29	77	30	76	31	57	32	43	33	112	34	70	35	21	36	86	37	36	38	24	39	83	40	91	41	85	42	49	43	39	44	68	45	70	46	11	47	105	48	79	49	36	
	0	67	1	20	2	37	3	19	4	119	5	112	6	37	7	67	8	64	9	65	10	73	11	42	12	25	13	10	14	63	15	95	16	98	17	91	18	28	19	25	20	85	21	88	22	28	23	64	24	92	25	104	26	61	27	13	28	41	29	73	30	64	31	58	32	43	33	110	34	75	35	25	36	87	37	37	38	22	39	93	40	101	41	87	42	36	43	33	44	64	45	62	46	11	47	113	48	63	49	33	
	0	67	1	36	2	26	3	10	4	101	5	118	6	31	7	73	8	55	9	60	10	80	11	54	12	25	13	3	14	70	15	89	16	102	17	95	18	43	19	29	20	99	21	98	22	18	23	56	24	98	25	106	26	54	27	20	28	38	29	80	30	74	31	71	32	43	33	101	34	78	35	19	36	87	37	47	38	31	39	80	40	97	41	80	42	47	43	38	44	61	45	76	46	15	47	96	48	77	49	35	
	0	83	1	36	2	40	3	26	4	103	5	103	6	22	7	62	8	69	9	73	10	73	11	54	12	18	13	10	14	66	15	107	16	92	17	88	18	39	19	24	20	81	21	88	22	24	23	62	24	105	25	98	26	53	27	12	28	33	29	74	30	69	31	61	32	55	33	114	34	68	35	22	36	70	37	34	38	34	39	82	40	98	41	93	42	46	43	36	44	56	45	75	46	18	47	96	48	75	49	28	
	0	81	1	23	2	30	3	25	4	113	5	115	6	27	7	67	8	74	9	65	10	73	11	58	12	9	13	11	14	66	15	103	16	88	17	77	18	34	19	25	20	91	21	95	22	28	23	61	24	89	25	106	26	68	27	23	28	44	29	75	30	66	31	56	32	57	33	103	34	73	35	25	36	85	37	43	38	37	39	89	40	109	41	78	42	38	43	24	44	62	45	66	46	24	47	97	48	69	49	30	
	0	75	1	35	2	42	3	20	4	115	5	101	6	27	7	66	8	70	9	69	10	71	11	52	12	18	13	6	14	71	15	108	16	103	17	79	18	44	19	28	20	99	21	101	22	27	23	60	24	88	25	107	26	64	27	7	28	29	29	66	30	72	31	55	32	48	33	104	34	80	35	18	36	75	37	49	38	26	39	77	40	101	41	88	42	46	43	39	44	62	45	65	46	25	47	111	48	66	49	24	
	0	82	1	26	2	28	3	27	4	111	5	117	6	25	7	62	8	70	9	61	10	66	11	58	12	15	13	8	14	79	15	95	16	90	17	94	18	31	19	24	20	88	21	99	22	25	23	50	24	102	25	107	26	61	27	13	28	42	29	62	30	72	31	61	32	45	33	104	34	79	35	31	36	87	37	32	38	32	39	88	40	106	41	81	42	36	43	27	44	64	45	63	46	11	47	113	48	65	49	20	
	0	70	1	36	2	37	3	25	4	114	5	102	6	25	7	66	8	57	9	68	10	64	11	53	12	27	13	20	14	64	15	104	16	100	17	80	18	39	19	26	20	98	21	88	22	20	23	55	24	104	25	94	26	62	27	12	28	28	29	71	30	63	31	69	32	43	33	110	34	64	35	25	36	74	37	34	38	29	39	87	40	108	41	90	42	35	43	27	44	61	45	67	46	18	47	104	48	78	49	24	
	0	75	1	22	2	28	3	21	4	104	5	110	6	40	7	62	8	61	9	64	10	74	11	47	12	12	13	9	14	79	15	97	16	94	17	87	18	35	19	24	20	81	21	94	22	17	23	56	24	94	25	102	26	59	27	12	28	27	29	70	30	76	31	68	32	46	33	109	34	73	35	17	36	77	37	45	38	37	39	83	40	109	41	93	42	41	43	27	44	56	45	68	46	25	47	114	48	79	49	32	
	0	81	1	25	2	28	3	11	4	112	5	105	6	28	7	74	8	73	9	65	10	66	11	47	12	15	13	6	14	66	15	100	16	102	17	93	18	33	19	35	20	93	21	91	22	22	23	63	24	89	25	97	26	65	27	24	28	42	29	68	30	78	31	64	32	61	33	99	34	65	35	24	36	81	37	47	38	35	39	94	40	109	41	77	42	44	43	41	44	68	45	73	46	10	47	99	48	64	49	30	
	0	73	1	36	2	28	3	10	4	119	5	113	6	28	7	65	8	55	9	69	10	66	11	48	12	17	13	12	14	75	15	93	16	101	17	93	18	34	19	43	20	86	21	94	22	31	23	50	24	94	25	94	26	64	27	6	28	30	29	67	30	72	31	65	32	48	33	112	34	72	35	25	36	70	37	49	38	23	39	93	40	98	41	91	42	45	43	32	44	62	45	57	46	18	47	110	48	70	49	39	
	0	68	1	21	2	25	3	16	4	107	5	109	6	22	7	64	8	72	9	62	10	70	11	52	12	12	13	14	14	70	15	95	16	94	17	81	18	33	19	34	20	84	21	94	22	30	23	47	24	94	25	110	26	67	27	20	28	27	29	64	30	76	31	67	32	42	33	109	34	78	35	15	36	81	37	32	38	35	39	95	40	99	41	87	42	46	43	35	44	62	45	59	46	10	47	96	48	79	49	36	
	0	80	1	27	2	38	3	22	4	104	5	116	6	40	7	68	8	72	9	62	10	63	11	59	12	19	13	15	14	65	15	100	16	101	17	89	18	44	19	27	20	94	21	90	22	15	23	64	24	96	25	105	26	58	27	5	28	36	29	75	30	66	31	58	32	43	33	101	34	71	35	25	36	88	37	43	38	40	39	79	40	96	41	90	42	32	43	36	44	68	45	68	46	18	47	99	48	71	49	24	
	0	76	1	30	2	33	3	9	4	104	5	115	6	35	7	78	8	70	9	67	10	65	11	44	12	12	13	5	14	78	15	90	16	90	17	87	18	37	19	34	20	80	21	88	22	30	23	60	24	105	25	105	26	57	27	5	28	36	29	65	30	76	31	55	32	44	33	104	34	69	35	20	36	73	37	48	38	36	39	95	40	91	41	84	42	31	43	27	44	64	45	70	46	26	47	106	48	70	49	35	
	0	72	1	29	2	27	3	25	4	102	5	101	6	38	7	67	8	68	9	78	10	73	11	42	12	20	13	9	14	69	15	106	16	98	17	78	18	31	19	39	20	80	21	82	22	19	23	48	24	86	25	94	26	70	27	13	28	34	29	79	30	71	31	61	32	44	33	113	34	76	35	13	36	82	37	45	38	31	39	85	40	101	41	85	42	32	43	24	44	61	45	73	46	11	47	98	48	63	49	31	
	0	71	1	34	2	25	3	24	4	104	5	109	6	33	7	68	8	56	9	73	10	74	11	48	12	16	13	6	14	66	15	89	16	99	17	80	18	44	19	37	20	86	21	91	22	16	23	57	24	102	25	94	26	66	27	10	28	41	29	69	30	68	31	58	32	53	33	111	34	78	35	14	36	77	37	44	38	35	39	86	40	101	41	94	42	49	43	41	44	68	45	60	46	16	47	98	48	76	49	38	
	0	81	1	17	2	42	3	21	4	114	5	111	6	36	7	68	8	67	9	64	10	77	11	47	12	14	13	11	14	74	15	107	16	86	17	85	18	41	19	34	20	94	21	90	22	21	23	46	24	100	25	110	26	53	27	5	28	39	29	69	30	68	31	56	32	44	33	107	34	81	35	26	36	87	37	41	38	23	39	95	40	93	41	90	42	42	43	36	44	65	45	59	46	15	47	115	48	61	49	20	
	0	66	1	26	2	33	3	8	4	114	5	110	6	23	7	77	8	61	9	65	10	77	11	46	12	10	13	3	14	76	15	106	16	91	17	93	18	27	19	37	20	85	21	82	22	20	23	65	24	98	25	98	26	61	27	11	28	30	29	71	30	71	31	64	32	51	33	115	34	82	35	30	36	88	37	45	38	36	39	80	40	96	41	81	42	43	43	36	44	51	45	72	46	25	47	96	48	66	49	24	
	0	84	1	29	2	28	3	16	4	102	5	111	6	33	7	77	8	58	9	78	10	76	11	42	12	12	13	21	14	66	15	94	16	98	17	91	18	41	19	42	20	96	21	85	22	17	23	51	24	86	25	106	26	69	27	20	28	41	29	68	30	62	31	57	32	45	33	104	34	65	35	14	36	76	37	37	38	25	39	85	40	96	41	83	42	40	43	43	44	66	45	75	46	13	47	114	48	76	49	22	
	0	79	1	26	2	28	3	8	4	119	5	100	6	31	7	67	8	73	9	72	10	74	11	42	12	17	13	9	14	72	15	105	16	90	17	84	18	43	19	27	20	83	21	98	22	25	23	54	24	87	25	97	26	69	27	23	28	39	29	81	30	66	31	59	32	52	33	113	34	65	35	26	36	70	37	37	38	31	39	84	40	92	41	86	42	36	43	28	44	56	45	66	46	13	47	105	48	64	49	24	
	0	80	1	33	2	28	3	25	4	103	5	109	6	32	7	64	8	57	9	67	10	63	11	59	12	20	13	15	14	75	15	106	16	93	17	85	18	25	19	26	20	82	21	95	22	23	23	52	24	104	25	95	26	56	27	21	28	45	29	67	30	63	31	66	32	54	33	109	34	83	35	16	36	81	37	49	38	37	39	84	40	107	41	79	42	42	43	24	44	51	45	75	46	26	47	98	48	64	49	31	
	0	82	1	31	2	26	3	8	4	108	5	113	6	35	7	74	8	63	9	75	10	69	11	50	12	14	13	21	14	69	15	105	16	105	17	79	18	33	19	38	20	83	21	97	22	21	23	54	24	99	25	97	26	67	27	15	28	35	29	63	30	69	31	57	32	42	33	101	34	66	35	29	36	79	37	30	38	28	39	90	40	94	41	93	42	36	43	43	44	66	45	67	46	9	47	104	48	65	49	29	
	0	80	1	29	2	31	3	15	4	109	5	118	6	28	7	73	8	55	9	65	10	64	11	47	12	27	13	8	14	62	15	102	16	95	17	94	18	25	19	42	20	97	21	82	22	14	23	57	24	102	25	92	26	62	27	16	28	31	29	67	30	71	31	59	32	42	33	113	34	80	35	27	36	74	37	46	38	38	39	91	40	100	41	80	42	34	43	43	44	56	45	68	46	11	47	96	48	69	49	32	
	0	73	1	32	2	38	3	23	4	103	5	107	6	30	7	63	8	71	9	71	10	62	11	41	12	17	13	18	14	68	15	94	16	92	17	92	18	31	19	42	20	81	21	83	22	19	23	62	24	87	25	105	26	57	27	24	28	44	29	67	30	63	31	54	32	48	33	101	34	64	35	22	36	71	37	39	38	41	39	87	40	96	41	79	42	32	43	24	44	68	45	76	46	9	47	99	48	65	49	29	
	0	78	1	25	2	36	3	19	4	118	5	112	6	23	7	74	8	63	9	72	10	63	11	43	12	26	13	5	14	72	15	89	16	105	17	95	18	28	19	28	20	99	21	99	22	28	23	56	24	96	25	110	26	59	27	22	28	40	29	79	30	70	31	61	32	50	33	114	34	78	35	19	36	77	37	49	38	31	39	77	40	102	41	92	42	49	43	39	44	54	45	70	46	28	47	104	48	68	49	26	
	0	67	1	27	2	34	3	14	4	106	5	109	6	29	7	70	8	62	9	72	10	81	11	45	12	21	13	17	14	62	15	105	16	86	17	95	18	36	19	27	20	96	21	83	22	24	23	47	24	86	25	108	26	70	27	13	28	35	29	76	30	75	31	57	32	52	33	99	34	78	35	19	36	72	37	49	38	22	39	82	40	103	41	84	42	39	43	37	44	53	45	68	46	19	47	111	48	67	49	27	
	0	67	1	36	2	28	3	11	4	105	5	117	6	26	7	67	8	65	9	66	10	67	11	44	12	12	13	4	14	79	15	107	16	93	17	89	18	35	19	43	20	94	21	82	22	27	23	58	24	87	25	104	26	69	27	12	28	36	29	75	30	61	31	60	32	58	33	118	34	77	35	19	36	87	37	46	38	23	39	92	40	94	41	75	42	49	43	26	44	54	45	62	46	22	47	98	48	75	49	39	
	0	80	1	29	2	33	3	25	4	113	5	110	6	22	7	60	8	65	9	69	10	72	11	43	12	24	13	10	14	63	15	101	16	86	17	91	18	44	19	28	20	86	21	94	22	22	23	57	24	96	25	110	26	55	27	21	28	27	29	70	30	76	31	64	32	55	33	103	34	70	35	20	36	71	37	33	38	36	39	95	40	94	41	79	42	37	43	41	44	55	45	73	46	25	47	108	48	79	49	22	
	0	73	1	23	2	42	3	22	4	119	5	103	6	36	7	66	8	74	9	68	10	67	11	52	12	13	13	12	14	71	15	98	16	100	17	91	18	40	19	35	20	89	21	88	22	13	23	51	24	103	25	111	26	70	27	22	28	32	29	77	30	62	31	69	32	47	33	102	34	65	35	29	36	80	37	47	38	37	39	96	40	92	41	81	42	36	43	28	44	61	45	59	46	27	47	108	48	62	49	32	
	0	81	1	23	2	24	3	19	4	116	5	103	6	30	7	62	8	56	9	76	10	66	11	57	12	10	13	13	14	64	15	105	16	87	17	85	18	32	19	24	20	91	21	92	22	17	23	50	24	93	25	110	26	58	27	10	28	40	29	74	30	79	31	68	32	61	33	104	34	83	35	29	36	69	37	46	38	28	39	90	40	92	41	91	42	44	43	41	44	59	45	63	46	22	47	108	48	63	49	34	
	0	66	1	19	2	34	3	23	4	104	5	118	6	31	7	67	8	56	9	76	10	79	11	59	12	25	13	16	14	76	15	100	16	92	17	79	18	35	19	34	20	96	21	87	22	19	23	47	24	88	25	98	26	65	27	22	28	35	29	79	30	60	31	53	32	46	33	102	34	67	35	18	36	87	37	43	38	30	39	89	40	96	41	93	42	37	43	29	44	65	45	66	46	10	47	112	48	79	49	24	
	0	75	1	28	2	40	3	26	4	105	5	99	6	30	7	74	8	70	9	75	10	79	11	49	12	16	13	9	14	65	15	91	16	87	17	87	18	27	19	41	20	80	21	93	22	27	23	64	24	103	25	109	26	64	27	10	28	46	29	75	30	74	31	67	32	60	33	118	34	64	35	17	36	79	37	49	38	39	39	92	40	106	41	91	42	41	43	30	44	53	45	76	46	26	47	112	48	71	49	24	
	0	67	1	28	2	35	3	20	4	105	5	105	6	30	7	79	8	73	9	77	10	65	11	41	12	8	13	21	14	69	15	105	16	102	17	93	18	38	19	38	20	86	21	87	22	19	23	64	24	87	25	111	26	66	27	23	28	45	29	76	30	76	31	65	32	61	33	117	34	81	35	17	36	71	37	46	38	39	39	92	40	101	41	78	42	47	43	39	44	62	45	60	46	11	47	96	48	61	49	24	
	0	75	1	36	2	33	3	15	4	104	5	99	6	23	7	73	8	57	9	70	10	68	11	58	12	19	13	7	14	69	15	105	16	98	17	79	18	31	19	30	20	84	21	90	22	30	23	60	24	94	25	108	26	51	27	13	28	30	29	71	30	67	31	60	32	61	33	115	34	77	35	15	36	84	37	46	38	22	39	80	40	101	41	77	42	46	43	33	44	54	45	63	46	25	47	104	48	76	49	31	
	0	83	1	23	2	32	3	25	4	112	5	112	6	33	7	67	8	63	9	75	10	71	11	41	12	14	13	17	14	65	15	97	16	95	17	89	18	27	19	33	20	95	21	100	22	20	23	64	24	105	25	103	26	66	27	11	28	33	29	67	30	67	31	65	32	46	33	102	34	68	35	25	36	80	37	47	38	25	39	77	40	98	41	92	42	37	43	40	44	56	45	61	46	11	47	108	48	64	49	28	
	0	74	1	34	2	35	3	27	4	117	5	109	6	25	7	66	8	67	9	65	10	73	11	54	12	16	13	21	14	64	15	91	16	93	17	90	18	38	19	42	20	95	21	87	22	20	23	47	24	96	25	100	26	67	27	17	28	40	29	65	30	60	31	57	32	50	33	109	34	73	35	23	36	77	37	48	38	38	39	93	40	97	41	90	42	49	43	42	44	68	45	75	46	11	47	104	48	70	49	37	
	0	71	1	33	2	37	3	16	4	119	5	101	6	28	7	65	8	63	9	71	10	79	11	53	12	12	13	5	14	66	15	107	16	104	17	87	18	33	19	28	20	84	21	97	22	16	23	60	24	90	25	111	26	52	27	14	28	28	29	70	30	75	31	66	32	43	33	118	34	72	35	28	36	85	37	49	38	32	39	79	40	110	41	88	42	41	43	27	44	53	45	62	46	19	47	98	48	62	49	27	
	0	66	1	34	2	23	3	17	4	110	5	105	6	28	7	70	8	74	9	70	10	74	11	55	12	15	13	7	14	67	15	100	16	97	17	91	18	31	19	33	20	85	21	88	22	25	23	54	24	100	25	100	26	55	27	24	28	46	29	69	30	66	31	62	32	55	33	102	34	71	35	20	36	85	37	38	38	27	39	77	40	109	41	77	42	42	43	36	44	64	45	61	46	25	47	99	48	70	49	37	
	0	74	1	28	2	42	3	12	4	107	5	102	6	25	7	74	8	59	9	78	10	80	11	56	12	19	13	20	14	63	15	104	16	105	17	82	18	39	19	36	20	85	21	93	22	15	23	46	24	96	25	103	26	67	27	22	28	33	29	63	30	77	31	70	32	48	33	107	34	82	35	20	36	75	37	40	38	31	39	92	40	98	41	89	42	30	43	25	44	53	45	62	46	15	47	114	48	80	49	28	
	0	81	1	31	2	39	3	18	4	108	5	112	6	33	7	76	8	71	9	63	10	69	11	48	12	11	13	7	14	66	15	99	16	89	17	82	18	44	19	38	20	84	21	98	22	15	23	56	24	88	25	111	26	65	27	13	28	28	29	73	30	64	31	53	32	55	33	100	34	81	35	13	36	86	37	34	38	36	39	96	40	92	41	93	42	43	43	31	44	68	45	60	46	11	47	105	48	78	49	24	
	0	79	1	24	2	42	3	24	4	116	5	115	6	34	7	78	8	57	9	70	10	62	11	51	12	9	13	14	14	64	15	95	16	90	17	83	18	34	19	43	20	95	21	94	22	18	23	49	24	105	25	95	26	62	27	9	28	32	29	62	30	71	31	69	32	44	33	112	34	78	35	20	36	69	37	32	38	27	39	80	40	96	41	81	42	48	43	25	44	54	45	60	46	19	47	110	48	63	49	39	
	0	81	1	23	2	24	3	12	4	109	5	114	6	37	7	79	8	71	9	68	10	79	11	50	12	9	13	17	14	74	15	93	16	91	17	94	18	32	19	32	20	96	21	82	22	17	23	64	24	100	25	100	26	58	27	13	28	38	29	79	30	64	31	72	32	57	33	111	34	64	35	25	36	78	37	44	38	36	39	81	40	91	41	90	42	49	43	37	44	68	45	57	46	14	47	99	48	76	49	26	
	0	68	1	21	2	42	3	9	4	113	5	109	6	36	7	61	8	61	9	64	10	74	11	50	12	16	13	14	14	77	15	90	16	103	17	96	18	44	19	35	20	87	21	95	22	29	23	51	24	102	25	99	26	59	27	6	28	46	29	78	30	62	31	60	32	51	33	107	34	64	35	28	36	87	37	48	38	28	39	84	40	105	41	88	42	48	43	31	44	61	45	62	46	21	47	111	48	62	49	31	
	0	71	1	25	2	24	3	12	4	117	5	100	6	37	7	75	8	59	9	78	10	63	11	56	12	25	13	3	14	80	15	97	16	95	17	96	18	33	19	31	20	83	21	93	22	14	23	57	24	104	25	94	26	53	27	19	28	36	29	75	30	72	31	54	32	61	33	115	34	67	35	13	36	85	37	43	38	26	39	94	40	108	41	85	42	34	43	37	44	61	45	61	46	17	47	111	48	63	49	35	
	0	68	1	28	2	38	3	18	4	105	5	101	6	32	7	61	8	71	9	66	10	66	11	50	12	22	13	13	14	63	15	90	16	100	17	78	18	42	19	32	20	96	21	89	22	21	23	51	24	105	25	110	26	68	27	24	28	31	29	67	30	72	31	66	32	54	33	100	34	83	35	18	36	88	37	31	38	36	39	86	40	93	41	77	42	36	43	28	44	64	45	70	46	25	47	99	48	68	49	37	
	0	78	1	23	2	36	3	27	4	102	5	103	6	34	7	72	8	69	9	69	10	70	11	45	12	17	13	5	14	74	15	92	16	92	17	91	18	28	19	30	20	82	21	99	22	26	23	61	24	93	25	105	26	70	27	16	28	33	29	78	30	70	31	56	32	55	33	117	34	72	35	20	36	80	37	34	38	31	39	94	40	99	41	75	42	45	43	39	44	59	45	61	46	27	47	106	48	66	49	36	
	0	75	1	36	2	37	3	27	4	107	5	106	6	34	7	67	8	55	9	74	10	80	11	47	12	19	13	6	14	70	15	107	16	86	17	80	18	29	19	40	20	92	21	96	22	12	23	47	24	96	25	109	26	52	27	11	28	44	29	73	30	67	31	69	32	57	33	114	34	76	35	18	36	71	37	41	38	39	39	77	40	108	41	92	42	33	43	42	44	63	45	66	46	24	47	108	48	75	49	29	
	0	81	1	36	2	23	3	14	4	111	5	102	6	23	7	61	8	67	9	73	10	71	11	40	12	11	13	17	14	71	15	90	16	100	17	96	18	38	19	37	20	98	21	95	22	18	23	50	24	100	25	102	26	66	27	10	28	34	29	69	30	65	31	66	32	53	33	113	34	66	35	24	36	70	37	36	38	24	39	93	40	95	41	90	42	41	43	30	44	62	45	62	46	25	47	102	48	72	49	32	
	0	71	1	26	2	27	3	14	4	111	5	110	6	33	7	70	8	58	9	70	10	67	11	52	12	10	13	6	14	77	15	95	16	94	17	93	18	37	19	40	20	99	21	88	22	16	23	63	24	104	25	110	26	52	27	15	28	42	29	64	30	63	31	62	32	52	33	102	34	81	35	28	36	86	37	43	38	37	39	83	40	105	41	94	42	36	43	40	44	60	45	62	46	24	47	105	48	78	49	36	
	0	85	1	23	2	25	3	21	4	117	5	102	6	33	7	79	8	58	9	62	10	73	11	58	12	20	13	9	14	75	15	106	16	96	17	83	18	31	19	35	20	82	21	99	22	24	23	55	24	105	25	98	26	61	27	20	28	41	29	68	30	64	31	61	32	55	33	115	34	74	35	15	36	76	37	38	38	27	39	78	40	102	41	85	42	32	43	26	44	62	45	68	46	10	47	104	48	62	49	34	
	0	71	1	32	2	36	3	21	4	113	5	117	6	38	7	64	8	67	9	64	10	72	11	46	12	22	13	11	14	61	15	103	16	95	17	77	18	36	19	24	20	96	21	100	22	26	23	47	24	103	25	100	26	63	27	19	28	31	29	77	30	60	31	64	32	53	33	99	34	69	35	27	36	71	37	46	38	23	39	88	40	108	41	86	42	44	43	29	44	53	45	62	46	27	47	108	48	72	49	29	
	0	69	1	28	2	41	3	18	4	109	5	102	6	25	7	77	8	67	9	75	10	72	11	42	12	24	13	14	14	66	15	98	16	91	17	91	18	25	19	24	20	98	21	98	22	13	23	55	24	88	25	111	26	61	27	13	28	42	29	79	30	65	31	61	32	57	33	113	34	73	35	18	36	87	37	48	38	25	39	95	40	109	41	88	42	31	43	36	44	66	45	65	46	20	47	96	48	61	49	32	
	0	84	1	20	2	38	3	15	4	106	5	106	6	41	7	77	8	62	9	69	10	79	11	46	12	19	13	9	14	69	15	107	16	99	17	96	18	28	19	33	20	81	21	88	22	12	23	64	24	86	25	110	26	59	27	5	28	45	29	62	30	75	31	65	32	47	33	114	34	70	35	17	36	72	37	48	38	22	39	83	40	110	41	77	42	44	43	37	44	55	45	68	46	21	47	109	48	65	49	39	