200 50 1
50
	0	84	1	55	2	29	3	23	4	32	5	19	6	94	7	94	8	85	9	85	10	116	11	94	12	95	13	113	14	70	15	56	16	83	17	44	18	107	19	82	20	94	21	102	22	107	23	19	24	115	25	40	26	24	27	82	28	24	29	117	30	87	31	16	32	72	33	26	34	79	35	53	36	89	37	33	38	39	39	50	40	12	41	24	42	16	43	64	44	66	45	86	46	21	47	41	48	90	49	33	
	0	86	1	41	2	26	3	21	4	47	5	17	6	91	7	98	8	81	9	86	10	112	11	101	12	101	13	118	14	54	15	54	16	82	17	33	18	108	19	77	20	95	21	107	22	96	23	18	24	113	25	27	26	13	27	81	28	26	29	119	30	90	31	24	32	56	33	27	34	63	35	39	36	93	37	39	38	44	39	52	40	9	41	20	42	18	43	61	44	68	45	71	46	30	47	26	48	106	49	20	
	0	81	1	57	2	35	3	14	4	37	5	19	6	108	7	106	8	83	9	73	10	103	11	98	12	102	13	120	14	61	15	47	16	88	17	45	18	106	19	75	20	90	21	99	22	105	23	16	24	98	25	33	26	9	27	95	28	41	29	107	30	98	31	17	32	60	33	25	34	70	35	41	36	88	37	44	38	45	39	59	40	12	41	26	42	19	43	51	44	82	45	81	46	33	47	33	48	106	49	22	
	0	92	1	42	2	38	3	31	4	50	5	7	6	96	7	105	8	91	9	75	10	114	11	97	12	96	13	110	14	61	15	47	16	88	17	35	18	111	19	80	20	83	21	100	22	95	23	18	24	107	25	32	26	21	27	83	28	27	29	103	30	95	31	15	32	68	33	18	34	76	35	40	36	101	37	35	38	38	39	57	40	11	41	24	42	18	43	61	44	72	45	78	46	29	47	25	48	94	49	32	
	0	78	1	51	2	41	3	24	4	45	5	17	6	89	7	89	8	78	9	91	10	105	11	93	12	102	13	108	14	66	15	52	16	83	17	45	18	104	19	84	20	87	21	102	22	95	23	4	24	114	25	22	26	20	27	92	28	23	29	107	30	95	31	20	32	63	33	25	34	70	35	45	36	104	37	38	38	43	39	51	40	21	41	16	42	23	43	57	44	67	45	69	46	36	47	34	48	100	49	36	
	0	81	1	49	2	30	3	21	4	32	5	17	6	89	7	106	8	89	9	91	10	104	11	103	12	92	13	108	14	53	15	46	16	87	17	29	18	117	19	89	20	89	21	103	22	100	23	8	24	113	25	36	26	15	27	93	28	41	29	113	30	102	31	25	32	61	33	28	34	70	35	42	36	93	37	34	38	47	39	51	40	18	41	14	42	26	43	47	44	75	45	68	46	21	47	40	48	100	49	32	
	0	86	1	44	2	29	3	25	4	44	5	11	6	103	7	98	8	75	9	84	10	102	11	104	12	99	13	103	14	54	15	44	16	99	17	31	18	108	19	85	20	98	21	106	22	112	23	12	24	113	25	39	26	15	27	85	28	37	29	107	30	104	31	28	32	61	33	30	34	62	35	50	36	102	37	28	38	40	39	54	40	12	41	26	42	15	43	49	44	80	45	82	46	20	47	32	48	96	49	19	
	0	78	1	54	2	40	3	26	4	42	5	18	6	108	7	105	8	81	9	86	10	105	11	103	12	109	13	105	14	57	15	55	16	82	17	32	18	109	19	93	20	90	21	103	22	108	23	14	24	100	25	30	26	15	27	81	28	42	29	109	30	88	31	21	32	73	33	22	34	62	35	39	36	104	37	29	38	44	39	59	40	20	41	19	42	14	43	53	44	67	45	71	46	27	47	34	48	91	49	29	
	0	92	1	41	2	40	3	32	4	32	5	17	6	89	7	99	8	75	9	74	10	106	11	102	12	108	13	117	14	69	15	51	16	84	17	45	18	110	19	81	20	95	21	99	22	107	23	17	24	110	25	40	26	14	27	84	28	27	29	115	30	89	31	16	32	58	33	19	34	78	35	37	36	90	37	38	38	44	39	61	40	19	41	21	42	14	43	48	44	82	45	74	46	22	47	33	48	98	49	31	
	0	84	1	42	2	23	3	32	4	46	5	12	6	105	7	93	8	89	9	82	10	98	11	94	12	109	13	101	14	67	15	62	16	91	17	44	18	115	19	90	20	96	21	112	22	114	23	22	24	110	25	37	26	18	27	85	28	34	29	104	30	94	31	28	32	67	33	12	34	71	35	48	36	101	37	33	38	52	39	58	40	4	41	28	42	22	43	51	44	71	45	79	46	33	47	35	48	100	49	31	
	0	83	1	54	2	42	3	18	4	41	5	23	6	96	7	102	8	79	9	81	10	112	11	88	12	94	13	103	14	56	15	61	16	94	17	32	18	113	19	80	20	88	21	100	22	96	23	6	24	101	25	35	26	14	27	89	28	40	29	104	30	95	31	22	32	65	33	14	34	62	35	41	36	94	37	39	38	34	39	49	40	11	41	32	42	18	43	53	44	73	45	67	46	35	47	26	48	104	49	27	
	0	87	1	45	2	41	3	22	4	38	5	20	6	96	7	103	8	87	9	85	10	113	11	98	12	98	13	114	14	60	15	54	16	97	17	30	18	111	19	87	20	91	21	99	22	95	23	9	24	115	25	32	26	7	27	91	28	40	29	100	30	95	31	15	32	59	33	19	34	66	35	41	36	85	37	38	38	43	39	46	40	14	41	31	42	9	43	61	44	69	45	75	46	26	47	43	48	105	49	18	
	0	88	1	50	2	23	3	21	4	42	5	15	6	91	7	95	8	90	9	90	10	102	11	104	12	105	13	104	14	60	15	55	16	89	17	27	18	115	19	87	20	89	21	104	22	104	23	15	24	103	25	36	26	16	27	98	28	26	29	117	30	88	31	33	32	60	33	21	34	78	35	39	36	101	37	47	38	44	39	53	40	15	41	26	42	26	43	64	44	80	45	78	46	21	47	39	48	94	49	19	
	0	82	1	44	2	34	3	22	4	46	5	5	6	101	7	92	8	89	9	72	10	113	11	95	12	106	13	102	14	71	15	54	16	91	17	33	18	103	19	74	20	86	21	97	22	109	23	13	24	115	25	40	26	9	27	80	28	30	29	100	30	103	31	25	32	62	33	25	34	61	35	53	36	104	37	29	38	44	39	53	40	11	41	24	42	12	43	62	44	69	45	85	46	31	47	34	48	91	49	29	
	0	82	1	42	2	29	3	32	4	40	5	16	6	104	7	92	8	82	9	74	10	114	11	96	12	97	13	120	14	70	15	53	16	87	17	40	18	111	19	76	20	93	21	100	22	97	23	9	24	114	25	32	26	14	27	97	28	42	29	119	30	100	31	18	32	66	33	22	34	77	35	47	36	85	37	46	38	35	39	53	40	4	41	14	42	21	43	47	44	73	45	69	46	27	47	39	48	97	49	37	
	0	83	1	45	2	28	3	25	4	35	5	15	6	106	7	97	8	85	9	79	10	104	11	90	12	103	13	113	14	71	15	50	16	93	17	44	18	115	19	89	20	96	21	108	22	106	23	5	24	114	25	36	26	15	27	88	28	32	29	114	30	97	31	32	32	61	33	22	34	62	35	52	36	99	37	45	38	38	39	49	40	15	41	31	42	14	43	58	44	67	45	67	46	32	47	31	48	88	49	32	
	0	97	1	40	2	42	3	31	4	32	5	12	6	90	7	91	8	88	9	78	10	101	11	97	12	104	13	115	14	66	15	61	16	82	17	30	18	111	19	90	20	85	21	102	22	98	23	10	24	106	25	28	26	23	27	91	28	30	29	107	30	99	31	33	32	70	33	16	34	70	35	34	36	99	37	44	38	50	39	49	40	13	41	21	42	18	43	58	44	81	45	75	46	21	47	33	48	91	49	21	
	0	88	1	48	2	39	3	13	4	43	5	5	6	90	7	97	8	93	9	81	10	97	11	99	12	109	13	111	14	66	15	53	16	96	17	42	18	114	19	85	20	89	21	103	22	110	23	20	24	111	25	25	26	12	27	81	28	25	29	103	30	104	31	32	32	65	33	26	34	62	35	40	36	95	37	34	38	50	39	48	40	14	41	21	42	11	43	48	44	76	45	79	46	32	47	31	48	104	49	23	
	0	89	1	46	2	36	3	27	4	40	5	16	6	91	7	105	8	90	9	73	10	99	11	98	12	105	13	109	14	71	15	54	16	98	17	34	18	106	19	92	20	81	21	107	22	109	23	3	24	115	25	36	26	17	27	97	28	24	29	110	30	106	31	29	32	56	33	22	34	72	35	41	36	101	37	42	38	34	39	56	40	12	41	24	42	23	43	57	44	65	45	81	46	25	47	25	48	105	49	36	
	0	94	1	49	2	39	3	19	4	37	5	17	6	99	7	107	8	76	9	85	10	113	11	85	12	105	13	114	14	57	15	62	16	95	17	30	18	111	19	78	20	81	21	96	22	109	23	6	24	105	25	33	26	12	27	82	28	30	29	107	30	99	31	28	32	67	33	17	34	62	35	50	36	94	37	34	38	34	39	51	40	11	41	27	42	25	43	48	44	81	45	79	46	27	47	33	48	98	49	21	
	0	85	1	54	2	40	3	23	4	42	5	8	6	107	7	105	8	93	9	91	10	116	11	89	12	91	13	106	14	71	15	62	16	84	17	38	18	118	19	83	20	84	21	98	22	114	23	18	24	109	25	38	26	18	27	80	28	30	29	107	30	97	31	30	32	54	33	30	34	79	35	36	36	97	37	31	38	49	39	55	40	20	41	14	42	16	43	59	44	73	45	71	46	25	47	43	48	89	49	24	
	0	93	1	41	2	26	3	27	4	45	5	18	6	89	7	90	8	90	9	83	10	107	11	101	12	100	13	118	14	67	15	52	16	95	17	32	18	102	19	81	20	82	21	98	22	102	23	18	24	116	25	31	26	19	27	95	28	26	29	112	30	94	31	28	32	69	33	14	34	63	35	36	36	96	37	34	38	33	39	59	40	17	41	27	42	28	43	52	44	81	45	69	46	20	47	39	48	90	49	20	
	0	93	1	44	2	24	3	15	4	49	5	21	6	94	7	101	8	74	9	73	10	107	11	103	12	106	13	103	14	60	15	50	16	92	17	33	18	111	19	90	20	84	21	115	22	107	23	13	24	110	25	26	26	14	27	93	28	26	29	113	30	87	31	29	32	73	33	24	34	68	35	41	36	86	37	38	38	50	39	50	40	8	41	25	42	19	43	47	44	83	45	77	46	18	47	38	48	107	49	29	
	0	86	1	41	2	32	3	31	4	47	5	5	6	101	7	97	8	77	9	86	10	100	11	96	12	97	13	120	14	57	15	54	16	85	17	27	18	111	19	83	20	91	21	102	22	100	23	21	24	110	25	21	26	17	27	79	28	37	29	111	30	100	31	14	32	57	33	23	34	64	35	38	36	91	37	46	38	51	39	48	40	11	41	22	42	18	43	61	44	79	45	80	46	22	47	34	48	99	49	33	
	0	85	1	48	2	28	3	15	4	47	5	10	6	101	7	92	8	92	9	81	10	109	11	92	12	100	13	108	14	58	15	50	16	93	17	29	18	111	19	84	20	97	21	106	22	109	23	18	24	104	25	37	26	10	27	98	28	33	29	106	30	92	31	29	32	57	33	18	34	72	35	42	36	99	37	47	38	36	39	47	40	7	41	22	42	27	43	56	44	81	45	75	46	29	47	34	48	94	49	36	
	0	90	1	51	2	29	3	29	4	38	5	14	6	96	7	91	8	81	9	75	10	104	11	89	12	106	13	120	14	70	15	50	16	89	17	37	18	106	19	88	20	89	21	111	22	96	23	15	24	115	25	26	26	24	27	79	28	34	29	109	30	92	31	29	32	71	33	29	34	64	35	51	36	90	37	38	38	49	39	50	40	4	41	22	42	14	43	64	44	67	45	71	46	32	47	34	48	96	49	26	
	0	96	1	48	2	39	3	15	4	34	5	6	6	90	7	92	8	78	9	82	10	99	11	98	12	108	13	102	14	71	15	50	16	95	17	36	18	111	19	85	20	90	21	97	22	103	23	3	24	112	25	38	26	18	27	88	28	32	29	102	30	89	31	32	32	67	33	22	34	67	35	48	36	102	37	38	38	45	39	52	40	4	41	22	42	15	43	48	44	75	45	71	46	36	47	35	48	95	49	26	
	0	83	1	57	2	42	3	25	4	39	5	13	6	100	7	96	8	91	9	89	10	110	11	90	12	99	13	111	14	69	15	43	16	83	17	31	18	107	19	91	20	89	21	102	22	101	23	3	24	117	25	34	26	16	27	89	28	26	29	102	30	87	31	24	32	70	33	21	34	79	35	46	36	94	37	44	38	42	39	44	40	4	41	16	42	13	43	60	44	65	45	85	46	32	47	33	48	100	49	33	
	0	93	1	42	2	38	3	18	4	37	5	21	6	90	7	91	8	76	9	77	10	114	11	104	12	107	13	101	14	66	15	54	16	89	17	33	18	106	19	86	20	84	21	107	22	95	23	18	24	102	25	22	26	17	27	95	28	34	29	103	30	98	31	21	32	70	33	18	34	66	35	38	36	97	37	42	38	44	39	49	40	22	41	25	42	20	43	61	44	79	45	74	46	31	47	40	48	91	49	22	
	0	87	1	52	2	35	3	30	4	40	5	23	6	99	7	106	8	85	9	82	10	111	11	85	12	104	13	116	14	72	15	62	16	96	17	38	18	102	19	81	20	87	21	98	22	114	23	20	24	100	25	34	26	17	27	98	28	28	29	118	30	98	31	33	32	65	33	23	34	77	35	38	36	88	37	38	38	39	39	47	40	16	41	24	42	24	43	49	44	66	45	82	46	31	47	38	48	104	49	25	
	0	94	1	42	2	34	3	26	4	37	5	5	6	102	7	108	8	83	9	78	10	108	11	87	12	99	13	116	14	63	15	57	16	88	17	28	18	108	19	81	20	97	21	113	22	98	23	20	24	109	25	31	26	13	27	80	28	36	29	103	30	91	31	23	32	56	33	23	34	78	35	48	36	100	37	30	38	36	39	59	40	3	41	18	42	19	43	63	44	74	45	70	46	25	47	28	48	92	49	31	
	0	87	1	42	2	27	3	28	4	40	5	22	6	107	7	105	8	83	9	91	10	113	11	92	12	109	13	104	14	64	15	45	16	97	17	31	18	118	19	75	20	95	21	100	22	114	23	21	24	111	25	27	26	22	27	98	28	41	29	117	30	106	31	24	32	60	33	22	34	65	35	50	36	101	37	40	38	51	39	50	40	6	41	27	42	10	43	52	44	75	45	75	46	32	47	35	48	100	49	18	
	0	84	1	48	2	40	3	15	4	42	5	18	6	98	7	102	8	93	9	74	10	108	11	94	12	91	13	116	14	54	15	56	16	92	17	34	18	112	19	80	20	98	21	101	22	102	23	21	24	105	25	21	26	22	27	88	28	30	29	119	30	102	31	32	32	64	33	15	34	62	35	52	36	100	37	43	38	39	39	55	40	18	41	17	42	24	43	46	44	64	45	80	46	30	47	26	48	98	49	29	
	0	78	1	52	2	24	3	27	4	44	5	16	6	98	7	107	8	80	9	89	10	98	11	94	12	101	13	101	14	53	15	55	16	96	17	45	18	108	19	92	20	93	21	101	22	110	23	6	24	113	25	36	26	7	27	88	28	38	29	113	30	94	31	24	32	63	33	25	34	78	35	36	36	91	37	45	38	38	39	61	40	7	41	15	42	9	43	59	44	77	45	73	46	21	47	36	48	90	49	33	
	0	88	1	40	2	35	3	14	4	43	5	13	6	93	7	100	8	79	9	80	10	108	11	99	12	107	13	106	14	72	15	56	16	96	17	27	18	111	19	86	20	91	21	97	22	108	23	4	24	110	25	26	26	7	27	90	28	38	29	112	30	106	31	23	32	57	33	20	34	72	35	52	36	96	37	32	38	42	39	59	40	7	41	22	42	23	43	64	44	79	45	70	46	28	47	37	48	94	49	35	
	0	79	1	49	2	33	3	28	4	37	5	6	6	94	7	97	8	83	9	89	10	101	11	97	12	100	13	105	14	65	15	59	16	92	17	27	18	119	19	87	20	84	21	104	22	106	23	6	24	115	25	32	26	19	27	86	28	24	29	110	30	106	31	32	32	54	33	27	34	67	35	50	36	97	37	44	38	38	39	47	40	11	41	22	42	17	43	48	44	70	45	76	46	27	47	44	48	99	49	20	
	0	81	1	48	2	34	3	31	4	41	5	9	6	90	7	101	8	86	9	90	10	109	11	90	12	103	13	104	14	59	15	45	16	86	17	28	18	115	19	75	20	95	21	103	22	112	23	17	24	101	25	34	26	10	27	92	28	24	29	119	30	104	31	16	32	66	33	24	34	64	35	53	36	98	37	35	38	37	39	62	40	6	41	22	42	28	43	64	44	70	45	67	46	34	47	38	48	105	49	35	
	0	92	1	58	2	41	3	31	4	43	5	11	6	104	7	99	8	86	9	83	10	110	11	88	12	102	13	113	14	62	15	44	16	94	17	36	18	113	19	84	20	99	21	96	22	106	23	13	24	116	25	25	26	21	27	87	28	36	29	105	30	88	31	28	32	65	33	17	34	73	35	45	36	95	37	47	38	44	39	45	40	8	41	29	42	28	43	49	44	65	45	77	46	28	47	44	48	90	49	19	
	0	96	1	55	2	37	3	28	4	39	5	20	6	94	7	96	8	75	9	90	10	114	11	104	12	101	13	115	14	60	15	52	16	101	17	36	18	107	19	85	20	99	21	112	22	114	23	7	24	98	25	30	26	15	27	89	28	42	29	105	30	97	31	19	32	69	33	18	34	65	35	52	36	88	37	39	38	38	39	50	40	11	41	32	42	11	43	65	44	77	45	68	46	34	47	31	48	106	49	32	
	0	83	1	57	2	32	3	22	4	49	5	12	6	107	7	89	8	91	9	83	10	106	11	90	12	91	13	115	14	64	15	57	16	83	17	41	18	119	19	80	20	95	21	115	22	96	23	19	24	112	25	26	26	8	27	79	28	37	29	110	30	99	31	16	32	71	33	19	34	63	35	37	36	92	37	37	38	39	39	45	40	12	41	27	42	22	43	63	44	78	45	72	46	19	47	36	48	88	49	19	
	0	80	1	48	2	42	3	17	4	38	5	12	6	101	7	91	8	79	9	84	10	107	11	102	12	97	13	120	14	71	15	43	16	95	17	39	18	101	19	81	20	92	21	101	22	96	23	17	24	108	25	29	26	25	27	98	28	23	29	103	30	96	31	26	32	59	33	26	34	76	35	36	36	98	37	45	38	42	39	62	40	9	41	32	42	24	43	65	44	78	45	69	46	35	47	39	48	104	49	28	
	0	90	1	58	2	28	3	30	4	32	5	22	6	90	7	95	8	90	9	72	10	112	11	101	12	97	13	120	14	61	15	51	16	87	17	33	18	117	19	90	20	94	21	105	22	109	23	18	24	110	25	21	26	19	27	90	28	41	29	111	30	101	31	20	32	57	33	19	34	77	35	36	36	89	37	46	38	50	39	56	40	17	41	22	42	22	43	59	44	77	45	83	46	17	47	35	48	90	49	25	
	0	93	1	43	2	23	3	23	4	51	5	9	6	101	7	94	8	75	9	82	10	106	11	101	12	105	13	103	14	55	15	48	16	97	17	34	18	107	19	79	20	81	21	106	22	99	23	20	24	102	25	38	26	10	27	95	28	35	29	102	30	100	31	16	32	62	33	15	34	70	35	51	36	99	37	28	38	51	39	49	40	7	41	15	42	21	43	65	44	64	45	79	46	27	47	29	48	95	49	28	
	0	86	1	57	2	23	3	29	4	48	5	15	6	94	7	105	8	88	9	73	10	102	11	95	12	95	13	117	14	66	15	54	16	92	17	35	18	104	19	77	20	86	21	103	22	95	23	20	24	102	25	25	26	19	27	79	28	29	29	101	30	98	31	32	32	70	33	14	34	64	35	34	36	86	37	32	38	35	39	43	40	16	41	22	42	24	43	56	44	81	45	86	46	20	47	35	48	106	49	28	
	0	86	1	42	2	40	3	14	4	33	5	6	6	103	7	99	8	74	9	72	10	104	11	85	12	105	13	115	14	71	15	45	16	88	17	32	18	106	19	79	20	85	21	108	22	101	23	3	24	108	25	22	26	12	27	84	28	39	29	107	30	104	31	25	32	57	33	20	34	76	35	34	36	91	37	28	38	50	39	61	40	17	41	32	42	26	43	60	44	80	45	76	46	26	47	43	48	93	49	29	
	0	89	1	42	2	35	3	24	4	45	5	9	6	91	7	102	8	93	9	80	10	101	11	91	12	92	13	103	14	64	15	61	16	88	17	41	18	115	19	80	20	95	21	100	22	96	23	12	24	116	25	37	26	8	27	93	28	24	29	109	30	99	31	33	32	55	33	27	34	78	35	48	36	96	37	44	38	33	39	49	40	10	41	13	42	22	43	49	44	72	45	71	46	36	47	40	48	101	49	27	
	0	94	1	52	2	36	3	20	4	34	5	19	6	91	7	99	8	79	9	89	10	106	11	97	12	104	13	103	14	60	15	49	16	85	17	40	18	113	19	80	20	82	21	106	22	111	23	14	24	109	25	27	26	17	27	96	28	37	29	119	30	98	31	18	32	54	33	19	34	68	35	34	36	86	37	31	38	42	39	54	40	21	41	18	42	14	43	49	44	80	45	78	46	35	47	38	48	96	49	30	
	0	79	1	43	2	27	3	22	4	46	5	12	6	90	7	104	8	78	9	87	10	102	11	96	12	108	13	107	14	66	15	58	16	99	17	37	18	114	19	77	20	92	21	101	22	98	23	9	24	112	25	35	26	12	27	94	28	23	29	115	30	94	31	25	32	63	33	19	34	67	35	47	36	96	37	30	38	34	39	59	40	7	41	27	42	11	43	60	44	69	45	74	46	17	47	26	48	107	49	21	
	0	95	1	50	2	31	3	19	4	42	5	10	6	103	7	97	8	74	9	74	10	110	11	98	12	109	13	110	14	68	15	61	16	87	17	42	18	114	19	79	20	94	21	101	22	104	23	19	24	104	25	29	26	16	27	92	28	42	29	111	30	97	31	14	32	63	33	27	34	72	35	38	36	96	37	33	38	45	39	54	40	11	41	28	42	18	43	52	44	66	45	79	46	34	47	41	48	97	49	33	
	0	78	1	52	2	38	3	27	4	48	5	9	6	105	7	89	8	84	9	78	10	97	11	85	12	106	13	111	14	71	15	61	16	82	17	36	18	107	19	85	20	96	21	103	22	101	23	11	24	108	25	24	26	22	27	82	28	31	29	116	30	88	31	31	32	56	33	23	34	76	35	52	36	94	37	47	38	38	39	59	40	19	41	19	42	15	43	65	44	66	45	81	46	27	47	31	48	97	49	27	
	0	85	1	47	2	27	3	32	4	43	5	11	6	106	7	105	8	90	9	85	10	100	11	102	12	104	13	103	14	72	15	56	16	99	17	31	18	111	19	77	20	99	21	99	22	95	23	15	24	109	25	31	26	17	27	92	28	38	29	116	30	106	31	33	32	55	33	28	34	76	35	48	36	104	37	32	38	46	39	57	40	21	41	19	42	22	43	60	44	80	45	80	46	20	47	32	48	88	49	25	
	0	88	1	40	2	28	3	32	4	34	5	19	6	101	7	91	8	74	9	80	10	109	11	90	12	98	13	107	14	67	15	55	16	99	17	26	18	103	19	91	20	98	21	107	22	112	23	7	24	99	25	37	26	25	27	83	28	37	29	106	30	93	31	26	32	62	33	28	34	73	35	46	36	90	37	47	38	43	39	55	40	7	41	27	42	11	43	53	44	74	45	85	46	34	47	26	48	102	49	19	
	0	78	1	39	2	41	3	31	4	47	5	9	6	99	7	96	8	76	9	89	10	108	11	97	12	110	13	105	14	55	15	49	16	94	17	42	18	101	19	75	20	90	21	98	22	95	23	3	24	100	25	26	26	13	27	91	28	34	29	108	30	95	31	25	32	66	33	15	34	73	35	42	36	86	37	31	38	44	39	56	40	22	41	16	42	15	43	55	44	72	45	79	46	33	47	31	48	92	49	23	
	0	86	1	41	2	34	3	30	4	46	5	7	6	105	7	95	8	74	9	87	10	97	11	99	12	91	13	110	14	59	15	54	16	85	17	38	18	117	19	81	20	88	21	103	22	106	23	19	24	112	25	40	26	26	27	86	28	24	29	101	30	96	31	31	32	60	33	31	34	69	35	46	36	95	37	36	38	41	39	62	40	6	41	21	42	21	43	54	44	70	45	76	46	29	47	44	48	100	49	34	
	0	82	1	50	2	40	3	18	4	42	5	5	6	99	7	102	8	77	9	81	10	115	11	98	12	103	13	112	14	72	15	43	16	98	17	31	18	118	19	83	20	93	21	96	22	112	23	22	24	111	25	32	26	23	27	84	28	39	29	118	30	88	31	17	32	65	33	18	34	61	35	49	36	88	37	29	38	45	39	57	40	20	41	30	42	22	43	48	44	81	45	78	46	24	47	30	48	102	49	24	
	0	88	1	43	2	26	3	29	4	47	5	20	6	103	7	108	8	81	9	79	10	113	11	102	12	106	13	116	14	69	15	47	16	87	17	41	18	120	19	80	20	97	21	98	22	104	23	5	24	110	25	26	26	19	27	80	28	27	29	111	30	105	31	25	32	70	33	26	34	66	35	40	36	101	37	31	38	43	39	43	40	11	41	24	42	28	43	47	44	67	45	74	46	34	47	28	48	103	49	37	
	0	96	1	46	2	24	3	21	4	51	5	10	6	95	7	92	8	92	9	73	10	116	11	100	12	103	13	114	14	67	15	53	16	95	17	35	18	101	19	82	20	93	21	114	22	112	23	11	24	107	25	24	26	8	27	92	28	27	29	110	30	95	31	27	32	60	33	22	34	70	35	37	36	91	37	44	38	34	39	58	40	3	41	29	42	13	43	58	44	77	45	71	46	26	47	42	48	90	49	19	
	0	93	1	40	2	32	3	32	4	34	5	8	6	95	7	96	8	77	9	87	10	98	11	97	12	94	13	113	14	57	15	59	16	95	17	32	18	107	19	74	20	98	21	98	22	114	23	15	24	103	25	25	26	10	27	90	28	42	29	103	30	96	31	18	32	64	33	12	34	72	35	50	36	86	37	43	38	47	39	58	40	6	41	24	42	17	43	52	44	72	45	70	46	30	47	27	48	98	49	32	
	0	83	1	41	2	39	3	20	4	37	5	20	6	94	7	97	8	75	9	83	10	102	11	93	12	105	13	116	14	69	15	60	16	87	17	27	18	118	19	93	20	93	21	115	22	97	23	7	24	104	25	28	26	15	27	93	28	30	29	107	30	102	31	22	32	62	33	17	34	78	35	40	36	98	37	37	38	43	39	50	40	6	41	18	42	16	43	64	44	82	45	71	46	17	47	39	48	97	49	22	
	0	88	1	58	2	33	3	25	4	42	5	22	6	100	7	99	8	92	9	73	10	103	11	100	12	104	13	112	14	72	15	44	16	89	17	45	18	106	19	91	20	86	21	98	22	101	23	7	24	106	25	36	26	12	27	94	28	35	29	102	30	88	31	32	32	57	33	29	34	76	35	38	36	86	37	47	38	42	39	55	40	21	41	14	42	24	43	50	44	83	45	81	46	32	47	44	48	89	49	22	
	0	95	1	48	2	42	3	14	4	42	5	13	6	103	7	101	8	80	9	88	10	109	11	86	12	105	13	102	14	69	15	44	16	88	17	37	18	114	19	93	20	99	21	112	22	105	23	16	24	111	25	22	26	15	27	95	28	23	29	113	30	94	31	27	32	60	33	26	34	78	35	38	36	94	37	45	38	52	39	45	40	22	41	18	42	22	43	60	44	75	45	84	46	27	47	25	48	104	49	26	
	0	78	1	50	2	28	3	13	4	45	5	14	6	105	7	99	8	83	9	73	10	114	11	103	12	93	13	117	14	70	15	52	16	91	17	26	18	103	19	77	20	87	21	110	22	106	23	11	24	117	25	32	26	20	27	94	28	27	29	108	30	105	31	14	32	65	33	15	34	60	35	52	36	103	37	39	38	45	39	56	40	4	41	22	42	27	43	63	44	83	45	67	46	23	47	38	48	96	49	33	
	0	78	1	58	2	41	3	13	4	38	5	9	6	99	7	107	8	84	9	74	10	108	11	93	12	110	13	119	14	56	15	55	16	98	17	30	18	111	19	92	20	86	21	97	22	105	23	7	24	100	25	39	26	22	27	97	28	28	29	119	30	105	31	19	32	60	33	13	34	63	35	36	36	103	37	34	38	40	39	54	40	22	41	20	42	10	43	65	44	64	45	77	46	33	47	44	48	89	49	29	
	0	82	1	43	2	29	3	15	4	43	5	22	6	104	7	99	8	89	9	91	10	97	11	86	12	102	13	117	14	59	15	44	16	83	17	32	18	111	19	75	20	90	21	105	22	96	23	9	24	104	25	24	26	15	27	92	28	38	29	118	30	88	31	25	32	54	33	21	34	64	35	34	36	90	37	41	38	47	39	53	40	18	41	21	42	16	43	51	44	68	45	74	46	31	47	40	48	104	49	31	
	0	82	1	55	2	23	3	23	4	38	5	22	6	98	7	100	8	80	9	78	10	104	11	85	12	110	13	104	14	70	15	53	16	90	17	41	18	114	19	90	20	90	21	96	22	111	23	22	24	112	25	39	26	26	27	84	28	42	29	109	30	93	31	24	32	62	33	21	34	72	35	49	36	93	37	29	38	34	39	60	40	10	41	22	42	13	43	52	44	64	45	80	46	35	47	33	48	102	49	33	
	0	83	1	42	2	28	3	18	4	33	5	5	6	98	7	107	8	85	9	76	10	110	11	86	12	109	13	115	14	65	15	51	16	99	17	30	18	108	19	82	20	90	21	96	22	99	23	9	24	98	25	30	26	18	27	91	28	40	29	116	30	106	31	28	32	71	33	13	34	79	35	43	36	92	37	30	38	45	39	53	40	4	41	17	42	11	43	63	44	72	45	67	46	34	47	34	48	104	49	30	
	0	89	1	52	2	27	3	20	4	35	5	13	6	100	7	91	8	89	9	85	10	114	11	87	12	103	13	117	14	53	15	59	16	95	17	33	18	106	19	82	20	80	21	108	22	105	23	4	24	111	25	23	26	13	27	98	28	27	29	116	30	103	31	25	32	63	33	16	34	79	35	47	36	90	37	34	38	44	39	49	40	19	41	16	42	21	43	46	44	70	45	76	46	29	47	44	48	101	49	22	
	0	86	1	45	2	23	3	15	4	46	5	18	6	105	7	90	8	91	9	85	10	99	11	88	12	108	13	108	14	54	15	54	16	90	17	33	18	108	19	86	20	97	21	102	22	103	23	14	24	105	25	30	26	11	27	97	28	34	29	113	30	96	31	25	32	68	33	29	34	63	35	42	36	95	37	46	38	34	39	50	40	3	41	28	42	28	43	56	44	76	45	83	46	35	47	33	48	101	49	34	
	0	86	1	53	2	40	3	24	4	36	5	20	6	99	7	104	8	76	9	75	10	110	11	86	12	92	13	120	14	61	15	51	16	89	17	42	18	120	19	77	20	81	21	114	22	106	23	8	24	110	25	39	26	23	27	88	28	32	29	110	30	92	31	31	32	68	33	27	34	77	35	50	36	94	37	43	38	42	39	52	40	14	41	27	42	26	43	53	44	73	45	85	46	33	47	40	48	91	49	37	
	0	95	1	43	2	36	3	16	4	32	5	8	6	102	7	92	8	91	9	83	10	109	11	101	12	99	13	102	14	66	15	62	16	91	17	27	18	108	19	74	20	86	21	98	22	112	23	8	24	114	25	28	26	22	27	97	28	29	29	113	30	104	31	21	32	65	33	24	34	60	35	38	36	100	37	35	38	36	39	58	40	16	41	25	42	28	43	55	44	83	45	71	46	24	47	28	48	98	49	36	
	0	87	1	56	2	34	3	16	4	40	5	16	6	102	7	91	8	85	9	81	10	100	11	91	12	110	13	102	14	71	15	45	16	95	17	27	18	109	19	92	20	97	21	113	22	100	23	20	24	111	25	36	26	19	27	85	28	33	29	109	30	98	31	33	32	62	33	18	34	69	35	46	36	99	37	43	38	42	39	46	40	8	41	22	42	9	43	64	44	82	45	77	46	22	47	34	48	100	49	31	
	0	78	1	56	2	28	3	20	4	46	5	6	6	100	7	90	8	83	9	89	10	112	11	88	12	96	13	119	14	59	15	46	16	100	17	41	18	104	19	93	20	87	21	98	22	105	23	11	24	109	25	22	26	9	27	93	28	27	29	107	30	99	31	28	32	71	33	12	34	69	35	36	36	96	37	42	38	49	39	61	40	3	41	13	42	14	43	54	44	64	45	84	46	22	47	28	48	92	49	27	
	0	87	1	58	2	24	3	13	4	45	5	18	6	91	7	96	8	91	9	82	10	112	11	91	12	110	13	105	14	71	15	50	16	86	17	31	18	119	19	78	20	99	21	108	22	103	23	13	24	117	25	23	26	7	27	83	28	38	29	108	30	90	31	26	32	64	33	29	34	79	35	39	36	86	37	46	38	36	39	49	40	20	41	20	42	19	43	54	44	78	45	67	46	29	47	25	48	91	49	35	
	0	87	1	49	2	32	3	31	4	39	5	15	6	89	7	107	8	93	9	87	10	109	11	91	12	94	13	107	14	66	15	45	16	99	17	31	18	111	19	87	20	87	21	99	22	103	23	14	24	112	25	31	26	13	27	84	28	31	29	105	30	96	31	22	32	58	33	25	34	67	35	50	36	86	37	47	38	45	39	54	40	9	41	17	42	26	43	47	44	74	45	76	46	31	47	43	48	103	49	33	
	0	93	1	45	2	37	3	21	4	40	5	15	6	100	7	105	8	74	9	91	10	111	11	92	12	105	13	109	14	61	15	54	16	95	17	28	18	104	19	81	20	91	21	105	22	98	23	14	24	117	25	37	26	14	27	96	28	28	29	115	30	98	31	16	32	68	33	26	34	79	35	41	36	96	37	46	38	47	39	51	40	22	41	30	42	22	43	58	44	72	45	81	46	22	47	43	48	102	49	37	
	0	90	1	58	2	28	3	31	4	38	5	19	6	92	7	90	8	83	9	78	10	111	11	102	12	96	13	106	14	71	15	62	16	89	17	39	18	119	19	87	20	91	21	106	22	107	23	3	24	105	25	21	26	20	27	84	28	39	29	105	30	90	31	19	32	58	33	30	34	73	35	37	36	86	37	32	38	33	39	46	40	12	41	15	42	10	43	55	44	70	45	79	46	36	47	26	48	93	49	29	
	0	81	1	43	2	30	3	22	4	33	5	18	6	105	7	96	8	74	9	81	10	108	11	97	12	103	13	112	14	55	15	45	16	93	17	37	18	111	19	75	20	95	21	114	22	109	23	9	24	107	25	28	26	12	27	95	28	32	29	100	30	103	31	25	32	69	33	29	34	78	35	43	36	96	37	46	38	45	39	54	40	4	41	21	42	23	43	59	44	69	45	83	46	25	47	43	48	106	49	27	
	0	97	1	45	2	36	3	16	4	44	5	4	6	93	7	108	8	91	9	84	10	100	11	100	12	98	13	109	14	58	15	49	16	85	17	39	18	114	19	75	20	85	21	101	22	109	23	16	24	117	25	37	26	23	27	81	28	36	29	114	30	106	31	32	32	57	33	30	34	72	35	34	36	88	37	32	38	42	39	44	40	15	41	18	42	18	43	60	44	67	45	71	46	21	47	42	48	101	49	19	
	0	94	1	46	2	32	3	31	4	47	5	21	6	104	7	99	8	76	9	82	10	100	11	89	12	108	13	110	14	61	15	58	16	91	17	30	18	103	19	88	20	81	21	108	22	102	23	15	24	117	25	37	26	13	27	81	28	27	29	117	30	105	31	31	32	68	33	29	34	77	35	37	36	91	37	47	38	52	39	48	40	18	41	19	42	13	43	58	44	81	45	84	46	17	47	39	48	88	49	21	
	0	81	1	53	2	26	3	25	4	32	5	23	6	93	7	102	8	87	9	76	10	114	11	94	12	102	13	107	14	61	15	45	16	95	17	29	18	120	19	77	20	84	21	105	22	96	23	14	24	108	25	23	26	10	27	85	28	26	29	106	30	106	31	28	32	68	33	21	34	65	35	49	36	90	37	33	38	43	39	48	40	12	41	21	42	20	43	57	44	82	45	71	46	19	47	42	48	107	49	34	
	0	90	1	48	2	32	3	15	4	37	5	22	6	106	7	95	8	78	9	88	10	102	11	96	12	95	13	117	14	72	15	61	16	98	17	45	18	112	19	74	20	82	21	109	22	98	23	21	24	117	25	37	26	20	27	88	28	42	29	116	30	89	31	26	32	72	33	19	34	75	35	42	36	94	37	45	38	43	39	49	40	14	41	24	42	20	43	63	44	72	45	72	46	29	47	28	48	97	49	31	
	0	80	1	44	2	40	3	32	4	34	5	14	6	90	7	105	8	92	9	80	10	106	11	99	12	98	13	113	14	60	15	62	16	93	17	40	18	115	19	91	20	87	21	110	22	112	23	12	24	105	25	30	26	11	27	97	28	31	29	108	30	93	31	14	32	58	33	28	34	73	35	43	36	91	37	45	38	41	39	61	40	17	41	26	42	28	43	50	44	78	45	68	46	18	47	31	48	99	49	30	
	0	84	1	46	2	37	3	29	4	45	5	22	6	89	7	100	8	75	9	76	10	104	11	88	12	91	13	114	14	62	15	49	16	101	17	26	18	101	19	85	20	87	21	102	22	109	23	8	24	105	25	39	26	26	27	95	28	31	29	110	30	88	31	31	32	62	33	18	34	75	35	43	36	102	37	44	38	42	39	53	40	6	41	13	42	9	43	65	44	64	45	81	46	32	47	35	48	92	49	19	
	0	88	1	41	2	26	3	21	4	51	5	14	6	105	7	107	8	86	9	77	10	114	11	99	12	92	13	118	14	68	15	60	16	91	17	30	18	101	19	88	20	80	21	114	22	104	23	10	24	114	25	39	26	13	27	97	28	39	29	114	30	104	31	15	32	59	33	21	34	68	35	46	36	91	37	43	38	35	39	50	40	10	41	21	42	26	43	62	44	65	45	74	46	24	47	28	48	89	49	33	
	0	96	1	46	2	31	3	29	4	37	5	12	6	94	7	101	8	84	9	90	10	99	11	89	12	94	13	116	14	59	15	62	16	94	17	39	18	108	19	81	20	95	21	97	22	105	23	16	24	104	25	28	26	8	27	97	28	42	29	110	30	106	31	21	32	54	33	27	34	74	35	43	36	99	37	40	38	45	39	54	40	18	41	19	42	25	43	46	44	76	45	81	46	36	47	31	48	98	49	18	
	0	96	1	51	2	37	3	26	4	40	5	13	6	94	7	92	8	90	9	76	10	102	11	95	12	95	13	105	14	53	15	62	16	98	17	31	18	112	19	87	20	88	21	111	22	104	23	15	24	101	25	30	26	22	27	85	28	41	29	103	30	102	31	26	32	62	33	13	34	66	35	43	36	86	37	28	38	34	39	46	40	5	41	20	42	25	43	61	44	73	45	78	46	24	47	39	48	91	49	18	
	0	93	1	40	2	23	3	24	4	40	5	21	6	95	7	104	8	88	9	83	10	100	11	86	12	110	13	114	14	57	15	46	16	89	17	31	18	119	19	81	20	97	21	115	22	107	23	8	24	111	25	26	26	22	27	86	28	40	29	105	30	100	31	17	32	61	33	17	34	69	35	40	36	90	37	31	38	47	39	55	40	12	41	29	42	17	43	62	44	81	45	76	46	20	47	29	48	92	49	23	
	0	97	1	51	2	42	3	22	4	33	5	6	6	105	7	98	8	83	9	87	10	105	11	92	12	107	13	108	14	67	15	57	16	92	17	35	18	113	19	79	20	95	21	109	22	96	23	6	24	105	25	29	26	7	27	84	28	23	29	113	30	87	31	31	32	71	33	22	34	77	35	53	36	97	37	29	38	44	39	57	40	13	41	25	42	12	43	57	44	71	45	76	46	23	47	43	48	93	49	33	
	0	81	1	49	2	41	3	21	4	45	5	6	6	93	7	97	8	93	9	79	10	106	11	91	12	108	13	116	14	68	15	61	16	92	17	33	18	120	19	92	20	96	21	104	22	112	23	15	24	103	25	36	26	23	27	88	28	34	29	109	30	95	31	30	32	55	33	24	34	78	35	34	36	89	37	45	38	42	39	62	40	21	41	15	42	22	43	51	44	83	45	83	46	22	47	43	48	96	49	26	
	0	97	1	42	2	41	3	20	4	33	5	13	6	89	7	94	8	86	9	73	10	103	11	102	12	110	13	104	14	56	15	54	16	87	17	30	18	111	19	83	20	80	21	101	22	101	23	21	24	107	25	28	26	25	27	92	28	36	29	102	30	103	31	30	32	73	33	31	34	64	35	52	36	92	37	41	38	36	39	43	40	18	41	21	42	15	43	56	44	73	45	69	46	21	47	39	48	93	49	30	
	0	93	1	57	2	27	3	19	4	41	5	8	6	101	7	94	8	85	9	84	10	105	11	96	12	104	13	105	14	60	15	55	16	82	17	41	18	103	19	89	20	83	21	109	22	114	23	20	24	106	25	33	26	11	27	79	28	31	29	113	30	98	31	28	32	65	33	17	34	68	35	34	36	95	37	38	38	50	39	62	40	14	41	32	42	22	43	55	44	71	45	71	46	32	47	33	48	106	49	24	
	0	96	1	40	2	29	3	32	4	35	5	15	6	103	7	94	8	74	9	84	10	101	11	102	12	110	13	102	14	63	15	59	16	99	17	43	18	117	19	80	20	82	21	114	22	109	23	18	24	104	25	32	26	8	27	83	28	24	29	115	30	88	31	23	32	59	33	13	34	66	35	34	36	87	37	40	38	46	39	51	40	9	41	19	42	18	43	46	44	79	45	80	46	21	47	28	48	107	49	35	
	0	87	1	54	2	30	3	22	4	49	5	14	6	107	7	94	8	78	9	72	10	107	11	89	12	95	13	103	14	68	15	58	16	91	17	43	18	119	19	87	20	98	21	101	22	100	23	7	24	105	25	40	26	10	27	94	28	40	29	103	30	106	31	14	32	59	33	25	34	61	35	49	36	93	37	46	38	39	39	51	40	5	41	20	42	9	43	60	44	66	45	81	46	30	47	26	48	105	49	23	
	0	88	1	42	2	35	3	29	4	35	5	11	6	108	7	94	8	93	9	87	10	98	11	99	12	101	13	101	14	60	15	62	16	86	17	43	18	114	19	92	20	97	21	114	22	113	23	17	24	107	25	32	26	16	27	90	28	34	29	111	30	105	31	19	32	59	33	21	34	74	35	35	36	104	37	43	38	49	39	58	40	11	41	23	42	18	43	48	44	75	45	83	46	19	47	36	48	98	49	18	
	0	87	1	56	2	36	3	24	4	32	5	10	6	93	7	96	8	90	9	72	10	97	11	85	12	103	13	115	14	54	15	45	16	94	17	44	18	105	19	90	20	95	21	107	22	109	23	10	24	110	25	28	26	15	27	98	28	32	29	115	30	99	31	33	32	66	33	24	34	77	35	41	36	103	37	42	38	33	39	60	40	14	41	13	42	23	43	51	44	76	45	70	46	27	47	35	48	101	49	26	
	0	85	1	56	2	31	3	23	4	41	5	9	6	107	7	98	8	74	9	83	10	110	11	93	12	96	13	114	14	68	15	61	16	84	17	31	18	116	19	76	20	87	21	102	22	106	23	16	24	117	25	35	26	11	27	89	28	25	29	102	30	99	31	18	32	63	33	15	34	71	35	38	36	103	37	42	38	33	39	45	40	8	41	16	42	15	43	59	44	77	45	74	46	21	47	43	48	104	49	33	
	0	87	1	41	2	33	3	17	4	48	5	15	6	97	7	98	8	82	9	74	10	100	11	96	12	96	13	103	14	55	15	49	16	84	17	32	18	113	19	84	20	90	21	102	22	99	23	18	24	112	25	35	26	20	27	98	28	23	29	115	30	94	31	31	32	71	33	31	34	66	35	41	36	92	37	28	38	50	39	47	40	9	41	15	42	13	43	50	44	69	45	74	46	21	47	34	48	102	49	30	
	0	82	1	46	2	34	3	26	4	49	5	6	6	89	7	104	8	85	9	78	10	113	11	92	12	105	13	105	14	70	15	50	16	88	17	38	18	120	19	84	20	89	21	100	22	98	23	20	24	99	25	37	26	21	27	83	28	38	29	114	30	98	31	21	32	68	33	20	34	65	35	36	36	94	37	29	38	44	39	47	40	11	41	15	42	24	43	62	44	83	45	69	46	32	47	31	48	99	49	31	
	0	80	1	48	2	31	3	13	4	45	5	9	6	103	7	103	8	89	9	72	10	106	11	104	12	106	13	107	14	72	15	61	16	90	17	29	18	119	19	86	20	84	21	112	22	114	23	4	24	108	25	31	26	18	27	93	28	25	29	105	30	87	31	24	32	71	33	29	34	75	35	36	36	94	37	36	38	46	39	48	40	18	41	19	42	21	43	64	44	64	45	70	46	21	47	29	48	107	49	28	
	0	85	1	56	2	30	3	26	4	41	5	6	6	92	7	89	8	84	9	73	10	116	11	100	12	106	13	101	14	56	15	46	16	97	17	44	18	120	19	83	20	94	21	110	22	110	23	5	24	110	25	27	26	20	27	88	28	29	29	115	30	97	31	22	32	54	33	29	34	62	35	46	36	100	37	32	38	51	39	54	40	12	41	19	42	9	43	46	44	81	45	83	46	36	47	44	48	94	49	25	
	0	89	1	52	2	33	3	17	4	38	5	19	6	100	7	96	8	87	9	86	10	112	11	104	12	109	13	109	14	68	15	49	16	84	17	27	18	114	19	74	20	87	21	107	22	95	23	16	24	109	25	39	26	26	27	96	28	38	29	107	30	91	31	33	32	56	33	24	34	70	35	40	36	85	37	30	38	48	39	51	40	11	41	21	42	24	43	57	44	81	45	76	46	22	47	26	48	97	49	26	
	0	86	1	58	2	32	3	15	4	39	5	4	6	90	7	91	8	89	9	90	10	110	11	92	12	91	13	120	14	54	15	52	16	90	17	35	18	104	19	76	20	92	21	102	22	99	23	18	24	111	25	21	26	10	27	81	28	39	29	118	30	93	31	15	32	73	33	22	34	67	35	53	36	95	37	43	38	42	39	62	40	16	41	17	42	17	43	48	44	72	45	85	46	27	47	35	48	89	49	25	
	0	93	1	53	2	31	3	29	4	51	5	17	6	104	7	94	8	87	9	83	10	116	11	92	12	91	13	107	14	65	15	43	16	89	17	38	18	118	19	82	20	91	21	107	22	101	23	3	24	98	25	27	26	14	27	90	28	25	29	101	30	100	31	25	32	66	33	13	34	78	35	47	36	93	37	37	38	44	39	58	40	17	41	31	42	18	43	65	44	70	45	81	46	21	47	26	48	94	49	31	
	0	79	1	43	2	29	3	26	4	38	5	17	6	101	7	106	8	78	9	80	10	99	11	87	12	110	13	108	14	53	15	50	16	101	17	38	18	107	19	78	20	89	21	104	22	111	23	19	24	107	25	32	26	21	27	91	28	29	29	103	30	106	31	21	32	54	33	29	34	68	35	52	36	89	37	44	38	33	39	51	40	9	41	31	42	16	43	65	44	71	45	76	46	18	47	38	48	105	49	21	
	0	85	1	47	2	30	3	13	4	39	5	21	6	101	7	96	8	91	9	81	10	103	11	85	12	96	13	117	14	61	15	57	16	98	17	44	18	115	19	81	20	88	21	98	22	97	23	21	24	108	25	32	26	20	27	90	28	23	29	110	30	101	31	27	32	55	33	31	34	62	35	42	36	94	37	40	38	39	39	59	40	10	41	25	42	11	43	51	44	83	45	79	46	33	47	34	48	107	49	23	
	0	86	1	39	2	34	3	15	4	34	5	20	6	92	7	99	8	77	9	81	10	110	11	104	12	101	13	108	14	65	15	58	16	100	17	34	18	105	19	81	20	92	21	112	22	108	23	12	24	111	25	31	26	13	27	88	28	38	29	110	30	103	31	23	32	57	33	31	34	79	35	42	36	88	37	40	38	45	39	59	40	13	41	20	42	10	43	54	44	76	45	74	46	23	47	43	48	94	49	30	
	0	79	1	45	2	36	3	18	4	32	5	10	6	106	7	90	8	80	9	74	10	97	11	96	12	108	13	119	14	62	15	43	16	90	17	42	18	104	19	76	20	86	21	107	22	101	23	21	24	105	25	24	26	23	27	92	28	31	29	119	30	94	31	21	32	65	33	15	34	63	35	52	36	86	37	28	38	44	39	48	40	12	41	23	42	10	43	64	44	83	45	76	46	17	47	41	48	90	49	30	
	0	95	1	48	2	24	3	18	4	35	5	9	6	101	7	92	8	83	9	77	10	100	11	88	12	93	13	101	14	70	15	49	16	89	17	37	18	106	19	89	20	92	21	105	22	110	23	19	24	100	25	22	26	11	27	81	28	32	29	117	30	99	31	31	32	70	33	22	34	73	35	39	36	89	37	40	38	40	39	55	40	13	41	26	42	24	43	64	44	83	45	74	46	23	47	44	48	107	49	28	
	0	78	1	55	2	28	3	16	4	48	5	7	6	104	7	97	8	91	9	80	10	114	11	97	12	110	13	102	14	70	15	43	16	83	17	30	18	104	19	83	20	91	21	107	22	112	23	22	24	105	25	27	26	20	27	87	28	28	29	113	30	95	31	24	32	68	33	24	34	70	35	47	36	94	37	32	38	38	39	43	40	8	41	21	42	15	43	49	44	83	45	84	46	27	47	42	48	99	49	33	
	0	86	1	47	2	23	3	20	4	38	5	12	6	91	7	97	8	90	9	77	10	97	11	93	12	108	13	109	14	68	15	49	16	97	17	39	18	116	19	83	20	81	21	96	22	111	23	5	24	98	25	40	26	18	27	90	28	31	29	109	30	92	31	33	32	68	33	20	34	67	35	36	36	91	37	40	38	46	39	55	40	14	41	32	42	20	43	55	44	76	45	68	46	23	47	33	48	93	49	21	
	0	88	1	41	2	35	3	16	4	32	5	18	6	104	7	100	8	92	9	83	10	101	11	93	12	96	13	104	14	61	15	46	16	87	17	41	18	117	19	92	20	84	21	104	22	110	23	22	24	116	25	39	26	7	27	87	28	27	29	104	30	90	31	20	32	62	33	15	34	60	35	41	36	95	37	34	38	36	39	59	40	19	41	13	42	12	43	63	44	77	45	73	46	24	47	42	48	96	49	26	
	0	87	1	41	2	27	3	23	4	43	5	16	6	108	7	107	8	89	9	76	10	97	11	87	12	92	13	110	14	62	15	56	16	95	17	39	18	114	19	85	20	99	21	105	22	99	23	8	24	111	25	38	26	16	27	89	28	30	29	113	30	106	31	21	32	72	33	23	34	61	35	37	36	95	37	45	38	35	39	44	40	21	41	18	42	18	43	57	44	77	45	83	46	22	47	29	48	99	49	34	
	0	81	1	58	2	35	3	24	4	45	5	5	6	95	7	96	8	79	9	79	10	116	11	93	12	107	13	112	14	67	15	57	16	96	17	37	18	109	19	89	20	80	21	97	22	99	23	12	24	109	25	33	26	25	27	84	28	41	29	119	30	101	31	23	32	73	33	19	34	60	35	47	36	96	37	44	38	37	39	44	40	14	41	25	42	13	43	56	44	64	45	68	46	23	47	36	48	98	49	19	
	0	85	1	48	2	38	3	25	4	46	5	23	6	89	7	105	8	77	9	76	10	112	11	94	12	93	13	104	14	63	15	56	16	94	17	42	18	107	19	86	20	86	21	99	22	95	23	18	24	111	25	28	26	18	27	95	28	39	29	100	30	99	31	27	32	56	33	13	34	66	35	38	36	99	37	47	38	45	39	43	40	10	41	31	42	18	43	60	44	81	45	82	46	32	47	33	48	94	49	18	
	0	82	1	49	2	42	3	23	4	35	5	11	6	90	7	91	8	88	9	79	10	97	11	88	12	106	13	120	14	67	15	59	16	101	17	32	18	119	19	80	20	80	21	101	22	101	23	3	24	100	25	33	26	20	27	94	28	27	29	108	30	92	31	19	32	72	33	30	34	72	35	36	36	85	37	37	38	49	39	53	40	8	41	18	42	11	43	52	44	69	45	68	46	36	47	31	48	101	49	18	
	0	82	1	47	2	36	3	16	4	49	5	11	6	92	7	98	8	81	9	73	10	104	11	99	12	100	13	109	14	53	15	45	16	91	17	34	18	116	19	78	20	89	21	109	22	96	23	6	24	106	25	32	26	23	27	97	28	32	29	103	30	89	31	30	32	70	33	19	34	67	35	44	36	104	37	44	38	41	39	45	40	7	41	25	42	18	43	54	44	69	45	74	46	33	47	30	48	107	49	26	
	0	78	1	52	2	24	3	15	4	44	5	15	6	99	7	108	8	89	9	88	10	97	11	97	12	101	13	120	14	66	15	50	16	94	17	45	18	103	19	91	20	80	21	108	22	95	23	12	24	99	25	23	26	25	27	96	28	31	29	104	30	87	31	14	32	67	33	17	34	61	35	39	36	85	37	34	38	48	39	49	40	16	41	18	42	21	43	46	44	67	45	69	46	35	47	32	48	101	49	26	
	0	96	1	56	2	30	3	29	4	42	5	12	6	91	7	93	8	76	9	82	10	99	11	99	12	93	13	103	14	69	15	54	16	96	17	39	18	115	19	87	20	82	21	107	22	97	23	10	24	111	25	27	26	23	27	79	28	42	29	101	30	99	31	28	32	73	33	16	34	76	35	49	36	94	37	29	38	43	39	46	40	8	41	24	42	20	43	56	44	66	45	82	46	28	47	44	48	90	49	21	
	0	85	1	48	2	24	3	30	4	42	5	8	6	103	7	92	8	89	9	79	10	108	11	102	12	93	13	120	14	62	15	48	16	86	17	30	18	109	19	85	20	94	21	115	22	111	23	17	24	117	25	36	26	20	27	95	28	32	29	119	30	89	31	19	32	57	33	21	34	68	35	34	36	97	37	38	38	49	39	54	40	22	41	31	42	12	43	51	44	78	45	78	46	35	47	32	48	107	49	21	
	0	79	1	50	2	24	3	27	4	37	5	11	6	105	7	100	8	93	9	82	10	108	11	90	12	107	13	119	14	67	15	51	16	95	17	38	18	111	19	75	20	83	21	98	22	113	23	14	24	107	25	24	26	21	27	94	28	32	29	113	30	92	31	27	32	56	33	13	34	76	35	53	36	91	37	39	38	37	39	47	40	8	41	30	42	25	43	56	44	66	45	81	46	34	47	27	48	106	49	25	
	0	78	1	58	2	37	3	26	4	32	5	10	6	97	7	89	8	81	9	75	10	111	11	97	12	104	13	115	14	68	15	51	16	85	17	27	18	118	19	85	20	83	21	108	22	109	23	4	24	114	25	23	26	23	27	96	28	38	29	103	30	105	31	31	32	72	33	16	34	73	35	48	36	104	37	38	38	37	39	46	40	9	41	27	42	15	43	62	44	75	45	69	46	23	47	41	48	90	49	32	
	0	85	1	49	2	38	3	28	4	34	5	19	6	107	7	104	8	88	9	77	10	97	11	97	12	94	13	111	14	55	15	55	16	93	17	28	18	113	19	78	20	99	21	104	22	114	23	19	24	99	25	31	26	19	27	79	28	40	29	109	30	103	31	15	32	67	33	20	34	69	35	35	36	86	37	33	38	44	39	45	40	7	41	20	42	10	43	55	44	82	45	78	46	28	47	44	48	99	49	31	
	0	92	1	57	2	27	3	19	4	38	5	14	6	101	7	92	8	85	9	86	10	105	11	85	12	101	13	102	14	64	15	47	16	90	17	44	18	101	19	80	20	96	21	107	22	100	23	5	24	112	25	24	26	10	27	90	28	36	29	108	30	93	31	33	32	60	33	15	34	61	35	49	36	85	37	30	38	36	39	53	40	11	41	25	42	9	43	48	44	69	45	74	46	23	47	44	48	105	49	28	
	0	78	1	49	2	34	3	16	4	40	5	6	6	97	7	105	8	83	9	75	10	102	11	89	12	91	13	119	14	59	15	59	16	86	17	26	18	118	19	79	20	98	21	111	22	100	23	15	24	104	25	26	26	11	27	98	28	37	29	119	30	98	31	17	32	59	33	31	34	77	35	37	36	89	37	45	38	33	39	43	40	17	41	28	42	26	43	54	44	82	45	68	46	31	47	30	48	102	49	29	
	0	92	1	45	2	37	3	31	4	38	5	23	6	90	7	101	8	74	9	72	10	101	11	98	12	96	13	111	14	56	15	60	16	86	17	36	18	108	19	75	20	88	21	103	22	101	23	15	24	99	25	21	26	7	27	84	28	27	29	112	30	91	31	30	32	72	33	21	34	78	35	41	36	95	37	42	38	42	39	48	40	18	41	15	42	18	43	65	44	76	45	82	46	35	47	35	48	89	49	19	
	0	85	1	44	2	42	3	22	4	34	5	18	6	92	7	106	8	88	9	84	10	101	11	98	12	103	13	112	14	60	15	54	16	91	17	27	18	113	19	74	20	87	21	98	22	104	23	15	24	99	25	27	26	15	27	98	28	26	29	104	30	94	31	25	32	68	33	29	34	71	35	44	36	94	37	33	38	39	39	51	40	18	41	23	42	25	43	59	44	73	45	74	46	17	47	29	48	89	49	30	
	0	88	1	56	2	40	3	28	4	48	5	11	6	104	7	105	8	74	9	90	10	112	11	102	12	95	13	104	14	62	15	47	16	93	17	31	18	113	19	78	20	87	21	96	22	109	23	10	24	105	25	23	26	14	27	94	28	24	29	110	30	96	31	33	32	56	33	26	34	70	35	47	36	88	37	36	38	34	39	53	40	16	41	29	42	16	43	51	44	82	45	76	46	35	47	34	48	91	49	28	
	0	94	1	56	2	37	3	20	4	42	5	20	6	92	7	94	8	85	9	76	10	108	11	89	12	106	13	120	14	57	15	51	16	101	17	26	18	119	19	84	20	98	21	97	22	96	23	18	24	98	25	32	26	21	27	85	28	31	29	105	30	92	31	27	32	60	33	15	34	77	35	39	36	91	37	31	38	33	39	57	40	5	41	23	42	22	43	60	44	72	45	71	46	26	47	27	48	91	49	32	
	0	85	1	45	2	30	3	18	4	34	5	5	6	100	7	102	8	87	9	77	10	105	11	102	12	106	13	108	14	57	15	47	16	98	17	39	18	101	19	91	20	92	21	114	22	99	23	14	24	109	25	31	26	24	27	81	28	29	29	101	30	94	31	20	32	65	33	31	34	78	35	44	36	98	37	28	38	37	39	43	40	7	41	18	42	23	43	47	44	81	45	82	46	20	47	29	48	90	49	23	
	0	86	1	40	2	33	3	32	4	34	5	5	6	93	7	100	8	83	9	72	10	99	11	85	12	95	13	107	14	61	15	52	16	85	17	27	18	111	19	74	20	85	21	100	22	98	23	7	24	100	25	30	26	25	27	80	28	38	29	105	30	104	31	32	32	71	33	28	34	78	35	45	36	92	37	36	38	47	39	59	40	5	41	20	42	16	43	60	44	79	45	79	46	35	47	38	48	104	49	21	
	0	95	1	46	2	25	3	13	4	32	5	19	6	96	7	98	8	80	9	72	10	116	11	88	12	104	13	105	14	69	15	48	16	88	17	39	18	103	19	76	20	80	21	98	22	110	23	19	24	109	25	39	26	15	27	81	28	23	29	101	30	96	31	15	32	64	33	26	34	63	35	40	36	103	37	41	38	42	39	61	40	3	41	32	42	22	43	53	44	73	45	83	46	26	47	25	48	92	49	32	
	0	83	1	54	2	39	3	26	4	50	5	5	6	95	7	105	8	86	9	85	10	108	11	98	12	92	13	107	14	56	15	57	16	98	17	33	18	104	19	75	20	96	21	113	22	104	23	3	24	105	25	38	26	18	27	90	28	33	29	108	30	90	31	32	32	67	33	29	34	74	35	47	36	90	37	34	38	40	39	43	40	6	41	26	42	21	43	62	44	73	45	84	46	27	47	29	48	100	49	34	
	0	83	1	51	2	30	3	16	4	48	5	21	6	98	7	95	8	92	9	91	10	110	11	92	12	94	13	115	14	72	15	60	16	96	17	35	18	111	19	79	20	98	21	112	22	107	23	6	24	105	25	31	26	17	27	92	28	37	29	103	30	90	31	17	32	55	33	29	34	63	35	43	36	100	37	32	38	34	39	48	40	6	41	25	42	20	43	46	44	64	45	78	46	24	47	37	48	88	49	22	
	0	85	1	55	2	28	3	20	4	49	5	7	6	90	7	104	8	76	9	73	10	108	11	103	12	95	13	114	14	66	15	49	16	83	17	44	18	111	19	87	20	92	21	115	22	103	23	10	24	103	25	24	26	22	27	98	28	27	29	110	30	104	31	22	32	73	33	23	34	62	35	47	36	104	37	38	38	47	39	60	40	14	41	28	42	19	43	55	44	81	45	72	46	26	47	42	48	101	49	23	
	0	96	1	41	2	26	3	24	4	33	5	8	6	103	7	93	8	87	9	85	10	106	11	88	12	95	13	115	14	54	15	58	16	90	17	27	18	118	19	76	20	98	21	115	22	102	23	4	24	105	25	37	26	26	27	95	28	30	29	105	30	91	31	29	32	63	33	24	34	72	35	44	36	85	37	37	38	39	39	50	40	16	41	17	42	24	43	56	44	82	45	79	46	35	47	44	48	99	49	36	
	0	86	1	49	2	38	3	22	4	36	5	8	6	104	7	108	8	89	9	88	10	100	11	85	12	105	13	106	14	60	15	61	16	87	17	34	18	105	19	78	20	94	21	96	22	98	23	7	24	99	25	29	26	9	27	98	28	39	29	119	30	99	31	26	32	70	33	30	34	63	35	41	36	90	37	34	38	33	39	62	40	10	41	14	42	12	43	57	44	71	45	75	46	34	47	36	48	94	49	20	
	0	95	1	40	2	32	3	29	4	44	5	19	6	108	7	94	8	84	9	88	10	108	11	104	12	107	13	101	14	69	15	46	16	100	17	31	18	109	19	85	20	86	21	101	22	114	23	14	24	105	25	40	26	13	27	92	28	30	29	109	30	87	31	26	32	58	33	12	34	61	35	45	36	90	37	41	38	35	39	58	40	13	41	29	42	25	43	54	44	80	45	82	46	35	47	42	48	95	49	24	
	0	88	1	56	2	23	3	21	4	47	5	12	6	89	7	98	8	75	9	84	10	98	11	89	12	107	13	117	14	70	15	60	16	89	17	27	18	113	19	87	20	87	21	114	22	101	23	7	24	108	25	26	26	22	27	93	28	32	29	105	30	94	31	17	32	70	33	24	34	74	35	45	36	102	37	41	38	42	39	59	40	9	41	20	42	25	43	48	44	64	45	68	46	18	47	35	48	96	49	32	
	0	80	1	58	2	29	3	15	4	35	5	8	6	105	7	90	8	90	9	88	10	115	11	92	12	107	13	119	14	58	15	43	16	94	17	36	18	105	19	85	20	82	21	111	22	96	23	7	24	110	25	24	26	17	27	79	28	28	29	119	30	90	31	19	32	56	33	13	34	67	35	42	36	92	37	46	38	40	39	47	40	13	41	22	42	12	43	62	44	66	45	72	46	22	47	42	48	106	49	34	
	0	84	1	46	2	38	3	15	4	34	5	11	6	102	7	101	8	90	9	85	10	113	11	85	12	107	13	109	14	59	15	51	16	84	17	26	18	103	19	82	20	86	21	114	22	101	23	22	24	98	25	33	26	20	27	87	28	30	29	106	30	99	31	25	32	71	33	15	34	76	35	42	36	87	37	46	38	52	39	59	40	5	41	22	42	18	43	48	44	72	45	67	46	32	47	42	48	103	49	18	
	0	87	1	45	2	40	3	13	4	40	5	20	6	108	7	95	8	88	9	79	10	97	11	87	12	109	13	114	14	56	15	50	16	99	17	31	18	119	19	88	20	97	21	115	22	95	23	13	24	105	25	36	26	8	27	88	28	27	29	113	30	95	31	23	32	55	33	21	34	66	35	40	36	104	37	31	38	40	39	57	40	4	41	20	42	28	43	50	44	78	45	82	46	27	47	38	48	99	49	31	
	0	96	1	49	2	35	3	31	4	44	5	19	6	108	7	106	8	84	9	86	10	104	11	86	12	103	13	109	14	55	15	53	16	99	17	40	18	106	19	80	20	91	21	102	22	111	23	4	24	102	25	26	26	21	27	90	28	24	29	116	30	96	31	32	32	68	33	14	34	67	35	52	36	101	37	37	38	38	39	62	40	3	41	27	42	13	43	58	44	68	45	70	46	26	47	37	48	100	49	33	
	0	97	1	44	2	23	3	19	4	40	5	13	6	94	7	98	8	93	9	74	10	97	11	93	12	104	13	106	14	53	15	47	16	95	17	39	18	104	19	89	20	94	21	107	22	102	23	13	24	116	25	27	26	17	27	94	28	37	29	101	30	97	31	24	32	54	33	29	34	73	35	44	36	102	37	43	38	43	39	59	40	15	41	32	42	17	43	55	44	66	45	74	46	17	47	30	48	105	49	26	
	0	80	1	41	2	34	3	31	4	40	5	6	6	103	7	103	8	74	9	90	10	114	11	103	12	108	13	116	14	68	15	51	16	89	17	33	18	119	19	82	20	98	21	112	22	112	23	14	24	116	25	26	26	11	27	86	28	35	29	104	30	96	31	31	32	72	33	19	34	74	35	36	36	100	37	47	38	52	39	58	40	10	41	28	42	11	43	53	44	75	45	73	46	30	47	44	48	93	49	25	
	0	79	1	41	2	36	3	29	4	49	5	15	6	94	7	95	8	89	9	75	10	108	11	102	12	108	13	119	14	69	15	62	16	95	17	36	18	101	19	90	20	89	21	111	22	112	23	17	24	104	25	40	26	14	27	96	28	24	29	117	30	94	31	31	32	54	33	20	34	74	35	48	36	95	37	35	38	38	39	51	40	11	41	24	42	15	43	62	44	65	45	76	46	28	47	44	48	98	49	22	
	0	85	1	45	2	32	3	13	4	39	5	5	6	94	7	93	8	85	9	88	10	103	11	85	12	103	13	117	14	62	15	48	16	92	17	31	18	118	19	91	20	97	21	111	22	114	23	7	24	104	25	25	26	8	27	83	28	29	29	103	30	94	31	32	32	73	33	22	34	79	35	40	36	88	37	35	38	48	39	62	40	5	41	29	42	16	43	46	44	75	45	81	46	33	47	39	48	95	49	34	
	0	80	1	58	2	37	3	26	4	37	5	21	6	95	7	105	8	93	9	89	10	112	11	86	12	95	13	120	14	65	15	62	16	82	17	40	18	106	19	78	20	92	21	102	22	113	23	11	24	109	25	28	26	8	27	93	28	34	29	118	30	94	31	22	32	57	33	13	34	67	35	41	36	91	37	35	38	47	39	56	40	13	41	32	42	28	43	65	44	71	45	86	46	31	47	31	48	104	49	37	
	0	78	1	46	2	29	3	22	4	51	5	10	6	89	7	100	8	87	9	75	10	115	11	100	12	96	13	111	14	57	15	59	16	98	17	29	18	106	19	81	20	84	21	103	22	100	23	12	24	102	25	34	26	25	27	95	28	33	29	101	30	103	31	16	32	62	33	18	34	61	35	45	36	97	37	36	38	46	39	54	40	10	41	20	42	20	43	63	44	78	45	81	46	34	47	36	48	102	49	19	
	0	93	1	46	2	34	3	20	4	44	5	13	6	106	7	96	8	84	9	81	10	101	11	102	12	93	13	119	14	69	15	61	16	83	17	35	18	114	19	79	20	99	21	114	22	109	23	17	24	101	25	37	26	10	27	86	28	35	29	118	30	92	31	27	32	61	33	31	34	77	35	34	36	85	37	46	38	46	39	46	40	22	41	20	42	12	43	50	44	68	45	71	46	29	47	37	48	104	49	27	
	0	83	1	39	2	38	3	24	4	32	5	13	6	101	7	99	8	93	9	83	10	115	11	101	12	92	13	102	14	66	15	61	16	101	17	26	18	119	19	81	20	83	21	98	22	108	23	3	24	117	25	36	26	9	27	79	28	42	29	112	30	97	31	22	32	71	33	16	34	69	35	43	36	94	37	39	38	41	39	47	40	17	41	23	42	26	43	57	44	75	45	72	46	26	47	38	48	100	49	19	
	0	96	1	53	2	25	3	27	4	44	5	15	6	103	7	102	8	82	9	81	10	109	11	90	12	94	13	115	14	67	15	45	16	89	17	37	18	104	19	81	20	90	21	113	22	105	23	6	24	102	25	22	26	15	27	85	28	35	29	107	30	94	31	14	32	64	33	19	34	62	35	36	36	99	37	28	38	46	39	43	40	4	41	22	42	15	43	61	44	81	45	81	46	20	47	37	48	100	49	30	
	0	81	1	50	2	33	3	23	4	33	5	14	6	97	7	94	8	93	9	80	10	115	11	93	12	95	13	102	14	57	15	59	16	88	17	32	18	118	19	93	20	83	21	107	22	102	23	7	24	109	25	32	26	20	27	87	28	35	29	118	30	105	31	15	32	73	33	18	34	68	35	37	36	88	37	42	38	44	39	57	40	16	41	17	42	28	43	63	44	69	45	74	46	19	47	39	48	100	49	22	
	0	96	1	56	2	28	3	17	4	37	5	6	6	95	7	98	8	83	9	90	10	107	11	93	12	102	13	120	14	64	15	49	16	92	17	28	18	117	19	82	20	93	21	114	22	103	23	20	24	114	25	28	26	13	27	80	28	34	29	119	30	105	31	23	32	54	33	28	34	70	35	40	36	88	37	39	38	43	39	62	40	3	41	18	42	15	43	48	44	74	45	75	46	27	47	32	48	99	49	21	
	0	85	1	53	2	24	3	13	4	43	5	15	6	104	7	92	8	84	9	84	10	97	11	93	12	98	13	108	14	59	15	50	16	86	17	33	18	118	19	83	20	96	21	99	22	107	23	16	24	101	25	26	26	25	27	96	28	33	29	101	30	102	31	16	32	69	33	22	34	75	35	35	36	91	37	35	38	47	39	60	40	21	41	25	42	11	43	51	44	83	45	83	46	23	47	31	48	99	49	32	
	0	95	1	49	2	30	3	14	4	36	5	22	6	89	7	90	8	78	9	85	10	105	11	86	12	99	13	113	14	53	15	45	16	97	17	28	18	120	19	92	20	80	21	109	22	109	23	19	24	105	25	22	26	19	27	82	28	29	29	101	30	104	31	26	32	72	33	30	34	62	35	47	36	104	37	31	38	50	39	49	40	10	41	28	42	24	43	57	44	78	45	72	46	19	47	36	48	99	49	26	
	0	83	1	41	2	27	3	19	4	39	5	20	6	99	7	97	8	83	9	74	10	112	11	85	12	98	13	108	14	67	15	52	16	85	17	42	18	114	19	92	20	84	21	106	22	107	23	10	24	113	25	29	26	11	27	88	28	38	29	101	30	106	31	27	32	58	33	27	34	69	35	36	36	88	37	40	38	47	39	59	40	20	41	20	42	11	43	59	44	82	45	67	46	32	47	41	48	89	49	19	
	0	94	1	47	2	26	3	16	4	45	5	9	6	92	7	99	8	81	9	82	10	114	11	88	12	107	13	119	14	72	15	50	16	83	17	42	18	118	19	85	20	83	21	97	22	99	23	3	24	106	25	29	26	11	27	98	28	35	29	113	30	95	31	25	32	58	33	24	34	63	35	50	36	86	37	41	38	52	39	48	40	18	41	26	42	20	43	47	44	65	45	70	46	31	47	44	48	101	49	32	
	0	81	1	56	2	24	3	16	4	39	5	4	6	99	7	96	8	90	9	88	10	109	11	102	12	103	13	111	14	63	15	56	16	100	17	35	18	114	19	91	20	97	21	98	22	102	23	12	24	105	25	24	26	16	27	82	28	25	29	106	30	91	31	19	32	56	33	30	34	64	35	45	36	97	37	41	38	38	39	60	40	6	41	26	42	28	43	55	44	65	45	68	46	21	47	44	48	104	49	26	
	0	90	1	58	2	39	3	32	4	33	5	17	6	102	7	89	8	92	9	83	10	111	11	85	12	93	13	119	14	67	15	49	16	95	17	37	18	119	19	80	20	94	21	96	22	103	23	4	24	107	25	30	26	13	27	97	28	25	29	101	30	105	31	31	32	67	33	25	34	63	35	44	36	94	37	46	38	36	39	53	40	20	41	32	42	23	43	64	44	66	45	68	46	28	47	25	48	100	49	26	
	0	92	1	54	2	41	3	28	4	47	5	10	6	102	7	106	8	83	9	72	10	114	11	86	12	97	13	110	14	57	15	59	16	101	17	35	18	116	19	83	20	86	21	98	22	110	23	18	24	103	25	35	26	25	27	81	28	23	29	110	30	93	31	24	32	58	33	23	34	66	35	36	36	104	37	47	38	38	39	43	40	15	41	22	42	18	43	47	44	75	45	68	46	33	47	42	48	89	49	32	
	0	93	1	40	2	42	3	17	4	42	5	8	6	108	7	99	8	75	9	76	10	98	11	92	12	96	13	118	14	60	15	59	16	96	17	39	18	119	19	83	20	97	21	114	22	98	23	16	24	111	25	30	26	23	27	90	28	29	29	118	30	105	31	16	32	70	33	17	34	62	35	46	36	103	37	33	38	45	39	61	40	20	41	26	42	12	43	48	44	64	45	83	46	24	47	27	48	106	49	28	
	0	92	1	57	2	26	3	28	4	34	5	23	6	92	7	98	8	79	9	85	10	111	11	104	12	102	13	112	14	53	15	58	16	90	17	37	18	118	19	87	20	84	21	105	22	109	23	10	24	106	25	32	26	26	27	97	28	29	29	118	30	93	31	23	32	59	33	31	34	68	35	45	36	101	37	41	38	38	39	61	40	21	41	16	42	26	43	47	44	67	45	76	46	35	47	25	48	97	49	26	
	0	84	1	51	2	30	3	32	4	50	5	5	6	97	7	97	8	76	9	82	10	107	11	100	12	108	13	108	14	60	15	43	16	93	17	36	18	118	19	83	20	84	21	96	22	112	23	13	24	115	25	23	26	24	27	84	28	27	29	119	30	101	31	23	32	59	33	19	34	79	35	44	36	87	37	34	38	47	39	43	40	3	41	31	42	9	43	46	44	64	45	85	46	17	47	26	48	105	49	23	
	0	97	1	56	2	42	3	15	4	41	5	13	6	91	7	106	8	85	9	86	10	99	11	85	12	101	13	110	14	58	15	55	16	101	17	43	18	104	19	82	20	85	21	105	22	100	23	12	24	103	25	24	26	8	27	80	28	30	29	113	30	106	31	14	32	63	33	17	34	72	35	37	36	91	37	36	38	50	39	62	40	21	41	14	42	24	43	56	44	80	45	86	46	35	47	37	48	103	49	24	
	0	80	1	51	2	42	3	28	4	44	5	6	6	92	7	93	8	78	9	90	10	102	11	98	12	95	13	120	14	70	15	51	16	96	17	29	18	105	19	78	20	86	21	112	22	108	23	6	24	103	25	27	26	18	27	85	28	23	29	105	30	88	31	32	32	68	33	20	34	75	35	39	36	97	37	42	38	49	39	46	40	21	41	19	42	28	43	54	44	83	45	78	46	27	47	28	48	103	49	29	
	0	92	1	56	2	35	3	27	4	41	5	18	6	108	7	96	8	84	9	80	10	102	11	92	12	102	13	104	14	70	15	46	16	101	17	45	18	120	19	93	20	87	21	105	22	111	23	13	24	117	25	40	26	20	27	87	28	28	29	116	30	92	31	27	32	61	33	23	34	77	35	50	36	96	37	44	38	51	39	45	40	16	41	15	42	14	43	46	44	76	45	83	46	28	47	41	48	106	49	37	
	0	96	1	56	2	42	3	24	4	49	5	8	6	92	7	99	8	74	9	84	10	102	11	86	12	106	13	110	14	57	15	50	16	88	17	40	18	117	19	93	20	88	21	108	22	114	23	22	24	101	25	25	26	22	27	88	28	40	29	115	30	94	31	24	32	58	33	17	34	75	35	47	36	88	37	34	38	39	39	57	40	10	41	32	42	17	43	54	44	80	45	71	46	19	47	30	48	89	49	22	
	0	80	1	48	2	32	3	27	4	46	5	8	6	106	7	103	8	83	9	81	10	98	11	90	12	91	13	107	14	70	15	46	16	84	17	27	18	113	19	86	20	94	21	106	22	98	23	7	24	103	25	25	26	20	27	93	28	32	29	119	30	101	31	29	32	65	33	15	34	62	35	36	36	92	37	44	38	39	39	55	40	10	41	31	42	9	43	52	44	69	45	79	46	29	47	32	48	91	49	30	
	0	91	1	56	2	31	3	32	4	42	5	10	6	108	7	103	8	88	9	91	10	109	11	103	12	94	13	115	14	63	15	59	16	98	17	39	18	102	19	88	20	89	21	111	22	110	23	14	24	108	25	22	26	9	27	84	28	24	29	101	30	105	31	21	32	56	33	29	34	76	35	35	36	88	37	39	38	44	39	52	40	15	41	30	42	20	43	57	44	70	45	81	46	19	47	29	48	105	49	27	
	0	92	1	45	2	34	3	22	4	48	5	5	6	91	7	104	8	82	9	83	10	103	11	93	12	110	13	107	14	69	15	62	16	98	17	37	18	109	19	81	20	97	21	106	22	108	23	7	24	102	25	39	26	9	27	88	28	34	29	115	30	94	31	17	32	54	33	24	34	63	35	42	36	94	37	33	38	40	39	46	40	7	41	16	42	28	43	63	44	67	45	83	46	26	47	43	48	99	49	19	
	0	95	1	41	2	35	3	23	4	48	5	11	6	106	7	104	8	79	9	88	10	111	11	93	12	98	13	104	14	57	15	51	16	97	17	45	18	105	19	84	20	86	21	109	22	107	23	11	24	108	25	21	26	18	27	93	28	42	29	109	30	99	31	31	32	69	33	21	34	65	35	48	36	89	37	32	38	46	39	45	40	22	41	29	42	17	43	62	44	65	45	77	46	19	47	27	48	106	49	26	
	0	78	1	48	2	36	3	13	4	49	5	14	6	105	7	104	8	90	9	79	10	98	11	97	12	97	13	116	14	71	15	60	16	85	17	30	18	108	19	87	20	82	21	99	22	106	23	22	24	104	25	24	26	15	27	86	28	23	29	110	30	89	31	16	32	69	33	20	34	70	35	50	36	104	37	45	38	50	39	56	40	21	41	15	42	20	43	47	44	69	45	78	46	31	47	35	48	106	49	30	
	0	84	1	48	2	28	3	27	4	51	5	13	6	94	7	94	8	74	9	72	10	106	11	89	12	110	13	111	14	67	15	51	16	88	17	31	18	106	19	88	20	81	21	104	22	109	23	15	24	112	25	25	26	16	27	87	28	29	29	105	30	103	31	26	32	58	33	24	34	72	35	40	36	102	37	30	38	35	39	48	40	21	41	13	42	27	43	54	44	78	45	82	46	33	47	39	48	100	49	32	
	0	94	1	51	2	36	3	25	4	37	5	4	6	100	7	106	8	79	9	73	10	97	11	87	12	110	13	119	14	54	15	55	16	84	17	44	18	107	19	90	20	93	21	102	22	113	23	9	24	111	25	30	26	9	27	95	28	36	29	118	30	95	31	14	32	69	33	20	34	76	35	43	36	90	37	29	38	45	39	55	40	5	41	30	42	15	43	46	44	81	45	81	46	25	47	41	48	93	49	18	
	0	89	1	47	2	34	3	13	4	47	5	11	6	94	7	101	8	89	9	74	10	113	11	96	12	97	13	115	14	53	15	43	16	84	17	35	18	106	19	82	20	88	21	112	22	95	23	14	24	105	25	27	26	21	27	83	28	29	29	103	30	93	31	21	32	65	33	12	34	71	35	34	36	85	37	47	38	49	39	60	40	8	41	32	42	10	43	58	44	71	45	82	46	19	47	29	48	103	49	35	
	0	80	1	47	2	42	3	17	4	51	5	21	6	103	7	105	8	92	9	86	10	106	11	98	12	103	13	108	14	62	15	49	16	87	17	34	18	120	19	87	20	80	21	111	22	103	23	22	24	107	25	22	26	22	27	81	28	36	29	112	30	105	31	23	32	66	33	24	34	72	35	40	36	100	37	38	38	36	39	48	40	11	41	24	42	18	43	48	44	76	45	86	46	35	47	26	48	101	49	23	
	0	90	1	56	2	25	3	32	4	49	5	19	6	90	7	98	8	88	9	81	10	106	11	102	12	107	13	110	14	70	15	50	16	100	17	42	18	113	19	78	20	97	21	105	22	113	23	18	24	106	25	35	26	23	27	83	28	26	29	116	30	103	31	25	32	71	33	24	34	69	35	42	36	98	37	43	38	41	39	44	40	10	41	21	42	25	43	59	44	75	45	69	46	28	47	44	48	103	49	27	
	0	93	1	46	2	41	3	25	4	43	5	8	6	93	7	97	8	86	9	82	10	102	11	101	12	108	13	112	14	72	15	52	16	92	17	26	18	106	19	77	20	84	21	110	22	106	23	18	24	116	25	29	26	9	27	86	28	27	29	115	30	103	31	15	32	73	33	24	34	75	35	53	36	94	37	39	38	40	39	44	40	12	41	25	42	20	43	57	44	64	45	78	46	33	47	35	48	93	49	19	
	0	97	1	53	2	42	3	26	4	43	5	12	6	107	7	99	8	78	9	76	10	104	11	94	12	104	13	107	14	62	15	49	16	92	17	28	18	105	19	90	20	89	21	107	22	111	23	20	24	116	25	38	26	26	27	92	28	35	29	105	30	99	31	32	32	58	33	15	34	62	35	35	36	88	37	47	38	48	39	62	40	11	41	17	42	21	43	56	44	65	45	81	46	31	47	44	48	88	49	33	
	0	87	1	48	2	31	3	15	4	33	5	19	6	108	7	97	8	87	9	88	10	115	11	88	12	106	13	108	14	56	15	61	16	97	17	36	18	118	19	89	20	93	21	114	22	109	23	14	24	99	25	29	26	9	27	83	28	28	29	108	30	106	31	27	32	68	33	31	34	64	35	49	36	98	37	37	38	41	39	51	40	9	41	22	42	14	43	55	44	64	45	72	46	26	47	42	48	92	49	20	
	0	96	1	42	2	42	3	20	4	42	5	11	6	95	7	90	8	85	9	83	10	108	11	91	12	104	13	108	14	67	15	62	16	99	17	43	18	104	19	87	20	93	21	115	22	111	23	13	24	111	25	24	26	12	27	98	28	27	29	101	30	104	31	17	32	63	33	27	34	79	35	36	36	85	37	28	38	34	39	61	40	15	41	27	42	19	43	58	44	71	45	68	46	22	47	44	48	93	49	33	
	0	95	1	55	2	23	3	32	4	51	5	11	6	100	7	106	8	89	9	73	10	114	11	91	12	96	13	108	14	57	15	45	16	90	17	43	18	102	19	93	20	82	21	112	22	110	23	10	24	101	25	29	26	13	27	95	28	29	29	102	30	101	31	19	32	54	33	20	34	60	35	52	36	103	37	46	38	44	39	61	40	5	41	15	42	11	43	59	44	74	45	84	46	30	47	26	48	94	49	27	
	0	80	1	51	2	41	3	23	4	35	5	18	6	90	7	106	8	88	9	73	10	106	11	91	12	93	13	111	14	65	15	45	16	94	17	35	18	108	19	84	20	88	21	109	22	100	23	3	24	106	25	21	26	12	27	86	28	41	29	118	30	101	31	33	32	68	33	25	34	75	35	41	36	86	37	34	38	43	39	50	40	11	41	28	42	22	43	52	44	77	45	72	46	28	47	41	48	107	49	30	
	0	87	1	41	2	33	3	15	4	43	5	7	6	90	7	103	8	82	9	73	10	110	11	92	12	99	13	104	14	69	15	51	16	95	17	38	18	104	19	83	20	91	21	96	22	110	23	6	24	105	25	25	26	16	27	89	28	40	29	105	30	90	31	29	32	66	33	24	34	63	35	48	36	96	37	37	38	43	39	46	40	14	41	20	42	23	43	63	44	75	45	74	46	18	47	32	48	89	49	34	
	0	88	1	39	2	28	3	17	4	43	5	5	6	89	7	91	8	79	9	91	10	107	11	100	12	99	13	117	14	60	15	57	16	87	17	28	18	120	19	90	20	91	21	102	22	98	23	6	24	113	25	32	26	24	27	90	28	35	29	111	30	102	31	15	32	68	33	30	34	77	35	45	36	102	37	32	38	44	39	58	40	19	41	14	42	22	43	61	44	72	45	78	46	31	47	40	48	107	49	22	
	0	94	1	51	2	26	3	31	4	46	5	5	6	100	7	93	8	78	9	72	10	110	11	87	12	105	13	116	14	67	15	43	16	97	17	45	18	110	19	88	20	88	21	97	22	102	23	20	24	107	25	38	26	22	27	81	28	25	29	118	30	91	31	17	32	59	33	22	34	73	35	43	36	98	37	47	38	45	39	48	40	13	41	20	42	13	43	60	44	71	45	74	46	26	47	33	48	94	49	35	
	0	83	1	52	2	33	3	14	4	50	5	13	6	93	7	97	8	80	9	88	10	106	11	85	12	107	13	112	14	59	15	56	16	94	17	39	18	102	19	79	20	90	21	100	22	112	23	12	24	114	25	31	26	15	27	95	28	38	29	118	30	101	31	18	32	64	33	16	34	62	35	50	36	91	37	39	38	52	39	61	40	6	41	31	42	19	43	56	44	64	45	69	46	25	47	34	48	103	49	25	
	0	82	1	55	2	30	3	26	4	43	5	18	6	104	7	97	8	87	9	80	10	116	11	98	12	104	13	110	14	59	15	43	16	93	17	42	18	113	19	78	20	90	21	97	22	112	23	12	24	101	25	33	26	22	27	93	28	32	29	113	30	97	31	16	32	59	33	26	34	74	35	39	36	97	37	47	38	37	39	55	40	7	41	28	42	27	43	49	44	73	45	75	46	18	47	33	48	93	49	18	
	0	78	1	45	2	38	3	29	4	50	5	22	6	98	7	107	8	87	9	80	10	100	11	99	12	98	13	118	14	64	15	51	16	97	17	34	18	113	19	89	20	82	21	103	22	105	23	16	24	102	25	36	26	16	27	90	28	36	29	104	30	105	31	21	32	62	33	27	34	78	35	34	36	99	37	33	38	49	39	58	40	16	41	23	42	26	43	46	44	73	45	74	46	20	47	40	48	104	49	31	
	0	87	1	49	2	41	3	31	4	33	5	12	6	99	7	99	8	91	9	74	10	97	11	97	12	98	13	101	14	64	15	57	16	86	17	27	18	115	19	75	20	86	21	114	22	96	23	21	24	105	25	29	26	7	27	90	28	26	29	118	30	89	31	14	32	55	33	17	34	67	35	43	36	98	37	47	38	35	39	51	40	9	41	31	42	23	43	58	44	83	45	78	46	29	47	34	48	105	49	26	
	0	93	1	43	2	34	3	21	4	51	5	16	6	94	7	107	8	80	9	91	10	111	11	101	12	109	13	116	14	62	15	43	16	92	17	44	18	118	19	89	20	80	21	106	22	107	23	22	24	106	25	31	26	22	27	80	28	30	29	100	30	89	31	15	32	63	33	23	34	73	35	35	36	86	37	41	38	50	39	60	40	6	41	31	42	19	43	51	44	81	45	86	46	26	47	28	48	96	49	32	
	0	79	1	40	2	41	3	13	4	36	5	4	6	95	7	95	8	82	9	77	10	100	11	92	12	101	13	109	14	59	15	57	16	87	17	37	18	110	19	87	20	87	21	96	22	99	23	9	24	101	25	25	26	20	27	80	28	35	29	102	30	87	31	25	32	66	33	30	34	79	35	37	36	103	37	38	38	50	39	49	40	4	41	32	42	10	43	51	44	70	45	69	46	28	47	42	48	102	49	33	
	0	83	1	49	2	42	3	27	4	44	5	8	6	106	7	97	8	74	9	74	10	103	11	102	12	109	13	107	14	71	15	53	16	86	17	35	18	118	19	84	20	87	21	104	22	106	23	22	24	110	25	30	26	20	27	81	28	31	29	100	30	94	31	20	32	56	33	25	34	69	35	46	36	102	37	47	38	43	39	43	40	16	41	16	42	14	43	61	44	79	45	79	46	21	47	42	48	90	49	18	
	0	95	1	51	2	41	3	25	4	38	5	4	6	108	7	93	8	86	9	73	10	98	11	102	12	94	13	105	14	66	15	58	16	85	17	42	18	113	19	83	20	96	21	111	22	114	23	18	24	100	25	27	26	19	27	98	28	24	29	117	30	90	31	32	32	73	33	17	34	71	35	46	36	94	37	29	38	37	39	49	40	19	41	24	42	11	43	54	44	73	45	78	46	28	47	42	48	94	49	24	
	0	78	1	50	2	24	3	14	4	49	5	6	6	104	7	90	8	88	9	85	10	99	11	100	12	100	13	103	14	57	15	47	16	93	17	36	18	115	19	82	20	88	21	104	22	98	23	15	24	109	25	30	26	20	27	96	28	27	29	103	30	101	31	27	32	59	33	21	34	76	35	50	36	100	37	45	38	37	39	43	40	12	41	28	42	13	43	60	44	70	45	68	46	34	47	35	48	101	49	25	
	0	78	1	50	2	31	3	17	4	51	5	5	6	107	7	89	8	80	9	84	10	101	11	87	12	92	13	102	14	56	15	46	16	86	17	35	18	112	19	88	20	95	21	96	22	110	23	17	24	100	25	33	26	7	27	94	28	33	29	108	30	90	31	20	32	64	33	24	34	72	35	40	36	98	37	46	38	52	39	46	40	8	41	30	42	26	43	47	44	74	45	78	46	20	47	43	48	97	49	35	
	0	83	1	56	2	38	3	21	4	43	5	23	6	102	7	92	8	83	9	87	10	106	11	94	12	108	13	114	14	65	15	48	16	93	17	39	18	113	19	93	20	80	21	100	22	96	23	15	24	114	25	39	26	22	27	93	28	35	29	113	30	93	31	14	32	72	33	23	34	72	35	53	36	90	37	40	38	43	39	43	40	16	41	27	42	13	43	63	44	79	45	70	46	23	47	28	48	106	49	19	
	0	78	1	55	2	27	3	15	4	32	5	4	6	104	7	90	8	89	9	79	10	114	11	89	12	101	13	111	14	61	15	58	16	82	17	40	18	112	19	92	20	83	21	104	22	104	23	22	24	111	25	35	26	14	27	90	28	39	29	104	30	106	31	30	32	57	33	25	34	72	35	47	36	94	37	46	38	34	39	44	40	19	41	14	42	27	43	48	44	72	45	78	46	18	47	43	48	106	49	33	
	0	83	1	50	2	39	3	22	4	47	5	18	6	98	7	102	8	79	9	79	10	116	11	95	12	100	13	115	14	71	15	59	16	97	17	31	18	111	19	81	20	87	21	112	22	101	23	15	24	106	25	35	26	18	27	82	28	24	29	108	30	106	31	29	32	54	33	14	34	67	35	51	36	88	37	37	38	45	39	49	40	19	41	30	42	15	43	54	44	70	45	83	46	21	47	25	48	90	49	21	
	0	83	1	43	2	42	3	22	4	41	5	8	6	107	7	92	8	92	9	84	10	110	11	92	12	102	13	120	14	65	15	50	16	98	17	35	18	119	19	85	20	92	21	96	22	106	23	18	24	105	25	25	26	26	27	96	28	33	29	106	30	93	31	20	32	58	33	21	34	78	35	40	36	95	37	36	38	33	39	58	40	10	41	16	42	19	43	65	44	65	45	72	46	25	47	27	48	104	49	30	