500 30 1
30
	0	23	1	72	2	48	3	104	4	19	5	78	6	93	7	72	8	109	9	45	10	62	11	89	12	29	13	75	14	68	15	77	16	43	17	14	18	65	19	51	20	65	21	72	22	92	23	92	24	82	25	61	26	15	27	18	28	54	29	88	
	0	11	1	73	2	45	3	96	4	27	5	83	6	93	7	89	8	101	9	28	10	63	11	99	12	36	13	88	14	83	15	76	16	38	17	26	18	59	19	55	20	54	21	84	22	89	23	93	24	83	25	55	26	18	27	13	28	55	29	83	
	0	23	1	86	2	56	3	97	4	29	5	77	6	90	7	83	8	114	9	31	10	66	11	107	12	38	13	84	14	76	15	75	16	54	17	10	18	61	19	46	20	54	21	71	22	95	23	74	24	84	25	49	26	7	27	21	28	52	29	76	
	0	17	1	80	2	50	3	104	4	24	5	80	6	104	7	76	8	96	9	37	10	72	11	99	12	36	13	73	14	75	15	64	16	46	17	16	18	63	19	58	20	65	21	73	22	96	23	80	24	85	25	67	26	18	27	17	28	52	29	91	
	0	21	1	71	2	42	3	105	4	22	5	75	6	102	7	76	8	102	9	35	10	66	11	100	12	37	13	78	14	70	15	66	16	39	17	8	18	59	19	50	20	51	21	68	22	93	23	81	24	78	25	53	26	17	27	12	28	70	29	84	
	0	10	1	74	2	51	3	114	4	16	5	78	6	100	7	88	8	107	9	44	10	79	11	91	12	38	13	84	14	73	15	82	16	47	17	23	18	72	19	51	20	53	21	68	22	86	23	89	24	72	25	59	26	17	27	27	28	65	29	73	
	0	5	1	77	2	48	3	96	4	21	5	92	6	93	7	71	8	106	9	42	10	71	11	108	12	37	13	75	14	76	15	78	16	41	17	17	18	72	19	53	20	63	21	85	22	89	23	80	24	70	25	57	26	23	27	25	28	69	29	77	
	0	23	1	80	2	57	3	106	4	15	5	84	6	100	7	72	8	109	9	45	10	70	11	97	12	38	13	78	14	77	15	75	16	43	17	11	18	74	19	58	20	59	21	83	22	85	23	85	24	88	25	57	26	26	27	27	28	60	29	86	
	0	10	1	78	2	43	3	102	4	29	5	76	6	103	7	76	8	114	9	36	10	66	11	99	12	22	13	78	14	67	15	73	16	46	17	15	18	62	19	47	20	63	21	70	22	102	23	77	24	71	25	62	26	10	27	25	28	57	29	89	
	0	8	1	73	2	50	3	107	4	29	5	86	6	90	7	85	8	106	9	26	10	70	11	104	12	29	13	76	14	79	15	81	16	38	17	23	18	63	19	48	20	50	21	76	22	86	23	83	24	87	25	62	26	13	27	28	28	65	29	92	
	0	18	1	70	2	44	3	100	4	19	5	79	6	109	7	82	8	103	9	39	10	71	11	102	12	32	13	83	14	66	15	75	16	38	17	9	18	70	19	50	20	55	21	74	22	89	23	87	24	87	25	49	26	23	27	16	28	53	29	84	
	0	12	1	79	2	44	3	112	4	19	5	76	6	109	7	73	8	100	9	42	10	77	11	91	12	20	13	86	14	70	15	81	16	39	17	16	18	67	19	48	20	60	21	71	22	102	23	93	24	81	25	59	26	13	27	10	28	65	29	80	
	0	14	1	78	2	54	3	103	4	19	5	79	6	103	7	81	8	107	9	44	10	62	11	98	12	19	13	83	14	75	15	72	16	42	17	9	18	62	19	57	20	66	21	81	22	102	23	85	24	79	25	54	26	19	27	22	28	67	29	86	
	0	18	1	80	2	54	3	100	4	33	5	79	6	94	7	84	8	101	9	27	10	64	11	90	12	31	13	88	14	75	15	64	16	48	17	25	18	72	19	60	20	52	21	82	22	89	23	76	24	71	25	52	26	19	27	15	28	62	29	90	
	0	12	1	85	2	53	3	98	4	16	5	75	6	109	7	76	8	103	9	45	10	74	11	101	12	36	13	91	14	73	15	64	16	44	17	23	18	74	19	56	20	59	21	85	22	94	23	82	24	85	25	55	26	19	27	15	28	59	29	74	
	0	16	1	78	2	46	3	103	4	22	5	93	6	93	7	76	8	110	9	44	10	64	11	102	12	30	13	85	14	68	15	82	16	44	17	17	18	59	19	47	20	59	21	78	22	98	23	76	24	84	25	58	26	13	27	23	28	53	29	76	
	0	23	1	74	2	59	3	97	4	22	5	90	6	107	7	82	8	108	9	36	10	64	11	101	12	33	13	85	14	73	15	76	16	47	17	7	18	59	19	45	20	58	21	82	22	83	23	76	24	85	25	66	26	18	27	11	28	64	29	73	
	0	5	1	84	2	43	3	113	4	32	5	80	6	92	7	83	8	96	9	33	10	64	11	92	12	19	13	90	14	72	15	70	16	39	17	7	18	70	19	51	20	65	21	71	22	91	23	75	24	76	25	52	26	19	27	28	28	58	29	89	
	0	11	1	73	2	60	3	105	4	24	5	78	6	109	7	86	8	111	9	26	10	66	11	106	12	31	13	86	14	76	15	66	16	37	17	26	18	57	19	51	20	62	21	82	22	88	23	92	24	86	25	54	26	18	27	26	28	69	29	79	
	0	22	1	69	2	48	3	113	4	24	5	86	6	103	7	76	8	97	9	33	10	66	11	90	12	36	13	83	14	81	15	81	16	52	17	17	18	65	19	45	20	66	21	85	22	99	23	80	24	71	25	67	26	11	27	25	28	66	29	75	
	0	4	1	71	2	54	3	105	4	28	5	75	6	97	7	89	8	112	9	44	10	69	11	106	12	22	13	82	14	73	15	74	16	42	17	12	18	64	19	49	20	60	21	75	22	101	23	77	24	81	25	65	26	23	27	19	28	56	29	86	
	0	14	1	70	2	60	3	97	4	27	5	78	6	97	7	77	8	106	9	28	10	75	11	90	12	26	13	80	14	79	15	64	16	41	17	12	18	66	19	41	20	63	21	68	22	85	23	80	24	82	25	51	26	18	27	18	28	68	29	80	
	0	4	1	68	2	51	3	102	4	30	5	85	6	93	7	77	8	96	9	45	10	68	11	93	12	27	13	86	14	83	15	75	16	41	17	9	18	68	19	53	20	52	21	79	22	85	23	84	24	87	25	61	26	10	27	23	28	70	29	73	
	0	23	1	75	2	56	3	103	4	20	5	88	6	99	7	80	8	114	9	37	10	64	11	95	12	29	13	74	14	74	15	66	16	52	17	20	18	75	19	51	20	51	21	87	22	84	23	92	24	83	25	55	26	9	27	10	28	68	29	83	
	0	4	1	84	2	52	3	111	4	16	5	78	6	106	7	80	8	109	9	36	10	62	11	92	12	28	13	85	14	71	15	74	16	51	17	21	18	72	19	60	20	55	21	81	22	99	23	87	24	82	25	66	26	14	27	16	28	68	29	73	
	0	23	1	85	2	44	3	96	4	20	5	85	6	90	7	87	8	108	9	34	10	75	11	105	12	30	13	75	14	66	15	71	16	45	17	15	18	61	19	59	20	61	21	82	22	102	23	76	24	85	25	52	26	7	27	14	28	61	29	86	
	0	19	1	69	2	42	3	106	4	22	5	93	6	104	7	84	8	102	9	44	10	69	11	91	12	37	13	91	14	66	15	66	16	43	17	21	18	66	19	52	20	60	21	79	22	85	23	87	24	72	25	57	26	15	27	12	28	62	29	88	
	0	15	1	80	2	42	3	109	4	14	5	83	6	104	7	81	8	115	9	32	10	76	11	99	12	25	13	79	14	76	15	72	16	55	17	12	18	70	19	52	20	67	21	71	22	87	23	74	24	82	25	50	26	21	27	19	28	55	29	82	
	0	20	1	83	2	47	3	107	4	32	5	91	6	102	7	74	8	113	9	37	10	81	11	93	12	20	13	77	14	79	15	70	16	55	17	17	18	65	19	48	20	58	21	83	22	95	23	93	24	77	25	49	26	10	27	21	28	55	29	92	
	0	11	1	78	2	50	3	106	4	27	5	80	6	100	7	87	8	107	9	34	10	72	11	97	12	33	13	84	14	74	15	64	16	46	17	18	18	57	19	56	20	52	21	80	22	85	23	77	24	77	25	49	26	21	27	26	28	62	29	81	
	0	17	1	80	2	43	3	99	4	23	5	81	6	108	7	78	8	101	9	42	10	69	11	95	12	21	13	85	14	68	15	78	16	42	17	22	18	72	19	45	20	56	21	79	22	95	23	77	24	79	25	51	26	15	27	11	28	60	29	89	
	0	16	1	69	2	45	3	101	4	31	5	79	6	96	7	73	8	112	9	43	10	80	11	104	12	29	13	75	14	82	15	64	16	53	17	16	18	70	19	43	20	55	21	72	22	99	23	79	24	89	25	49	26	12	27	12	28	53	29	90	
	0	11	1	81	2	49	3	103	4	33	5	76	6	93	7	79	8	109	9	31	10	62	11	89	12	25	13	84	14	72	15	71	16	53	17	8	18	62	19	48	20	64	21	84	22	101	23	92	24	76	25	63	26	24	27	14	28	63	29	87	
	0	19	1	70	2	60	3	115	4	26	5	90	6	107	7	84	8	113	9	37	10	64	11	105	12	27	13	86	14	84	15	65	16	40	17	13	18	59	19	55	20	64	21	83	22	98	23	82	24	87	25	51	26	17	27	19	28	67	29	76	
	0	7	1	78	2	52	3	107	4	16	5	80	6	109	7	75	8	112	9	43	10	70	11	103	12	19	13	74	14	65	15	82	16	42	17	9	18	61	19	56	20	61	21	83	22	88	23	75	24	79	25	62	26	12	27	16	28	63	29	76	
	0	12	1	75	2	45	3	104	4	27	5	82	6	108	7	77	8	102	9	40	10	70	11	93	12	30	13	86	14	76	15	79	16	38	17	22	18	75	19	45	20	64	21	69	22	102	23	75	24	70	25	58	26	11	27	22	28	62	29	78	
	0	19	1	81	2	45	3	112	4	17	5	85	6	102	7	74	8	98	9	33	10	68	11	92	12	19	13	74	14	79	15	67	16	45	17	15	18	62	19	48	20	60	21	73	22	102	23	82	24	70	25	51	26	23	27	14	28	67	29	85	
	0	9	1	85	2	56	3	111	4	24	5	87	6	103	7	84	8	99	9	28	10	65	11	97	12	22	13	79	14	68	15	68	16	44	17	23	18	59	19	42	20	56	21	72	22	87	23	92	24	89	25	66	26	7	27	27	28	63	29	76	
	0	6	1	69	2	44	3	98	4	25	5	77	6	105	7	87	8	103	9	41	10	75	11	107	12	38	13	76	14	80	15	80	16	46	17	7	18	73	19	52	20	50	21	75	22	101	23	77	24	82	25	59	26	21	27	23	28	58	29	80	
	0	4	1	85	2	44	3	99	4	25	5	77	6	106	7	81	8	103	9	28	10	77	11	96	12	36	13	83	14	71	15	76	16	55	17	13	18	62	19	45	20	59	21	87	22	93	23	80	24	72	25	54	26	20	27	28	28	52	29	87	
	0	14	1	69	2	52	3	96	4	30	5	92	6	101	7	79	8	97	9	42	10	68	11	101	12	28	13	91	14	65	15	75	16	51	17	23	18	75	19	59	20	55	21	72	22	83	23	77	24	75	25	64	26	8	27	20	28	70	29	92	
	0	18	1	72	2	52	3	97	4	21	5	78	6	105	7	82	8	114	9	35	10	78	11	104	12	27	13	75	14	73	15	74	16	38	17	16	18	69	19	49	20	49	21	69	22	97	23	80	24	80	25	56	26	11	27	23	28	57	29	85	
	0	12	1	81	2	53	3	99	4	19	5	75	6	106	7	86	8	101	9	28	10	72	11	102	12	33	13	91	14	80	15	68	16	38	17	12	18	66	19	50	20	62	21	80	22	87	23	84	24	85	25	56	26	10	27	10	28	61	29	89	
	0	23	1	76	2	44	3	113	4	26	5	75	6	106	7	81	8	114	9	29	10	70	11	108	12	34	13	82	14	83	15	65	16	44	17	22	18	71	19	46	20	51	21	78	22	97	23	87	24	75	25	62	26	21	27	12	28	62	29	78	
	0	13	1	80	2	47	3	109	4	31	5	88	6	103	7	86	8	98	9	33	10	68	11	98	12	21	13	76	14	69	15	79	16	43	17	13	18	58	19	51	20	58	21	81	22	89	23	89	24	77	25	56	26	16	27	28	28	54	29	85	
	0	13	1	80	2	44	3	101	4	25	5	86	6	91	7	87	8	112	9	34	10	79	11	102	12	37	13	83	14	76	15	80	16	38	17	17	18	69	19	41	20	64	21	74	22	84	23	90	24	79	25	60	26	11	27	24	28	71	29	81	
	0	13	1	75	2	53	3	111	4	32	5	80	6	108	7	71	8	108	9	32	10	69	11	106	12	22	13	76	14	79	15	80	16	46	17	10	18	57	19	58	20	62	21	75	22	91	23	86	24	76	25	59	26	10	27	22	28	64	29	82	
	0	7	1	69	2	42	3	110	4	23	5	81	6	93	7	73	8	111	9	45	10	64	11	89	12	37	13	72	14	82	15	68	16	43	17	19	18	68	19	47	20	64	21	87	22	84	23	77	24	80	25	51	26	17	27	22	28	65	29	85	
	0	18	1	84	2	54	3	97	4	16	5	93	6	93	7	75	8	112	9	31	10	65	11	93	12	20	13	80	14	65	15	73	16	41	17	26	18	64	19	47	20	49	21	72	22	91	23	78	24	77	25	62	26	9	27	24	28	52	29	85	
	0	7	1	79	2	58	3	97	4	14	5	76	6	100	7	84	8	110	9	29	10	77	11	108	12	32	13	79	14	67	15	70	16	48	17	25	18	66	19	60	20	54	21	87	22	99	23	79	24	75	25	61	26	16	27	11	28	70	29	82	
	0	15	1	84	2	42	3	99	4	14	5	78	6	107	7	74	8	100	9	26	10	81	11	107	12	31	13	75	14	73	15	66	16	50	17	9	18	75	19	46	20	61	21	73	22	93	23	83	24	81	25	65	26	19	27	18	28	71	29	77	
	0	21	1	74	2	41	3	115	4	25	5	88	6	97	7	90	8	102	9	44	10	70	11	92	12	21	13	78	14	69	15	67	16	53	17	15	18	63	19	58	20	56	21	69	22	93	23	85	24	89	25	59	26	12	27	19	28	59	29	89	
	0	17	1	72	2	58	3	109	4	27	5	84	6	94	7	79	8	109	9	38	10	63	11	96	12	19	13	82	14	81	15	75	16	40	17	23	18	73	19	50	20	58	21	80	22	87	23	87	24	79	25	56	26	14	27	11	28	52	29	80	
	0	10	1	72	2	58	3	99	4	25	5	91	6	107	7	86	8	113	9	30	10	70	11	92	12	24	13	81	14	78	15	74	16	41	17	13	18	71	19	41	20	66	21	84	22	90	23	91	24	85	25	61	26	23	27	23	28	54	29	81	
	0	8	1	82	2	44	3	104	4	23	5	90	6	100	7	88	8	102	9	29	10	80	11	92	12	20	13	91	14	68	15	78	16	42	17	20	18	72	19	56	20	58	21	73	22	96	23	89	24	77	25	53	26	13	27	22	28	68	29	81	
	0	4	1	71	2	53	3	113	4	25	5	81	6	102	7	76	8	97	9	26	10	72	11	101	12	35	13	88	14	82	15	77	16	46	17	25	18	70	19	48	20	67	21	72	22	87	23	80	24	77	25	54	26	18	27	28	28	64	29	90	
	0	15	1	78	2	60	3	112	4	17	5	85	6	97	7	75	8	97	9	34	10	66	11	105	12	25	13	87	14	74	15	66	16	52	17	26	18	61	19	52	20	68	21	79	22	99	23	92	24	72	25	53	26	19	27	19	28	53	29	77	
	0	14	1	78	2	44	3	108	4	16	5	82	6	94	7	87	8	105	9	36	10	73	11	92	12	29	13	87	14	78	15	73	16	52	17	10	18	70	19	55	20	57	21	70	22	102	23	77	24	84	25	48	26	17	27	14	28	67	29	84	
	0	9	1	78	2	54	3	104	4	22	5	77	6	108	7	79	8	111	9	44	10	70	11	94	12	20	13	84	14	77	15	66	16	49	17	19	18	61	19	43	20	52	21	70	22	87	23	88	24	74	25	59	26	24	27	23	28	62	29	87	
	0	16	1	71	2	54	3	104	4	16	5	86	6	105	7	87	8	103	9	45	10	73	11	105	12	32	13	78	14	65	15	76	16	47	17	11	18	64	19	42	20	59	21	87	22	96	23	87	24	83	25	67	26	19	27	23	28	70	29	79	
	0	14	1	80	2	46	3	104	4	25	5	87	6	103	7	84	8	102	9	42	10	74	11	104	12	33	13	81	14	76	15	80	16	40	17	12	18	71	19	51	20	56	21	70	22	84	23	76	24	86	25	55	26	20	27	28	28	69	29	74	
	0	6	1	83	2	44	3	99	4	28	5	79	6	106	7	85	8	102	9	28	10	71	11	98	12	29	13	76	14	74	15	73	16	53	17	20	18	59	19	55	20	50	21	72	22	99	23	82	24	70	25	64	26	7	27	27	28	61	29	79	
	0	5	1	77	2	52	3	98	4	29	5	84	6	106	7	87	8	107	9	38	10	69	11	101	12	36	13	76	14	75	15	68	16	45	17	22	18	58	19	58	20	62	21	76	22	92	23	89	24	89	25	51	26	24	27	22	28	59	29	73	
	0	22	1	67	2	52	3	102	4	14	5	87	6	96	7	90	8	104	9	44	10	72	11	102	12	26	13	88	14	72	15	80	16	41	17	22	18	71	19	48	20	54	21	70	22	91	23	85	24	70	25	64	26	22	27	19	28	52	29	90	
	0	17	1	76	2	51	3	100	4	15	5	81	6	102	7	76	8	107	9	32	10	81	11	107	12	27	13	85	14	66	15	65	16	56	17	26	18	60	19	44	20	65	21	77	22	102	23	87	24	79	25	61	26	22	27	25	28	52	29	79	
	0	8	1	67	2	60	3	97	4	26	5	80	6	106	7	79	8	110	9	31	10	78	11	98	12	24	13	76	14	83	15	70	16	45	17	15	18	61	19	47	20	49	21	69	22	98	23	78	24	83	25	50	26	8	27	11	28	68	29	75	
	0	20	1	70	2	55	3	106	4	30	5	79	6	98	7	85	8	102	9	45	10	71	11	98	12	38	13	79	14	72	15	72	16	37	17	9	18	67	19	57	20	66	21	82	22	94	23	92	24	79	25	55	26	19	27	27	28	53	29	78	
	0	19	1	70	2	53	3	102	4	14	5	80	6	101	7	73	8	107	9	32	10	77	11	105	12	22	13	75	14	80	15	78	16	53	17	8	18	73	19	42	20	66	21	75	22	91	23	88	24	82	25	64	26	16	27	28	28	55	29	81	
	0	16	1	74	2	43	3	99	4	30	5	84	6	92	7	73	8	105	9	41	10	66	11	93	12	23	13	83	14	79	15	73	16	56	17	15	18	58	19	44	20	64	21	72	22	94	23	93	24	84	25	48	26	24	27	14	28	63	29	81	
	0	4	1	84	2	57	3	103	4	21	5	76	6	94	7	81	8	101	9	38	10	71	11	99	12	36	13	83	14	83	15	75	16	55	17	10	18	60	19	53	20	62	21	72	22	84	23	87	24	81	25	52	26	16	27	13	28	61	29	76	
	0	18	1	73	2	52	3	97	4	21	5	78	6	96	7	79	8	98	9	35	10	80	11	106	12	24	13	89	14	83	15	72	16	40	17	17	18	60	19	49	20	60	21	70	22	94	23	92	24	88	25	50	26	14	27	15	28	58	29	74	
	0	11	1	80	2	48	3	114	4	18	5	74	6	109	7	78	8	113	9	30	10	76	11	94	12	35	13	80	14	65	15	74	16	40	17	7	18	64	19	56	20	64	21	82	22	95	23	93	24	85	25	55	26	8	27	10	28	70	29	78	
	0	18	1	86	2	57	3	108	4	24	5	80	6	107	7	88	8	115	9	39	10	66	11	102	12	25	13	81	14	82	15	81	16	37	17	8	18	66	19	43	20	51	21	80	22	87	23	81	24	89	25	52	26	25	27	27	28	57	29	89	
	0	23	1	72	2	59	3	111	4	31	5	85	6	107	7	73	8	109	9	30	10	80	11	108	12	28	13	87	14	83	15	70	16	52	17	11	18	59	19	52	20	53	21	68	22	100	23	82	24	86	25	50	26	26	27	28	28	62	29	73	
	0	8	1	78	2	48	3	97	4	32	5	76	6	90	7	89	8	111	9	35	10	78	11	106	12	27	13	82	14	69	15	68	16	55	17	14	18	65	19	54	20	56	21	86	22	90	23	78	24	72	25	62	26	26	27	15	28	61	29	79	
	0	15	1	83	2	45	3	96	4	33	5	74	6	105	7	71	8	105	9	28	10	65	11	107	12	27	13	89	14	82	15	71	16	40	17	17	18	64	19	44	20	65	21	84	22	100	23	80	24	77	25	53	26	10	27	19	28	64	29	91	
	0	7	1	68	2	60	3	112	4	21	5	79	6	101	7	76	8	114	9	29	10	62	11	95	12	22	13	84	14	83	15	81	16	53	17	17	18	71	19	52	20	55	21	69	22	97	23	80	24	78	25	66	26	11	27	21	28	58	29	80	
	0	13	1	86	2	51	3	109	4	23	5	81	6	100	7	73	8	109	9	36	10	67	11	103	12	23	13	82	14	67	15	64	16	54	17	9	18	72	19	51	20	52	21	75	22	89	23	80	24	87	25	49	26	26	27	28	28	61	29	80	
	0	16	1	84	2	53	3	114	4	26	5	74	6	94	7	71	8	112	9	45	10	78	11	92	12	35	13	75	14	73	15	74	16	42	17	23	18	71	19	47	20	64	21	72	22	89	23	78	24	89	25	57	26	22	27	26	28	62	29	82	
	0	6	1	74	2	42	3	100	4	21	5	93	6	95	7	82	8	112	9	37	10	74	11	95	12	24	13	72	14	77	15	72	16	56	17	26	18	75	19	60	20	58	21	68	22	86	23	74	24	89	25	53	26	25	27	23	28	60	29	82	
	0	13	1	81	2	41	3	96	4	24	5	80	6	102	7	76	8	105	9	27	10	71	11	89	12	22	13	76	14	77	15	79	16	49	17	24	18	75	19	42	20	65	21	81	22	93	23	79	24	80	25	48	26	20	27	11	28	67	29	85	
	0	4	1	75	2	60	3	97	4	31	5	84	6	92	7	83	8	100	9	45	10	74	11	102	12	19	13	89	14	71	15	74	16	42	17	15	18	63	19	44	20	57	21	82	22	85	23	84	24	80	25	55	26	14	27	16	28	60	29	75	
	0	10	1	70	2	49	3	104	4	26	5	77	6	104	7	71	8	102	9	34	10	80	11	101	12	29	13	84	14	76	15	71	16	45	17	8	18	57	19	59	20	57	21	77	22	84	23	88	24	87	25	64	26	9	27	21	28	61	29	81	
	0	5	1	69	2	53	3	109	4	16	5	82	6	95	7	85	8	109	9	27	10	62	11	103	12	29	13	87	14	82	15	80	16	41	17	9	18	59	19	57	20	66	21	73	22	99	23	74	24	75	25	58	26	10	27	16	28	65	29	84	
	0	10	1	71	2	43	3	107	4	17	5	77	6	93	7	79	8	108	9	40	10	78	11	101	12	23	13	73	14	81	15	67	16	41	17	11	18	65	19	58	20	53	21	82	22	98	23	93	24	85	25	53	26	9	27	13	28	61	29	88	
	0	16	1	77	2	42	3	109	4	18	5	84	6	91	7	83	8	114	9	44	10	67	11	90	12	22	13	84	14	79	15	72	16	52	17	18	18	60	19	45	20	56	21	82	22	98	23	78	24	74	25	64	26	12	27	27	28	60	29	81	
	0	20	1	72	2	43	3	96	4	31	5	76	6	108	7	73	8	104	9	27	10	71	11	90	12	20	13	90	14	75	15	76	16	44	17	15	18	71	19	51	20	65	21	74	22	90	23	83	24	79	25	57	26	21	27	9	28	64	29	86	
	0	6	1	69	2	47	3	115	4	14	5	83	6	92	7	87	8	97	9	30	10	63	11	104	12	26	13	86	14	76	15	80	16	46	17	12	18	76	19	46	20	58	21	81	22	93	23	80	24	82	25	59	26	11	27	12	28	64	29	91	
	0	19	1	80	2	50	3	112	4	22	5	86	6	96	7	75	8	99	9	45	10	76	11	95	12	31	13	90	14	81	15	76	16	56	17	13	18	65	19	53	20	63	21	86	22	93	23	84	24	78	25	67	26	16	27	16	28	62	29	77	
	0	9	1	70	2	44	3	108	4	18	5	76	6	94	7	77	8	108	9	33	10	64	11	94	12	22	13	80	14	79	15	68	16	44	17	22	18	69	19	49	20	53	21	85	22	97	23	92	24	71	25	61	26	14	27	10	28	69	29	82	
	0	8	1	72	2	48	3	98	4	17	5	92	6	101	7	83	8	105	9	39	10	79	11	107	12	35	13	78	14	74	15	65	16	38	17	7	18	69	19	53	20	49	21	75	22	96	23	92	24	87	25	59	26	19	27	25	28	71	29	88	
	0	16	1	74	2	54	3	104	4	14	5	91	6	107	7	73	8	102	9	27	10	64	11	96	12	30	13	76	14	76	15	77	16	40	17	7	18	68	19	46	20	57	21	72	22	83	23	93	24	78	25	66	26	8	27	22	28	60	29	78	
	0	21	1	80	2	54	3	113	4	29	5	87	6	104	7	90	8	98	9	31	10	71	11	108	12	19	13	74	14	83	15	66	16	53	17	25	18	62	19	51	20	63	21	76	22	91	23	76	24	84	25	55	26	14	27	17	28	71	29	84	
	0	20	1	82	2	44	3	103	4	16	5	83	6	104	7	71	8	113	9	42	10	81	11	108	12	33	13	87	14	65	15	68	16	48	17	19	18	72	19	53	20	49	21	84	22	93	23	86	24	78	25	67	26	9	27	10	28	70	29	82	
	0	17	1	71	2	56	3	109	4	31	5	93	6	109	7	87	8	115	9	44	10	72	11	108	12	32	13	75	14	81	15	64	16	47	17	17	18	57	19	44	20	61	21	69	22	88	23	74	24	78	25	60	26	11	27	23	28	53	29	89	
	0	14	1	73	2	42	3	103	4	14	5	93	6	91	7	90	8	111	9	40	10	77	11	93	12	33	13	85	14	79	15	81	16	55	17	11	18	66	19	41	20	65	21	74	22	96	23	81	24	70	25	51	26	13	27	27	28	68	29	73	
	0	13	1	77	2	48	3	106	4	22	5	88	6	104	7	86	8	104	9	40	10	68	11	91	12	34	13	74	14	73	15	76	16	54	17	16	18	74	19	55	20	57	21	78	22	93	23	93	24	83	25	52	26	10	27	9	28	60	29	80	
	0	11	1	75	2	49	3	97	4	29	5	77	6	99	7	79	8	98	9	41	10	67	11	105	12	37	13	76	14	77	15	70	16	38	17	22	18	62	19	51	20	59	21	81	22	94	23	81	24	75	25	60	26	10	27	23	28	70	29	87	
	0	10	1	78	2	51	3	103	4	20	5	74	6	93	7	90	8	109	9	27	10	80	11	103	12	21	13	81	14	74	15	65	16	56	17	20	18	66	19	58	20	53	21	80	22	87	23	77	24	72	25	63	26	9	27	18	28	53	29	77	
	0	5	1	79	2	51	3	104	4	25	5	81	6	100	7	84	8	106	9	35	10	67	11	100	12	31	13	81	14	82	15	78	16	56	17	12	18	71	19	55	20	62	21	74	22	92	23	78	24	80	25	63	26	12	27	21	28	67	29	73	
	0	20	1	80	2	55	3	101	4	15	5	91	6	98	7	72	8	96	9	26	10	71	11	94	12	21	13	74	14	69	15	76	16	55	17	11	18	59	19	54	20	55	21	78	22	93	23	91	24	79	25	65	26	18	27	13	28	63	29	74	
	0	15	1	79	2	48	3	106	4	26	5	91	6	104	7	90	8	107	9	33	10	69	11	96	12	27	13	74	14	71	15	77	16	44	17	11	18	70	19	53	20	51	21	86	22	100	23	76	24	84	25	66	26	18	27	28	28	62	29	78	
	0	23	1	79	2	51	3	103	4	26	5	90	6	93	7	83	8	108	9	33	10	78	11	91	12	31	13	91	14	82	15	69	16	52	17	16	18	65	19	55	20	53	21	78	22	95	23	89	24	70	25	60	26	10	27	23	28	70	29	74	
	0	12	1	72	2	58	3	107	4	33	5	84	6	103	7	76	8	101	9	34	10	63	11	107	12	32	13	91	14	73	15	70	16	45	17	24	18	72	19	51	20	54	21	82	22	91	23	80	24	79	25	57	26	7	27	9	28	53	29	89	
	0	4	1	75	2	41	3	99	4	20	5	86	6	104	7	88	8	106	9	45	10	69	11	99	12	28	13	88	14	73	15	63	16	41	17	18	18	69	19	43	20	62	21	82	22	84	23	93	24	77	25	65	26	20	27	28	28	68	29	77	
	0	23	1	85	2	49	3	96	4	20	5	88	6	107	7	73	8	96	9	34	10	76	11	92	12	33	13	75	14	68	15	68	16	53	17	21	18	64	19	59	20	61	21	76	22	88	23	91	24	77	25	65	26	22	27	28	28	69	29	75	
	0	18	1	81	2	54	3	114	4	17	5	87	6	106	7	87	8	107	9	32	10	74	11	97	12	19	13	76	14	67	15	69	16	49	17	12	18	58	19	47	20	53	21	79	22	86	23	89	24	72	25	53	26	17	27	16	28	53	29	85	
	0	23	1	71	2	57	3	101	4	29	5	81	6	106	7	89	8	102	9	34	10	75	11	94	12	25	13	85	14	73	15	67	16	46	17	20	18	76	19	59	20	55	21	72	22	100	23	91	24	78	25	50	26	19	27	11	28	70	29	84	
	0	9	1	77	2	57	3	103	4	25	5	76	6	102	7	71	8	115	9	44	10	73	11	102	12	31	13	91	14	68	15	65	16	41	17	20	18	71	19	59	20	63	21	81	22	88	23	86	24	73	25	61	26	17	27	14	28	59	29	84	
	0	14	1	69	2	49	3	97	4	18	5	76	6	103	7	80	8	103	9	32	10	76	11	105	12	34	13	81	14	71	15	71	16	42	17	17	18	73	19	43	20	51	21	71	22	89	23	74	24	70	25	58	26	21	27	18	28	55	29	89	
	0	23	1	77	2	42	3	110	4	21	5	88	6	108	7	88	8	96	9	30	10	73	11	96	12	26	13	82	14	76	15	67	16	39	17	21	18	65	19	43	20	53	21	74	22	97	23	93	24	80	25	58	26	13	27	25	28	52	29	85	
	0	20	1	86	2	46	3	97	4	21	5	87	6	97	7	78	8	97	9	33	10	66	11	93	12	32	13	83	14	79	15	63	16	38	17	22	18	57	19	53	20	50	21	72	22	87	23	90	24	89	25	61	26	16	27	22	28	58	29	83	
	0	7	1	67	2	45	3	102	4	27	5	83	6	90	7	77	8	111	9	28	10	67	11	102	12	31	13	73	14	77	15	74	16	55	17	11	18	76	19	42	20	61	21	84	22	87	23	93	24	82	25	53	26	22	27	16	28	66	29	85	
	0	17	1	80	2	45	3	101	4	16	5	81	6	106	7	89	8	107	9	28	10	71	11	89	12	34	13	73	14	67	15	66	16	50	17	20	18	72	19	53	20	54	21	70	22	95	23	78	24	84	25	53	26	18	27	17	28	62	29	83	
	0	21	1	69	2	45	3	110	4	15	5	78	6	90	7	72	8	100	9	44	10	81	11	99	12	23	13	84	14	79	15	77	16	37	17	23	18	67	19	60	20	52	21	73	22	101	23	78	24	71	25	49	26	15	27	26	28	69	29	91	
	0	23	1	80	2	52	3	109	4	17	5	75	6	108	7	90	8	108	9	38	10	66	11	99	12	28	13	83	14	67	15	76	16	45	17	17	18	60	19	45	20	57	21	73	22	83	23	75	24	83	25	50	26	14	27	11	28	69	29	92	
	0	21	1	85	2	52	3	115	4	23	5	81	6	92	7	81	8	112	9	29	10	71	11	96	12	32	13	73	14	74	15	63	16	55	17	7	18	76	19	54	20	57	21	69	22	83	23	90	24	87	25	63	26	24	27	15	28	61	29	85	
	0	9	1	71	2	50	3	109	4	28	5	78	6	92	7	75	8	106	9	33	10	75	11	103	12	36	13	81	14	67	15	78	16	40	17	24	18	72	19	54	20	68	21	68	22	98	23	75	24	76	25	57	26	25	27	14	28	56	29	82	
	0	4	1	83	2	60	3	110	4	25	5	87	6	92	7	89	8	115	9	30	10	69	11	102	12	36	13	79	14	83	15	65	16	37	17	20	18	63	19	58	20	68	21	74	22	95	23	89	24	83	25	49	26	10	27	10	28	57	29	90	
	0	15	1	76	2	47	3	112	4	28	5	92	6	91	7	76	8	102	9	43	10	64	11	104	12	19	13	75	14	66	15	69	16	45	17	8	18	66	19	46	20	52	21	86	22	96	23	92	24	71	25	50	26	8	27	14	28	60	29	84	
	0	5	1	80	2	54	3	101	4	30	5	88	6	95	7	84	8	112	9	34	10	73	11	107	12	33	13	89	14	70	15	71	16	43	17	19	18	61	19	57	20	51	21	79	22	89	23	79	24	81	25	49	26	25	27	25	28	64	29	77	
	0	17	1	77	2	56	3	102	4	20	5	88	6	91	7	75	8	96	9	42	10	64	11	89	12	32	13	83	14	77	15	67	16	56	17	23	18	58	19	43	20	56	21	74	22	86	23	80	24	80	25	61	26	25	27	26	28	70	29	73	
	0	7	1	76	2	48	3	113	4	22	5	80	6	100	7	87	8	109	9	27	10	67	11	89	12	37	13	76	14	65	15	73	16	40	17	7	18	65	19	45	20	51	21	78	22	100	23	76	24	71	25	62	26	7	27	15	28	67	29	85	
	0	10	1	78	2	54	3	104	4	30	5	74	6	109	7	77	8	105	9	45	10	67	11	99	12	34	13	74	14	72	15	65	16	49	17	14	18	74	19	60	20	59	21	85	22	100	23	91	24	87	25	61	26	23	27	9	28	67	29	86	
	0	14	1	75	2	57	3	104	4	26	5	82	6	93	7	71	8	101	9	40	10	74	11	91	12	22	13	87	14	67	15	72	16	45	17	11	18	72	19	59	20	49	21	79	22	100	23	93	24	78	25	62	26	17	27	20	28	65	29	80	
	0	5	1	73	2	54	3	112	4	16	5	85	6	108	7	85	8	104	9	37	10	78	11	90	12	33	13	73	14	68	15	68	16	53	17	7	18	58	19	43	20	49	21	76	22	88	23	91	24	87	25	67	26	24	27	13	28	53	29	90	
	0	14	1	71	2	55	3	102	4	32	5	77	6	90	7	71	8	105	9	33	10	80	11	95	12	35	13	72	14	73	15	71	16	55	17	11	18	58	19	59	20	50	21	74	22	84	23	80	24	80	25	58	26	8	27	10	28	60	29	91	
	0	14	1	80	2	58	3	105	4	24	5	83	6	93	7	82	8	100	9	45	10	65	11	95	12	31	13	74	14	73	15	78	16	49	17	14	18	64	19	48	20	56	21	82	22	89	23	81	24	70	25	64	26	22	27	22	28	65	29	81	
	0	7	1	76	2	52	3	109	4	18	5	89	6	107	7	74	8	100	9	26	10	69	11	97	12	27	13	78	14	82	15	79	16	41	17	22	18	72	19	58	20	59	21	84	22	99	23	88	24	84	25	57	26	23	27	13	28	64	29	83	
	0	11	1	75	2	47	3	114	4	25	5	87	6	104	7	84	8	97	9	41	10	64	11	92	12	36	13	88	14	68	15	79	16	38	17	10	18	73	19	47	20	56	21	72	22	88	23	86	24	80	25	48	26	16	27	21	28	57	29	80	
	0	22	1	70	2	45	3	106	4	18	5	79	6	103	7	72	8	107	9	35	10	74	11	106	12	21	13	80	14	71	15	81	16	42	17	17	18	59	19	58	20	50	21	72	22	97	23	82	24	80	25	62	26	13	27	22	28	64	29	75	
	0	11	1	73	2	60	3	108	4	17	5	89	6	101	7	84	8	105	9	32	10	67	11	93	12	38	13	84	14	71	15	67	16	54	17	24	18	63	19	56	20	52	21	83	22	84	23	82	24	73	25	50	26	9	27	23	28	67	29	84	
	0	6	1	67	2	43	3	107	4	25	5	88	6	106	7	86	8	107	9	32	10	73	11	96	12	21	13	80	14	65	15	81	16	46	17	20	18	64	19	41	20	65	21	83	22	95	23	86	24	84	25	65	26	26	27	15	28	56	29	74	
	0	5	1	82	2	59	3	115	4	27	5	89	6	90	7	81	8	110	9	37	10	79	11	108	12	35	13	77	14	76	15	72	16	51	17	14	18	64	19	46	20	54	21	84	22	89	23	77	24	89	25	63	26	23	27	17	28	54	29	90	
	0	14	1	72	2	47	3	98	4	14	5	81	6	93	7	79	8	108	9	31	10	73	11	93	12	35	13	88	14	73	15	72	16	49	17	8	18	68	19	55	20	51	21	87	22	92	23	89	24	73	25	63	26	21	27	17	28	69	29	84	
	0	7	1	69	2	44	3	98	4	14	5	93	6	93	7	90	8	96	9	41	10	63	11	95	12	38	13	75	14	81	15	63	16	49	17	24	18	72	19	49	20	49	21	77	22	97	23	82	24	87	25	59	26	16	27	17	28	54	29	78	
	0	13	1	78	2	49	3	107	4	21	5	92	6	103	7	90	8	105	9	26	10	68	11	107	12	30	13	79	14	67	15	76	16	49	17	17	18	70	19	51	20	56	21	77	22	96	23	91	24	75	25	61	26	17	27	14	28	63	29	75	
	0	4	1	67	2	51	3	108	4	28	5	93	6	109	7	74	8	102	9	40	10	76	11	93	12	26	13	87	14	84	15	65	16	39	17	18	18	62	19	44	20	63	21	73	22	99	23	91	24	82	25	58	26	18	27	9	28	58	29	87	
	0	6	1	68	2	58	3	96	4	16	5	76	6	108	7	75	8	107	9	43	10	71	11	99	12	21	13	72	14	69	15	66	16	46	17	8	18	58	19	52	20	60	21	72	22	99	23	86	24	85	25	60	26	11	27	27	28	69	29	92	
	0	4	1	82	2	50	3	97	4	23	5	74	6	106	7	88	8	96	9	34	10	65	11	96	12	30	13	82	14	79	15	68	16	47	17	19	18	61	19	49	20	68	21	79	22	96	23	82	24	79	25	56	26	18	27	9	28	53	29	85	
	0	18	1	72	2	50	3	99	4	28	5	87	6	105	7	83	8	108	9	41	10	73	11	90	12	26	13	77	14	73	15	63	16	42	17	10	18	76	19	53	20	59	21	77	22	100	23	91	24	79	25	48	26	19	27	11	28	61	29	74	
	0	8	1	77	2	52	3	108	4	19	5	90	6	101	7	90	8	96	9	26	10	62	11	103	12	28	13	78	14	77	15	68	16	56	17	11	18	65	19	48	20	61	21	76	22	92	23	88	24	86	25	59	26	26	27	19	28	57	29	80	
	0	4	1	85	2	48	3	110	4	17	5	90	6	101	7	83	8	101	9	31	10	62	11	90	12	28	13	91	14	75	15	70	16	56	17	21	18	61	19	54	20	66	21	79	22	86	23	80	24	81	25	54	26	17	27	12	28	62	29	74	
	0	5	1	85	2	55	3	101	4	18	5	86	6	108	7	82	8	106	9	40	10	75	11	103	12	20	13	79	14	67	15	75	16	37	17	18	18	65	19	59	20	52	21	82	22	90	23	80	24	71	25	50	26	7	27	10	28	58	29	76	
	0	6	1	80	2	41	3	107	4	32	5	83	6	96	7	89	8	99	9	42	10	79	11	90	12	25	13	80	14	73	15	74	16	43	17	8	18	68	19	48	20	50	21	77	22	89	23	89	24	75	25	65	26	7	27	24	28	67	29	84	
	0	6	1	68	2	56	3	97	4	16	5	82	6	104	7	89	8	102	9	41	10	75	11	100	12	22	13	78	14	71	15	73	16	51	17	25	18	75	19	57	20	49	21	82	22	83	23	80	24	83	25	57	26	16	27	16	28	67	29	75	
	0	14	1	67	2	43	3	102	4	18	5	78	6	100	7	84	8	114	9	26	10	68	11	89	12	22	13	72	14	71	15	76	16	50	17	19	18	60	19	52	20	51	21	78	22	92	23	79	24	77	25	59	26	14	27	13	28	69	29	74	
	0	14	1	82	2	42	3	101	4	32	5	85	6	101	7	85	8	105	9	33	10	70	11	102	12	26	13	77	14	84	15	63	16	45	17	26	18	65	19	55	20	64	21	84	22	96	23	92	24	75	25	64	26	16	27	13	28	61	29	80	
	0	15	1	85	2	43	3	112	4	23	5	91	6	90	7	78	8	106	9	34	10	81	11	102	12	28	13	85	14	75	15	77	16	53	17	7	18	61	19	50	20	50	21	77	22	84	23	85	24	72	25	58	26	26	27	14	28	67	29	85	
	0	7	1	72	2	56	3	100	4	26	5	85	6	95	7	86	8	113	9	38	10	77	11	101	12	36	13	91	14	74	15	72	16	55	17	10	18	59	19	43	20	51	21	84	22	101	23	84	24	83	25	67	26	7	27	25	28	62	29	78	
	0	11	1	67	2	44	3	113	4	17	5	75	6	105	7	80	8	110	9	39	10	71	11	106	12	26	13	78	14	69	15	82	16	47	17	7	18	70	19	41	20	59	21	73	22	102	23	80	24	78	25	48	26	12	27	27	28	55	29	87	
	0	17	1	73	2	48	3	105	4	30	5	83	6	101	7	88	8	109	9	33	10	63	11	104	12	30	13	91	14	66	15	82	16	49	17	14	18	67	19	44	20	52	21	79	22	86	23	80	24	87	25	49	26	10	27	24	28	59	29	83	
	0	23	1	68	2	46	3	107	4	30	5	83	6	102	7	81	8	110	9	37	10	67	11	100	12	28	13	73	14	79	15	67	16	53	17	20	18	76	19	43	20	65	21	84	22	98	23	84	24	71	25	55	26	19	27	25	28	69	29	90	
	0	6	1	71	2	43	3	109	4	27	5	81	6	91	7	77	8	109	9	34	10	76	11	99	12	21	13	85	14	84	15	67	16	49	17	13	18	65	19	55	20	49	21	84	22	97	23	82	24	82	25	58	26	15	27	18	28	68	29	87	
	0	14	1	67	2	51	3	97	4	27	5	91	6	107	7	89	8	102	9	31	10	63	11	101	12	24	13	75	14	74	15	67	16	54	17	9	18	73	19	52	20	50	21	70	22	83	23	74	24	79	25	54	26	21	27	24	28	64	29	91	
	0	15	1	69	2	57	3	97	4	30	5	80	6	96	7	76	8	104	9	29	10	75	11	93	12	37	13	76	14	74	15	69	16	39	17	22	18	66	19	44	20	63	21	70	22	96	23	75	24	77	25	67	26	10	27	27	28	69	29	92	
	0	9	1	70	2	53	3	98	4	27	5	85	6	107	7	87	8	98	9	38	10	79	11	93	12	26	13	78	14	65	15	75	16	49	17	23	18	73	19	51	20	62	21	85	22	84	23	79	24	76	25	63	26	21	27	24	28	65	29	79	
	0	9	1	79	2	54	3	98	4	27	5	93	6	98	7	79	8	103	9	44	10	63	11	102	12	26	13	73	14	70	15	80	16	54	17	17	18	68	19	53	20	67	21	75	22	84	23	87	24	78	25	58	26	17	27	28	28	63	29	87	
	0	16	1	73	2	46	3	111	4	21	5	74	6	100	7	74	8	104	9	40	10	67	11	93	12	31	13	85	14	68	15	75	16	42	17	18	18	71	19	51	20	52	21	83	22	88	23	84	24	77	25	52	26	19	27	14	28	66	29	90	
	0	20	1	75	2	57	3	107	4	28	5	88	6	98	7	72	8	111	9	35	10	80	11	102	12	23	13	83	14	83	15	71	16	54	17	12	18	75	19	42	20	54	21	68	22	84	23	79	24	75	25	58	26	20	27	21	28	62	29	83	
	0	8	1	81	2	41	3	110	4	30	5	77	6	98	7	80	8	99	9	32	10	66	11	97	12	29	13	85	14	73	15	76	16	47	17	8	18	66	19	51	20	64	21	74	22	91	23	78	24	70	25	66	26	22	27	24	28	68	29	79	
	0	4	1	75	2	49	3	102	4	20	5	88	6	103	7	73	8	105	9	37	10	72	11	90	12	30	13	83	14	70	15	77	16	41	17	25	18	67	19	47	20	58	21	84	22	102	23	78	24	85	25	55	26	18	27	28	28	68	29	75	
	0	15	1	78	2	56	3	97	4	20	5	88	6	98	7	75	8	107	9	40	10	68	11	92	12	22	13	78	14	83	15	80	16	52	17	20	18	61	19	49	20	64	21	71	22	94	23	87	24	85	25	60	26	16	27	14	28	62	29	84	
	0	9	1	76	2	55	3	105	4	32	5	74	6	99	7	87	8	109	9	38	10	68	11	104	12	37	13	83	14	74	15	72	16	37	17	23	18	75	19	59	20	65	21	73	22	95	23	92	24	85	25	61	26	18	27	9	28	53	29	78	
	0	22	1	82	2	41	3	97	4	28	5	93	6	96	7	81	8	97	9	28	10	74	11	107	12	23	13	87	14	71	15	71	16	43	17	21	18	70	19	42	20	66	21	83	22	85	23	88	24	86	25	57	26	16	27	16	28	68	29	74	
	0	20	1	86	2	41	3	102	4	21	5	82	6	95	7	85	8	98	9	39	10	78	11	100	12	29	13	72	14	70	15	70	16	55	17	12	18	57	19	59	20	59	21	87	22	84	23	85	24	78	25	55	26	14	27	19	28	66	29	83	
	0	11	1	67	2	43	3	104	4	31	5	79	6	100	7	89	8	112	9	40	10	66	11	104	12	33	13	78	14	67	15	68	16	50	17	16	18	73	19	46	20	52	21	78	22	90	23	83	24	81	25	59	26	11	27	10	28	59	29	81	
	0	16	1	72	2	54	3	114	4	23	5	86	6	98	7	80	8	103	9	31	10	63	11	97	12	23	13	83	14	66	15	65	16	54	17	8	18	75	19	47	20	56	21	77	22	97	23	78	24	84	25	59	26	19	27	17	28	61	29	83	
	0	14	1	73	2	47	3	102	4	24	5	90	6	99	7	75	8	103	9	40	10	71	11	106	12	26	13	90	14	80	15	81	16	54	17	21	18	60	19	55	20	50	21	77	22	96	23	93	24	71	25	62	26	8	27	21	28	63	29	84	
	0	8	1	77	2	60	3	102	4	31	5	90	6	105	7	73	8	108	9	28	10	74	11	97	12	31	13	91	14	76	15	76	16	41	17	18	18	62	19	58	20	57	21	87	22	95	23	91	24	85	25	52	26	15	27	17	28	69	29	82	
	0	9	1	76	2	45	3	98	4	23	5	90	6	109	7	87	8	98	9	33	10	66	11	105	12	25	13	79	14	82	15	75	16	44	17	20	18	60	19	49	20	51	21	69	22	89	23	83	24	72	25	67	26	13	27	16	28	60	29	88	
	0	14	1	83	2	57	3	111	4	26	5	78	6	108	7	72	8	100	9	30	10	73	11	102	12	25	13	89	14	69	15	76	16	55	17	7	18	69	19	52	20	68	21	76	22	92	23	91	24	83	25	62	26	22	27	15	28	55	29	85	
	0	11	1	68	2	54	3	96	4	20	5	88	6	94	7	88	8	110	9	44	10	78	11	104	12	28	13	90	14	76	15	67	16	41	17	20	18	67	19	41	20	64	21	73	22	88	23	75	24	75	25	48	26	22	27	27	28	64	29	80	
	0	11	1	74	2	51	3	99	4	25	5	80	6	105	7	82	8	110	9	35	10	70	11	94	12	25	13	75	14	69	15	65	16	49	17	21	18	66	19	43	20	55	21	75	22	85	23	90	24	77	25	60	26	15	27	18	28	68	29	87	
	0	20	1	86	2	52	3	99	4	31	5	88	6	97	7	71	8	112	9	26	10	73	11	90	12	23	13	77	14	66	15	72	16	54	17	11	18	64	19	60	20	62	21	82	22	97	23	86	24	88	25	48	26	12	27	23	28	65	29	91	
	0	5	1	70	2	49	3	108	4	22	5	82	6	104	7	72	8	108	9	39	10	77	11	104	12	37	13	86	14	72	15	70	16	41	17	22	18	72	19	42	20	64	21	84	22	89	23	83	24	87	25	49	26	21	27	21	28	57	29	85	
	0	5	1	85	2	45	3	99	4	20	5	84	6	97	7	85	8	99	9	36	10	62	11	107	12	37	13	89	14	72	15	82	16	49	17	24	18	74	19	54	20	68	21	69	22	93	23	74	24	79	25	56	26	8	27	25	28	70	29	90	
	0	6	1	85	2	42	3	110	4	21	5	92	6	92	7	84	8	102	9	33	10	62	11	105	12	27	13	80	14	75	15	67	16	50	17	10	18	65	19	46	20	49	21	75	22	96	23	86	24	80	25	61	26	23	27	27	28	71	29	78	
	0	11	1	83	2	47	3	106	4	23	5	93	6	101	7	80	8	105	9	39	10	78	11	104	12	37	13	80	14	72	15	71	16	52	17	26	18	60	19	44	20	65	21	80	22	85	23	81	24	82	25	59	26	22	27	15	28	58	29	79	
	0	15	1	75	2	59	3	104	4	25	5	76	6	109	7	90	8	96	9	44	10	70	11	102	12	24	13	82	14	82	15	76	16	45	17	11	18	59	19	42	20	62	21	82	22	91	23	80	24	79	25	53	26	12	27	13	28	66	29	84	
	0	15	1	76	2	50	3	99	4	14	5	77	6	96	7	84	8	109	9	34	10	70	11	106	12	29	13	76	14	72	15	75	16	49	17	20	18	65	19	49	20	65	21	74	22	83	23	75	24	84	25	51	26	12	27	21	28	59	29	75	
	0	7	1	80	2	43	3	109	4	25	5	93	6	108	7	72	8	99	9	29	10	69	11	92	12	33	13	75	14	79	15	66	16	38	17	20	18	61	19	46	20	67	21	83	22	100	23	87	24	74	25	50	26	8	27	24	28	61	29	90	
	0	22	1	75	2	53	3	99	4	32	5	88	6	94	7	84	8	111	9	30	10	63	11	89	12	28	13	83	14	80	15	63	16	43	17	21	18	74	19	48	20	67	21	87	22	92	23	79	24	79	25	51	26	23	27	25	28	66	29	80	
	0	7	1	71	2	43	3	102	4	21	5	87	6	104	7	86	8	101	9	39	10	77	11	101	12	35	13	81	14	73	15	78	16	56	17	9	18	63	19	44	20	51	21	68	22	88	23	93	24	85	25	65	26	20	27	20	28	70	29	82	
	0	10	1	86	2	44	3	96	4	33	5	80	6	101	7	71	8	106	9	42	10	68	11	98	12	19	13	80	14	73	15	66	16	39	17	19	18	59	19	51	20	56	21	69	22	90	23	80	24	74	25	53	26	25	27	12	28	65	29	91	
	0	6	1	83	2	41	3	97	4	27	5	91	6	96	7	74	8	96	9	35	10	81	11	103	12	32	13	78	14	73	15	79	16	45	17	20	18	65	19	55	20	58	21	76	22	91	23	81	24	82	25	53	26	8	27	10	28	57	29	91	
	0	21	1	74	2	53	3	105	4	22	5	77	6	103	7	75	8	104	9	31	10	74	11	102	12	26	13	91	14	73	15	63	16	41	17	23	18	74	19	53	20	53	21	76	22	102	23	87	24	77	25	49	26	12	27	13	28	70	29	73	
	0	11	1	80	2	53	3	105	4	33	5	89	6	106	7	90	8	107	9	30	10	72	11	99	12	32	13	89	14	69	15	81	16	41	17	21	18	64	19	47	20	52	21	80	22	94	23	79	24	85	25	67	26	12	27	20	28	53	29	83	
	0	17	1	84	2	54	3	106	4	15	5	77	6	92	7	74	8	109	9	32	10	80	11	108	12	20	13	82	14	71	15	81	16	48	17	8	18	63	19	57	20	52	21	72	22	90	23	82	24	75	25	50	26	18	27	17	28	64	29	90	
	0	8	1	81	2	44	3	114	4	25	5	78	6	92	7	86	8	102	9	39	10	62	11	92	12	35	13	77	14	76	15	78	16	40	17	24	18	62	19	42	20	50	21	87	22	92	23	92	24	74	25	51	26	10	27	28	28	52	29	80	
	0	11	1	73	2	43	3	114	4	16	5	78	6	104	7	77	8	102	9	34	10	67	11	96	12	24	13	89	14	70	15	79	16	52	17	16	18	57	19	60	20	63	21	85	22	83	23	81	24	78	25	55	26	20	27	13	28	59	29	74	
	0	20	1	75	2	54	3	107	4	18	5	80	6	102	7	90	8	96	9	31	10	66	11	99	12	30	13	76	14	73	15	81	16	51	17	9	18	74	19	59	20	68	21	79	22	83	23	91	24	83	25	63	26	15	27	27	28	52	29	92	
	0	6	1	79	2	49	3	107	4	19	5	75	6	102	7	79	8	106	9	36	10	66	11	92	12	25	13	79	14	78	15	76	16	46	17	14	18	65	19	44	20	63	21	72	22	83	23	75	24	81	25	60	26	25	27	16	28	71	29	76	
	0	11	1	79	2	56	3	108	4	32	5	79	6	103	7	79	8	97	9	30	10	69	11	99	12	31	13	78	14	78	15	77	16	44	17	9	18	60	19	43	20	59	21	80	22	99	23	76	24	86	25	58	26	12	27	11	28	57	29	87	
	0	21	1	83	2	57	3	102	4	17	5	81	6	95	7	81	8	101	9	34	10	71	11	93	12	20	13	89	14	78	15	81	16	44	17	25	18	57	19	44	20	60	21	72	22	84	23	92	24	79	25	49	26	17	27	23	28	55	29	90	
	0	11	1	84	2	59	3	104	4	16	5	85	6	106	7	87	8	110	9	43	10	76	11	93	12	21	13	83	14	79	15	75	16	46	17	20	18	73	19	42	20	67	21	77	22	94	23	84	24	83	25	48	26	18	27	16	28	71	29	86	
	0	21	1	73	2	58	3	106	4	17	5	84	6	94	7	85	8	107	9	33	10	63	11	90	12	27	13	76	14	68	15	77	16	55	17	7	18	70	19	49	20	58	21	70	22	90	23	88	24	86	25	60	26	11	27	23	28	69	29	78	
	0	7	1	82	2	58	3	112	4	24	5	74	6	100	7	78	8	111	9	34	10	68	11	100	12	33	13	82	14	84	15	81	16	50	17	24	18	58	19	60	20	54	21	79	22	89	23	91	24	77	25	54	26	19	27	27	28	61	29	90	
	0	9	1	82	2	42	3	114	4	20	5	81	6	101	7	78	8	110	9	45	10	71	11	107	12	32	13	84	14	77	15	65	16	42	17	21	18	72	19	50	20	63	21	73	22	93	23	76	24	77	25	54	26	20	27	10	28	61	29	91	
	0	20	1	69	2	46	3	105	4	26	5	91	6	108	7	74	8	113	9	31	10	64	11	106	12	20	13	73	14	68	15	64	16	52	17	8	18	62	19	53	20	60	21	80	22	83	23	77	24	82	25	62	26	9	27	18	28	61	29	82	
	0	9	1	70	2	57	3	99	4	33	5	83	6	105	7	87	8	106	9	37	10	79	11	108	12	25	13	74	14	80	15	70	16	40	17	26	18	68	19	44	20	64	21	79	22	92	23	76	24	81	25	62	26	17	27	9	28	56	29	91	
	0	19	1	77	2	50	3	104	4	29	5	90	6	91	7	85	8	109	9	38	10	79	11	97	12	28	13	80	14	78	15	78	16	48	17	12	18	59	19	56	20	65	21	75	22	95	23	87	24	84	25	54	26	25	27	26	28	62	29	86	
	0	22	1	82	2	42	3	105	4	27	5	90	6	90	7	81	8	97	9	44	10	71	11	102	12	23	13	89	14	80	15	71	16	38	17	26	18	57	19	43	20	56	21	77	22	93	23	88	24	76	25	50	26	11	27	14	28	55	29	89	
	0	9	1	81	2	55	3	99	4	18	5	80	6	101	7	73	8	106	9	41	10	80	11	102	12	34	13	89	14	82	15	69	16	53	17	14	18	57	19	44	20	59	21	72	22	85	23	83	24	84	25	66	26	22	27	23	28	66	29	88	
	0	23	1	74	2	46	3	97	4	18	5	75	6	98	7	86	8	96	9	42	10	63	11	107	12	25	13	85	14	75	15	69	16	37	17	25	18	64	19	56	20	65	21	81	22	93	23	83	24	78	25	52	26	13	27	28	28	56	29	75	
	0	23	1	77	2	42	3	105	4	25	5	82	6	109	7	72	8	102	9	33	10	70	11	89	12	36	13	74	14	71	15	69	16	38	17	14	18	62	19	47	20	53	21	83	22	101	23	92	24	88	25	62	26	15	27	16	28	67	29	76	
	0	22	1	86	2	60	3	114	4	14	5	78	6	106	7	89	8	104	9	33	10	74	11	100	12	21	13	80	14	83	15	68	16	41	17	14	18	70	19	45	20	58	21	83	22	89	23	80	24	84	25	61	26	24	27	22	28	56	29	84	
	0	20	1	82	2	43	3	113	4	14	5	75	6	109	7	83	8	105	9	37	10	81	11	106	12	19	13	75	14	72	15	75	16	50	17	8	18	65	19	41	20	49	21	73	22	98	23	84	24	82	25	57	26	11	27	21	28	67	29	90	
	0	8	1	70	2	50	3	103	4	19	5	93	6	98	7	73	8	112	9	40	10	69	11	104	12	25	13	87	14	75	15	70	16	45	17	17	18	67	19	46	20	50	21	71	22	85	23	81	24	78	25	54	26	11	27	17	28	54	29	91	
	0	5	1	80	2	43	3	98	4	14	5	77	6	96	7	78	8	102	9	44	10	78	11	91	12	33	13	76	14	68	15	66	16	50	17	7	18	57	19	54	20	64	21	71	22	90	23	77	24	71	25	62	26	24	27	13	28	57	29	88	
	0	12	1	69	2	48	3	113	4	26	5	87	6	95	7	85	8	104	9	32	10	78	11	107	12	27	13	75	14	83	15	80	16	48	17	10	18	68	19	46	20	68	21	74	22	96	23	86	24	89	25	59	26	26	27	19	28	52	29	90	
	0	14	1	75	2	59	3	107	4	28	5	85	6	100	7	73	8	107	9	27	10	70	11	106	12	32	13	81	14	68	15	73	16	52	17	22	18	59	19	46	20	57	21	77	22	95	23	81	24	80	25	63	26	18	27	23	28	57	29	89	
	0	11	1	77	2	45	3	112	4	33	5	93	6	104	7	89	8	98	9	41	10	72	11	98	12	30	13	88	14	73	15	68	16	39	17	17	18	76	19	52	20	56	21	80	22	95	23	85	24	72	25	61	26	14	27	9	28	65	29	90	
	0	9	1	85	2	55	3	109	4	19	5	93	6	107	7	80	8	96	9	32	10	79	11	97	12	24	13	77	14	71	15	64	16	53	17	7	18	58	19	55	20	59	21	68	22	91	23	75	24	87	25	50	26	22	27	14	28	53	29	81	
	0	17	1	80	2	48	3	107	4	17	5	91	6	108	7	88	8	96	9	26	10	74	11	106	12	25	13	87	14	65	15	70	16	40	17	22	18	70	19	46	20	62	21	69	22	89	23	82	24	80	25	50	26	19	27	20	28	67	29	81	
	0	17	1	83	2	43	3	107	4	29	5	90	6	105	7	78	8	105	9	30	10	69	11	107	12	33	13	75	14	67	15	70	16	49	17	14	18	59	19	41	20	61	21	77	22	99	23	90	24	75	25	61	26	18	27	28	28	64	29	79	
	0	15	1	84	2	47	3	97	4	20	5	82	6	99	7	90	8	104	9	33	10	64	11	101	12	26	13	89	14	83	15	78	16	43	17	22	18	64	19	53	20	57	21	85	22	95	23	82	24	72	25	51	26	19	27	19	28	71	29	73	
	0	16	1	78	2	52	3	98	4	15	5	90	6	101	7	83	8	96	9	35	10	70	11	92	12	20	13	84	14	70	15	67	16	44	17	11	18	67	19	42	20	57	21	76	22	86	23	78	24	82	25	58	26	12	27	10	28	71	29	78	
	0	17	1	75	2	53	3	97	4	28	5	83	6	93	7	79	8	112	9	31	10	73	11	96	12	28	13	83	14	82	15	73	16	55	17	19	18	60	19	45	20	49	21	84	22	99	23	79	24	87	25	50	26	9	27	17	28	63	29	85	
	0	13	1	67	2	49	3	102	4	23	5	84	6	106	7	71	8	97	9	44	10	78	11	91	12	36	13	86	14	73	15	65	16	49	17	9	18	59	19	52	20	66	21	87	22	83	23	75	24	70	25	63	26	20	27	24	28	71	29	84	
	0	10	1	70	2	42	3	110	4	32	5	76	6	107	7	85	8	111	9	38	10	79	11	94	12	38	13	82	14	68	15	72	16	46	17	15	18	76	19	47	20	56	21	81	22	90	23	83	24	79	25	64	26	24	27	21	28	66	29	91	
	0	6	1	78	2	53	3	96	4	19	5	85	6	100	7	76	8	101	9	38	10	77	11	89	12	21	13	87	14	82	15	81	16	44	17	16	18	72	19	55	20	58	21	82	22	89	23	80	24	73	25	54	26	17	27	13	28	71	29	75	
	0	23	1	86	2	48	3	100	4	15	5	84	6	102	7	78	8	101	9	35	10	79	11	90	12	20	13	80	14	82	15	72	16	53	17	21	18	76	19	58	20	55	21	74	22	101	23	76	24	71	25	51	26	23	27	25	28	61	29	75	
	0	8	1	83	2	53	3	107	4	21	5	91	6	101	7	87	8	107	9	44	10	80	11	97	12	24	13	74	14	83	15	63	16	50	17	8	18	70	19	50	20	53	21	74	22	84	23	84	24	88	25	60	26	16	27	26	28	70	29	78	
	0	22	1	76	2	43	3	114	4	24	5	76	6	99	7	80	8	107	9	28	10	62	11	100	12	19	13	78	14	80	15	79	16	48	17	7	18	60	19	60	20	57	21	87	22	97	23	81	24	82	25	67	26	26	27	9	28	65	29	83	
	0	8	1	82	2	51	3	108	4	22	5	76	6	108	7	81	8	114	9	31	10	68	11	90	12	35	13	91	14	84	15	74	16	42	17	24	18	59	19	43	20	56	21	72	22	83	23	85	24	72	25	67	26	13	27	28	28	66	29	88	
	0	20	1	75	2	59	3	105	4	18	5	76	6	94	7	73	8	97	9	34	10	70	11	92	12	22	13	73	14	73	15	70	16	56	17	16	18	62	19	58	20	58	21	81	22	89	23	93	24	80	25	50	26	17	27	24	28	71	29	79	
	0	8	1	77	2	44	3	107	4	16	5	85	6	102	7	89	8	107	9	42	10	65	11	105	12	35	13	75	14	83	15	82	16	44	17	9	18	74	19	60	20	68	21	86	22	93	23	90	24	72	25	67	26	26	27	18	28	64	29	85	
	0	11	1	77	2	45	3	99	4	18	5	75	6	90	7	76	8	104	9	44	10	63	11	98	12	33	13	87	14	79	15	65	16	52	17	8	18	65	19	49	20	50	21	68	22	91	23	74	24	87	25	58	26	21	27	21	28	69	29	82	
	0	17	1	74	2	54	3	113	4	27	5	92	6	101	7	80	8	105	9	34	10	67	11	91	12	29	13	89	14	83	15	71	16	54	17	26	18	72	19	50	20	68	21	68	22	87	23	77	24	80	25	48	26	15	27	16	28	56	29	75	
	0	18	1	70	2	58	3	108	4	14	5	89	6	92	7	88	8	111	9	38	10	69	11	96	12	28	13	78	14	78	15	80	16	38	17	15	18	58	19	48	20	53	21	86	22	92	23	79	24	79	25	54	26	21	27	21	28	69	29	76	
	0	14	1	67	2	43	3	105	4	23	5	84	6	102	7	89	8	101	9	29	10	73	11	106	12	24	13	84	14	80	15	80	16	53	17	23	18	67	19	51	20	61	21	72	22	99	23	77	24	81	25	66	26	25	27	16	28	55	29	89	
	0	8	1	70	2	51	3	106	4	27	5	87	6	97	7	86	8	113	9	43	10	79	11	101	12	35	13	90	14	83	15	66	16	39	17	23	18	57	19	52	20	57	21	74	22	87	23	83	24	73	25	51	26	17	27	15	28	65	29	88	
	0	4	1	73	2	42	3	101	4	21	5	90	6	91	7	75	8	97	9	29	10	70	11	101	12	37	13	89	14	68	15	75	16	47	17	17	18	75	19	52	20	65	21	80	22	91	23	78	24	77	25	51	26	15	27	26	28	57	29	78	
	0	10	1	85	2	58	3	111	4	20	5	76	6	101	7	75	8	106	9	30	10	81	11	98	12	38	13	77	14	65	15	64	16	40	17	12	18	64	19	53	20	56	21	85	22	101	23	91	24	89	25	50	26	12	27	9	28	58	29	82	
	0	4	1	78	2	42	3	106	4	27	5	93	6	96	7	75	8	97	9	31	10	78	11	90	12	21	13	91	14	71	15	76	16	50	17	9	18	61	19	51	20	57	21	70	22	102	23	85	24	75	25	55	26	16	27	9	28	60	29	83	
	0	23	1	68	2	42	3	111	4	22	5	75	6	96	7	78	8	111	9	34	10	69	11	105	12	26	13	88	14	73	15	77	16	47	17	22	18	63	19	46	20	49	21	76	22	90	23	93	24	87	25	60	26	10	27	15	28	61	29	87	
	0	7	1	77	2	57	3	103	4	14	5	76	6	94	7	75	8	101	9	38	10	68	11	101	12	21	13	77	14	82	15	75	16	49	17	15	18	60	19	41	20	50	21	74	22	100	23	74	24	76	25	52	26	9	27	24	28	62	29	80	
	0	12	1	85	2	54	3	105	4	26	5	89	6	101	7	84	8	100	9	36	10	69	11	100	12	29	13	72	14	75	15	78	16	53	17	11	18	67	19	41	20	68	21	74	22	91	23	80	24	82	25	53	26	19	27	13	28	71	29	75	
	0	6	1	68	2	45	3	113	4	21	5	93	6	90	7	80	8	111	9	35	10	70	11	95	12	34	13	73	14	65	15	67	16	41	17	13	18	60	19	46	20	56	21	68	22	86	23	77	24	78	25	59	26	20	27	11	28	52	29	75	
	0	6	1	75	2	58	3	110	4	16	5	78	6	92	7	76	8	111	9	28	10	69	11	89	12	21	13	90	14	74	15	64	16	40	17	16	18	57	19	47	20	53	21	75	22	102	23	90	24	76	25	59	26	18	27	19	28	68	29	89	
	0	7	1	69	2	42	3	114	4	30	5	75	6	103	7	74	8	102	9	45	10	77	11	90	12	32	13	77	14	84	15	67	16	43	17	8	18	65	19	48	20	61	21	68	22	85	23	77	24	88	25	64	26	18	27	13	28	55	29	77	
	0	19	1	69	2	54	3	112	4	19	5	79	6	97	7	85	8	99	9	27	10	77	11	106	12	27	13	82	14	66	15	66	16	45	17	10	18	72	19	54	20	66	21	77	22	89	23	84	24	86	25	49	26	15	27	10	28	66	29	86	
	0	6	1	82	2	49	3	105	4	18	5	80	6	95	7	81	8	112	9	31	10	70	11	107	12	24	13	75	14	79	15	72	16	39	17	10	18	59	19	47	20	57	21	86	22	89	23	77	24	78	25	52	26	26	27	11	28	61	29	79	
	0	23	1	72	2	42	3	102	4	14	5	84	6	108	7	72	8	113	9	40	10	64	11	91	12	38	13	87	14	71	15	72	16	44	17	7	18	74	19	47	20	56	21	87	22	85	23	76	24	84	25	53	26	12	27	14	28	53	29	84	
	0	17	1	73	2	45	3	111	4	32	5	91	6	103	7	88	8	100	9	42	10	63	11	108	12	27	13	77	14	66	15	74	16	44	17	18	18	58	19	43	20	60	21	69	22	86	23	87	24	84	25	60	26	16	27	23	28	55	29	81	
	0	16	1	74	2	57	3	108	4	32	5	74	6	98	7	81	8	106	9	36	10	73	11	91	12	22	13	88	14	76	15	73	16	56	17	14	18	73	19	57	20	66	21	74	22	95	23	78	24	71	25	52	26	12	27	20	28	69	29	90	
	0	20	1	84	2	48	3	99	4	30	5	75	6	92	7	84	8	111	9	29	10	76	11	90	12	29	13	80	14	80	15	64	16	39	17	20	18	74	19	44	20	49	21	78	22	93	23	75	24	80	25	59	26	21	27	25	28	54	29	77	
	0	8	1	67	2	56	3	111	4	26	5	77	6	94	7	89	8	108	9	45	10	69	11	101	12	35	13	85	14	71	15	71	16	46	17	12	18	65	19	57	20	60	21	76	22	94	23	84	24	83	25	53	26	9	27	16	28	68	29	79	
	0	5	1	84	2	50	3	100	4	25	5	91	6	98	7	83	8	98	9	35	10	80	11	104	12	22	13	73	14	81	15	73	16	41	17	7	18	74	19	56	20	59	21	79	22	96	23	88	24	73	25	57	26	14	27	26	28	60	29	90	
	0	17	1	76	2	51	3	114	4	28	5	89	6	107	7	75	8	105	9	27	10	79	11	91	12	21	13	72	14	82	15	65	16	39	17	8	18	62	19	51	20	54	21	85	22	87	23	93	24	73	25	61	26	11	27	28	28	53	29	76	
	0	14	1	75	2	44	3	115	4	20	5	81	6	106	7	86	8	103	9	27	10	81	11	96	12	19	13	74	14	67	15	68	16	56	17	8	18	57	19	51	20	62	21	70	22	94	23	81	24	78	25	57	26	20	27	19	28	64	29	86	
	0	5	1	71	2	47	3	99	4	17	5	83	6	101	7	82	8	104	9	45	10	69	11	95	12	25	13	84	14	73	15	75	16	37	17	18	18	73	19	49	20	54	21	80	22	92	23	85	24	79	25	56	26	10	27	22	28	63	29	75	
	0	10	1	74	2	60	3	103	4	32	5	91	6	98	7	78	8	108	9	34	10	75	11	93	12	31	13	84	14	84	15	77	16	44	17	22	18	74	19	43	20	60	21	72	22	86	23	77	24	82	25	48	26	21	27	10	28	64	29	82	
	0	11	1	77	2	47	3	102	4	22	5	84	6	105	7	88	8	109	9	27	10	78	11	104	12	25	13	90	14	80	15	81	16	53	17	11	18	64	19	60	20	49	21	84	22	87	23	76	24	83	25	60	26	16	27	27	28	62	29	85	
	0	13	1	76	2	59	3	96	4	26	5	85	6	103	7	84	8	108	9	36	10	78	11	94	12	36	13	75	14	77	15	69	16	37	17	9	18	62	19	60	20	66	21	87	22	97	23	90	24	73	25	48	26	14	27	12	28	66	29	75	
	0	20	1	82	2	44	3	113	4	14	5	91	6	105	7	79	8	103	9	42	10	72	11	95	12	26	13	79	14	68	15	68	16	47	17	21	18	59	19	51	20	54	21	78	22	102	23	74	24	87	25	50	26	24	27	13	28	63	29	75	
	0	18	1	86	2	43	3	105	4	26	5	88	6	102	7	88	8	110	9	30	10	80	11	89	12	38	13	72	14	68	15	77	16	44	17	16	18	73	19	55	20	65	21	72	22	94	23	81	24	70	25	62	26	10	27	9	28	69	29	74	
	0	21	1	80	2	60	3	109	4	31	5	83	6	99	7	87	8	104	9	38	10	78	11	105	12	38	13	84	14	74	15	65	16	51	17	13	18	73	19	48	20	58	21	83	22	99	23	81	24	86	25	57	26	15	27	13	28	69	29	76	
	0	16	1	79	2	57	3	96	4	24	5	92	6	104	7	76	8	108	9	30	10	64	11	103	12	22	13	76	14	73	15	78	16	49	17	9	18	62	19	50	20	59	21	73	22	94	23	85	24	88	25	58	26	23	27	17	28	68	29	78	
	0	23	1	69	2	48	3	104	4	17	5	91	6	95	7	75	8	97	9	32	10	72	11	91	12	30	13	91	14	68	15	67	16	54	17	23	18	70	19	59	20	64	21	80	22	94	23	90	24	78	25	64	26	16	27	18	28	62	29	86	
	0	16	1	75	2	49	3	108	4	26	5	81	6	98	7	75	8	108	9	43	10	62	11	102	12	24	13	87	14	82	15	67	16	37	17	11	18	64	19	49	20	65	21	69	22	87	23	82	24	89	25	62	26	12	27	19	28	54	29	86	
	0	8	1	86	2	58	3	102	4	24	5	93	6	90	7	90	8	99	9	30	10	77	11	93	12	30	13	88	14	75	15	76	16	46	17	21	18	65	19	48	20	68	21	76	22	88	23	77	24	89	25	63	26	8	27	23	28	65	29	75	
	0	21	1	70	2	42	3	111	4	15	5	74	6	103	7	76	8	110	9	34	10	62	11	108	12	28	13	76	14	79	15	70	16	50	17	14	18	74	19	45	20	50	21	79	22	92	23	76	24	89	25	63	26	20	27	11	28	54	29	79	
	0	21	1	77	2	59	3	115	4	14	5	83	6	90	7	71	8	99	9	36	10	79	11	89	12	27	13	82	14	72	15	66	16	56	17	22	18	59	19	49	20	66	21	86	22	98	23	79	24	71	25	54	26	23	27	13	28	54	29	92	
	0	11	1	86	2	51	3	97	4	21	5	77	6	106	7	83	8	105	9	39	10	76	11	101	12	38	13	83	14	80	15	66	16	43	17	21	18	67	19	53	20	66	21	78	22	83	23	85	24	80	25	56	26	10	27	23	28	66	29	79	
	0	11	1	81	2	48	3	115	4	17	5	87	6	103	7	75	8	107	9	42	10	68	11	90	12	23	13	80	14	75	15	80	16	43	17	17	18	58	19	56	20	63	21	85	22	98	23	91	24	71	25	53	26	24	27	17	28	53	29	75	
	0	19	1	85	2	47	3	99	4	21	5	76	6	101	7	77	8	103	9	44	10	71	11	97	12	38	13	83	14	75	15	69	16	54	17	12	18	73	19	43	20	67	21	87	22	96	23	91	24	87	25	64	26	22	27	28	28	63	29	90	
	0	18	1	77	2	50	3	114	4	17	5	78	6	92	7	74	8	106	9	29	10	72	11	104	12	33	13	73	14	79	15	68	16	51	17	14	18	75	19	59	20	50	21	72	22	87	23	75	24	83	25	49	26	11	27	23	28	63	29	76	
	0	5	1	70	2	44	3	108	4	20	5	74	6	91	7	85	8	101	9	26	10	63	11	93	12	36	13	80	14	83	15	69	16	55	17	22	18	71	19	56	20	54	21	78	22	97	23	92	24	83	25	62	26	8	27	27	28	58	29	83	
	0	8	1	69	2	60	3	101	4	19	5	87	6	101	7	72	8	111	9	37	10	79	11	102	12	28	13	77	14	76	15	79	16	49	17	10	18	60	19	43	20	50	21	83	22	87	23	85	24	70	25	55	26	19	27	19	28	71	29	85	
	0	8	1	76	2	55	3	104	4	24	5	76	6	101	7	85	8	113	9	40	10	69	11	108	12	33	13	86	14	69	15	77	16	52	17	23	18	62	19	43	20	56	21	71	22	86	23	77	24	73	25	66	26	20	27	18	28	67	29	84	
	0	5	1	68	2	47	3	96	4	28	5	88	6	98	7	75	8	110	9	29	10	71	11	91	12	20	13	87	14	76	15	78	16	52	17	20	18	58	19	45	20	60	21	82	22	96	23	92	24	85	25	51	26	17	27	11	28	52	29	85	
	0	21	1	80	2	44	3	102	4	15	5	78	6	106	7	76	8	99	9	26	10	72	11	90	12	32	13	83	14	77	15	73	16	42	17	20	18	58	19	59	20	55	21	85	22	94	23	77	24	81	25	54	26	22	27	21	28	63	29	85	
	0	6	1	75	2	43	3	114	4	17	5	78	6	95	7	85	8	110	9	34	10	75	11	90	12	38	13	89	14	66	15	80	16	39	17	10	18	59	19	43	20	64	21	77	22	92	23	88	24	85	25	59	26	8	27	23	28	53	29	73	
	0	12	1	76	2	59	3	102	4	18	5	80	6	101	7	87	8	111	9	34	10	78	11	107	12	23	13	72	14	78	15	73	16	53	17	11	18	60	19	49	20	64	21	79	22	92	23	80	24	77	25	67	26	15	27	10	28	54	29	81	
	0	16	1	78	2	55	3	110	4	14	5	90	6	96	7	81	8	97	9	39	10	70	11	100	12	31	13	90	14	80	15	79	16	51	17	25	18	58	19	41	20	65	21	87	22	84	23	74	24	79	25	66	26	17	27	11	28	55	29	91	
	0	11	1	67	2	51	3	109	4	31	5	85	6	96	7	79	8	99	9	36	10	69	11	108	12	33	13	87	14	67	15	72	16	43	17	9	18	58	19	45	20	57	21	72	22	96	23	81	24	82	25	63	26	10	27	20	28	70	29	92	
	0	18	1	80	2	57	3	96	4	25	5	79	6	105	7	77	8	113	9	27	10	66	11	98	12	29	13	84	14	72	15	68	16	53	17	8	18	65	19	47	20	51	21	86	22	101	23	90	24	81	25	50	26	7	27	17	28	68	29	92	
	0	18	1	76	2	55	3	96	4	19	5	82	6	97	7	89	8	107	9	29	10	77	11	89	12	34	13	72	14	68	15	74	16	45	17	24	18	64	19	49	20	52	21	75	22	95	23	89	24	77	25	59	26	8	27	22	28	68	29	91	
	0	19	1	83	2	50	3	109	4	28	5	74	6	108	7	85	8	111	9	32	10	69	11	107	12	19	13	83	14	71	15	82	16	53	17	8	18	65	19	43	20	51	21	75	22	86	23	91	24	74	25	66	26	16	27	9	28	60	29	85	
	0	15	1	81	2	52	3	103	4	20	5	81	6	107	7	87	8	105	9	34	10	79	11	90	12	38	13	88	14	65	15	78	16	48	17	24	18	71	19	56	20	68	21	70	22	99	23	84	24	72	25	57	26	10	27	18	28	69	29	90	
	0	21	1	72	2	52	3	99	4	20	5	79	6	99	7	80	8	103	9	44	10	69	11	89	12	27	13	74	14	71	15	75	16	37	17	14	18	57	19	51	20	63	21	68	22	98	23	87	24	85	25	54	26	23	27	19	28	58	29	78	
	0	14	1	78	2	59	3	97	4	29	5	81	6	90	7	88	8	104	9	31	10	77	11	99	12	27	13	90	14	70	15	63	16	53	17	21	18	68	19	44	20	50	21	74	22	83	23	87	24	86	25	67	26	10	27	26	28	70	29	74	
	0	14	1	72	2	47	3	104	4	14	5	74	6	92	7	79	8	103	9	36	10	74	11	97	12	26	13	74	14	75	15	82	16	46	17	24	18	70	19	57	20	58	21	81	22	85	23	75	24	79	25	62	26	9	27	20	28	55	29	74	
	0	22	1	77	2	52	3	100	4	33	5	81	6	96	7	72	8	102	9	30	10	80	11	99	12	33	13	83	14	77	15	74	16	53	17	9	18	65	19	54	20	60	21	83	22	88	23	81	24	89	25	64	26	19	27	20	28	68	29	78	
	0	12	1	74	2	45	3	102	4	27	5	78	6	98	7	72	8	96	9	29	10	66	11	99	12	26	13	72	14	65	15	82	16	55	17	8	18	74	19	52	20	68	21	82	22	89	23	93	24	88	25	61	26	23	27	24	28	53	29	77	
	0	20	1	81	2	51	3	114	4	20	5	86	6	96	7	72	8	112	9	40	10	62	11	108	12	19	13	76	14	75	15	71	16	55	17	25	18	71	19	49	20	63	21	85	22	95	23	85	24	83	25	59	26	9	27	22	28	61	29	81	
	0	5	1	83	2	42	3	114	4	29	5	88	6	108	7	79	8	115	9	27	10	74	11	104	12	34	13	80	14	74	15	76	16	54	17	26	18	59	19	45	20	53	21	86	22	98	23	74	24	89	25	63	26	20	27	22	28	53	29	85	
	0	21	1	73	2	56	3	101	4	24	5	90	6	93	7	83	8	113	9	45	10	66	11	99	12	24	13	88	14	66	15	78	16	45	17	9	18	62	19	56	20	62	21	73	22	85	23	83	24	81	25	57	26	18	27	20	28	68	29	90	
	0	11	1	85	2	60	3	98	4	28	5	90	6	103	7	82	8	101	9	44	10	62	11	92	12	26	13	88	14	74	15	76	16	46	17	25	18	58	19	41	20	63	21	85	22	85	23	78	24	88	25	64	26	12	27	11	28	71	29	76	
	0	17	1	82	2	44	3	106	4	28	5	90	6	100	7	83	8	111	9	37	10	77	11	99	12	22	13	81	14	78	15	79	16	38	17	16	18	57	19	58	20	51	21	77	22	91	23	79	24	79	25	61	26	11	27	17	28	55	29	90	
	0	14	1	85	2	45	3	108	4	20	5	88	6	106	7	79	8	113	9	26	10	76	11	100	12	32	13	86	14	68	15	81	16	52	17	25	18	68	19	59	20	49	21	76	22	97	23	92	24	71	25	62	26	9	27	13	28	58	29	89	
	0	18	1	83	2	48	3	110	4	33	5	89	6	98	7	78	8	103	9	38	10	65	11	104	12	31	13	77	14	74	15	68	16	45	17	25	18	64	19	52	20	52	21	71	22	100	23	89	24	81	25	55	26	24	27	19	28	67	29	87	
	0	4	1	72	2	54	3	112	4	22	5	84	6	103	7	81	8	106	9	38	10	81	11	103	12	33	13	82	14	67	15	78	16	38	17	20	18	58	19	50	20	54	21	79	22	96	23	85	24	84	25	55	26	14	27	16	28	69	29	92	
	0	15	1	80	2	49	3	114	4	22	5	75	6	97	7	71	8	101	9	38	10	68	11	98	12	28	13	81	14	84	15	65	16	48	17	12	18	73	19	58	20	52	21	84	22	88	23	89	24	86	25	60	26	13	27	27	28	63	29	83	
	0	13	1	67	2	47	3	114	4	20	5	90	6	90	7	87	8	98	9	41	10	76	11	105	12	21	13	79	14	72	15	82	16	45	17	17	18	58	19	54	20	62	21	68	22	86	23	92	24	79	25	55	26	8	27	21	28	60	29	74	
	0	21	1	67	2	42	3	104	4	19	5	91	6	91	7	76	8	96	9	26	10	64	11	98	12	27	13	89	14	84	15	63	16	55	17	12	18	70	19	47	20	56	21	86	22	91	23	91	24	76	25	65	26	9	27	19	28	57	29	91	
	0	11	1	82	2	42	3	114	4	16	5	80	6	109	7	74	8	112	9	36	10	81	11	89	12	34	13	77	14	73	15	76	16	42	17	26	18	59	19	55	20	56	21	76	22	84	23	76	24	87	25	49	26	9	27	19	28	64	29	74	
	0	16	1	78	2	49	3	110	4	33	5	78	6	97	7	84	8	97	9	32	10	74	11	96	12	21	13	88	14	70	15	75	16	48	17	11	18	61	19	43	20	51	21	83	22	94	23	87	24	86	25	51	26	17	27	24	28	66	29	80	
	0	9	1	83	2	58	3	97	4	25	5	86	6	98	7	80	8	110	9	34	10	80	11	100	12	31	13	86	14	67	15	65	16	52	17	10	18	70	19	46	20	50	21	75	22	92	23	84	24	81	25	58	26	14	27	26	28	67	29	90	
	0	11	1	80	2	47	3	97	4	28	5	91	6	105	7	85	8	115	9	35	10	75	11	102	12	31	13	89	14	81	15	82	16	52	17	17	18	62	19	45	20	53	21	72	22	85	23	82	24	74	25	57	26	9	27	20	28	59	29	81	
	0	15	1	71	2	44	3	106	4	22	5	78	6	104	7	74	8	110	9	38	10	66	11	101	12	29	13	76	14	66	15	70	16	46	17	26	18	71	19	49	20	55	21	86	22	100	23	76	24	76	25	48	26	14	27	26	28	58	29	87	
	0	8	1	79	2	50	3	114	4	23	5	83	6	97	7	76	8	115	9	41	10	81	11	108	12	37	13	89	14	70	15	73	16	45	17	22	18	74	19	41	20	66	21	73	22	88	23	93	24	81	25	67	26	16	27	12	28	68	29	81	
	0	20	1	69	2	41	3	97	4	14	5	86	6	99	7	81	8	110	9	35	10	62	11	96	12	23	13	81	14	71	15	64	16	50	17	7	18	66	19	60	20	68	21	79	22	87	23	84	24	78	25	62	26	22	27	21	28	56	29	73	
	0	11	1	72	2	41	3	103	4	23	5	92	6	95	7	90	8	96	9	41	10	70	11	90	12	25	13	78	14	77	15	73	16	38	17	12	18	76	19	49	20	68	21	75	22	95	23	82	24	71	25	62	26	16	27	20	28	54	29	85	
	0	20	1	84	2	44	3	108	4	33	5	83	6	104	7	89	8	98	9	43	10	67	11	106	12	32	13	79	14	67	15	75	16	55	17	22	18	70	19	45	20	62	21	81	22	93	23	90	24	83	25	55	26	9	27	11	28	53	29	84	
	0	12	1	81	2	43	3	110	4	31	5	74	6	91	7	75	8	102	9	41	10	81	11	92	12	21	13	83	14	77	15	82	16	51	17	9	18	58	19	49	20	67	21	80	22	84	23	88	24	88	25	67	26	11	27	15	28	60	29	91	
	0	21	1	78	2	41	3	108	4	18	5	83	6	102	7	80	8	107	9	44	10	66	11	91	12	24	13	74	14	67	15	82	16	41	17	23	18	66	19	55	20	64	21	71	22	92	23	93	24	70	25	53	26	23	27	25	28	55	29	92	
	0	15	1	72	2	59	3	107	4	20	5	79	6	108	7	89	8	112	9	41	10	62	11	93	12	31	13	86	14	83	15	63	16	46	17	12	18	57	19	50	20	51	21	78	22	102	23	80	24	73	25	55	26	16	27	25	28	67	29	79	
	0	21	1	67	2	54	3	113	4	21	5	81	6	104	7	76	8	96	9	29	10	70	11	100	12	28	13	78	14	81	15	70	16	40	17	17	18	60	19	54	20	51	21	73	22	93	23	75	24	70	25	64	26	10	27	18	28	68	29	81	
	0	17	1	75	2	47	3	100	4	29	5	86	6	108	7	83	8	107	9	41	10	64	11	90	12	25	13	87	14	71	15	75	16	52	17	18	18	66	19	44	20	50	21	68	22	85	23	91	24	80	25	54	26	24	27	10	28	66	29	91	
	0	22	1	72	2	57	3	103	4	33	5	80	6	105	7	74	8	103	9	45	10	79	11	106	12	37	13	72	14	76	15	63	16	46	17	20	18	61	19	60	20	61	21	69	22	89	23	90	24	76	25	48	26	15	27	24	28	57	29	84	
	0	14	1	69	2	57	3	111	4	23	5	92	6	108	7	90	8	113	9	30	10	75	11	97	12	37	13	77	14	74	15	73	16	54	17	14	18	70	19	52	20	60	21	83	22	89	23	90	24	78	25	67	26	10	27	14	28	55	29	78	
	0	18	1	68	2	56	3	96	4	18	5	84	6	95	7	90	8	98	9	36	10	74	11	95	12	36	13	72	14	78	15	67	16	42	17	22	18	72	19	50	20	58	21	81	22	89	23	88	24	89	25	57	26	17	27	21	28	63	29	90	
	0	12	1	81	2	55	3	99	4	20	5	76	6	102	7	81	8	101	9	27	10	81	11	94	12	31	13	77	14	78	15	74	16	38	17	24	18	66	19	60	20	64	21	70	22	95	23	91	24	85	25	56	26	11	27	28	28	63	29	79	
	0	16	1	80	2	48	3	115	4	27	5	77	6	107	7	79	8	112	9	36	10	70	11	105	12	27	13	90	14	67	15	82	16	56	17	10	18	75	19	41	20	56	21	72	22	84	23	79	24	77	25	55	26	21	27	13	28	62	29	91	
	0	12	1	68	2	51	3	110	4	17	5	74	6	96	7	83	8	97	9	30	10	64	11	107	12	36	13	82	14	78	15	67	16	42	17	17	18	72	19	50	20	53	21	85	22	83	23	87	24	73	25	50	26	25	27	14	28	62	29	82	
	0	6	1	80	2	43	3	109	4	24	5	90	6	104	7	77	8	112	9	26	10	62	11	105	12	24	13	76	14	69	15	80	16	52	17	16	18	76	19	48	20	56	21	84	22	102	23	84	24	72	25	50	26	8	27	14	28	67	29	90	
	0	20	1	67	2	54	3	101	4	16	5	82	6	99	7	71	8	106	9	26	10	71	11	108	12	21	13	81	14	80	15	78	16	43	17	7	18	60	19	57	20	56	21	80	22	98	23	89	24	88	25	50	26	10	27	20	28	62	29	82	
	0	19	1	81	2	59	3	109	4	19	5	84	6	95	7	77	8	113	9	40	10	68	11	103	12	20	13	72	14	82	15	66	16	37	17	15	18	67	19	42	20	66	21	78	22	84	23	83	24	84	25	57	26	17	27	18	28	58	29	80	
	0	9	1	71	2	50	3	115	4	20	5	78	6	98	7	71	8	98	9	29	10	74	11	108	12	21	13	88	14	82	15	76	16	49	17	9	18	73	19	56	20	55	21	70	22	102	23	75	24	84	25	50	26	26	27	20	28	52	29	91	
	0	22	1	74	2	56	3	113	4	17	5	78	6	96	7	84	8	109	9	35	10	63	11	102	12	26	13	73	14	82	15	77	16	55	17	7	18	64	19	49	20	58	21	85	22	94	23	78	24	86	25	62	26	12	27	9	28	63	29	76	
	0	21	1	78	2	59	3	98	4	29	5	88	6	101	7	73	8	106	9	38	10	68	11	94	12	23	13	87	14	77	15	76	16	42	17	22	18	63	19	58	20	51	21	75	22	84	23	90	24	80	25	53	26	15	27	12	28	57	29	81	
	0	7	1	74	2	49	3	96	4	16	5	78	6	90	7	87	8	113	9	33	10	72	11	98	12	32	13	91	14	74	15	64	16	39	17	17	18	70	19	44	20	65	21	78	22	83	23	92	24	81	25	66	26	20	27	27	28	55	29	77	
	0	20	1	69	2	58	3	114	4	17	5	76	6	109	7	83	8	100	9	26	10	68	11	102	12	32	13	75	14	75	15	80	16	43	17	10	18	62	19	52	20	53	21	82	22	83	23	80	24	84	25	64	26	21	27	17	28	52	29	89	
	0	10	1	69	2	58	3	98	4	16	5	90	6	90	7	80	8	103	9	42	10	66	11	103	12	21	13	85	14	75	15	69	16	37	17	16	18	61	19	50	20	62	21	79	22	92	23	79	24	79	25	48	26	11	27	27	28	63	29	75	
	0	20	1	82	2	52	3	100	4	24	5	84	6	98	7	82	8	103	9	44	10	70	11	98	12	32	13	82	14	70	15	82	16	38	17	14	18	62	19	51	20	66	21	86	22	97	23	85	24	85	25	54	26	16	27	27	28	66	29	75	
	0	13	1	72	2	50	3	96	4	14	5	92	6	107	7	77	8	113	9	42	10	72	11	100	12	34	13	88	14	75	15	73	16	43	17	18	18	62	19	59	20	53	21	83	22	92	23	77	24	81	25	66	26	19	27	14	28	59	29	82	
	0	13	1	70	2	55	3	106	4	33	5	80	6	93	7	75	8	102	9	35	10	68	11	102	12	27	13	86	14	67	15	79	16	43	17	18	18	57	19	49	20	63	21	71	22	84	23	93	24	73	25	53	26	10	27	28	28	61	29	84	
	0	22	1	76	2	52	3	103	4	19	5	90	6	97	7	88	8	99	9	28	10	76	11	100	12	30	13	89	14	79	15	64	16	53	17	9	18	74	19	54	20	49	21	79	22	84	23	77	24	88	25	57	26	24	27	19	28	62	29	85	
	0	21	1	81	2	50	3	104	4	29	5	86	6	108	7	72	8	106	9	35	10	65	11	94	12	35	13	74	14	69	15	64	16	53	17	18	18	61	19	48	20	63	21	73	22	101	23	74	24	81	25	55	26	17	27	17	28	58	29	81	
	0	4	1	86	2	53	3	113	4	23	5	76	6	103	7	79	8	98	9	41	10	65	11	91	12	29	13	77	14	75	15	76	16	54	17	16	18	74	19	56	20	59	21	79	22	98	23	84	24	82	25	52	26	11	27	28	28	71	29	77	
	0	10	1	84	2	47	3	110	4	17	5	88	6	108	7	75	8	103	9	35	10	73	11	99	12	27	13	86	14	69	15	70	16	52	17	15	18	74	19	56	20	52	21	84	22	96	23	80	24	77	25	60	26	25	27	12	28	71	29	89	
	0	21	1	86	2	52	3	104	4	30	5	77	6	90	7	86	8	108	9	39	10	63	11	107	12	32	13	91	14	68	15	63	16	44	17	8	18	73	19	57	20	60	21	72	22	102	23	91	24	79	25	67	26	26	27	17	28	66	29	80	
	0	16	1	81	2	54	3	98	4	25	5	84	6	101	7	84	8	97	9	37	10	74	11	97	12	37	13	82	14	77	15	67	16	47	17	21	18	61	19	47	20	58	21	78	22	89	23	83	24	72	25	50	26	7	27	27	28	65	29	90	
	0	7	1	81	2	46	3	113	4	14	5	80	6	98	7	84	8	100	9	42	10	79	11	98	12	30	13	80	14	81	15	76	16	54	17	24	18	71	19	56	20	52	21	87	22	86	23	86	24	73	25	59	26	15	27	13	28	55	29	92	
	0	16	1	86	2	44	3	115	4	24	5	79	6	107	7	77	8	105	9	27	10	68	11	92	12	27	13	83	14	70	15	78	16	40	17	24	18	74	19	57	20	58	21	76	22	90	23	83	24	80	25	62	26	20	27	13	28	65	29	92	
	0	14	1	83	2	51	3	112	4	15	5	83	6	94	7	73	8	114	9	40	10	74	11	103	12	29	13	77	14	66	15	64	16	44	17	26	18	72	19	45	20	60	21	74	22	92	23	90	24	83	25	52	26	23	27	25	28	66	29	89	
	0	17	1	81	2	51	3	98	4	15	5	93	6	100	7	85	8	103	9	28	10	81	11	89	12	34	13	72	14	77	15	69	16	49	17	23	18	65	19	54	20	55	21	68	22	102	23	91	24	76	25	50	26	16	27	22	28	68	29	78	
	0	11	1	84	2	60	3	107	4	20	5	75	6	100	7	89	8	110	9	29	10	79	11	97	12	33	13	89	14	65	15	71	16	46	17	26	18	72	19	53	20	63	21	73	22	101	23	92	24	80	25	57	26	8	27	16	28	66	29	87	
	0	16	1	74	2	47	3	114	4	28	5	83	6	101	7	90	8	97	9	33	10	68	11	96	12	20	13	75	14	66	15	81	16	52	17	12	18	59	19	46	20	49	21	79	22	87	23	84	24	85	25	57	26	26	27	17	28	65	29	78	
	0	7	1	83	2	53	3	96	4	31	5	88	6	108	7	80	8	100	9	40	10	78	11	105	12	23	13	78	14	68	15	79	16	49	17	12	18	60	19	44	20	64	21	71	22	99	23	80	24	77	25	53	26	22	27	21	28	70	29	87	
	0	11	1	74	2	57	3	100	4	19	5	93	6	109	7	73	8	104	9	42	10	70	11	95	12	30	13	76	14	81	15	68	16	53	17	25	18	64	19	41	20	66	21	78	22	83	23	89	24	79	25	51	26	8	27	28	28	71	29	88	
	0	19	1	77	2	53	3	105	4	22	5	76	6	95	7	87	8	101	9	43	10	68	11	89	12	30	13	83	14	74	15	82	16	42	17	14	18	63	19	51	20	64	21	74	22	93	23	87	24	87	25	57	26	10	27	19	28	70	29	75	
	0	12	1	79	2	54	3	108	4	27	5	76	6	101	7	73	8	107	9	29	10	75	11	99	12	29	13	89	14	76	15	67	16	46	17	13	18	71	19	59	20	63	21	80	22	93	23	85	24	84	25	67	26	16	27	18	28	60	29	75	
	0	19	1	86	2	42	3	102	4	27	5	93	6	104	7	85	8	115	9	45	10	75	11	91	12	21	13	83	14	75	15	64	16	52	17	26	18	76	19	43	20	49	21	87	22	90	23	87	24	72	25	54	26	20	27	15	28	67	29	81	
	0	13	1	69	2	50	3	97	4	15	5	93	6	107	7	89	8	110	9	33	10	63	11	107	12	31	13	72	14	68	15	69	16	40	17	8	18	57	19	42	20	55	21	87	22	101	23	74	24	81	25	48	26	7	27	22	28	61	29	78	
	0	16	1	71	2	42	3	101	4	19	5	80	6	90	7	82	8	100	9	36	10	68	11	106	12	25	13	82	14	76	15	77	16	48	17	18	18	59	19	53	20	56	21	85	22	101	23	77	24	82	25	55	26	10	27	15	28	69	29	92	
	0	21	1	74	2	49	3	109	4	28	5	93	6	94	7	89	8	111	9	27	10	63	11	90	12	27	13	83	14	74	15	78	16	37	17	18	18	66	19	60	20	63	21	87	22	95	23	86	24	87	25	59	26	12	27	28	28	62	29	88	
	0	5	1	80	2	51	3	98	4	32	5	81	6	103	7	84	8	115	9	29	10	62	11	95	12	38	13	80	14	71	15	74	16	40	17	9	18	59	19	58	20	50	21	74	22	87	23	77	24	88	25	57	26	23	27	18	28	62	29	80	
	0	9	1	86	2	51	3	96	4	26	5	81	6	94	7	89	8	109	9	38	10	66	11	102	12	21	13	87	14	82	15	77	16	39	17	9	18	65	19	48	20	68	21	71	22	86	23	91	24	81	25	65	26	25	27	9	28	71	29	85	
	0	8	1	69	2	42	3	112	4	15	5	82	6	103	7	76	8	99	9	43	10	68	11	96	12	24	13	72	14	80	15	71	16	55	17	12	18	75	19	42	20	62	21	74	22	94	23	79	24	81	25	55	26	7	27	27	28	59	29	92	
	0	4	1	82	2	48	3	99	4	22	5	84	6	107	7	88	8	101	9	26	10	72	11	108	12	37	13	91	14	73	15	63	16	49	17	22	18	67	19	52	20	68	21	68	22	87	23	74	24	72	25	50	26	22	27	13	28	70	29	77	
	0	23	1	68	2	59	3	97	4	29	5	75	6	103	7	79	8	102	9	43	10	68	11	95	12	32	13	76	14	84	15	69	16	52	17	23	18	59	19	41	20	67	21	76	22	88	23	87	24	81	25	67	26	9	27	16	28	65	29	84	
	0	13	1	79	2	44	3	107	4	18	5	77	6	95	7	71	8	106	9	29	10	81	11	107	12	37	13	73	14	83	15	74	16	43	17	10	18	64	19	53	20	60	21	87	22	100	23	78	24	71	25	48	26	15	27	20	28	59	29	74	
	0	7	1	83	2	52	3	111	4	14	5	85	6	91	7	71	8	113	9	37	10	80	11	101	12	38	13	89	14	82	15	65	16	38	17	12	18	57	19	59	20	49	21	80	22	97	23	79	24	76	25	50	26	24	27	23	28	52	29	77	
	0	14	1	78	2	42	3	112	4	22	5	93	6	93	7	73	8	109	9	39	10	71	11	108	12	31	13	88	14	69	15	78	16	39	17	22	18	61	19	60	20	57	21	74	22	100	23	82	24	74	25	67	26	13	27	17	28	60	29	85	
	0	5	1	76	2	54	3	107	4	26	5	87	6	96	7	83	8	100	9	37	10	73	11	107	12	34	13	87	14	70	15	66	16	56	17	16	18	62	19	47	20	57	21	72	22	102	23	80	24	72	25	50	26	23	27	18	28	65	29	84	
	0	22	1	74	2	57	3	115	4	16	5	86	6	96	7	86	8	101	9	40	10	76	11	97	12	35	13	89	14	65	15	67	16	52	17	15	18	61	19	56	20	57	21	83	22	84	23	79	24	76	25	48	26	22	27	12	28	71	29	78	
	0	16	1	75	2	49	3	108	4	22	5	74	6	102	7	74	8	108	9	27	10	65	11	105	12	30	13	86	14	73	15	80	16	51	17	11	18	72	19	49	20	49	21	72	22	95	23	83	24	77	25	59	26	20	27	16	28	66	29	81	
	0	15	1	73	2	57	3	115	4	17	5	85	6	106	7	71	8	96	9	37	10	74	11	98	12	24	13	81	14	77	15	70	16	40	17	18	18	68	19	45	20	59	21	69	22	97	23	82	24	84	25	66	26	26	27	28	28	52	29	85	
	0	22	1	67	2	51	3	99	4	15	5	91	6	105	7	81	8	102	9	38	10	68	11	106	12	21	13	84	14	72	15	73	16	40	17	8	18	67	19	58	20	60	21	82	22	84	23	92	24	78	25	49	26	7	27	24	28	64	29	76	
	0	15	1	82	2	57	3	107	4	27	5	74	6	104	7	72	8	104	9	28	10	62	11	95	12	34	13	90	14	67	15	82	16	41	17	10	18	72	19	56	20	66	21	69	22	92	23	80	24	87	25	67	26	26	27	15	28	61	29	75	
	0	10	1	82	2	60	3	109	4	20	5	93	6	98	7	87	8	111	9	39	10	70	11	102	12	33	13	83	14	67	15	77	16	50	17	7	18	72	19	56	20	52	21	78	22	95	23	79	24	78	25	50	26	16	27	10	28	60	29	88	
	0	11	1	77	2	51	3	114	4	16	5	85	6	104	7	87	8	113	9	37	10	79	11	93	12	34	13	80	14	75	15	69	16	54	17	25	18	60	19	44	20	59	21	73	22	97	23	86	24	84	25	67	26	21	27	27	28	56	29	73	
	0	22	1	72	2	58	3	99	4	15	5	80	6	92	7	86	8	103	9	30	10	70	11	102	12	29	13	76	14	75	15	67	16	51	17	16	18	71	19	57	20	51	21	80	22	86	23	90	24	85	25	57	26	18	27	23	28	63	29	80	
	0	7	1	85	2	49	3	106	4	32	5	82	6	95	7	86	8	100	9	29	10	65	11	89	12	34	13	88	14	78	15	76	16	42	17	9	18	58	19	47	20	56	21	69	22	93	23	85	24	81	25	66	26	14	27	12	28	60	29	91	
	0	18	1	86	2	56	3	108	4	26	5	87	6	96	7	81	8	106	9	30	10	73	11	108	12	19	13	77	14	75	15	72	16	52	17	7	18	63	19	58	20	65	21	73	22	98	23	81	24	83	25	56	26	23	27	11	28	71	29	79	
	0	4	1	70	2	50	3	112	4	16	5	82	6	99	7	83	8	115	9	44	10	78	11	91	12	33	13	77	14	68	15	81	16	51	17	12	18	76	19	42	20	62	21	71	22	85	23	93	24	71	25	67	26	13	27	22	28	54	29	83	
	0	14	1	83	2	56	3	101	4	27	5	82	6	108	7	81	8	106	9	32	10	75	11	96	12	28	13	74	14	81	15	81	16	46	17	7	18	74	19	58	20	53	21	84	22	101	23	88	24	73	25	50	26	14	27	9	28	68	29	92	
	0	21	1	80	2	53	3	109	4	30	5	77	6	108	7	80	8	114	9	36	10	64	11	99	12	19	13	81	14	73	15	72	16	38	17	23	18	64	19	57	20	51	21	76	22	93	23	87	24	76	25	59	26	16	27	11	28	56	29	82	
	0	6	1	69	2	56	3	96	4	30	5	78	6	105	7	89	8	102	9	26	10	74	11	89	12	33	13	88	14	80	15	68	16	53	17	25	18	69	19	46	20	67	21	75	22	83	23	79	24	82	25	58	26	13	27	23	28	62	29	92	
	0	12	1	75	2	45	3	109	4	18	5	79	6	96	7	78	8	108	9	40	10	73	11	89	12	29	13	78	14	83	15	79	16	51	17	16	18	68	19	48	20	59	21	87	22	88	23	80	24	86	25	64	26	9	27	25	28	56	29	80	
	0	13	1	75	2	59	3	101	4	27	5	77	6	97	7	75	8	106	9	40	10	76	11	105	12	32	13	88	14	69	15	76	16	40	17	18	18	68	19	50	20	49	21	72	22	96	23	89	24	75	25	62	26	15	27	9	28	61	29	89	
	0	22	1	80	2	60	3	115	4	26	5	82	6	92	7	84	8	115	9	39	10	79	11	89	12	36	13	81	14	77	15	68	16	45	17	9	18	65	19	59	20	61	21	87	22	96	23	87	24	80	25	51	26	25	27	21	28	60	29	74	
	0	12	1	68	2	54	3	107	4	31	5	93	6	92	7	85	8	110	9	43	10	66	11	98	12	25	13	84	14	72	15	66	16	46	17	7	18	65	19	56	20	68	21	71	22	99	23	87	24	74	25	55	26	18	27	22	28	57	29	91	
	0	12	1	76	2	47	3	110	4	29	5	78	6	107	7	76	8	98	9	44	10	63	11	99	12	35	13	87	14	83	15	79	16	48	17	16	18	65	19	49	20	53	21	84	22	84	23	81	24	81	25	57	26	24	27	22	28	61	29	87	
	0	20	1	79	2	43	3	96	4	31	5	90	6	103	7	73	8	101	9	34	10	67	11	92	12	38	13	75	14	83	15	80	16	45	17	16	18	64	19	42	20	65	21	83	22	98	23	90	24	75	25	66	26	16	27	12	28	65	29	82	
	0	9	1	76	2	57	3	99	4	29	5	77	6	101	7	71	8	98	9	40	10	62	11	89	12	23	13	86	14	68	15	75	16	42	17	11	18	62	19	50	20	51	21	76	22	86	23	91	24	75	25	55	26	22	27	10	28	58	29	75	
	0	5	1	74	2	55	3	97	4	28	5	78	6	94	7	84	8	111	9	32	10	62	11	106	12	29	13	87	14	71	15	73	16	37	17	8	18	71	19	59	20	51	21	76	22	93	23	79	24	85	25	64	26	7	27	18	28	66	29	76	
	0	21	1	79	2	56	3	115	4	19	5	81	6	107	7	75	8	105	9	32	10	62	11	104	12	22	13	75	14	70	15	82	16	53	17	9	18	69	19	43	20	66	21	69	22	99	23	84	24	76	25	61	26	9	27	28	28	53	29	78	
	0	20	1	77	2	43	3	111	4	28	5	78	6	96	7	87	8	110	9	39	10	66	11	105	12	24	13	83	14	75	15	73	16	43	17	21	18	64	19	56	20	65	21	76	22	95	23	74	24	75	25	48	26	17	27	24	28	52	29	87	
	0	15	1	85	2	59	3	104	4	21	5	75	6	95	7	71	8	103	9	43	10	65	11	102	12	24	13	84	14	84	15	64	16	39	17	20	18	71	19	41	20	56	21	80	22	91	23	86	24	83	25	63	26	12	27	27	28	53	29	85	
	0	22	1	83	2	52	3	112	4	15	5	91	6	108	7	82	8	107	9	45	10	72	11	99	12	25	13	87	14	75	15	63	16	42	17	13	18	72	19	54	20	52	21	75	22	98	23	90	24	86	25	67	26	18	27	12	28	55	29	86	
	0	23	1	84	2	50	3	113	4	33	5	77	6	106	7	81	8	111	9	40	10	63	11	103	12	31	13	77	14	69	15	72	16	52	17	17	18	72	19	48	20	64	21	78	22	99	23	83	24	76	25	61	26	18	27	22	28	52	29	81	
	0	13	1	77	2	50	3	114	4	17	5	93	6	93	7	76	8	110	9	44	10	78	11	93	12	38	13	85	14	82	15	81	16	53	17	17	18	76	19	45	20	58	21	81	22	102	23	87	24	80	25	60	26	22	27	15	28	67	29	79	
	0	16	1	81	2	49	3	105	4	26	5	82	6	102	7	73	8	114	9	34	10	72	11	102	12	33	13	84	14	70	15	73	16	42	17	18	18	60	19	56	20	55	21	76	22	91	23	89	24	82	25	63	26	7	27	12	28	59	29	81	
	0	21	1	77	2	49	3	107	4	29	5	89	6	109	7	71	8	108	9	27	10	67	11	104	12	31	13	74	14	80	15	67	16	50	17	9	18	60	19	56	20	63	21	84	22	93	23	88	24	73	25	66	26	26	27	14	28	52	29	80	
	0	12	1	68	2	58	3	102	4	30	5	78	6	92	7	84	8	104	9	45	10	62	11	108	12	34	13	85	14	67	15	74	16	37	17	19	18	57	19	41	20	67	21	78	22	94	23	75	24	75	25	58	26	15	27	26	28	63	29	79	
	0	14	1	70	2	58	3	105	4	29	5	83	6	104	7	79	8	99	9	36	10	68	11	100	12	33	13	82	14	69	15	64	16	39	17	9	18	58	19	55	20	58	21	79	22	95	23	75	24	85	25	55	26	23	27	11	28	54	29	79	
	0	22	1	68	2	59	3	112	4	19	5	83	6	101	7	74	8	109	9	36	10	67	11	107	12	21	13	73	14	72	15	70	16	46	17	20	18	57	19	53	20	65	21	82	22	102	23	83	24	77	25	62	26	7	27	22	28	69	29	92	
	0	17	1	86	2	42	3	101	4	24	5	76	6	91	7	86	8	107	9	31	10	67	11	98	12	36	13	76	14	81	15	67	16	47	17	17	18	67	19	58	20	51	21	70	22	85	23	74	24	88	25	50	26	11	27	15	28	66	29	91	
	0	12	1	81	2	45	3	115	4	28	5	85	6	90	7	89	8	106	9	26	10	74	11	90	12	24	13	75	14	71	15	75	16	53	17	21	18	59	19	46	20	52	21	72	22	101	23	87	24	88	25	66	26	12	27	14	28	64	29	87	
	0	13	1	76	2	54	3	101	4	19	5	81	6	91	7	73	8	108	9	35	10	81	11	100	12	37	13	73	14	78	15	68	16	52	17	21	18	75	19	54	20	66	21	76	22	97	23	87	24	78	25	65	26	26	27	22	28	62	29	81	
	0	17	1	77	2	53	3	101	4	14	5	86	6	91	7	86	8	115	9	37	10	79	11	95	12	32	13	84	14	65	15	82	16	47	17	17	18	76	19	53	20	64	21	72	22	91	23	85	24	74	25	61	26	12	27	15	28	56	29	91	
	0	7	1	68	2	59	3	111	4	14	5	91	6	95	7	84	8	101	9	39	10	68	11	100	12	37	13	72	14	73	15	76	16	52	17	20	18	75	19	43	20	49	21	85	22	102	23	86	24	80	25	48	26	19	27	16	28	54	29	77	
	0	4	1	76	2	51	3	113	4	16	5	93	6	104	7	88	8	104	9	42	10	71	11	99	12	19	13	79	14	74	15	67	16	52	17	18	18	61	19	41	20	56	21	73	22	85	23	76	24	78	25	62	26	24	27	28	28	70	29	83	
	0	5	1	86	2	56	3	102	4	22	5	79	6	93	7	76	8	101	9	45	10	68	11	96	12	33	13	78	14	71	15	66	16	47	17	25	18	59	19	59	20	67	21	86	22	87	23	88	24	88	25	66	26	25	27	13	28	59	29	91	
	0	17	1	84	2	46	3	96	4	25	5	74	6	109	7	77	8	106	9	40	10	77	11	105	12	20	13	89	14	73	15	66	16	51	17	26	18	58	19	43	20	51	21	76	22	88	23	82	24	73	25	63	26	12	27	11	28	53	29	88	
	0	17	1	75	2	50	3	103	4	19	5	87	6	93	7	83	8	106	9	27	10	68	11	94	12	29	13	80	14	77	15	76	16	37	17	15	18	57	19	45	20	58	21	70	22	99	23	78	24	77	25	67	26	11	27	24	28	60	29	89	
	0	23	1	72	2	51	3	100	4	28	5	77	6	98	7	88	8	114	9	43	10	80	11	99	12	37	13	80	14	81	15	73	16	43	17	11	18	76	19	54	20	60	21	80	22	90	23	75	24	81	25	49	26	24	27	10	28	66	29	88	
	0	10	1	74	2	54	3	108	4	24	5	91	6	94	7	80	8	103	9	43	10	78	11	101	12	30	13	76	14	70	15	71	16	41	17	23	18	67	19	44	20	55	21	86	22	89	23	91	24	78	25	50	26	21	27	20	28	62	29	81	
	0	17	1	86	2	58	3	115	4	14	5	88	6	108	7	73	8	109	9	27	10	63	11	97	12	30	13	83	14	74	15	65	16	39	17	24	18	61	19	52	20	51	21	83	22	90	23	74	24	89	25	53	26	13	27	19	28	54	29	86	
	0	9	1	85	2	45	3	106	4	30	5	84	6	90	7	79	8	109	9	34	10	71	11	92	12	34	13	90	14	67	15	76	16	46	17	17	18	68	19	55	20	49	21	86	22	91	23	75	24	83	25	64	26	21	27	15	28	64	29	83	
	0	5	1	71	2	52	3	97	4	18	5	89	6	100	7	85	8	107	9	27	10	72	11	103	12	37	13	75	14	75	15	82	16	49	17	8	18	64	19	60	20	66	21	81	22	89	23	90	24	84	25	48	26	20	27	12	28	61	29	79	
	0	15	1	72	2	46	3	109	4	22	5	90	6	98	7	73	8	96	9	30	10	66	11	96	12	29	13	76	14	75	15	80	16	40	17	19	18	64	19	48	20	55	21	73	22	88	23	79	24	77	25	59	26	10	27	9	28	57	29	75	
	0	13	1	70	2	52	3	111	4	30	5	85	6	93	7	78	8	107	9	45	10	73	11	95	12	36	13	89	14	81	15	75	16	50	17	19	18	57	19	51	20	55	21	80	22	98	23	86	24	77	25	54	26	14	27	25	28	52	29	76	
	0	19	1	72	2	49	3	101	4	31	5	88	6	97	7	72	8	104	9	42	10	75	11	108	12	28	13	80	14	68	15	76	16	44	17	23	18	67	19	55	20	62	21	83	22	91	23	90	24	76	25	52	26	22	27	27	28	58	29	75	
	0	15	1	68	2	59	3	109	4	19	5	89	6	93	7	90	8	103	9	27	10	65	11	97	12	38	13	91	14	79	15	79	16	49	17	12	18	61	19	50	20	62	21	80	22	92	23	83	24	85	25	64	26	20	27	27	28	69	29	84	
	0	21	1	84	2	50	3	115	4	21	5	90	6	103	7	82	8	112	9	39	10	79	11	107	12	30	13	91	14	84	15	77	16	45	17	15	18	65	19	60	20	54	21	69	22	86	23	91	24	89	25	48	26	10	27	25	28	56	29	82	
	0	19	1	80	2	60	3	106	4	18	5	91	6	99	7	85	8	114	9	44	10	77	11	97	12	32	13	80	14	73	15	69	16	49	17	24	18	61	19	53	20	60	21	82	22	85	23	77	24	82	25	60	26	24	27	18	28	65	29	89	
	0	16	1	84	2	53	3	96	4	17	5	85	6	90	7	82	8	96	9	29	10	62	11	98	12	33	13	73	14	79	15	65	16	45	17	23	18	71	19	49	20	51	21	76	22	91	23	74	24	83	25	48	26	21	27	12	28	66	29	78	
	0	20	1	67	2	41	3	97	4	29	5	83	6	95	7	78	8	100	9	41	10	76	11	104	12	30	13	81	14	66	15	75	16	46	17	13	18	73	19	45	20	51	21	87	22	100	23	76	24	82	25	54	26	15	27	11	28	58	29	73	
	0	4	1	69	2	58	3	111	4	14	5	92	6	103	7	77	8	112	9	44	10	66	11	98	12	38	13	89	14	66	15	72	16	56	17	16	18	69	19	43	20	49	21	71	22	83	23	89	24	71	25	63	26	8	27	15	28	69	29	79	
	0	22	1	68	2	53	3	113	4	14	5	76	6	107	7	84	8	104	9	42	10	80	11	99	12	33	13	77	14	73	15	79	16	37	17	18	18	57	19	41	20	67	21	70	22	97	23	91	24	89	25	57	26	14	27	20	28	60	29	92	
	0	15	1	67	2	48	3	106	4	15	5	74	6	102	7	88	8	103	9	45	10	67	11	105	12	32	13	73	14	68	15	78	16	45	17	26	18	76	19	45	20	62	21	76	22	89	23	78	24	72	25	63	26	18	27	17	28	59	29	85	
	0	12	1	67	2	54	3	97	4	19	5	76	6	94	7	82	8	107	9	30	10	67	11	93	12	37	13	86	14	84	15	79	16	55	17	26	18	67	19	57	20	57	21	75	22	102	23	79	24	84	25	66	26	13	27	25	28	59	29	90	
	0	16	1	71	2	57	3	97	4	21	5	75	6	96	7	79	8	113	9	30	10	76	11	107	12	33	13	72	14	66	15	75	16	56	17	9	18	63	19	55	20	55	21	82	22	87	23	83	24	79	25	55	26	21	27	22	28	63	29	74	
	0	15	1	72	2	55	3	104	4	27	5	79	6	95	7	90	8	103	9	45	10	65	11	92	12	37	13	87	14	73	15	77	16	50	17	25	18	59	19	42	20	65	21	74	22	90	23	89	24	71	25	50	26	18	27	13	28	55	29	83	
	0	22	1	79	2	42	3	113	4	28	5	86	6	108	7	71	8	102	9	26	10	74	11	92	12	25	13	88	14	65	15	70	16	38	17	16	18	57	19	58	20	65	21	75	22	102	23	91	24	80	25	57	26	26	27	28	28	65	29	75	
	0	18	1	78	2	42	3	113	4	24	5	85	6	95	7	72	8	111	9	41	10	66	11	105	12	32	13	86	14	70	15	67	16	37	17	7	18	70	19	42	20	51	21	68	22	98	23	87	24	87	25	65	26	12	27	12	28	58	29	79	
	0	18	1	79	2	50	3	107	4	32	5	75	6	91	7	76	8	104	9	42	10	77	11	97	12	25	13	85	14	67	15	63	16	42	17	19	18	67	19	45	20	61	21	70	22	98	23	92	24	75	25	61	26	13	27	12	28	55	29	77	
	0	17	1	79	2	43	3	111	4	25	5	89	6	94	7	83	8	105	9	45	10	71	11	99	12	24	13	90	14	65	15	74	16	40	17	20	18	62	19	53	20	58	21	74	22	93	23	89	24	79	25	66	26	21	27	25	28	60	29	84	
	0	18	1	80	2	47	3	101	4	19	5	88	6	105	7	88	8	98	9	28	10	80	11	99	12	37	13	90	14	84	15	73	16	49	17	8	18	72	19	48	20	66	21	85	22	88	23	89	24	84	25	67	26	20	27	19	28	66	29	74	
	0	7	1	82	2	51	3	110	4	19	5	92	6	107	7	88	8	107	9	36	10	66	11	107	12	20	13	90	14	71	15	70	16	51	17	15	18	65	19	52	20	65	21	69	22	90	23	75	24	70	25	66	26	10	27	13	28	71	29	76	
	0	10	1	82	2	42	3	101	4	17	5	88	6	105	7	83	8	110	9	30	10	77	11	89	12	19	13	78	14	68	15	64	16	52	17	18	18	62	19	47	20	62	21	82	22	96	23	79	24	87	25	49	26	24	27	14	28	63	29	90	
	0	8	1	86	2	48	3	114	4	18	5	87	6	109	7	84	8	105	9	42	10	74	11	95	12	36	13	79	14	74	15	63	16	52	17	12	18	63	19	46	20	65	21	82	22	95	23	84	24	83	25	56	26	7	27	16	28	64	29	76	
	0	12	1	79	2	58	3	105	4	19	5	91	6	90	7	87	8	98	9	30	10	71	11	103	12	23	13	72	14	75	15	73	16	55	17	10	18	57	19	45	20	65	21	68	22	96	23	87	24	76	25	63	26	25	27	22	28	62	29	82	
	0	6	1	83	2	47	3	112	4	18	5	78	6	105	7	88	8	106	9	37	10	79	11	106	12	31	13	79	14	67	15	80	16	56	17	22	18	63	19	48	20	66	21	74	22	88	23	83	24	73	25	62	26	22	27	11	28	56	29	80	
	0	19	1	84	2	56	3	107	4	22	5	87	6	90	7	76	8	115	9	28	10	63	11	91	12	35	13	85	14	83	15	74	16	55	17	20	18	63	19	44	20	53	21	74	22	83	23	81	24	80	25	54	26	13	27	28	28	64	29	73	
	0	11	1	81	2	46	3	97	4	27	5	74	6	92	7	81	8	113	9	43	10	63	11	93	12	27	13	88	14	66	15	72	16	44	17	18	18	67	19	56	20	55	21	78	22	93	23	75	24	78	25	50	26	13	27	23	28	70	29	89	
	0	8	1	79	2	41	3	96	4	27	5	86	6	92	7	80	8	110	9	33	10	64	11	92	12	30	13	79	14	78	15	73	16	51	17	26	18	58	19	48	20	60	21	77	22	93	23	92	24	81	25	66	26	18	27	23	28	67	29	90	
	0	22	1	76	2	50	3	108	4	28	5	93	6	100	7	79	8	113	9	45	10	73	11	108	12	37	13	72	14	70	15	72	16	37	17	7	18	64	19	52	20	68	21	68	22	89	23	82	24	89	25	63	26	12	27	17	28	57	29	89	
	0	10	1	80	2	54	3	96	4	16	5	91	6	100	7	72	8	96	9	34	10	80	11	103	12	23	13	73	14	71	15	70	16	54	17	12	18	76	19	60	20	52	21	69	22	98	23	85	24	72	25	66	26	25	27	9	28	54	29	75	
	0	16	1	71	2	50	3	112	4	24	5	83	6	95	7	88	8	97	9	39	10	67	11	95	12	29	13	84	14	74	15	64	16	52	17	26	18	63	19	57	20	63	21	74	22	84	23	76	24	83	25	54	26	16	27	17	28	61	29	87	
	0	8	1	83	2	42	3	102	4	14	5	88	6	101	7	82	8	108	9	33	10	66	11	106	12	35	13	81	14	70	15	71	16	47	17	25	18	67	19	51	20	67	21	70	22	100	23	78	24	72	25	61	26	14	27	28	28	64	29	76	
	0	9	1	76	2	41	3	102	4	17	5	83	6	98	7	87	8	100	9	37	10	78	11	107	12	36	13	77	14	66	15	76	16	40	17	25	18	67	19	47	20	53	21	70	22	93	23	81	24	79	25	61	26	22	27	27	28	67	29	85	
	0	16	1	82	2	48	3	113	4	18	5	76	6	91	7	77	8	102	9	34	10	78	11	102	12	21	13	91	14	71	15	75	16	42	17	7	18	72	19	50	20	49	21	73	22	102	23	85	24	72	25	51	26	13	27	14	28	55	29	81	
	0	12	1	76	2	42	3	102	4	14	5	78	6	99	7	90	8	96	9	44	10	74	11	103	12	38	13	72	14	75	15	65	16	38	17	19	18	64	19	57	20	51	21	85	22	84	23	93	24	85	25	59	26	7	27	23	28	52	29	84	
	0	10	1	84	2	41	3	108	4	26	5	76	6	106	7	87	8	96	9	42	10	70	11	96	12	35	13	82	14	68	15	68	16	50	17	18	18	71	19	48	20	50	21	75	22	88	23	87	24	79	25	53	26	26	27	19	28	58	29	87	
	0	15	1	74	2	47	3	97	4	14	5	78	6	99	7	83	8	105	9	38	10	75	11	105	12	24	13	81	14	69	15	75	16	48	17	13	18	74	19	58	20	53	21	87	22	95	23	83	24	73	25	50	26	10	27	15	28	54	29	86	
	0	7	1	72	2	52	3	106	4	27	5	78	6	95	7	72	8	113	9	32	10	75	11	91	12	27	13	72	14	71	15	65	16	42	17	19	18	66	19	41	20	59	21	68	22	100	23	79	24	86	25	52	26	26	27	20	28	65	29	89	
	0	12	1	71	2	55	3	113	4	14	5	88	6	109	7	77	8	114	9	45	10	73	11	102	12	28	13	81	14	79	15	79	16	41	17	19	18	58	19	46	20	50	21	68	22	83	23	79	24	71	25	53	26	21	27	26	28	63	29	84	
	0	20	1	85	2	41	3	110	4	18	5	87	6	98	7	90	8	108	9	35	10	68	11	94	12	27	13	76	14	80	15	73	16	56	17	7	18	63	19	43	20	49	21	83	22	99	23	87	24	75	25	59	26	12	27	26	28	54	29	76	
	0	22	1	67	2	53	3	98	4	23	5	79	6	102	7	76	8	106	9	30	10	72	11	103	12	31	13	79	14	77	15	65	16	55	17	26	18	76	19	42	20	66	21	77	22	97	23	78	24	86	25	58	26	22	27	24	28	54	29	88	
	0	17	1	73	2	47	3	109	4	16	5	81	6	103	7	71	8	108	9	32	10	77	11	92	12	32	13	86	14	68	15	68	16	52	17	23	18	68	19	47	20	50	21	85	22	102	23	82	24	74	25	56	26	17	27	9	28	59	29	84	
	0	18	1	80	2	57	3	99	4	17	5	88	6	94	7	76	8	98	9	26	10	70	11	103	12	38	13	91	14	82	15	75	16	55	17	11	18	76	19	56	20	62	21	85	22	95	23	76	24	75	25	66	26	12	27	21	28	63	29	77	
	0	17	1	77	2	42	3	96	4	24	5	87	6	104	7	85	8	97	9	45	10	66	11	105	12	24	13	91	14	75	15	75	16	56	17	19	18	61	19	58	20	57	21	82	22	86	23	81	24	88	25	64	26	16	27	11	28	54	29	74	
	0	18	1	69	2	46	3	115	4	14	5	89	6	91	7	88	8	101	9	45	10	78	11	94	12	21	13	79	14	77	15	79	16	53	17	13	18	61	19	49	20	57	21	70	22	84	23	74	24	73	25	55	26	20	27	25	28	62	29	84	
	0	16	1	80	2	47	3	114	4	25	5	86	6	106	7	84	8	101	9	37	10	79	11	102	12	33	13	76	14	70	15	64	16	39	17	23	18	67	19	53	20	65	21	72	22	97	23	79	24	70	25	57	26	18	27	14	28	58	29	76	
	0	22	1	72	2	46	3	97	4	16	5	79	6	98	7	88	8	113	9	34	10	71	11	107	12	23	13	79	14	81	15	66	16	56	17	15	18	68	19	47	20	56	21	79	22	92	23	87	24	86	25	49	26	10	27	21	28	54	29	83	
	0	5	1	70	2	45	3	112	4	33	5	91	6	109	7	75	8	100	9	38	10	66	11	105	12	37	13	72	14	68	15	78	16	47	17	10	18	70	19	50	20	49	21	82	22	93	23	84	24	88	25	63	26	16	27	25	28	58	29	87	
	0	12	1	84	2	56	3	108	4	21	5	83	6	105	7	82	8	111	9	42	10	74	11	97	12	22	13	75	14	69	15	71	16	47	17	9	18	61	19	60	20	50	21	70	22	100	23	86	24	82	25	58	26	22	27	28	28	69	29	89	
	0	6	1	70	2	42	3	112	4	16	5	81	6	104	7	88	8	105	9	41	10	62	11	108	12	30	13	72	14	81	15	76	16	49	17	13	18	62	19	60	20	58	21	87	22	85	23	88	24	74	25	56	26	10	27	11	28	59	29	81	
	0	14	1	76	2	55	3	111	4	33	5	78	6	95	7	87	8	96	9	42	10	63	11	90	12	22	13	84	14	70	15	68	16	51	17	20	18	57	19	58	20	51	21	81	22	98	23	74	24	82	25	54	26	14	27	16	28	62	29	80	
	0	13	1	76	2	60	3	104	4	20	5	92	6	97	7	77	8	109	9	37	10	70	11	98	12	32	13	81	14	74	15	67	16	51	17	12	18	62	19	46	20	56	21	82	22	86	23	77	24	74	25	65	26	8	27	21	28	67	29	85	
	0	13	1	75	2	54	3	112	4	16	5	86	6	94	7	84	8	107	9	44	10	80	11	95	12	25	13	73	14	79	15	73	16	45	17	24	18	67	19	47	20	52	21	87	22	87	23	91	24	89	25	49	26	17	27	27	28	63	29	91	
	0	17	1	85	2	55	3	104	4	15	5	81	6	102	7	81	8	102	9	26	10	77	11	97	12	22	13	72	14	82	15	64	16	40	17	22	18	67	19	56	20	62	21	80	22	91	23	85	24	77	25	54	26	18	27	15	28	69	29	87	
	0	8	1	69	2	52	3	108	4	15	5	93	6	93	7	71	8	108	9	41	10	80	11	106	12	31	13	76	14	74	15	71	16	40	17	12	18	67	19	52	20	49	21	74	22	99	23	90	24	89	25	56	26	11	27	11	28	60	29	75	
	0	5	1	84	2	44	3	111	4	17	5	85	6	100	7	90	8	109	9	43	10	79	11	100	12	25	13	75	14	76	15	73	16	44	17	18	18	76	19	58	20	54	21	71	22	95	23	80	24	87	25	50	26	26	27	19	28	58	29	77	
	0	17	1	68	2	47	3	99	4	16	5	82	6	102	7	74	8	110	9	42	10	77	11	102	12	29	13	79	14	74	15	64	16	44	17	13	18	60	19	45	20	50	21	76	22	89	23	81	24	72	25	54	26	23	27	17	28	70	29	83	
	0	4	1	69	2	56	3	104	4	15	5	78	6	99	7	81	8	109	9	44	10	65	11	92	12	35	13	85	14	67	15	82	16	48	17	9	18	57	19	60	20	54	21	84	22	95	23	78	24	83	25	64	26	25	27	10	28	57	29	78	
	0	19	1	81	2	55	3	104	4	16	5	87	6	100	7	78	8	96	9	30	10	74	11	93	12	30	13	77	14	77	15	79	16	51	17	12	18	64	19	42	20	62	21	83	22	98	23	91	24	74	25	51	26	18	27	9	28	61	29	79	
	0	11	1	75	2	47	3	97	4	30	5	78	6	91	7	89	8	96	9	28	10	77	11	106	12	26	13	88	14	72	15	79	16	43	17	22	18	72	19	49	20	50	21	74	22	88	23	77	24	88	25	63	26	20	27	20	28	60	29	75	
	0	21	1	73	2	44	3	113	4	20	5	81	6	93	7	89	8	100	9	43	10	69	11	102	12	26	13	86	14	72	15	78	16	56	17	26	18	69	19	44	20	62	21	82	22	100	23	81	24	87	25	50	26	10	27	19	28	62	29	90	
	0	20	1	83	2	59	3	110	4	33	5	78	6	98	7	83	8	113	9	27	10	81	11	90	12	35	13	77	14	78	15	82	16	56	17	9	18	64	19	49	20	56	21	85	22	85	23	92	24	85	25	48	26	25	27	25	28	70	29	75	
	0	4	1	67	2	53	3	97	4	17	5	89	6	94	7	89	8	109	9	42	10	70	11	97	12	23	13	84	14	72	15	67	16	37	17	25	18	73	19	55	20	67	21	76	22	91	23	83	24	86	25	65	26	10	27	14	28	69	29	88	
	0	8	1	83	2	60	3	104	4	21	5	84	6	96	7	84	8	109	9	28	10	62	11	95	12	24	13	84	14	70	15	77	16	53	17	14	18	72	19	44	20	63	21	75	22	95	23	86	24	72	25	66	26	22	27	25	28	54	29	87	
	0	6	1	76	2	54	3	115	4	31	5	77	6	94	7	84	8	100	9	38	10	65	11	100	12	27	13	77	14	75	15	82	16	42	17	18	18	74	19	53	20	65	21	70	22	101	23	81	24	87	25	52	26	21	27	21	28	59	29	75	
	0	17	1	80	2	55	3	100	4	25	5	76	6	105	7	79	8	98	9	44	10	70	11	103	12	21	13	76	14	80	15	82	16	46	17	17	18	67	19	56	20	63	21	84	22	102	23	92	24	87	25	59	26	26	27	17	28	54	29	91	
	0	20	1	73	2	57	3	97	4	23	5	93	6	100	7	80	8	98	9	27	10	78	11	107	12	26	13	74	14	81	15	63	16	52	17	8	18	59	19	41	20	66	21	71	22	101	23	88	24	77	25	50	26	13	27	25	28	52	29	89	
	0	15	1	70	2	59	3	103	4	29	5	93	6	99	7	87	8	99	9	28	10	80	11	100	12	19	13	87	14	77	15	77	16	46	17	16	18	75	19	55	20	51	21	70	22	92	23	74	24	70	25	66	26	11	27	15	28	57	29	80	
	0	4	1	72	2	43	3	114	4	26	5	75	6	97	7	76	8	96	9	32	10	66	11	107	12	36	13	90	14	72	15	80	16	46	17	14	18	57	19	53	20	64	21	73	22	91	23	92	24	84	25	57	26	22	27	11	28	59	29	80	
	0	21	1	79	2	44	3	110	4	15	5	93	6	105	7	78	8	103	9	34	10	65	11	97	12	19	13	85	14	77	15	82	16	38	17	12	18	68	19	60	20	54	21	73	22	89	23	90	24	74	25	58	26	11	27	28	28	64	29	79	
	0	23	1	71	2	54	3	108	4	21	5	75	6	99	7	71	8	113	9	27	10	62	11	104	12	25	13	82	14	75	15	81	16	42	17	12	18	65	19	45	20	66	21	87	22	91	23	86	24	78	25	57	26	9	27	28	28	66	29	73	
	0	10	1	82	2	51	3	114	4	15	5	90	6	98	7	86	8	110	9	32	10	62	11	97	12	33	13	91	14	70	15	65	16	39	17	17	18	63	19	47	20	49	21	75	22	89	23	77	24	82	25	48	26	12	27	15	28	68	29	88	
	0	7	1	78	2	47	3	111	4	32	5	88	6	107	7	83	8	108	9	28	10	72	11	100	12	32	13	91	14	84	15	64	16	41	17	16	18	63	19	47	20	66	21	70	22	91	23	85	24	72	25	63	26	14	27	24	28	68	29	89	
	0	19	1	76	2	48	3	107	4	30	5	93	6	97	7	76	8	113	9	42	10	69	11	102	12	35	13	74	14	84	15	63	16	55	17	18	18	59	19	60	20	57	21	84	22	97	23	76	24	81	25	61	26	12	27	9	28	60	29	83	
	0	20	1	69	2	44	3	109	4	17	5	75	6	108	7	75	8	114	9	40	10	67	11	104	12	37	13	88	14	67	15	71	16	39	17	18	18	63	19	54	20	61	21	73	22	95	23	91	24	81	25	55	26	20	27	13	28	59	29	75	
	0	18	1	81	2	42	3	96	4	14	5	79	6	92	7	71	8	107	9	36	10	75	11	94	12	33	13	85	14	84	15	82	16	47	17	20	18	75	19	47	20	55	21	68	22	91	23	87	24	76	25	67	26	16	27	20	28	53	29	92	
	0	10	1	70	2	55	3	115	4	32	5	85	6	101	7	71	8	114	9	33	10	78	11	90	12	20	13	91	14	84	15	73	16	50	17	9	18	62	19	53	20	62	21	68	22	98	23	83	24	82	25	54	26	14	27	14	28	67	29	75	
	0	14	1	86	2	48	3	99	4	20	5	74	6	97	7	79	8	100	9	42	10	79	11	108	12	26	13	78	14	84	15	63	16	45	17	20	18	61	19	47	20	49	21	82	22	91	23	87	24	86	25	63	26	11	27	27	28	52	29	79	
	0	20	1	77	2	54	3	107	4	17	5	90	6	106	7	73	8	108	9	29	10	68	11	89	12	38	13	76	14	80	15	79	16	52	17	24	18	73	19	47	20	50	21	84	22	98	23	75	24	73	25	49	26	14	27	10	28	68	29	90	
	0	11	1	81	2	59	3	114	4	30	5	74	6	107	7	84	8	109	9	40	10	80	11	90	12	24	13	87	14	73	15	71	16	37	17	18	18	69	19	51	20	52	21	71	22	91	23	79	24	73	25	65	26	16	27	20	28	62	29	90	
	0	22	1	86	2	49	3	112	4	23	5	75	6	107	7	84	8	96	9	29	10	62	11	96	12	26	13	76	14	69	15	77	16	51	17	18	18	60	19	55	20	63	21	72	22	92	23	88	24	72	25	51	26	15	27	22	28	55	29	80	
	0	5	1	84	2	58	3	105	4	16	5	75	6	96	7	89	8	112	9	30	10	73	11	100	12	21	13	79	14	79	15	66	16	47	17	8	18	68	19	53	20	54	21	73	22	92	23	75	24	77	25	62	26	19	27	17	28	66	29	83	
	0	17	1	83	2	43	3	98	4	32	5	84	6	92	7	88	8	106	9	44	10	79	11	108	12	36	13	87	14	81	15	79	16	53	17	12	18	57	19	50	20	64	21	70	22	97	23	84	24	87	25	50	26	10	27	13	28	65	29	79	
	0	12	1	76	2	55	3	112	4	14	5	80	6	95	7	89	8	104	9	41	10	76	11	96	12	22	13	85	14	67	15	80	16	51	17	17	18	65	19	59	20	49	21	77	22	99	23	90	24	75	25	54	26	22	27	15	28	60	29	77	
	0	13	1	85	2	47	3	110	4	24	5	76	6	104	7	75	8	103	9	38	10	76	11	92	12	37	13	88	14	74	15	73	16	51	17	20	18	64	19	59	20	63	21	86	22	93	23	86	24	89	25	57	26	24	27	19	28	69	29	84	
	0	15	1	81	2	56	3	105	4	18	5	92	6	109	7	90	8	114	9	33	10	72	11	93	12	20	13	86	14	68	15	68	16	45	17	13	18	59	19	50	20	64	21	73	22	96	23	87	24	84	25	62	26	8	27	17	28	70	29	82	
	0	4	1	86	2	42	3	97	4	22	5	79	6	103	7	71	8	97	9	31	10	62	11	96	12	19	13	86	14	82	15	72	16	38	17	15	18	74	19	54	20	61	21	72	22	88	23	79	24	78	25	61	26	8	27	14	28	52	29	75	
	0	17	1	74	2	46	3	98	4	18	5	89	6	108	7	79	8	100	9	42	10	75	11	95	12	29	13	72	14	73	15	70	16	42	17	18	18	73	19	41	20	67	21	74	22	90	23	84	24	81	25	58	26	14	27	12	28	55	29	88	
	0	12	1	82	2	47	3	113	4	29	5	86	6	100	7	86	8	103	9	41	10	68	11	90	12	25	13	84	14	74	15	63	16	46	17	16	18	63	19	59	20	54	21	85	22	85	23	87	24	86	25	50	26	23	27	18	28	61	29	74	
	0	8	1	78	2	58	3	107	4	33	5	74	6	91	7	71	8	103	9	29	10	64	11	99	12	22	13	87	14	80	15	79	16	42	17	15	18	66	19	47	20	51	21	80	22	101	23	90	24	87	25	53	26	13	27	24	28	59	29	83	
	0	15	1	83	2	45	3	107	4	20	5	77	6	93	7	73	8	107	9	28	10	70	11	96	12	25	13	88	14	81	15	73	16	39	17	10	18	62	19	41	20	62	21	87	22	93	23	86	24	75	25	65	26	18	27	21	28	70	29	92	
	0	22	1	80	2	58	3	101	4	16	5	83	6	96	7	82	8	111	9	43	10	80	11	100	12	34	13	91	14	77	15	82	16	54	17	20	18	73	19	51	20	61	21	86	22	99	23	87	24	71	25	55	26	17	27	15	28	66	29	91	
	0	15	1	76	2	52	3	113	4	24	5	85	6	101	7	89	8	103	9	42	10	78	11	93	12	29	13	89	14	74	15	68	16	41	17	12	18	62	19	58	20	66	21	86	22	84	23	93	24	80	25	66	26	10	27	24	28	63	29	85	
	0	22	1	80	2	46	3	108	4	16	5	88	6	108	7	83	8	106	9	44	10	76	11	92	12	34	13	89	14	77	15	75	16	55	17	22	18	60	19	48	20	61	21	69	22	99	23	82	24	85	25	54	26	14	27	15	28	62	29	89	
	0	5	1	82	2	55	3	105	4	16	5	79	6	100	7	76	8	115	9	34	10	73	11	100	12	36	13	86	14	70	15	72	16	37	17	21	18	65	19	43	20	64	21	74	22	92	23	93	24	77	25	62	26	9	27	16	28	58	29	78	