500 30 1
30
	0	86	1	107	2	95	3	90	4	105	5	90	6	108	7	99	8	16	9	73	10	113	11	84	12	79	13	58	14	71	15	67	16	18	17	26	18	88	19	7	20	32	21	31	22	95	23	63	24	20	25	100	26	33	27	97	28	33	29	23	
	0	84	1	110	2	113	3	88	4	100	5	84	6	115	7	97	8	6	9	77	10	96	11	80	12	89	13	50	14	64	15	77	16	20	17	35	18	93	19	21	20	42	21	33	22	102	23	81	24	24	25	103	26	38	27	93	28	36	29	16	
	0	79	1	105	2	98	3	107	4	108	5	85	6	98	7	105	8	12	9	82	10	97	11	77	12	80	13	43	14	75	15	85	16	17	17	34	18	80	19	21	20	36	21	30	22	106	23	64	24	34	25	103	26	34	27	96	28	23	29	19	
	0	94	1	100	2	111	3	89	4	100	5	85	6	105	7	93	8	21	9	75	10	104	11	91	12	84	13	42	14	63	15	77	16	31	17	33	18	81	19	16	20	37	21	42	22	105	23	80	24	37	25	103	26	27	27	94	28	22	29	31	
	0	88	1	98	2	101	3	104	4	109	5	90	6	106	7	94	8	16	9	82	10	97	11	79	12	79	13	54	14	69	15	72	16	23	17	28	18	86	19	5	20	29	21	44	22	113	23	64	24	33	25	99	26	35	27	102	28	34	29	23	
	0	75	1	103	2	107	3	103	4	104	5	75	6	114	7	101	8	11	9	89	10	108	11	79	12	82	13	45	14	73	15	71	16	28	17	24	18	81	19	16	20	41	21	37	22	108	23	69	24	33	25	96	26	37	27	96	28	27	29	30	
	0	84	1	99	2	95	3	98	4	104	5	83	6	112	7	106	8	13	9	78	10	113	11	90	12	88	13	43	14	82	15	72	16	16	17	36	18	80	19	5	20	41	21	33	22	97	23	78	24	32	25	111	26	34	27	100	28	20	29	31	
	0	88	1	97	2	101	3	98	4	104	5	78	6	102	7	88	8	2	9	86	10	115	11	90	12	74	13	47	14	66	15	80	16	12	17	21	18	91	19	4	20	35	21	40	22	110	23	73	24	28	25	101	26	39	27	87	28	34	29	19	
	0	90	1	97	2	101	3	96	4	111	5	76	6	99	7	95	8	5	9	71	10	108	11	85	12	76	13	53	14	74	15	75	16	18	17	38	18	90	19	10	20	26	21	33	22	105	23	64	24	30	25	97	26	33	27	104	28	20	29	16	
	0	78	1	109	2	111	3	107	4	102	5	84	6	103	7	90	8	10	9	80	10	99	11	81	12	86	13	41	14	63	15	85	16	23	17	21	18	84	19	13	20	39	21	42	22	99	23	79	24	27	25	114	26	30	27	96	28	19	29	32	
	0	93	1	92	2	102	3	106	4	113	5	87	6	109	7	97	8	6	9	75	10	101	11	81	12	79	13	47	14	65	15	73	16	25	17	33	18	89	19	9	20	29	21	42	22	97	23	65	24	26	25	112	26	37	27	94	28	36	29	26	
	0	93	1	104	2	113	3	100	4	116	5	77	6	110	7	93	8	17	9	75	10	110	11	96	12	77	13	47	14	75	15	73	16	12	17	29	18	80	19	10	20	24	21	28	22	95	23	77	24	22	25	112	26	25	27	86	28	34	29	17	
	0	90	1	108	2	108	3	89	4	102	5	82	6	114	7	96	8	17	9	79	10	105	11	89	12	86	13	51	14	73	15	86	16	21	17	32	18	77	19	13	20	32	21	40	22	94	23	64	24	25	25	108	26	37	27	97	28	38	29	20	
	0	80	1	92	2	107	3	89	4	113	5	77	6	107	7	104	8	18	9	80	10	100	11	90	12	79	13	58	14	75	15	80	16	22	17	34	18	82	19	21	20	28	21	36	22	102	23	64	24	36	25	97	26	24	27	88	28	20	29	30	
	0	88	1	91	2	96	3	92	4	114	5	86	6	105	7	102	8	13	9	72	10	100	11	88	12	74	13	55	14	76	15	86	16	19	17	35	18	86	19	3	20	29	21	37	22	98	23	69	24	27	25	102	26	22	27	102	28	22	29	29	
	0	89	1	107	2	99	3	95	4	102	5	87	6	115	7	92	8	10	9	86	10	96	11	83	12	90	13	43	14	64	15	75	16	17	17	30	18	76	19	5	20	27	21	31	22	107	23	69	24	25	25	115	26	21	27	88	28	22	29	17	
	0	83	1	109	2	105	3	88	4	112	5	77	6	114	7	104	8	10	9	72	10	111	11	79	12	84	13	60	14	68	15	86	16	27	17	38	18	82	19	21	20	40	21	37	22	95	23	66	24	31	25	97	26	40	27	94	28	23	29	27	
	0	94	1	97	2	96	3	101	4	113	5	89	6	98	7	99	8	12	9	82	10	109	11	96	12	75	13	55	14	64	15	82	16	25	17	33	18	95	19	5	20	37	21	40	22	101	23	75	24	24	25	96	26	24	27	93	28	27	29	29	
	0	83	1	95	2	95	3	103	4	114	5	85	6	113	7	104	8	5	9	85	10	112	11	81	12	90	13	58	14	79	15	76	16	24	17	26	18	76	19	15	20	36	21	33	22	111	23	67	24	20	25	105	26	28	27	96	28	28	29	21	
	0	92	1	101	2	104	3	98	4	109	5	88	6	104	7	101	8	21	9	86	10	102	11	82	12	85	13	60	14	66	15	85	16	13	17	23	18	86	19	6	20	26	21	30	22	105	23	68	24	39	25	111	26	24	27	101	28	36	29	32	
	0	91	1	105	2	101	3	88	4	114	5	86	6	97	7	87	8	10	9	83	10	104	11	89	12	77	13	45	14	68	15	76	16	26	17	35	18	83	19	20	20	31	21	26	22	109	23	76	24	23	25	96	26	30	27	101	28	27	29	20	
	0	87	1	102	2	112	3	93	4	112	5	79	6	110	7	93	8	7	9	85	10	107	11	91	12	74	13	46	14	79	15	68	16	23	17	25	18	91	19	10	20	36	21	25	22	98	23	65	24	34	25	100	26	38	27	103	28	26	29	13	
	0	91	1	99	2	109	3	100	4	101	5	81	6	105	7	91	8	7	9	76	10	102	11	91	12	74	13	54	14	81	15	82	16	16	17	24	18	84	19	17	20	34	21	34	22	100	23	70	24	29	25	107	26	28	27	98	28	30	29	27	
	0	76	1	96	2	104	3	96	4	101	5	90	6	100	7	96	8	10	9	87	10	100	11	96	12	89	13	51	14	75	15	71	16	18	17	25	18	89	19	9	20	23	21	25	22	109	23	77	24	31	25	103	26	22	27	91	28	21	29	15	
	0	91	1	99	2	98	3	93	4	111	5	90	6	97	7	90	8	12	9	72	10	109	11	94	12	91	13	41	14	74	15	69	16	22	17	33	18	79	19	20	20	25	21	28	22	94	23	81	24	24	25	101	26	28	27	87	28	35	29	32	
	0	76	1	106	2	97	3	96	4	117	5	94	6	108	7	92	8	13	9	88	10	115	11	93	12	75	13	45	14	75	15	68	16	23	17	24	18	78	19	17	20	29	21	28	22	107	23	76	24	26	25	96	26	24	27	103	28	26	29	22	
	0	94	1	95	2	113	3	100	4	104	5	92	6	116	7	99	8	20	9	88	10	112	11	94	12	84	13	50	14	72	15	72	16	26	17	33	18	94	19	11	20	39	21	42	22	109	23	65	24	35	25	96	26	34	27	98	28	38	29	18	
	0	89	1	97	2	98	3	93	4	103	5	81	6	109	7	89	8	7	9	90	10	104	11	96	12	81	13	44	14	68	15	76	16	29	17	22	18	92	19	2	20	35	21	29	22	105	23	75	24	31	25	103	26	21	27	92	28	24	29	23	
	0	75	1	94	2	106	3	97	4	107	5	87	6	109	7	104	8	12	9	89	10	108	11	87	12	74	13	56	14	69	15	84	16	19	17	20	18	89	19	20	20	32	21	38	22	103	23	67	24	20	25	96	26	37	27	92	28	30	29	26	
	0	89	1	99	2	110	3	102	4	108	5	78	6	105	7	104	8	12	9	80	10	104	11	90	12	74	13	46	14	63	15	76	16	24	17	35	18	91	19	17	20	41	21	38	22	107	23	74	24	22	25	109	26	30	27	90	28	27	29	29	
	0	76	1	106	2	97	3	101	4	117	5	88	6	107	7	101	8	12	9	78	10	96	11	93	12	75	13	60	14	74	15	80	16	30	17	34	18	76	19	8	20	26	21	43	22	110	23	76	24	26	25	109	26	26	27	94	28	23	29	20	
	0	93	1	102	2	113	3	106	4	108	5	93	6	105	7	102	8	16	9	72	10	112	11	80	12	86	13	45	14	79	15	68	16	14	17	34	18	91	19	8	20	40	21	41	22	113	23	71	24	22	25	102	26	29	27	100	28	30	29	14	
	0	78	1	104	2	95	3	102	4	111	5	88	6	113	7	102	8	7	9	86	10	101	11	83	12	91	13	56	14	71	15	70	16	21	17	36	18	78	19	16	20	42	21	39	22	109	23	74	24	22	25	113	26	30	27	100	28	31	29	21	
	0	84	1	99	2	109	3	96	4	106	5	92	6	113	7	100	8	21	9	86	10	100	11	78	12	88	13	56	14	65	15	69	16	18	17	39	18	88	19	13	20	28	21	40	22	99	23	71	24	23	25	111	26	37	27	104	28	36	29	17	
	0	94	1	109	2	114	3	98	4	114	5	83	6	105	7	94	8	7	9	79	10	113	11	82	12	78	13	58	14	63	15	68	16	29	17	20	18	93	19	19	20	36	21	35	22	112	23	69	24	26	25	105	26	31	27	102	28	30	29	30	
	0	93	1	99	2	102	3	105	4	119	5	87	6	97	7	101	8	18	9	77	10	98	11	77	12	87	13	59	14	69	15	75	16	16	17	28	18	92	19	6	20	33	21	26	22	107	23	67	24	31	25	110	26	27	27	95	28	36	29	15	
	0	91	1	91	2	108	3	103	4	112	5	88	6	98	7	97	8	12	9	77	10	107	11	95	12	73	13	41	14	70	15	69	16	21	17	30	18	89	19	12	20	42	21	28	22	101	23	73	24	21	25	109	26	22	27	96	28	26	29	23	
	0	94	1	105	2	101	3	104	4	105	5	85	6	97	7	104	8	12	9	86	10	114	11	86	12	90	13	53	14	76	15	76	16	17	17	37	18	81	19	19	20	33	21	25	22	100	23	73	24	22	25	99	26	28	27	88	28	25	29	16	
	0	78	1	108	2	106	3	97	4	112	5	93	6	109	7	97	8	13	9	81	10	105	11	85	12	88	13	56	14	78	15	78	16	30	17	34	18	85	19	20	20	41	21	34	22	109	23	75	24	33	25	109	26	40	27	97	28	37	29	19	
	0	93	1	94	2	105	3	88	4	102	5	83	6	108	7	105	8	8	9	82	10	109	11	77	12	81	13	52	14	67	15	85	16	29	17	31	18	80	19	3	20	24	21	41	22	99	23	68	24	28	25	110	26	37	27	100	28	38	29	31	
	0	82	1	103	2	95	3	94	4	116	5	76	6	100	7	93	8	7	9	85	10	102	11	79	12	78	13	51	14	68	15	74	16	27	17	34	18	91	19	10	20	30	21	44	22	98	23	71	24	38	25	114	26	35	27	102	28	22	29	19	
	0	80	1	105	2	104	3	94	4	105	5	84	6	111	7	87	8	6	9	80	10	106	11	81	12	79	13	52	14	66	15	79	16	28	17	33	18	83	19	19	20	33	21	43	22	103	23	65	24	32	25	97	26	28	27	92	28	26	29	26	
	0	87	1	100	2	104	3	102	4	105	5	90	6	102	7	105	8	8	9	79	10	114	11	77	12	79	13	47	14	74	15	70	16	22	17	32	18	89	19	5	20	36	21	32	22	95	23	78	24	31	25	114	26	37	27	93	28	33	29	16	
	0	88	1	100	2	112	3	93	4	106	5	76	6	99	7	98	8	14	9	87	10	106	11	88	12	83	13	60	14	67	15	85	16	21	17	32	18	89	19	8	20	23	21	44	22	94	23	79	24	24	25	98	26	21	27	104	28	28	29	26	
	0	88	1	91	2	102	3	95	4	106	5	80	6	102	7	89	8	21	9	77	10	110	11	88	12	88	13	56	14	72	15	82	16	30	17	25	18	89	19	6	20	33	21	29	22	105	23	67	24	35	25	114	26	22	27	90	28	37	29	19	
	0	83	1	97	2	97	3	98	4	118	5	76	6	108	7	88	8	4	9	84	10	107	11	79	12	74	13	48	14	64	15	85	16	31	17	39	18	83	19	14	20	33	21	27	22	109	23	62	24	35	25	113	26	28	27	93	28	25	29	22	
	0	88	1	105	2	111	3	106	4	115	5	76	6	111	7	93	8	14	9	84	10	111	11	96	12	81	13	60	14	69	15	74	16	18	17	34	18	85	19	2	20	24	21	27	22	106	23	81	24	35	25	106	26	25	27	101	28	24	29	21	
	0	89	1	98	2	114	3	107	4	108	5	78	6	111	7	93	8	11	9	79	10	109	11	85	12	73	13	57	14	78	15	77	16	13	17	37	18	85	19	21	20	40	21	37	22	98	23	74	24	36	25	115	26	34	27	91	28	27	29	30	
	0	85	1	94	2	105	3	91	4	110	5	76	6	100	7	94	8	10	9	83	10	100	11	83	12	90	13	43	14	76	15	84	16	29	17	38	18	87	19	19	20	31	21	32	22	111	23	77	24	35	25	96	26	36	27	87	28	36	29	16	
	0	92	1	99	2	95	3	93	4	102	5	85	6	114	7	100	8	14	9	71	10	102	11	81	12	85	13	44	14	72	15	67	16	26	17	22	18	91	19	2	20	38	21	25	22	97	23	80	24	31	25	101	26	29	27	103	28	27	29	19	
	0	87	1	107	2	96	3	105	4	100	5	93	6	98	7	105	8	14	9	78	10	96	11	90	12	81	13	47	14	68	15	68	16	18	17	37	18	86	19	14	20	28	21	33	22	100	23	74	24	36	25	111	26	22	27	92	28	26	29	32	
	0	94	1	110	2	114	3	100	4	113	5	77	6	103	7	90	8	6	9	77	10	110	11	77	12	73	13	51	14	74	15	76	16	22	17	20	18	77	19	20	20	24	21	31	22	106	23	78	24	37	25	96	26	36	27	88	28	37	29	14	
	0	76	1	94	2	97	3	88	4	118	5	84	6	97	7	89	8	7	9	78	10	109	11	79	12	81	13	57	14	64	15	77	16	28	17	26	18	89	19	17	20	29	21	44	22	107	23	73	24	38	25	115	26	33	27	94	28	19	29	26	
	0	92	1	93	2	103	3	99	4	114	5	80	6	100	7	103	8	21	9	88	10	110	11	84	12	81	13	55	14	74	15	78	16	14	17	27	18	93	19	11	20	38	21	33	22	111	23	75	24	22	25	106	26	31	27	95	28	27	29	21	
	0	80	1	109	2	99	3	102	4	118	5	81	6	104	7	94	8	16	9	84	10	98	11	94	12	79	13	46	14	82	15	68	16	29	17	32	18	87	19	16	20	25	21	44	22	104	23	64	24	36	25	107	26	39	27	96	28	36	29	32	
	0	90	1	103	2	113	3	102	4	105	5	94	6	112	7	93	8	9	9	87	10	109	11	90	12	83	13	54	14	70	15	82	16	24	17	30	18	76	19	21	20	32	21	37	22	112	23	76	24	30	25	110	26	34	27	88	28	38	29	23	
	0	86	1	92	2	111	3	98	4	112	5	77	6	109	7	102	8	4	9	73	10	101	11	91	12	84	13	54	14	64	15	73	16	28	17	37	18	76	19	11	20	39	21	35	22	98	23	67	24	35	25	99	26	37	27	93	28	37	29	19	
	0	87	1	95	2	105	3	100	4	109	5	87	6	100	7	95	8	18	9	89	10	98	11	85	12	90	13	44	14	71	15	86	16	21	17	36	18	84	19	8	20	42	21	31	22	100	23	74	24	37	25	100	26	30	27	87	28	36	29	20	
	0	77	1	101	2	108	3	94	4	108	5	84	6	112	7	105	8	21	9	83	10	109	11	77	12	79	13	51	14	79	15	73	16	29	17	35	18	93	19	15	20	39	21	41	22	99	23	75	24	36	25	114	26	31	27	101	28	22	29	25	
	0	86	1	96	2	110	3	89	4	113	5	91	6	111	7	96	8	15	9	78	10	98	11	93	12	76	13	51	14	78	15	73	16	21	17	28	18	82	19	19	20	24	21	25	22	113	23	68	24	36	25	99	26	35	27	92	28	28	29	20	
	0	81	1	110	2	112	3	95	4	111	5	79	6	106	7	87	8	21	9	73	10	97	11	79	12	91	13	56	14	63	15	86	16	28	17	36	18	79	19	15	20	30	21	42	22	96	23	66	24	25	25	110	26	34	27	103	28	37	29	17	
	0	88	1	107	2	96	3	88	4	109	5	84	6	100	7	94	8	15	9	86	10	111	11	82	12	77	13	50	14	82	15	86	16	26	17	37	18	76	19	8	20	38	21	38	22	108	23	71	24	27	25	109	26	31	27	88	28	34	29	32	
	0	76	1	107	2	102	3	105	4	108	5	79	6	113	7	106	8	18	9	81	10	111	11	84	12	83	13	60	14	66	15	71	16	25	17	25	18	82	19	18	20	28	21	32	22	95	23	63	24	39	25	110	26	39	27	93	28	23	29	31	
	0	76	1	103	2	105	3	90	4	106	5	80	6	110	7	91	8	17	9	82	10	97	11	94	12	74	13	58	14	73	15	69	16	22	17	24	18	89	19	10	20	31	21	44	22	101	23	69	24	38	25	97	26	38	27	104	28	30	29	23	
	0	84	1	91	2	102	3	103	4	118	5	76	6	102	7	90	8	13	9	87	10	100	11	93	12	89	13	41	14	68	15	75	16	31	17	22	18	87	19	8	20	40	21	36	22	109	23	77	24	33	25	112	26	21	27	104	28	24	29	17	
	0	85	1	107	2	109	3	102	4	111	5	94	6	112	7	104	8	7	9	76	10	99	11	90	12	89	13	57	14	68	15	75	16	23	17	24	18	86	19	9	20	30	21	27	22	100	23	67	24	27	25	98	26	36	27	91	28	37	29	32	
	0	79	1	104	2	98	3	101	4	117	5	78	6	114	7	104	8	4	9	84	10	113	11	96	12	88	13	50	14	82	15	75	16	17	17	21	18	82	19	8	20	41	21	42	22	113	23	67	24	34	25	110	26	26	27	97	28	20	29	17	
	0	80	1	99	2	106	3	90	4	106	5	93	6	99	7	93	8	16	9	78	10	110	11	90	12	83	13	53	14	64	15	67	16	30	17	37	18	83	19	12	20	23	21	32	22	108	23	64	24	34	25	101	26	24	27	88	28	29	29	29	
	0	88	1	93	2	105	3	97	4	100	5	91	6	103	7	95	8	16	9	84	10	100	11	95	12	89	13	55	14	73	15	67	16	15	17	35	18	89	19	8	20	30	21	43	22	109	23	64	24	39	25	115	26	30	27	89	28	35	29	28	
	0	77	1	92	2	97	3	104	4	105	5	77	6	99	7	89	8	13	9	72	10	96	11	95	12	92	13	60	14	64	15	80	16	16	17	35	18	93	19	19	20	35	21	38	22	106	23	71	24	30	25	105	26	40	27	85	28	34	29	24	
	0	85	1	91	2	110	3	103	4	112	5	90	6	99	7	105	8	4	9	83	10	106	11	89	12	74	13	49	14	66	15	74	16	23	17	28	18	88	19	12	20	27	21	41	22	105	23	78	24	34	25	105	26	37	27	90	28	22	29	25	
	0	76	1	92	2	108	3	107	4	102	5	76	6	106	7	99	8	5	9	88	10	112	11	83	12	79	13	46	14	82	15	83	16	25	17	36	18	82	19	10	20	41	21	31	22	97	23	81	24	34	25	100	26	33	27	99	28	35	29	27	
	0	93	1	101	2	100	3	103	4	102	5	75	6	115	7	94	8	6	9	75	10	101	11	93	12	75	13	41	14	64	15	72	16	25	17	28	18	81	19	14	20	25	21	36	22	95	23	79	24	32	25	114	26	27	27	86	28	20	29	20	
	0	77	1	105	2	96	3	104	4	119	5	83	6	104	7	93	8	14	9	71	10	112	11	77	12	84	13	48	14	68	15	82	16	17	17	32	18	80	19	9	20	29	21	29	22	110	23	74	24	34	25	99	26	35	27	89	28	28	29	26	
	0	83	1	101	2	98	3	104	4	102	5	84	6	114	7	87	8	21	9	78	10	100	11	88	12	74	13	42	14	64	15	71	16	15	17	26	18	80	19	13	20	26	21	26	22	110	23	77	24	38	25	97	26	40	27	85	28	29	29	25	
	0	88	1	107	2	98	3	100	4	109	5	83	6	102	7	95	8	13	9	77	10	106	11	96	12	75	13	58	14	67	15	83	16	17	17	27	18	89	19	6	20	34	21	29	22	109	23	76	24	33	25	110	26	22	27	103	28	30	29	32	
	0	91	1	91	2	111	3	102	4	104	5	87	6	97	7	106	8	21	9	73	10	100	11	85	12	73	13	60	14	78	15	75	16	24	17	32	18	95	19	15	20	41	21	37	22	108	23	70	24	20	25	109	26	38	27	104	28	25	29	14	
	0	83	1	110	2	107	3	98	4	104	5	75	6	110	7	105	8	5	9	89	10	99	11	84	12	83	13	51	14	63	15	80	16	28	17	31	18	94	19	4	20	36	21	25	22	111	23	72	24	39	25	102	26	35	27	104	28	34	29	28	
	0	88	1	98	2	111	3	89	4	116	5	78	6	101	7	101	8	15	9	80	10	112	11	91	12	81	13	58	14	80	15	81	16	18	17	35	18	79	19	7	20	23	21	35	22	97	23	73	24	36	25	96	26	40	27	96	28	25	29	16	
	0	83	1	103	2	114	3	105	4	105	5	87	6	104	7	103	8	16	9	79	10	115	11	83	12	92	13	42	14	70	15	85	16	13	17	28	18	89	19	17	20	39	21	38	22	96	23	74	24	38	25	98	26	38	27	100	28	38	29	26	
	0	80	1	104	2	112	3	94	4	103	5	87	6	101	7	103	8	4	9	79	10	102	11	84	12	88	13	55	14	80	15	74	16	25	17	35	18	90	19	18	20	27	21	32	22	100	23	69	24	34	25	106	26	30	27	102	28	34	29	24	
	0	82	1	95	2	109	3	93	4	107	5	86	6	101	7	104	8	9	9	75	10	115	11	94	12	87	13	59	14	72	15	83	16	20	17	24	18	76	19	13	20	37	21	39	22	106	23	69	24	33	25	107	26	31	27	85	28	22	29	32	
	0	78	1	104	2	99	3	99	4	112	5	76	6	112	7	101	8	16	9	73	10	110	11	83	12	84	13	55	14	70	15	85	16	12	17	20	18	80	19	6	20	23	21	32	22	111	23	74	24	37	25	99	26	39	27	95	28	29	29	32	
	0	94	1	102	2	98	3	101	4	116	5	92	6	109	7	106	8	10	9	84	10	103	11	80	12	89	13	48	14	70	15	73	16	15	17	39	18	77	19	11	20	35	21	27	22	113	23	75	24	28	25	98	26	34	27	89	28	19	29	25	
	0	78	1	110	2	106	3	102	4	108	5	81	6	113	7	105	8	2	9	87	10	108	11	87	12	78	13	53	14	80	15	86	16	16	17	22	18	76	19	18	20	32	21	26	22	106	23	67	24	32	25	99	26	39	27	103	28	37	29	18	
	0	94	1	93	2	114	3	94	4	106	5	89	6	116	7	100	8	10	9	90	10	96	11	91	12	75	13	46	14	71	15	80	16	18	17	24	18	77	19	10	20	41	21	32	22	107	23	71	24	23	25	101	26	37	27	103	28	38	29	30	
	0	75	1	95	2	110	3	94	4	118	5	87	6	112	7	88	8	14	9	78	10	110	11	88	12	91	13	41	14	69	15	82	16	20	17	22	18	79	19	19	20	35	21	25	22	102	23	65	24	21	25	100	26	23	27	104	28	23	29	32	
	0	75	1	98	2	100	3	99	4	106	5	81	6	113	7	100	8	6	9	88	10	115	11	77	12	79	13	52	14	73	15	76	16	24	17	21	18	86	19	20	20	35	21	26	22	95	23	64	24	27	25	111	26	27	27	100	28	34	29	23	
	0	75	1	91	2	101	3	95	4	108	5	81	6	108	7	98	8	18	9	72	10	115	11	86	12	85	13	54	14	72	15	82	16	28	17	24	18	93	19	21	20	29	21	25	22	112	23	71	24	33	25	109	26	26	27	91	28	29	29	19	
	0	79	1	103	2	97	3	105	4	118	5	78	6	116	7	102	8	16	9	78	10	109	11	78	12	82	13	57	14	76	15	84	16	26	17	20	18	79	19	11	20	42	21	34	22	95	23	64	24	23	25	114	26	22	27	103	28	26	29	30	
	0	91	1	110	2	106	3	101	4	119	5	88	6	97	7	101	8	8	9	79	10	101	11	82	12	85	13	41	14	72	15	79	16	25	17	38	18	92	19	16	20	40	21	27	22	100	23	71	24	33	25	106	26	38	27	92	28	19	29	15	
	0	86	1	95	2	110	3	97	4	106	5	88	6	104	7	93	8	3	9	88	10	108	11	84	12	91	13	50	14	68	15	69	16	25	17	25	18	78	19	15	20	37	21	25	22	112	23	69	24	27	25	115	26	36	27	99	28	29	29	23	
	0	89	1	94	2	101	3	91	4	108	5	86	6	103	7	89	8	5	9	74	10	109	11	90	12	77	13	49	14	66	15	76	16	16	17	25	18	89	19	6	20	26	21	36	22	111	23	74	24	22	25	98	26	21	27	88	28	31	29	26	
	0	82	1	95	2	100	3	95	4	101	5	84	6	113	7	92	8	2	9	84	10	97	11	77	12	77	13	49	14	65	15	85	16	26	17	32	18	78	19	3	20	29	21	38	22	95	23	78	24	22	25	99	26	21	27	94	28	19	29	27	
	0	85	1	94	2	107	3	95	4	118	5	85	6	109	7	102	8	6	9	87	10	111	11	79	12	78	13	54	14	80	15	82	16	18	17	28	18	89	19	4	20	40	21	44	22	112	23	76	24	21	25	99	26	22	27	94	28	36	29	20	
	0	83	1	97	2	110	3	103	4	115	5	79	6	113	7	91	8	3	9	73	10	105	11	86	12	73	13	43	14	67	15	81	16	29	17	25	18	95	19	2	20	42	21	35	22	113	23	65	24	34	25	115	26	34	27	99	28	38	29	13	
	0	93	1	96	2	95	3	97	4	109	5	75	6	112	7	93	8	18	9	83	10	106	11	85	12	80	13	41	14	75	15	79	16	26	17	32	18	77	19	7	20	27	21	41	22	104	23	72	24	38	25	99	26	29	27	87	28	28	29	22	
	0	76	1	103	2	110	3	89	4	109	5	94	6	100	7	104	8	15	9	83	10	103	11	86	12	85	13	50	14	77	15	74	16	19	17	35	18	95	19	21	20	39	21	34	22	99	23	66	24	39	25	100	26	39	27	88	28	23	29	20	
	0	86	1	92	2	105	3	90	4	119	5	90	6	101	7	96	8	12	9	79	10	107	11	93	12	88	13	52	14	80	15	75	16	20	17	31	18	78	19	13	20	27	21	27	22	99	23	72	24	22	25	113	26	31	27	85	28	21	29	15	
	0	83	1	100	2	95	3	93	4	106	5	94	6	106	7	105	8	6	9	77	10	96	11	88	12	80	13	51	14	71	15	71	16	26	17	30	18	93	19	17	20	39	21	43	22	101	23	75	24	25	25	112	26	37	27	86	28	33	29	18	
	0	79	1	103	2	110	3	88	4	109	5	75	6	98	7	90	8	19	9	89	10	114	11	81	12	83	13	42	14	63	15	71	16	14	17	34	18	78	19	13	20	25	21	29	22	97	23	65	24	22	25	112	26	33	27	88	28	19	29	20	
	0	84	1	91	2	101	3	94	4	114	5	81	6	113	7	103	8	11	9	86	10	98	11	96	12	91	13	52	14	64	15	81	16	29	17	25	18	91	19	15	20	23	21	43	22	113	23	69	24	36	25	102	26	23	27	101	28	31	29	22	
	0	79	1	110	2	106	3	94	4	116	5	89	6	105	7	93	8	14	9	77	10	97	11	90	12	85	13	50	14	65	15	72	16	12	17	24	18	77	19	15	20	23	21	29	22	94	23	64	24	29	25	106	26	33	27	89	28	29	29	21	
	0	85	1	92	2	103	3	88	4	109	5	93	6	100	7	92	8	9	9	84	10	100	11	84	12	85	13	44	14	73	15	70	16	14	17	29	18	81	19	4	20	31	21	28	22	105	23	77	24	24	25	106	26	31	27	97	28	27	29	13	
	0	87	1	109	2	112	3	93	4	114	5	94	6	108	7	90	8	21	9	80	10	104	11	85	12	87	13	51	14	64	15	70	16	24	17	22	18	81	19	18	20	36	21	33	22	95	23	68	24	31	25	108	26	38	27	95	28	23	29	16	
	0	92	1	98	2	113	3	88	4	116	5	89	6	108	7	101	8	12	9	87	10	105	11	93	12	78	13	52	14	65	15	77	16	23	17	31	18	90	19	9	20	34	21	37	22	109	23	67	24	34	25	97	26	27	27	92	28	27	29	27	
	0	77	1	99	2	101	3	104	4	104	5	79	6	97	7	89	8	2	9	75	10	100	11	83	12	78	13	59	14	73	15	72	16	20	17	23	18	77	19	2	20	23	21	39	22	102	23	64	24	38	25	112	26	27	27	103	28	33	29	32	
	0	93	1	108	2	113	3	102	4	106	5	83	6	108	7	90	8	6	9	79	10	104	11	79	12	82	13	42	14	78	15	71	16	20	17	26	18	82	19	16	20	40	21	38	22	113	23	76	24	23	25	107	26	36	27	95	28	28	29	21	
	0	76	1	92	2	96	3	106	4	104	5	80	6	101	7	105	8	17	9	83	10	108	11	96	12	73	13	59	14	71	15	75	16	12	17	31	18	94	19	10	20	33	21	41	22	112	23	64	24	23	25	99	26	28	27	93	28	30	29	15	
	0	80	1	93	2	106	3	97	4	111	5	77	6	116	7	97	8	4	9	77	10	112	11	85	12	75	13	47	14	76	15	83	16	19	17	38	18	87	19	4	20	27	21	36	22	103	23	78	24	39	25	98	26	25	27	103	28	20	29	25	
	0	78	1	99	2	97	3	88	4	115	5	87	6	107	7	103	8	7	9	77	10	103	11	95	12	81	13	58	14	66	15	77	16	26	17	21	18	88	19	7	20	28	21	38	22	96	23	64	24	23	25	101	26	36	27	103	28	31	29	15	
	0	89	1	95	2	99	3	106	4	110	5	77	6	114	7	98	8	9	9	82	10	107	11	89	12	76	13	52	14	64	15	71	16	23	17	27	18	91	19	10	20	31	21	33	22	104	23	74	24	34	25	109	26	29	27	90	28	23	29	19	
	0	75	1	109	2	112	3	96	4	109	5	79	6	105	7	95	8	2	9	83	10	113	11	80	12	86	13	41	14	64	15	73	16	23	17	31	18	80	19	14	20	32	21	31	22	94	23	63	24	20	25	100	26	32	27	99	28	38	29	31	
	0	75	1	93	2	98	3	102	4	112	5	87	6	108	7	89	8	11	9	81	10	99	11	85	12	78	13	47	14	71	15	82	16	12	17	22	18	78	19	11	20	26	21	32	22	101	23	70	24	37	25	110	26	35	27	97	28	20	29	20	
	0	80	1	96	2	96	3	104	4	114	5	90	6	101	7	94	8	10	9	84	10	107	11	81	12	77	13	56	14	77	15	79	16	20	17	27	18	86	19	20	20	38	21	37	22	96	23	69	24	21	25	108	26	38	27	92	28	20	29	14	
	0	76	1	109	2	101	3	94	4	113	5	88	6	110	7	87	8	8	9	87	10	115	11	91	12	85	13	60	14	67	15	73	16	31	17	39	18	85	19	15	20	25	21	38	22	96	23	68	24	31	25	111	26	31	27	104	28	22	29	24	
	0	84	1	107	2	107	3	106	4	117	5	92	6	104	7	100	8	3	9	89	10	105	11	87	12	82	13	53	14	80	15	85	16	23	17	38	18	95	19	6	20	28	21	29	22	110	23	69	24	21	25	97	26	34	27	97	28	21	29	20	
	0	86	1	92	2	107	3	101	4	113	5	84	6	106	7	95	8	11	9	79	10	103	11	87	12	92	13	50	14	75	15	86	16	21	17	34	18	85	19	4	20	24	21	37	22	95	23	75	24	24	25	114	26	22	27	103	28	26	29	14	
	0	79	1	102	2	107	3	92	4	112	5	94	6	100	7	92	8	13	9	89	10	104	11	93	12	86	13	46	14	82	15	84	16	20	17	31	18	90	19	6	20	30	21	25	22	111	23	80	24	29	25	111	26	28	27	92	28	36	29	25	
	0	77	1	104	2	107	3	101	4	100	5	85	6	109	7	89	8	11	9	77	10	100	11	92	12	84	13	52	14	82	15	70	16	22	17	33	18	79	19	16	20	40	21	31	22	101	23	80	24	39	25	99	26	32	27	99	28	25	29	29	
	0	84	1	102	2	108	3	96	4	117	5	75	6	103	7	90	8	10	9	85	10	103	11	94	12	75	13	60	14	80	15	81	16	19	17	38	18	93	19	20	20	38	21	31	22	96	23	65	24	31	25	96	26	24	27	104	28	20	29	24	
	0	75	1	98	2	112	3	91	4	112	5	85	6	104	7	100	8	16	9	87	10	108	11	78	12	81	13	49	14	70	15	68	16	25	17	21	18	80	19	16	20	40	21	32	22	108	23	80	24	37	25	109	26	38	27	103	28	24	29	13	
	0	78	1	94	2	99	3	104	4	117	5	75	6	115	7	94	8	15	9	78	10	106	11	88	12	92	13	43	14	79	15	67	16	16	17	35	18	88	19	5	20	26	21	33	22	108	23	70	24	22	25	112	26	34	27	93	28	26	29	23	
	0	84	1	106	2	114	3	93	4	107	5	92	6	102	7	98	8	14	9	83	10	99	11	96	12	78	13	48	14	69	15	70	16	14	17	31	18	80	19	21	20	40	21	34	22	94	23	76	24	23	25	101	26	36	27	85	28	25	29	23	
	0	94	1	102	2	99	3	91	4	104	5	82	6	112	7	106	8	7	9	75	10	96	11	89	12	85	13	55	14	78	15	83	16	21	17	31	18	95	19	18	20	28	21	27	22	112	23	63	24	32	25	96	26	28	27	94	28	36	29	31	
	0	83	1	98	2	110	3	92	4	100	5	78	6	97	7	106	8	17	9	86	10	107	11	86	12	90	13	50	14	72	15	76	16	26	17	37	18	88	19	17	20	42	21	29	22	97	23	80	24	23	25	108	26	21	27	93	28	19	29	15	
	0	90	1	110	2	106	3	105	4	111	5	92	6	97	7	94	8	7	9	80	10	106	11	81	12	90	13	48	14	76	15	81	16	23	17	31	18	85	19	7	20	28	21	26	22	96	23	79	24	22	25	112	26	39	27	100	28	24	29	25	
	0	80	1	92	2	99	3	97	4	113	5	77	6	99	7	102	8	4	9	86	10	97	11	87	12	83	13	48	14	82	15	74	16	27	17	20	18	90	19	9	20	32	21	32	22	95	23	66	24	23	25	113	26	30	27	98	28	38	29	17	
	0	91	1	106	2	110	3	88	4	113	5	93	6	106	7	101	8	19	9	74	10	108	11	91	12	73	13	49	14	69	15	82	16	28	17	22	18	83	19	17	20	26	21	35	22	94	23	74	24	35	25	103	26	38	27	91	28	20	29	17	
	0	84	1	104	2	103	3	107	4	102	5	77	6	114	7	89	8	13	9	82	10	113	11	77	12	81	13	42	14	77	15	71	16	23	17	24	18	79	19	17	20	25	21	29	22	94	23	63	24	24	25	113	26	21	27	101	28	22	29	29	
	0	89	1	93	2	100	3	88	4	105	5	86	6	106	7	94	8	13	9	87	10	104	11	85	12	88	13	48	14	74	15	83	16	18	17	28	18	94	19	9	20	32	21	43	22	96	23	77	24	27	25	112	26	32	27	88	28	32	29	17	
	0	85	1	109	2	109	3	93	4	101	5	75	6	114	7	105	8	10	9	89	10	99	11	85	12	74	13	57	14	67	15	71	16	27	17	38	18	81	19	9	20	37	21	28	22	109	23	67	24	26	25	103	26	38	27	104	28	20	29	13	
	0	85	1	97	2	105	3	102	4	100	5	75	6	110	7	105	8	14	9	76	10	103	11	87	12	83	13	55	14	63	15	67	16	26	17	24	18	84	19	21	20	40	21	43	22	107	23	81	24	39	25	100	26	25	27	90	28	31	29	24	
	0	83	1	103	2	99	3	91	4	112	5	87	6	115	7	102	8	6	9	79	10	104	11	81	12	88	13	51	14	65	15	69	16	16	17	36	18	90	19	11	20	38	21	38	22	107	23	74	24	38	25	103	26	36	27	89	28	20	29	22	
	0	90	1	94	2	105	3	100	4	117	5	93	6	105	7	94	8	19	9	75	10	100	11	80	12	74	13	60	14	64	15	70	16	17	17	27	18	76	19	7	20	26	21	31	22	112	23	68	24	36	25	109	26	36	27	95	28	28	29	27	
	0	76	1	98	2	109	3	102	4	107	5	94	6	102	7	98	8	9	9	83	10	107	11	95	12	78	13	52	14	70	15	83	16	23	17	22	18	78	19	19	20	41	21	42	22	95	23	63	24	20	25	96	26	24	27	93	28	31	29	19	
	0	93	1	105	2	99	3	90	4	108	5	80	6	102	7	93	8	15	9	82	10	103	11	81	12	84	13	58	14	78	15	83	16	12	17	24	18	86	19	14	20	35	21	32	22	99	23	73	24	29	25	111	26	27	27	97	28	27	29	26	
	0	94	1	103	2	96	3	92	4	104	5	87	6	102	7	102	8	18	9	82	10	104	11	81	12	87	13	60	14	73	15	78	16	20	17	24	18	91	19	5	20	35	21	42	22	97	23	68	24	31	25	107	26	31	27	98	28	20	29	20	
	0	86	1	110	2	100	3	99	4	106	5	75	6	107	7	94	8	2	9	79	10	102	11	81	12	92	13	48	14	75	15	73	16	30	17	35	18	85	19	3	20	35	21	32	22	103	23	80	24	20	25	98	26	30	27	86	28	28	29	23	
	0	94	1	94	2	103	3	106	4	112	5	87	6	103	7	93	8	5	9	88	10	97	11	77	12	86	13	43	14	80	15	69	16	17	17	29	18	86	19	7	20	32	21	32	22	105	23	62	24	23	25	100	26	39	27	85	28	22	29	25	
	0	93	1	91	2	104	3	90	4	118	5	79	6	100	7	93	8	7	9	76	10	99	11	92	12	76	13	52	14	71	15	73	16	22	17	26	18	92	19	8	20	34	21	29	22	96	23	77	24	25	25	115	26	29	27	86	28	32	29	32	
	0	94	1	93	2	112	3	89	4	100	5	76	6	99	7	103	8	16	9	84	10	107	11	80	12	77	13	60	14	70	15	69	16	26	17	21	18	94	19	21	20	38	21	37	22	113	23	80	24	22	25	112	26	39	27	99	28	34	29	29	
	0	79	1	108	2	107	3	89	4	100	5	85	6	100	7	101	8	15	9	87	10	108	11	85	12	86	13	46	14	73	15	73	16	24	17	33	18	92	19	14	20	37	21	26	22	106	23	79	24	20	25	104	26	31	27	95	28	30	29	29	
	0	94	1	93	2	108	3	94	4	110	5	88	6	97	7	99	8	7	9	85	10	99	11	91	12	77	13	57	14	71	15	80	16	30	17	23	18	83	19	4	20	29	21	32	22	112	23	77	24	32	25	103	26	32	27	87	28	28	29	24	
	0	77	1	94	2	111	3	90	4	115	5	75	6	100	7	103	8	21	9	81	10	102	11	81	12	87	13	52	14	71	15	80	16	23	17	36	18	84	19	7	20	25	21	44	22	101	23	79	24	21	25	112	26	26	27	90	28	35	29	30	
	0	75	1	96	2	113	3	94	4	113	5	80	6	113	7	98	8	7	9	74	10	103	11	93	12	75	13	47	14	79	15	81	16	29	17	27	18	76	19	10	20	33	21	43	22	97	23	80	24	39	25	105	26	24	27	101	28	25	29	15	
	0	82	1	97	2	106	3	89	4	101	5	82	6	107	7	90	8	17	9	86	10	98	11	95	12	81	13	56	14	66	15	74	16	29	17	26	18	87	19	15	20	37	21	38	22	99	23	81	24	20	25	106	26	33	27	88	28	28	29	21	
	0	84	1	107	2	111	3	98	4	104	5	90	6	106	7	102	8	17	9	71	10	115	11	83	12	79	13	47	14	65	15	67	16	15	17	39	18	95	19	8	20	24	21	29	22	106	23	72	24	23	25	109	26	29	27	101	28	30	29	16	
	0	79	1	107	2	101	3	107	4	105	5	75	6	106	7	100	8	5	9	85	10	112	11	96	12	83	13	48	14	81	15	76	16	24	17	34	18	92	19	5	20	41	21	25	22	108	23	79	24	34	25	105	26	24	27	104	28	35	29	32	
	0	93	1	101	2	109	3	101	4	102	5	79	6	109	7	106	8	6	9	83	10	97	11	93	12	89	13	45	14	78	15	84	16	16	17	32	18	92	19	12	20	36	21	37	22	111	23	81	24	31	25	111	26	31	27	102	28	27	29	26	
	0	94	1	98	2	98	3	88	4	100	5	86	6	116	7	102	8	5	9	82	10	97	11	89	12	85	13	49	14	63	15	81	16	26	17	23	18	90	19	9	20	30	21	36	22	102	23	74	24	24	25	107	26	39	27	97	28	22	29	25	
	0	91	1	94	2	97	3	102	4	115	5	84	6	110	7	100	8	9	9	82	10	112	11	89	12	91	13	56	14	66	15	71	16	31	17	23	18	80	19	10	20	25	21	32	22	108	23	77	24	27	25	113	26	38	27	89	28	20	29	23	
	0	90	1	103	2	97	3	93	4	108	5	90	6	110	7	96	8	20	9	80	10	102	11	87	12	78	13	41	14	65	15	82	16	25	17	23	18	88	19	14	20	27	21	32	22	98	23	66	24	38	25	106	26	21	27	92	28	37	29	32	
	0	83	1	95	2	107	3	89	4	103	5	90	6	105	7	90	8	10	9	72	10	112	11	87	12	90	13	43	14	73	15	83	16	23	17	35	18	82	19	21	20	38	21	41	22	111	23	62	24	22	25	115	26	28	27	90	28	29	29	16	
	0	93	1	110	2	106	3	99	4	117	5	78	6	103	7	95	8	17	9	90	10	105	11	83	12	82	13	50	14	77	15	82	16	25	17	24	18	77	19	11	20	28	21	42	22	95	23	76	24	25	25	97	26	28	27	91	28	23	29	22	
	0	89	1	93	2	114	3	89	4	107	5	86	6	109	7	97	8	13	9	71	10	108	11	77	12	77	13	45	14	74	15	74	16	16	17	28	18	92	19	10	20	32	21	40	22	106	23	71	24	22	25	107	26	35	27	91	28	31	29	28	
	0	76	1	101	2	111	3	93	4	117	5	93	6	98	7	102	8	12	9	73	10	106	11	96	12	77	13	50	14	79	15	81	16	16	17	22	18	85	19	7	20	24	21	36	22	107	23	81	24	35	25	101	26	40	27	86	28	28	29	30	
	0	79	1	104	2	102	3	99	4	103	5	94	6	116	7	100	8	4	9	81	10	111	11	90	12	74	13	55	14	63	15	81	16	24	17	39	18	89	19	14	20	39	21	41	22	101	23	75	24	26	25	106	26	29	27	89	28	21	29	20	
	0	84	1	96	2	108	3	93	4	103	5	78	6	108	7	93	8	7	9	84	10	110	11	84	12	74	13	44	14	63	15	73	16	22	17	21	18	78	19	3	20	30	21	43	22	111	23	74	24	24	25	107	26	22	27	89	28	30	29	24	
	0	78	1	95	2	113	3	96	4	105	5	94	6	116	7	105	8	19	9	77	10	96	11	90	12	79	13	45	14	80	15	76	16	24	17	38	18	80	19	3	20	34	21	29	22	109	23	64	24	23	25	98	26	28	27	93	28	35	29	24	
	0	91	1	95	2	104	3	104	4	113	5	76	6	110	7	98	8	10	9	71	10	105	11	96	12	76	13	56	14	68	15	75	16	27	17	35	18	86	19	7	20	30	21	33	22	107	23	68	24	21	25	96	26	40	27	99	28	27	29	13	
	0	94	1	96	2	113	3	99	4	104	5	89	6	112	7	102	8	10	9	90	10	96	11	86	12	87	13	53	14	66	15	81	16	31	17	27	18	85	19	13	20	38	21	33	22	104	23	63	24	33	25	112	26	31	27	104	28	38	29	28	
	0	86	1	97	2	102	3	96	4	102	5	83	6	113	7	106	8	9	9	84	10	110	11	83	12	81	13	57	14	70	15	74	16	23	17	31	18	85	19	13	20	34	21	38	22	102	23	62	24	20	25	115	26	26	27	93	28	30	29	27	
	0	83	1	108	2	96	3	102	4	109	5	75	6	112	7	92	8	6	9	80	10	109	11	92	12	77	13	60	14	78	15	85	16	31	17	28	18	92	19	21	20	25	21	34	22	101	23	77	24	22	25	106	26	30	27	102	28	35	29	19	
	0	86	1	100	2	99	3	95	4	103	5	77	6	103	7	96	8	4	9	80	10	112	11	82	12	77	13	46	14	66	15	81	16	30	17	24	18	94	19	10	20	37	21	26	22	101	23	70	24	29	25	103	26	30	27	90	28	28	29	32	
	0	94	1	102	2	97	3	95	4	118	5	84	6	113	7	97	8	7	9	72	10	102	11	81	12	90	13	49	14	78	15	74	16	25	17	26	18	90	19	8	20	39	21	25	22	98	23	65	24	35	25	115	26	27	27	104	28	35	29	24	
	0	94	1	98	2	97	3	98	4	106	5	83	6	115	7	95	8	11	9	72	10	112	11	78	12	79	13	45	14	78	15	86	16	17	17	20	18	93	19	21	20	27	21	33	22	102	23	70	24	35	25	102	26	30	27	104	28	23	29	27	
	0	86	1	109	2	114	3	91	4	115	5	91	6	116	7	96	8	7	9	72	10	108	11	89	12	92	13	49	14	75	15	85	16	20	17	34	18	88	19	21	20	37	21	31	22	111	23	79	24	36	25	99	26	36	27	94	28	22	29	19	
	0	93	1	107	2	106	3	88	4	119	5	85	6	110	7	106	8	2	9	87	10	106	11	80	12	77	13	57	14	79	15	80	16	21	17	32	18	76	19	11	20	25	21	44	22	99	23	79	24	37	25	105	26	26	27	100	28	19	29	14	
	0	78	1	106	2	100	3	99	4	119	5	84	6	98	7	97	8	4	9	74	10	110	11	85	12	84	13	41	14	64	15	81	16	27	17	27	18	84	19	15	20	34	21	25	22	104	23	72	24	21	25	97	26	24	27	89	28	27	29	18	
	0	85	1	99	2	100	3	88	4	106	5	78	6	109	7	93	8	21	9	76	10	105	11	95	12	84	13	46	14	77	15	81	16	31	17	27	18	87	19	17	20	33	21	33	22	113	23	81	24	34	25	97	26	28	27	86	28	32	29	31	
	0	88	1	91	2	114	3	92	4	102	5	84	6	114	7	93	8	17	9	84	10	101	11	78	12	81	13	46	14	78	15	84	16	24	17	24	18	86	19	10	20	32	21	34	22	94	23	63	24	36	25	99	26	22	27	92	28	29	29	21	
	0	86	1	95	2	101	3	90	4	110	5	75	6	98	7	102	8	4	9	84	10	112	11	94	12	75	13	49	14	67	15	81	16	24	17	28	18	91	19	5	20	27	21	37	22	96	23	62	24	29	25	98	26	25	27	90	28	28	29	30	
	0	76	1	95	2	111	3	95	4	118	5	94	6	106	7	94	8	15	9	84	10	98	11	86	12	73	13	45	14	74	15	73	16	31	17	39	18	92	19	4	20	32	21	32	22	107	23	74	24	30	25	109	26	35	27	95	28	37	29	31	
	0	79	1	92	2	102	3	94	4	117	5	84	6	101	7	102	8	3	9	85	10	103	11	89	12	86	13	48	14	69	15	74	16	14	17	39	18	87	19	4	20	37	21	33	22	109	23	81	24	22	25	111	26	27	27	98	28	20	29	18	
	0	94	1	106	2	105	3	96	4	115	5	83	6	105	7	101	8	20	9	84	10	98	11	81	12	86	13	48	14	65	15	79	16	14	17	28	18	93	19	7	20	24	21	37	22	106	23	79	24	36	25	101	26	34	27	89	28	31	29	25	
	0	84	1	100	2	100	3	106	4	107	5	83	6	109	7	91	8	13	9	84	10	100	11	90	12	76	13	52	14	78	15	72	16	17	17	31	18	82	19	2	20	27	21	32	22	108	23	72	24	25	25	99	26	30	27	96	28	38	29	20	
	0	91	1	106	2	99	3	106	4	106	5	85	6	98	7	101	8	10	9	78	10	103	11	90	12	84	13	58	14	68	15	68	16	19	17	32	18	87	19	12	20	30	21	28	22	105	23	71	24	36	25	101	26	35	27	91	28	20	29	26	
	0	91	1	105	2	105	3	92	4	106	5	93	6	105	7	95	8	7	9	83	10	104	11	82	12	76	13	47	14	79	15	82	16	24	17	30	18	80	19	8	20	36	21	27	22	108	23	72	24	32	25	113	26	32	27	94	28	25	29	26	
	0	89	1	99	2	111	3	93	4	113	5	94	6	106	7	91	8	5	9	86	10	111	11	79	12	76	13	55	14	82	15	73	16	18	17	37	18	85	19	11	20	27	21	28	22	105	23	65	24	36	25	109	26	21	27	97	28	36	29	21	
	0	86	1	94	2	96	3	90	4	101	5	88	6	111	7	99	8	12	9	89	10	104	11	85	12	76	13	52	14	78	15	74	16	24	17	39	18	77	19	5	20	31	21	30	22	95	23	69	24	27	25	110	26	23	27	91	28	31	29	17	
	0	81	1	108	2	108	3	97	4	110	5	94	6	98	7	100	8	12	9	87	10	113	11	81	12	81	13	57	14	64	15	74	16	24	17	38	18	94	19	3	20	40	21	28	22	106	23	75	24	23	25	98	26	37	27	100	28	22	29	22	
	0	86	1	106	2	99	3	106	4	106	5	84	6	98	7	99	8	9	9	89	10	113	11	83	12	75	13	59	14	71	15	73	16	26	17	21	18	93	19	7	20	29	21	39	22	108	23	77	24	38	25	102	26	30	27	103	28	34	29	22	
	0	85	1	99	2	103	3	99	4	106	5	93	6	98	7	102	8	13	9	77	10	98	11	94	12	87	13	55	14	82	15	71	16	25	17	23	18	92	19	21	20	32	21	33	22	94	23	77	24	30	25	114	26	24	27	93	28	23	29	23	
	0	82	1	100	2	103	3	98	4	104	5	87	6	108	7	106	8	20	9	89	10	107	11	89	12	73	13	59	14	71	15	72	16	26	17	35	18	82	19	6	20	23	21	44	22	97	23	78	24	24	25	108	26	35	27	91	28	29	29	18	
	0	80	1	104	2	114	3	97	4	111	5	84	6	113	7	91	8	4	9	76	10	101	11	83	12	88	13	43	14	73	15	67	16	23	17	33	18	86	19	17	20	26	21	26	22	96	23	66	24	27	25	110	26	21	27	90	28	35	29	15	
	0	81	1	104	2	107	3	103	4	104	5	85	6	111	7	106	8	3	9	82	10	100	11	80	12	88	13	54	14	72	15	74	16	13	17	39	18	78	19	21	20	23	21	36	22	109	23	69	24	24	25	99	26	27	27	95	28	22	29	24	
	0	80	1	101	2	101	3	106	4	110	5	82	6	112	7	98	8	7	9	71	10	109	11	80	12	81	13	51	14	65	15	73	16	31	17	22	18	93	19	12	20	41	21	30	22	100	23	71	24	29	25	100	26	32	27	88	28	19	29	16	
	0	80	1	95	2	97	3	101	4	118	5	92	6	100	7	101	8	20	9	87	10	114	11	86	12	90	13	57	14	78	15	72	16	15	17	20	18	86	19	20	20	42	21	44	22	105	23	69	24	22	25	100	26	21	27	96	28	27	29	28	
	0	89	1	97	2	97	3	95	4	110	5	88	6	113	7	98	8	15	9	72	10	99	11	77	12	80	13	58	14	69	15	75	16	22	17	34	18	95	19	3	20	30	21	44	22	101	23	81	24	35	25	108	26	31	27	85	28	29	29	17	
	0	75	1	96	2	114	3	97	4	119	5	89	6	104	7	103	8	8	9	86	10	114	11	78	12	86	13	60	14	64	15	77	16	24	17	39	18	92	19	19	20	33	21	40	22	98	23	76	24	20	25	106	26	39	27	95	28	34	29	20	
	0	77	1	103	2	98	3	99	4	102	5	81	6	108	7	87	8	20	9	73	10	107	11	87	12	86	13	46	14	82	15	69	16	12	17	38	18	92	19	16	20	40	21	32	22	101	23	71	24	20	25	96	26	27	27	96	28	33	29	32	
	0	81	1	94	2	112	3	94	4	106	5	83	6	106	7	102	8	4	9	76	10	113	11	78	12	80	13	55	14	76	15	79	16	21	17	37	18	81	19	19	20	42	21	40	22	98	23	66	24	36	25	106	26	32	27	99	28	26	29	26	
	0	85	1	107	2	100	3	96	4	116	5	84	6	100	7	100	8	17	9	83	10	114	11	87	12	88	13	55	14	74	15	77	16	13	17	23	18	77	19	17	20	39	21	37	22	97	23	65	24	35	25	102	26	24	27	88	28	30	29	23	
	0	84	1	93	2	100	3	97	4	112	5	85	6	114	7	104	8	15	9	90	10	109	11	91	12	82	13	52	14	81	15	76	16	28	17	24	18	81	19	15	20	35	21	28	22	95	23	74	24	25	25	104	26	24	27	101	28	31	29	24	
	0	76	1	104	2	104	3	92	4	105	5	75	6	111	7	95	8	14	9	81	10	96	11	94	12	86	13	60	14	68	15	83	16	23	17	26	18	91	19	12	20	40	21	42	22	96	23	81	24	32	25	105	26	30	27	88	28	20	29	19	
	0	81	1	99	2	104	3	101	4	111	5	79	6	114	7	95	8	10	9	89	10	113	11	89	12	74	13	43	14	78	15	84	16	23	17	39	18	85	19	12	20	37	21	33	22	106	23	62	24	29	25	110	26	34	27	90	28	28	29	16	
	0	76	1	94	2	102	3	101	4	104	5	75	6	98	7	102	8	11	9	83	10	113	11	85	12	81	13	56	14	68	15	86	16	31	17	37	18	91	19	2	20	23	21	37	22	98	23	68	24	30	25	110	26	40	27	103	28	27	29	31	
	0	81	1	108	2	113	3	96	4	111	5	92	6	116	7	104	8	5	9	73	10	101	11	86	12	91	13	55	14	63	15	80	16	26	17	29	18	88	19	5	20	42	21	25	22	96	23	71	24	28	25	100	26	31	27	92	28	24	29	14	
	0	85	1	105	2	95	3	105	4	114	5	77	6	102	7	103	8	13	9	80	10	104	11	78	12	88	13	47	14	81	15	76	16	21	17	38	18	88	19	19	20	37	21	29	22	104	23	69	24	34	25	115	26	22	27	91	28	38	29	15	
	0	81	1	104	2	112	3	101	4	107	5	90	6	112	7	90	8	21	9	81	10	102	11	94	12	92	13	53	14	67	15	77	16	20	17	21	18	87	19	19	20	34	21	30	22	111	23	62	24	31	25	104	26	36	27	88	28	19	29	17	
	0	76	1	101	2	114	3	93	4	105	5	88	6	116	7	106	8	21	9	71	10	107	11	89	12	81	13	54	14	66	15	75	16	18	17	26	18	92	19	2	20	33	21	41	22	104	23	76	24	29	25	110	26	25	27	99	28	24	29	15	
	0	78	1	104	2	100	3	104	4	114	5	78	6	105	7	104	8	15	9	88	10	101	11	92	12	77	13	44	14	66	15	74	16	17	17	30	18	84	19	10	20	35	21	25	22	112	23	75	24	26	25	109	26	33	27	104	28	35	29	27	
	0	78	1	110	2	111	3	88	4	110	5	85	6	102	7	106	8	10	9	90	10	100	11	91	12	74	13	55	14	63	15	82	16	31	17	35	18	83	19	21	20	23	21	33	22	103	23	63	24	32	25	102	26	27	27	104	28	35	29	21	
	0	87	1	104	2	97	3	99	4	116	5	86	6	105	7	105	8	6	9	85	10	97	11	86	12	80	13	53	14	66	15	72	16	13	17	33	18	76	19	8	20	27	21	44	22	100	23	77	24	20	25	110	26	36	27	94	28	28	29	18	
	0	88	1	101	2	98	3	102	4	110	5	88	6	99	7	96	8	19	9	75	10	111	11	89	12	84	13	47	14	75	15	77	16	15	17	28	18	83	19	9	20	33	21	25	22	107	23	72	24	25	25	111	26	27	27	104	28	32	29	17	
	0	82	1	92	2	99	3	104	4	108	5	86	6	101	7	103	8	3	9	72	10	97	11	91	12	80	13	51	14	69	15	86	16	21	17	30	18	78	19	20	20	36	21	26	22	113	23	62	24	27	25	111	26	26	27	88	28	35	29	22	
	0	81	1	102	2	111	3	90	4	114	5	88	6	98	7	104	8	10	9	82	10	102	11	82	12	80	13	44	14	72	15	68	16	28	17	25	18	82	19	3	20	33	21	26	22	104	23	73	24	22	25	114	26	39	27	101	28	25	29	30	
	0	83	1	93	2	96	3	105	4	113	5	88	6	97	7	91	8	7	9	87	10	99	11	87	12	76	13	42	14	69	15	77	16	21	17	24	18	82	19	14	20	41	21	30	22	105	23	63	24	29	25	97	26	34	27	87	28	26	29	30	
	0	90	1	97	2	104	3	98	4	114	5	83	6	110	7	98	8	2	9	85	10	98	11	87	12	74	13	53	14	80	15	82	16	31	17	25	18	90	19	4	20	25	21	40	22	99	23	62	24	35	25	102	26	28	27	101	28	35	29	28	
	0	75	1	99	2	102	3	96	4	117	5	94	6	111	7	87	8	10	9	71	10	113	11	81	12	73	13	59	14	77	15	75	16	16	17	21	18	92	19	18	20	26	21	26	22	95	23	72	24	31	25	114	26	36	27	90	28	23	29	17	
	0	83	1	91	2	95	3	103	4	117	5	87	6	110	7	93	8	7	9	73	10	103	11	83	12	85	13	55	14	77	15	73	16	29	17	36	18	80	19	11	20	30	21	30	22	113	23	69	24	37	25	104	26	22	27	99	28	19	29	30	
	0	78	1	103	2	112	3	94	4	107	5	88	6	116	7	91	8	9	9	73	10	99	11	92	12	92	13	55	14	79	15	79	16	14	17	33	18	84	19	20	20	38	21	44	22	111	23	76	24	35	25	104	26	21	27	104	28	25	29	21	
	0	79	1	98	2	108	3	94	4	116	5	83	6	112	7	93	8	9	9	86	10	111	11	94	12	81	13	43	14	76	15	73	16	19	17	20	18	79	19	17	20	28	21	26	22	97	23	63	24	31	25	107	26	30	27	94	28	23	29	26	
	0	93	1	99	2	107	3	89	4	103	5	94	6	103	7	94	8	2	9	81	10	97	11	85	12	88	13	46	14	80	15	73	16	28	17	22	18	77	19	18	20	33	21	33	22	112	23	69	24	38	25	100	26	38	27	98	28	22	29	15	
	0	79	1	108	2	99	3	107	4	106	5	88	6	103	7	94	8	2	9	83	10	102	11	88	12	73	13	49	14	64	15	70	16	18	17	39	18	80	19	7	20	37	21	42	22	100	23	62	24	28	25	105	26	39	27	96	28	22	29	16	
	0	78	1	102	2	110	3	96	4	106	5	89	6	115	7	104	8	3	9	76	10	114	11	96	12	77	13	49	14	66	15	84	16	30	17	30	18	92	19	16	20	32	21	36	22	102	23	65	24	23	25	105	26	25	27	97	28	23	29	19	
	0	81	1	107	2	112	3	106	4	112	5	76	6	98	7	91	8	13	9	80	10	99	11	77	12	80	13	46	14	67	15	80	16	21	17	25	18	80	19	15	20	29	21	38	22	96	23	70	24	26	25	106	26	32	27	86	28	28	29	30	
	0	85	1	102	2	95	3	92	4	106	5	87	6	104	7	105	8	2	9	78	10	111	11	94	12	82	13	51	14	73	15	72	16	22	17	27	18	79	19	16	20	35	21	39	22	102	23	69	24	26	25	96	26	40	27	87	28	31	29	32	
	0	79	1	104	2	101	3	99	4	116	5	85	6	111	7	99	8	21	9	85	10	115	11	88	12	84	13	43	14	65	15	69	16	14	17	39	18	81	19	9	20	27	21	37	22	96	23	64	24	39	25	103	26	37	27	100	28	21	29	24	
	0	94	1	101	2	113	3	88	4	103	5	83	6	98	7	87	8	10	9	86	10	110	11	96	12	76	13	50	14	74	15	83	16	14	17	38	18	76	19	2	20	34	21	33	22	109	23	73	24	33	25	106	26	30	27	95	28	25	29	13	
	0	79	1	106	2	101	3	88	4	108	5	83	6	113	7	100	8	14	9	84	10	97	11	90	12	89	13	52	14	79	15	73	16	13	17	26	18	90	19	16	20	23	21	27	22	94	23	80	24	30	25	115	26	38	27	85	28	36	29	27	
	0	82	1	97	2	98	3	91	4	114	5	91	6	105	7	97	8	15	9	87	10	105	11	81	12	91	13	59	14	76	15	74	16	17	17	21	18	92	19	9	20	26	21	38	22	113	23	66	24	33	25	102	26	30	27	92	28	21	29	18	
	0	81	1	107	2	106	3	92	4	105	5	76	6	115	7	88	8	19	9	82	10	105	11	86	12	80	13	51	14	64	15	83	16	12	17	33	18	80	19	8	20	30	21	36	22	105	23	80	24	37	25	104	26	36	27	98	28	24	29	31	
	0	82	1	110	2	98	3	92	4	107	5	79	6	115	7	94	8	14	9	83	10	104	11	83	12	85	13	53	14	79	15	69	16	28	17	27	18	92	19	7	20	28	21	42	22	108	23	75	24	28	25	105	26	37	27	95	28	37	29	17	
	0	85	1	91	2	96	3	104	4	118	5	94	6	109	7	102	8	3	9	77	10	104	11	91	12	80	13	49	14	72	15	79	16	16	17	33	18	81	19	5	20	28	21	25	22	97	23	66	24	29	25	111	26	34	27	96	28	20	29	24	
	0	92	1	110	2	101	3	107	4	117	5	91	6	114	7	87	8	4	9	81	10	100	11	94	12	77	13	57	14	63	15	84	16	16	17	24	18	86	19	2	20	32	21	44	22	97	23	75	24	27	25	96	26	39	27	98	28	30	29	17	
	0	77	1	101	2	96	3	104	4	117	5	86	6	104	7	98	8	3	9	71	10	105	11	90	12	76	13	44	14	64	15	70	16	30	17	31	18	92	19	2	20	40	21	36	22	94	23	66	24	21	25	96	26	27	27	87	28	25	29	26	
	0	90	1	91	2	112	3	102	4	101	5	82	6	110	7	98	8	15	9	80	10	106	11	77	12	76	13	50	14	73	15	84	16	24	17	28	18	85	19	9	20	36	21	39	22	106	23	64	24	38	25	109	26	23	27	96	28	33	29	24	
	0	91	1	107	2	99	3	89	4	107	5	86	6	107	7	104	8	9	9	79	10	103	11	88	12	86	13	42	14	63	15	67	16	16	17	24	18	78	19	12	20	29	21	29	22	104	23	62	24	20	25	113	26	27	27	85	28	21	29	16	
	0	93	1	101	2	101	3	107	4	104	5	81	6	100	7	98	8	18	9	73	10	108	11	94	12	91	13	53	14	69	15	83	16	26	17	38	18	93	19	16	20	35	21	33	22	107	23	70	24	33	25	104	26	39	27	87	28	37	29	18	
	0	79	1	107	2	99	3	101	4	116	5	90	6	115	7	89	8	10	9	75	10	109	11	90	12	85	13	45	14	68	15	73	16	30	17	33	18	77	19	17	20	41	21	42	22	108	23	74	24	37	25	115	26	26	27	101	28	36	29	26	
	0	83	1	96	2	101	3	88	4	113	5	78	6	100	7	88	8	15	9	90	10	109	11	83	12	89	13	45	14	65	15	77	16	23	17	39	18	92	19	8	20	39	21	25	22	107	23	77	24	35	25	105	26	40	27	101	28	24	29	18	
	0	93	1	109	2	106	3	94	4	110	5	87	6	101	7	88	8	9	9	87	10	110	11	94	12	86	13	51	14	72	15	79	16	21	17	23	18	85	19	14	20	41	21	30	22	100	23	75	24	38	25	107	26	39	27	98	28	31	29	14	
	0	89	1	103	2	109	3	98	4	114	5	83	6	105	7	105	8	13	9	89	10	103	11	77	12	92	13	60	14	68	15	70	16	20	17	32	18	80	19	21	20	39	21	33	22	100	23	78	24	23	25	96	26	22	27	95	28	26	29	24	
	0	93	1	95	2	106	3	103	4	104	5	91	6	105	7	87	8	18	9	76	10	114	11	79	12	85	13	41	14	71	15	72	16	16	17	38	18	95	19	21	20	30	21	28	22	112	23	70	24	24	25	107	26	32	27	85	28	26	29	28	
	0	78	1	103	2	105	3	97	4	117	5	91	6	111	7	88	8	5	9	74	10	96	11	79	12	80	13	59	14	80	15	72	16	23	17	22	18	82	19	10	20	28	21	44	22	97	23	68	24	29	25	111	26	37	27	90	28	21	29	22	
	0	85	1	109	2	105	3	107	4	103	5	94	6	99	7	96	8	13	9	72	10	101	11	77	12	73	13	42	14	70	15	76	16	18	17	28	18	89	19	6	20	34	21	43	22	94	23	70	24	24	25	113	26	34	27	93	28	32	29	25	
	0	79	1	100	2	104	3	91	4	112	5	84	6	101	7	94	8	18	9	80	10	112	11	83	12	84	13	55	14	74	15	72	16	12	17	23	18	91	19	4	20	39	21	29	22	107	23	75	24	21	25	111	26	30	27	87	28	27	29	29	
	0	88	1	92	2	113	3	94	4	102	5	86	6	108	7	88	8	8	9	80	10	107	11	83	12	78	13	43	14	74	15	83	16	18	17	27	18	82	19	3	20	24	21	38	22	100	23	66	24	31	25	99	26	24	27	99	28	37	29	19	
	0	94	1	102	2	97	3	88	4	106	5	94	6	104	7	106	8	17	9	79	10	96	11	92	12	76	13	54	14	72	15	78	16	31	17	27	18	93	19	18	20	23	21	35	22	110	23	64	24	23	25	114	26	29	27	93	28	36	29	23	
	0	77	1	106	2	95	3	99	4	111	5	85	6	113	7	98	8	2	9	75	10	102	11	82	12	73	13	54	14	77	15	72	16	13	17	29	18	79	19	13	20	25	21	30	22	107	23	81	24	37	25	100	26	27	27	86	28	36	29	21	
	0	79	1	96	2	105	3	102	4	101	5	94	6	100	7	99	8	21	9	87	10	96	11	77	12	78	13	45	14	68	15	68	16	17	17	21	18	91	19	13	20	29	21	37	22	112	23	74	24	20	25	103	26	21	27	85	28	34	29	17	
	0	88	1	94	2	106	3	89	4	114	5	81	6	100	7	90	8	20	9	76	10	98	11	91	12	73	13	57	14	71	15	84	16	20	17	35	18	76	19	12	20	33	21	32	22	94	23	81	24	27	25	101	26	34	27	96	28	23	29	31	
	0	90	1	102	2	104	3	89	4	112	5	80	6	104	7	106	8	19	9	84	10	115	11	90	12	81	13	59	14	73	15	79	16	31	17	34	18	85	19	6	20	27	21	42	22	104	23	78	24	26	25	96	26	26	27	104	28	29	29	30	
	0	83	1	106	2	113	3	99	4	108	5	84	6	100	7	105	8	4	9	84	10	107	11	88	12	92	13	55	14	82	15	79	16	26	17	27	18	76	19	8	20	25	21	26	22	103	23	80	24	28	25	105	26	32	27	104	28	28	29	17	
	0	83	1	108	2	96	3	107	4	114	5	86	6	106	7	92	8	8	9	79	10	107	11	85	12	92	13	52	14	70	15	80	16	23	17	33	18	77	19	17	20	33	21	25	22	107	23	72	24	29	25	111	26	35	27	102	28	20	29	17	
	0	81	1	108	2	109	3	100	4	102	5	88	6	106	7	92	8	16	9	87	10	100	11	78	12	81	13	57	14	77	15	81	16	13	17	30	18	83	19	14	20	26	21	44	22	98	23	80	24	21	25	99	26	38	27	98	28	28	29	21	
	0	92	1	93	2	98	3	105	4	117	5	93	6	97	7	96	8	15	9	81	10	96	11	88	12	81	13	41	14	81	15	70	16	18	17	35	18	93	19	13	20	38	21	35	22	105	23	78	24	21	25	107	26	36	27	103	28	24	29	13	
	0	87	1	97	2	110	3	100	4	113	5	84	6	111	7	104	8	10	9	84	10	109	11	80	12	75	13	46	14	81	15	77	16	30	17	29	18	76	19	5	20	24	21	33	22	109	23	69	24	26	25	105	26	38	27	94	28	26	29	22	
	0	81	1	99	2	106	3	100	4	119	5	85	6	103	7	98	8	3	9	71	10	97	11	82	12	88	13	48	14	76	15	80	16	18	17	36	18	86	19	14	20	24	21	25	22	103	23	68	24	39	25	103	26	30	27	99	28	29	29	23	
	0	88	1	95	2	113	3	100	4	105	5	83	6	107	7	102	8	3	9	80	10	101	11	85	12	80	13	55	14	79	15	68	16	14	17	30	18	78	19	20	20	30	21	36	22	111	23	74	24	34	25	98	26	32	27	96	28	25	29	15	
	0	93	1	106	2	102	3	90	4	119	5	78	6	101	7	97	8	2	9	88	10	108	11	78	12	88	13	55	14	71	15	78	16	16	17	26	18	81	19	21	20	28	21	40	22	96	23	63	24	37	25	106	26	32	27	104	28	38	29	13	
	0	80	1	106	2	108	3	99	4	101	5	92	6	116	7	95	8	20	9	75	10	111	11	77	12	83	13	41	14	68	15	69	16	25	17	31	18	92	19	16	20	33	21	30	22	104	23	66	24	22	25	97	26	22	27	90	28	29	29	30	
	0	78	1	104	2	101	3	92	4	116	5	87	6	104	7	102	8	12	9	86	10	113	11	87	12	92	13	58	14	79	15	83	16	12	17	34	18	76	19	12	20	24	21	31	22	95	23	70	24	30	25	114	26	35	27	90	28	26	29	24	
	0	83	1	100	2	96	3	97	4	110	5	82	6	104	7	92	8	21	9	81	10	98	11	95	12	92	13	56	14	82	15	69	16	14	17	35	18	76	19	2	20	27	21	29	22	110	23	74	24	38	25	108	26	38	27	88	28	19	29	27	
	0	80	1	105	2	114	3	88	4	109	5	78	6	105	7	97	8	6	9	86	10	111	11	81	12	92	13	46	14	75	15	70	16	15	17	20	18	79	19	14	20	32	21	38	22	101	23	68	24	21	25	109	26	31	27	88	28	31	29	14	
	0	87	1	94	2	100	3	102	4	118	5	89	6	107	7	89	8	11	9	71	10	113	11	94	12	91	13	54	14	76	15	78	16	13	17	21	18	91	19	9	20	33	21	42	22	104	23	65	24	31	25	115	26	26	27	98	28	38	29	31	
	0	89	1	91	2	110	3	95	4	102	5	82	6	103	7	93	8	11	9	82	10	108	11	91	12	84	13	59	14	69	15	80	16	31	17	29	18	81	19	3	20	28	21	35	22	94	23	80	24	20	25	108	26	26	27	88	28	21	29	22	
	0	94	1	99	2	114	3	101	4	113	5	89	6	102	7	93	8	13	9	88	10	105	11	96	12	90	13	57	14	82	15	86	16	22	17	34	18	80	19	15	20	27	21	43	22	100	23	78	24	21	25	107	26	31	27	98	28	33	29	31	
	0	79	1	103	2	110	3	106	4	103	5	87	6	107	7	102	8	4	9	88	10	98	11	86	12	92	13	51	14	67	15	85	16	26	17	39	18	90	19	7	20	30	21	36	22	106	23	80	24	21	25	107	26	30	27	104	28	29	29	16	
	0	93	1	107	2	110	3	104	4	110	5	83	6	107	7	87	8	20	9	77	10	110	11	83	12	80	13	44	14	79	15	83	16	30	17	36	18	77	19	19	20	25	21	30	22	108	23	70	24	30	25	111	26	37	27	96	28	27	29	15	
	0	83	1	92	2	105	3	93	4	114	5	76	6	106	7	89	8	14	9	78	10	111	11	88	12	88	13	55	14	69	15	75	16	25	17	25	18	76	19	20	20	39	21	43	22	103	23	75	24	23	25	110	26	26	27	101	28	25	29	25	
	0	91	1	103	2	95	3	99	4	100	5	87	6	97	7	104	8	6	9	84	10	102	11	81	12	77	13	41	14	64	15	75	16	28	17	27	18	87	19	18	20	42	21	44	22	98	23	77	24	29	25	107	26	33	27	88	28	20	29	19	
	0	84	1	95	2	98	3	98	4	117	5	90	6	114	7	89	8	14	9	87	10	114	11	80	12	81	13	46	14	70	15	77	16	27	17	25	18	86	19	17	20	40	21	42	22	110	23	69	24	30	25	109	26	26	27	104	28	30	29	22	
	0	80	1	94	2	112	3	98	4	113	5	94	6	99	7	91	8	21	9	80	10	112	11	78	12	74	13	52	14	77	15	74	16	28	17	23	18	92	19	6	20	42	21	28	22	105	23	81	24	37	25	96	26	34	27	96	28	32	29	15	
	0	83	1	103	2	114	3	106	4	112	5	90	6	99	7	101	8	18	9	81	10	115	11	77	12	85	13	47	14	78	15	83	16	26	17	37	18	78	19	7	20	37	21	33	22	102	23	70	24	26	25	112	26	23	27	104	28	36	29	14	
	0	93	1	94	2	107	3	91	4	118	5	89	6	111	7	101	8	3	9	89	10	99	11	94	12	78	13	44	14	63	15	77	16	23	17	33	18	95	19	21	20	27	21	41	22	102	23	75	24	31	25	113	26	39	27	88	28	37	29	14	
	0	90	1	99	2	101	3	88	4	103	5	81	6	103	7	105	8	13	9	76	10	103	11	86	12	79	13	45	14	73	15	75	16	22	17	30	18	91	19	10	20	28	21	35	22	94	23	66	24	33	25	111	26	25	27	101	28	23	29	18	
	0	90	1	106	2	97	3	89	4	105	5	83	6	97	7	94	8	17	9	83	10	104	11	81	12	73	13	46	14	67	15	70	16	12	17	20	18	93	19	10	20	38	21	35	22	107	23	64	24	23	25	103	26	36	27	99	28	24	29	24	
	0	92	1	103	2	99	3	107	4	110	5	75	6	104	7	87	8	9	9	76	10	101	11	96	12	86	13	49	14	67	15	77	16	29	17	37	18	91	19	15	20	37	21	31	22	106	23	79	24	33	25	101	26	33	27	98	28	26	29	32	
	0	77	1	93	2	108	3	97	4	105	5	77	6	99	7	106	8	6	9	73	10	97	11	88	12	81	13	60	14	65	15	77	16	18	17	25	18	88	19	12	20	37	21	33	22	111	23	74	24	21	25	99	26	33	27	103	28	24	29	16	
	0	77	1	110	2	110	3	98	4	110	5	87	6	110	7	101	8	13	9	81	10	102	11	89	12	83	13	50	14	79	15	84	16	19	17	32	18	82	19	16	20	38	21	26	22	104	23	62	24	24	25	105	26	31	27	85	28	23	29	23	
	0	83	1	92	2	109	3	107	4	103	5	87	6	103	7	97	8	19	9	83	10	104	11	86	12	73	13	56	14	81	15	73	16	20	17	38	18	88	19	17	20	32	21	26	22	111	23	62	24	25	25	103	26	35	27	89	28	33	29	14	
	0	90	1	106	2	109	3	97	4	108	5	77	6	114	7	87	8	5	9	89	10	105	11	84	12	81	13	60	14	77	15	75	16	15	17	29	18	87	19	14	20	23	21	33	22	99	23	78	24	20	25	98	26	38	27	86	28	37	29	31	
	0	82	1	100	2	111	3	94	4	102	5	90	6	115	7	100	8	4	9	87	10	114	11	88	12	87	13	49	14	78	15	74	16	15	17	32	18	93	19	15	20	28	21	41	22	105	23	69	24	37	25	115	26	40	27	90	28	32	29	17	
	0	91	1	96	2	110	3	105	4	113	5	82	6	99	7	91	8	16	9	90	10	97	11	78	12	78	13	50	14	63	15	74	16	31	17	32	18	82	19	21	20	28	21	30	22	107	23	81	24	38	25	105	26	40	27	98	28	27	29	13	
	0	80	1	108	2	104	3	105	4	107	5	78	6	98	7	88	8	19	9	89	10	110	11	84	12	86	13	60	14	76	15	85	16	12	17	26	18	79	19	7	20	30	21	26	22	109	23	69	24	27	25	96	26	34	27	89	28	32	29	21	
	0	94	1	99	2	107	3	94	4	104	5	75	6	101	7	104	8	19	9	75	10	104	11	92	12	76	13	47	14	78	15	78	16	21	17	23	18	92	19	11	20	37	21	25	22	104	23	81	24	27	25	105	26	21	27	91	28	35	29	30	
	0	87	1	96	2	99	3	96	4	119	5	87	6	99	7	93	8	11	9	78	10	101	11	94	12	87	13	53	14	77	15	67	16	22	17	34	18	94	19	3	20	25	21	41	22	108	23	73	24	33	25	107	26	37	27	99	28	30	29	16	
	0	78	1	105	2	104	3	103	4	111	5	82	6	103	7	100	8	17	9	71	10	112	11	93	12	78	13	55	14	65	15	81	16	24	17	20	18	93	19	15	20	30	21	30	22	110	23	66	24	28	25	97	26	31	27	99	28	27	29	24	
	0	77	1	98	2	100	3	103	4	100	5	90	6	104	7	100	8	21	9	84	10	112	11	78	12	79	13	57	14	81	15	83	16	25	17	22	18	85	19	2	20	37	21	27	22	101	23	77	24	33	25	101	26	31	27	99	28	31	29	18	
	0	89	1	107	2	95	3	105	4	106	5	90	6	114	7	103	8	13	9	71	10	99	11	87	12	85	13	41	14	69	15	73	16	16	17	38	18	84	19	18	20	42	21	44	22	94	23	70	24	20	25	100	26	38	27	98	28	21	29	28	
	0	87	1	99	2	108	3	93	4	113	5	83	6	103	7	105	8	8	9	72	10	109	11	83	12	92	13	47	14	82	15	68	16	22	17	38	18	78	19	10	20	31	21	31	22	101	23	68	24	39	25	108	26	34	27	91	28	20	29	27	
	0	90	1	94	2	101	3	94	4	108	5	85	6	115	7	94	8	9	9	84	10	97	11	95	12	84	13	50	14	74	15	81	16	30	17	35	18	94	19	12	20	36	21	33	22	109	23	78	24	30	25	97	26	24	27	87	28	19	29	28	
	0	87	1	110	2	113	3	92	4	117	5	91	6	109	7	93	8	15	9	79	10	108	11	83	12	77	13	45	14	69	15	86	16	22	17	22	18	90	19	4	20	36	21	28	22	102	23	74	24	37	25	112	26	23	27	88	28	29	29	22	
	0	76	1	104	2	100	3	100	4	106	5	94	6	109	7	103	8	2	9	80	10	101	11	85	12	89	13	55	14	80	15	69	16	30	17	23	18	77	19	7	20	39	21	29	22	97	23	64	24	38	25	107	26	26	27	90	28	37	29	23	
	0	93	1	102	2	108	3	95	4	112	5	91	6	109	7	96	8	12	9	78	10	107	11	85	12	87	13	49	14	67	15	80	16	28	17	26	18	80	19	19	20	32	21	42	22	97	23	73	24	31	25	108	26	34	27	94	28	31	29	22	
	0	92	1	93	2	113	3	97	4	107	5	79	6	115	7	89	8	5	9	79	10	101	11	78	12	89	13	51	14	65	15	78	16	13	17	37	18	91	19	16	20	27	21	29	22	109	23	81	24	39	25	114	26	30	27	92	28	25	29	27	
	0	82	1	105	2	97	3	106	4	108	5	87	6	111	7	96	8	17	9	79	10	107	11	84	12	85	13	54	14	66	15	74	16	26	17	27	18	87	19	9	20	42	21	43	22	106	23	63	24	22	25	105	26	31	27	89	28	34	29	31	
	0	83	1	108	2	106	3	101	4	119	5	78	6	106	7	101	8	20	9	75	10	100	11	79	12	88	13	55	14	65	15	86	16	17	17	29	18	77	19	4	20	34	21	40	22	112	23	68	24	30	25	115	26	27	27	97	28	34	29	22	
	0	90	1	110	2	104	3	99	4	117	5	87	6	113	7	91	8	3	9	71	10	114	11	96	12	82	13	58	14	79	15	71	16	12	17	29	18	95	19	20	20	32	21	27	22	101	23	75	24	23	25	114	26	23	27	89	28	36	29	23	
	0	93	1	92	2	104	3	90	4	111	5	76	6	101	7	93	8	12	9	73	10	98	11	87	12	90	13	58	14	82	15	83	16	28	17	37	18	95	19	18	20	28	21	43	22	109	23	70	24	29	25	112	26	39	27	103	28	38	29	24	
	0	79	1	108	2	104	3	94	4	106	5	75	6	107	7	99	8	8	9	83	10	109	11	93	12	84	13	58	14	71	15	77	16	27	17	23	18	78	19	10	20	36	21	33	22	113	23	62	24	26	25	104	26	32	27	104	28	28	29	31	
	0	83	1	110	2	112	3	94	4	108	5	87	6	114	7	87	8	9	9	86	10	115	11	94	12	83	13	50	14	81	15	77	16	21	17	24	18	85	19	13	20	37	21	42	22	107	23	67	24	38	25	101	26	24	27	90	28	24	29	22	
	0	93	1	108	2	98	3	103	4	107	5	85	6	110	7	95	8	9	9	75	10	112	11	94	12	73	13	54	14	81	15	74	16	26	17	26	18	87	19	4	20	28	21	41	22	101	23	66	24	27	25	108	26	34	27	87	28	33	29	32	
	0	85	1	93	2	110	3	101	4	114	5	89	6	101	7	97	8	21	9	72	10	102	11	91	12	80	13	58	14	63	15	80	16	21	17	29	18	77	19	10	20	40	21	39	22	105	23	78	24	30	25	106	26	38	27	87	28	36	29	28	
	0	94	1	104	2	111	3	101	4	108	5	76	6	116	7	89	8	12	9	87	10	105	11	82	12	83	13	50	14	65	15	84	16	24	17	30	18	84	19	8	20	24	21	31	22	101	23	75	24	37	25	109	26	34	27	91	28	22	29	27	
	0	75	1	108	2	100	3	89	4	114	5	83	6	116	7	88	8	18	9	87	10	100	11	88	12	76	13	53	14	71	15	67	16	13	17	37	18	78	19	10	20	35	21	44	22	96	23	74	24	22	25	115	26	27	27	98	28	31	29	16	
	0	81	1	98	2	98	3	91	4	109	5	92	6	99	7	92	8	18	9	85	10	115	11	92	12	82	13	49	14	71	15	80	16	26	17	33	18	78	19	21	20	28	21	36	22	100	23	68	24	23	25	99	26	30	27	96	28	36	29	32	
	0	93	1	109	2	104	3	107	4	111	5	78	6	106	7	106	8	4	9	85	10	98	11	91	12	74	13	45	14	74	15	79	16	31	17	25	18	81	19	21	20	37	21	31	22	107	23	62	24	36	25	105	26	32	27	104	28	26	29	32	
	0	77	1	97	2	104	3	98	4	117	5	84	6	111	7	93	8	15	9	77	10	104	11	90	12	79	13	58	14	73	15	75	16	25	17	35	18	79	19	11	20	26	21	25	22	99	23	74	24	38	25	110	26	29	27	89	28	32	29	30	
	0	87	1	102	2	110	3	88	4	117	5	94	6	103	7	101	8	20	9	77	10	104	11	84	12	75	13	47	14	65	15	72	16	18	17	34	18	82	19	4	20	38	21	34	22	103	23	75	24	30	25	110	26	37	27	97	28	30	29	17	
	0	78	1	96	2	95	3	94	4	108	5	89	6	106	7	105	8	4	9	74	10	113	11	77	12	89	13	42	14	82	15	77	16	31	17	28	18	84	19	14	20	27	21	30	22	97	23	69	24	26	25	100	26	36	27	100	28	30	29	29	
	0	92	1	107	2	95	3	103	4	112	5	93	6	102	7	104	8	17	9	83	10	113	11	95	12	82	13	44	14	73	15	75	16	21	17	39	18	81	19	12	20	42	21	27	22	110	23	62	24	32	25	108	26	29	27	91	28	32	29	19	
	0	88	1	109	2	113	3	99	4	100	5	86	6	116	7	102	8	8	9	78	10	99	11	95	12	77	13	48	14	82	15	86	16	20	17	34	18	85	19	14	20	24	21	29	22	105	23	78	24	35	25	102	26	33	27	96	28	32	29	18	
	0	92	1	102	2	103	3	90	4	100	5	90	6	116	7	103	8	5	9	83	10	109	11	81	12	87	13	54	14	66	15	70	16	22	17	25	18	89	19	4	20	25	21	33	22	97	23	80	24	25	25	114	26	40	27	89	28	21	29	27	
	0	78	1	109	2	100	3	107	4	112	5	87	6	104	7	100	8	2	9	83	10	102	11	93	12	82	13	52	14	65	15	67	16	25	17	38	18	87	19	19	20	32	21	42	22	98	23	73	24	36	25	112	26	31	27	99	28	26	29	24	
	0	85	1	100	2	104	3	106	4	116	5	91	6	102	7	95	8	9	9	76	10	96	11	82	12	82	13	41	14	73	15	80	16	17	17	27	18	77	19	7	20	30	21	31	22	99	23	76	24	32	25	115	26	29	27	104	28	31	29	14	
	0	84	1	104	2	95	3	88	4	104	5	77	6	113	7	98	8	17	9	82	10	114	11	78	12	84	13	51	14	64	15	71	16	15	17	30	18	78	19	8	20	27	21	40	22	95	23	64	24	30	25	100	26	33	27	101	28	36	29	24	
	0	88	1	98	2	105	3	104	4	107	5	93	6	100	7	90	8	7	9	80	10	97	11	79	12	83	13	57	14	72	15	80	16	24	17	20	18	84	19	9	20	38	21	36	22	108	23	73	24	24	25	110	26	24	27	93	28	36	29	28	
	0	82	1	96	2	104	3	96	4	117	5	80	6	114	7	88	8	15	9	79	10	113	11	94	12	74	13	52	14	67	15	80	16	13	17	35	18	76	19	2	20	31	21	38	22	110	23	67	24	21	25	102	26	21	27	86	28	27	29	28	
	0	78	1	102	2	103	3	89	4	116	5	84	6	97	7	100	8	17	9	84	10	114	11	92	12	75	13	59	14	74	15	86	16	25	17	23	18	88	19	8	20	35	21	32	22	104	23	77	24	27	25	106	26	22	27	103	28	29	29	31	
	0	87	1	93	2	106	3	103	4	100	5	93	6	109	7	91	8	18	9	87	10	111	11	82	12	73	13	47	14	82	15	81	16	23	17	36	18	88	19	2	20	25	21	25	22	103	23	78	24	31	25	100	26	30	27	95	28	36	29	26	
	0	81	1	102	2	107	3	95	4	108	5	92	6	102	7	101	8	17	9	88	10	108	11	90	12	74	13	47	14	64	15	85	16	17	17	25	18	80	19	9	20	36	21	28	22	108	23	74	24	28	25	99	26	35	27	88	28	23	29	32	
	0	86	1	94	2	99	3	107	4	113	5	85	6	112	7	102	8	18	9	85	10	106	11	95	12	79	13	54	14	71	15	86	16	24	17	33	18	87	19	2	20	36	21	40	22	113	23	63	24	25	25	104	26	35	27	101	28	28	29	32	
	0	76	1	94	2	98	3	102	4	109	5	80	6	102	7	94	8	11	9	83	10	108	11	92	12	85	13	53	14	82	15	72	16	27	17	30	18	86	19	20	20	23	21	36	22	103	23	78	24	35	25	114	26	39	27	87	28	30	29	18	
	0	85	1	104	2	112	3	94	4	101	5	92	6	113	7	95	8	21	9	76	10	104	11	96	12	88	13	59	14	78	15	72	16	20	17	26	18	89	19	11	20	29	21	27	22	113	23	63	24	26	25	107	26	37	27	86	28	19	29	27	
	0	93	1	107	2	113	3	103	4	111	5	82	6	107	7	95	8	11	9	81	10	100	11	91	12	86	13	48	14	71	15	79	16	19	17	20	18	84	19	12	20	39	21	35	22	98	23	71	24	26	25	97	26	35	27	88	28	34	29	16	
	0	89	1	96	2	107	3	93	4	109	5	83	6	109	7	95	8	6	9	84	10	103	11	85	12	73	13	47	14	69	15	86	16	21	17	25	18	85	19	7	20	32	21	33	22	96	23	74	24	32	25	115	26	27	27	92	28	23	29	19	
	0	75	1	91	2	98	3	95	4	102	5	79	6	103	7	87	8	12	9	83	10	114	11	77	12	83	13	44	14	69	15	77	16	16	17	31	18	82	19	5	20	36	21	33	22	96	23	69	24	35	25	115	26	35	27	85	28	38	29	26	
	0	75	1	108	2	106	3	104	4	116	5	87	6	103	7	104	8	18	9	75	10	111	11	93	12	89	13	57	14	67	15	72	16	31	17	30	18	87	19	5	20	27	21	40	22	96	23	63	24	29	25	110	26	31	27	96	28	34	29	16	
	0	86	1	93	2	98	3	95	4	119	5	78	6	112	7	94	8	19	9	82	10	105	11	93	12	85	13	45	14	76	15	68	16	31	17	26	18	95	19	5	20	25	21	25	22	106	23	81	24	29	25	105	26	34	27	92	28	38	29	26	
	0	78	1	102	2	100	3	90	4	105	5	93	6	114	7	105	8	7	9	76	10	113	11	87	12	75	13	48	14	78	15	73	16	15	17	31	18	93	19	4	20	35	21	41	22	94	23	70	24	28	25	113	26	39	27	93	28	23	29	13	
	0	86	1	97	2	112	3	102	4	111	5	86	6	109	7	89	8	8	9	88	10	102	11	93	12	83	13	54	14	64	15	75	16	31	17	29	18	81	19	12	20	36	21	38	22	111	23	71	24	23	25	105	26	38	27	85	28	22	29	16	
	0	94	1	109	2	114	3	90	4	118	5	89	6	103	7	92	8	4	9	79	10	108	11	95	12	85	13	60	14	64	15	73	16	21	17	32	18	84	19	13	20	29	21	32	22	101	23	73	24	25	25	100	26	26	27	102	28	25	29	30	
	0	89	1	91	2	104	3	100	4	118	5	81	6	98	7	102	8	6	9	89	10	113	11	81	12	79	13	52	14	69	15	80	16	21	17	27	18	89	19	9	20	29	21	38	22	108	23	62	24	38	25	110	26	34	27	98	28	27	29	13	
	0	81	1	107	2	112	3	104	4	113	5	94	6	104	7	91	8	8	9	85	10	106	11	94	12	92	13	56	14	71	15	82	16	19	17	27	18	80	19	9	20	31	21	36	22	99	23	81	24	29	25	110	26	21	27	96	28	32	29	16	
	0	85	1	94	2	109	3	106	4	101	5	80	6	114	7	104	8	4	9	85	10	107	11	90	12	73	13	60	14	81	15	80	16	27	17	25	18	78	19	15	20	28	21	35	22	112	23	64	24	32	25	105	26	33	27	100	28	19	29	13	
	0	94	1	110	2	111	3	103	4	101	5	86	6	103	7	95	8	19	9	76	10	100	11	82	12	92	13	56	14	72	15	68	16	13	17	35	18	83	19	3	20	39	21	44	22	109	23	81	24	26	25	102	26	26	27	93	28	27	29	13	
	0	89	1	99	2	95	3	90	4	101	5	94	6	97	7	102	8	10	9	84	10	114	11	79	12	89	13	49	14	69	15	71	16	20	17	29	18	81	19	10	20	39	21	35	22	99	23	76	24	39	25	99	26	27	27	85	28	29	29	15	
	0	87	1	101	2	95	3	88	4	106	5	75	6	109	7	100	8	2	9	88	10	105	11	94	12	75	13	44	14	70	15	68	16	27	17	24	18	86	19	21	20	31	21	34	22	110	23	63	24	37	25	103	26	22	27	93	28	19	29	30	
	0	83	1	92	2	99	3	107	4	106	5	80	6	106	7	93	8	13	9	89	10	107	11	89	12	91	13	60	14	74	15	82	16	30	17	32	18	89	19	15	20	38	21	42	22	101	23	75	24	29	25	102	26	26	27	103	28	30	29	23	
	0	80	1	93	2	104	3	98	4	106	5	93	6	110	7	87	8	15	9	89	10	105	11	84	12	83	13	56	14	78	15	67	16	25	17	21	18	95	19	13	20	29	21	33	22	102	23	69	24	37	25	108	26	38	27	89	28	37	29	30	
	0	92	1	92	2	99	3	106	4	101	5	81	6	102	7	88	8	7	9	79	10	98	11	85	12	82	13	47	14	63	15	74	16	24	17	36	18	89	19	21	20	26	21	35	22	109	23	74	24	26	25	98	26	36	27	99	28	38	29	14	
	0	78	1	94	2	102	3	95	4	106	5	82	6	115	7	89	8	6	9	83	10	115	11	81	12	82	13	59	14	78	15	67	16	21	17	27	18	79	19	21	20	35	21	39	22	98	23	68	24	29	25	106	26	28	27	87	28	30	29	18	
	0	90	1	100	2	101	3	107	4	117	5	88	6	97	7	106	8	2	9	86	10	101	11	92	12	76	13	52	14	68	15	70	16	14	17	28	18	95	19	8	20	38	21	39	22	106	23	80	24	35	25	114	26	38	27	103	28	30	29	15	
	0	81	1	99	2	113	3	92	4	104	5	85	6	97	7	94	8	10	9	88	10	97	11	93	12	83	13	60	14	71	15	70	16	13	17	38	18	87	19	2	20	38	21	41	22	99	23	71	24	32	25	114	26	24	27	102	28	22	29	13	
	0	89	1	109	2	114	3	107	4	114	5	87	6	114	7	103	8	17	9	84	10	100	11	89	12	75	13	52	14	80	15	82	16	15	17	38	18	92	19	16	20	30	21	26	22	100	23	64	24	25	25	103	26	30	27	103	28	30	29	28	
	0	83	1	93	2	103	3	98	4	104	5	82	6	105	7	101	8	3	9	90	10	97	11	82	12	87	13	54	14	77	15	74	16	26	17	25	18	82	19	8	20	28	21	26	22	99	23	64	24	28	25	98	26	37	27	98	28	25	29	31	
	0	75	1	107	2	95	3	93	4	103	5	83	6	108	7	96	8	20	9	73	10	109	11	79	12	75	13	48	14	72	15	78	16	25	17	34	18	83	19	4	20	41	21	32	22	108	23	67	24	38	25	107	26	34	27	102	28	37	29	26	
	0	78	1	91	2	104	3	98	4	108	5	85	6	106	7	103	8	5	9	74	10	97	11	89	12	85	13	57	14	66	15	73	16	22	17	26	18	92	19	3	20	29	21	33	22	97	23	76	24	26	25	113	26	39	27	98	28	34	29	18	
	0	90	1	101	2	100	3	107	4	113	5	92	6	112	7	103	8	11	9	71	10	112	11	88	12	77	13	53	14	79	15	73	16	12	17	32	18	88	19	4	20	23	21	31	22	99	23	74	24	24	25	100	26	33	27	104	28	22	29	13	
	0	89	1	98	2	109	3	100	4	108	5	79	6	107	7	97	8	9	9	72	10	107	11	83	12	90	13	50	14	73	15	72	16	27	17	38	18	89	19	10	20	35	21	35	22	96	23	77	24	35	25	100	26	29	27	92	28	32	29	32	
	0	86	1	104	2	95	3	103	4	101	5	80	6	114	7	106	8	8	9	74	10	98	11	80	12	73	13	42	14	72	15	72	16	26	17	33	18	95	19	2	20	38	21	26	22	112	23	66	24	21	25	96	26	25	27	98	28	21	29	14	
	0	86	1	107	2	111	3	100	4	108	5	94	6	99	7	94	8	11	9	87	10	107	11	96	12	89	13	58	14	76	15	68	16	19	17	22	18	76	19	13	20	40	21	42	22	95	23	81	24	36	25	96	26	28	27	99	28	33	29	15	
	0	90	1	104	2	113	3	93	4	113	5	93	6	100	7	104	8	14	9	85	10	113	11	85	12	79	13	54	14	74	15	71	16	12	17	26	18	79	19	2	20	40	21	26	22	105	23	62	24	23	25	113	26	26	27	97	28	23	29	27	
	0	75	1	105	2	114	3	105	4	119	5	83	6	105	7	89	8	14	9	75	10	100	11	88	12	88	13	41	14	65	15	73	16	25	17	34	18	78	19	12	20	31	21	44	22	107	23	67	24	33	25	112	26	36	27	98	28	31	29	27	
	0	79	1	93	2	113	3	91	4	118	5	83	6	114	7	93	8	3	9	87	10	103	11	93	12	88	13	49	14	71	15	72	16	24	17	22	18	87	19	21	20	23	21	41	22	97	23	63	24	37	25	105	26	24	27	89	28	32	29	18	
	0	91	1	110	2	113	3	94	4	109	5	94	6	104	7	94	8	4	9	72	10	96	11	87	12	83	13	56	14	66	15	83	16	31	17	32	18	84	19	6	20	35	21	29	22	112	23	67	24	28	25	99	26	29	27	101	28	28	29	32	
	0	80	1	94	2	98	3	93	4	119	5	88	6	103	7	87	8	5	9	81	10	112	11	81	12	84	13	51	14	65	15	77	16	23	17	20	18	87	19	9	20	32	21	25	22	107	23	79	24	30	25	115	26	34	27	100	28	22	29	22	
	0	78	1	102	2	108	3	93	4	102	5	86	6	111	7	98	8	6	9	71	10	103	11	79	12	73	13	52	14	71	15	85	16	13	17	34	18	83	19	17	20	40	21	25	22	108	23	64	24	26	25	114	26	21	27	102	28	25	29	13	
	0	83	1	104	2	109	3	98	4	109	5	89	6	107	7	87	8	17	9	74	10	111	11	94	12	86	13	59	14	74	15	78	16	31	17	28	18	83	19	2	20	32	21	34	22	101	23	81	24	39	25	114	26	21	27	94	28	34	29	23	
	0	77	1	91	2	100	3	88	4	110	5	94	6	113	7	92	8	10	9	76	10	100	11	84	12	89	13	52	14	81	15	72	16	18	17	20	18	89	19	2	20	40	21	33	22	101	23	66	24	28	25	103	26	31	27	101	28	27	29	14	
	0	94	1	106	2	98	3	107	4	104	5	91	6	103	7	101	8	13	9	74	10	107	11	93	12	90	13	48	14	79	15	72	16	12	17	22	18	83	19	17	20	30	21	27	22	95	23	69	24	27	25	114	26	28	27	94	28	25	29	18	
	0	94	1	99	2	112	3	107	4	102	5	83	6	108	7	95	8	14	9	90	10	98	11	95	12	90	13	54	14	71	15	67	16	28	17	36	18	86	19	15	20	40	21	44	22	102	23	75	24	32	25	100	26	35	27	97	28	36	29	26	
	0	90	1	106	2	98	3	90	4	117	5	81	6	102	7	101	8	3	9	80	10	98	11	79	12	85	13	49	14	76	15	84	16	30	17	35	18	84	19	19	20	39	21	43	22	96	23	77	24	35	25	101	26	30	27	98	28	31	29	15	
	0	92	1	94	2	107	3	101	4	110	5	87	6	114	7	98	8	10	9	80	10	103	11	88	12	83	13	54	14	81	15	74	16	13	17	23	18	79	19	18	20	25	21	43	22	97	23	75	24	23	25	108	26	38	27	93	28	25	29	22	
	0	89	1	99	2	104	3	94	4	117	5	90	6	99	7	90	8	14	9	80	10	115	11	77	12	89	13	43	14	77	15	76	16	16	17	36	18	78	19	15	20	40	21	28	22	105	23	66	24	30	25	109	26	26	27	88	28	33	29	22	
	0	91	1	99	2	110	3	100	4	113	5	87	6	97	7	87	8	5	9	86	10	101	11	77	12	87	13	43	14	69	15	68	16	17	17	21	18	95	19	6	20	38	21	28	22	106	23	79	24	29	25	112	26	27	27	97	28	28	29	26	
	0	91	1	102	2	107	3	106	4	109	5	90	6	113	7	97	8	10	9	82	10	112	11	92	12	80	13	45	14	79	15	83	16	30	17	26	18	76	19	8	20	31	21	39	22	107	23	66	24	36	25	106	26	38	27	86	28	34	29	32	
	0	81	1	101	2	98	3	88	4	110	5	90	6	108	7	95	8	9	9	75	10	98	11	95	12	92	13	54	14	70	15	86	16	21	17	20	18	90	19	19	20	27	21	30	22	106	23	66	24	37	25	114	26	31	27	101	28	21	29	17	
	0	94	1	110	2	105	3	102	4	113	5	82	6	112	7	91	8	17	9	90	10	114	11	81	12	75	13	59	14	71	15	79	16	12	17	39	18	95	19	6	20	26	21	34	22	103	23	78	24	33	25	107	26	38	27	98	28	27	29	15	
	0	84	1	110	2	113	3	100	4	104	5	79	6	114	7	97	8	4	9	74	10	99	11	79	12	87	13	60	14	68	15	86	16	26	17	35	18	94	19	14	20	38	21	43	22	109	23	64	24	32	25	100	26	27	27	88	28	38	29	15	
	0	85	1	97	2	103	3	96	4	118	5	80	6	105	7	97	8	14	9	82	10	108	11	93	12	92	13	46	14	81	15	79	16	22	17	38	18	95	19	12	20	30	21	42	22	95	23	66	24	36	25	96	26	30	27	101	28	20	29	19	
	0	76	1	110	2	107	3	98	4	101	5	82	6	101	7	95	8	13	9	83	10	115	11	77	12	74	13	42	14	71	15	73	16	20	17	22	18	86	19	17	20	39	21	39	22	111	23	79	24	28	25	107	26	33	27	91	28	22	29	29	
	0	85	1	107	2	100	3	105	4	102	5	88	6	103	7	89	8	6	9	89	10	101	11	77	12	76	13	48	14	70	15	82	16	31	17	39	18	78	19	20	20	42	21	31	22	105	23	68	24	27	25	100	26	28	27	90	28	34	29	18	
	0	85	1	94	2	110	3	102	4	112	5	92	6	104	7	94	8	8	9	82	10	102	11	94	12	91	13	42	14	75	15	72	16	12	17	31	18	88	19	20	20	24	21	27	22	98	23	70	24	22	25	106	26	34	27	88	28	37	29	27	
	0	93	1	109	2	95	3	99	4	104	5	87	6	107	7	92	8	13	9	86	10	111	11	94	12	90	13	45	14	78	15	82	16	16	17	38	18	79	19	17	20	39	21	29	22	102	23	75	24	30	25	98	26	30	27	86	28	22	29	21	
	0	89	1	95	2	103	3	88	4	104	5	92	6	97	7	96	8	12	9	73	10	115	11	88	12	82	13	50	14	64	15	70	16	24	17	29	18	86	19	20	20	23	21	44	22	107	23	69	24	32	25	111	26	21	27	91	28	27	29	15	
	0	94	1	94	2	107	3	91	4	109	5	93	6	112	7	87	8	13	9	80	10	109	11	90	12	91	13	46	14	68	15	83	16	25	17	30	18	93	19	9	20	28	21	32	22	113	23	70	24	24	25	97	26	33	27	96	28	23	29	27	
	0	94	1	104	2	105	3	97	4	114	5	91	6	102	7	93	8	3	9	85	10	105	11	91	12	87	13	54	14	65	15	76	16	28	17	29	18	82	19	10	20	27	21	37	22	107	23	79	24	33	25	115	26	24	27	92	28	22	29	19	
	0	77	1	100	2	103	3	98	4	100	5	82	6	113	7	95	8	21	9	89	10	109	11	92	12	84	13	59	14	66	15	75	16	24	17	29	18	88	19	9	20	34	21	42	22	95	23	70	24	36	25	104	26	27	27	94	28	21	29	23	
	0	85	1	92	2	102	3	98	4	110	5	89	6	97	7	103	8	5	9	74	10	106	11	89	12	86	13	47	14	71	15	76	16	20	17	37	18	85	19	21	20	32	21	44	22	94	23	77	24	23	25	104	26	37	27	85	28	25	29	21	
	0	84	1	98	2	109	3	88	4	106	5	88	6	108	7	106	8	20	9	80	10	115	11	80	12	79	13	55	14	75	15	86	16	23	17	30	18	95	19	10	20	32	21	44	22	96	23	72	24	26	25	101	26	26	27	87	28	25	29	15	
	0	88	1	105	2	112	3	100	4	119	5	92	6	101	7	93	8	11	9	73	10	103	11	89	12	81	13	43	14	82	15	72	16	18	17	31	18	90	19	16	20	38	21	32	22	110	23	80	24	37	25	108	26	29	27	85	28	25	29	14	
	0	88	1	95	2	101	3	98	4	101	5	81	6	116	7	100	8	16	9	87	10	109	11	77	12	83	13	52	14	71	15	85	16	13	17	23	18	85	19	3	20	27	21	35	22	103	23	62	24	36	25	101	26	37	27	96	28	36	29	13	
	0	85	1	100	2	95	3	98	4	109	5	76	6	116	7	104	8	11	9	78	10	104	11	88	12	87	13	56	14	63	15	67	16	14	17	33	18	94	19	18	20	37	21	26	22	105	23	81	24	37	25	105	26	33	27	103	28	34	29	28	
	0	79	1	102	2	109	3	103	4	117	5	77	6	98	7	92	8	12	9	86	10	102	11	91	12	84	13	58	14	73	15	86	16	25	17	39	18	80	19	14	20	24	21	38	22	98	23	76	24	21	25	104	26	27	27	103	28	32	29	29	
	0	82	1	101	2	98	3	96	4	105	5	86	6	110	7	92	8	19	9	86	10	98	11	90	12	80	13	60	14	72	15	80	16	20	17	29	18	83	19	20	20	39	21	26	22	108	23	68	24	27	25	111	26	31	27	95	28	20	29	27	
	0	89	1	100	2	113	3	104	4	111	5	86	6	101	7	91	8	17	9	76	10	100	11	93	12	83	13	46	14	81	15	67	16	28	17	23	18	79	19	14	20	33	21	31	22	108	23	73	24	31	25	111	26	26	27	97	28	25	29	26	
	0	91	1	103	2	112	3	103	4	108	5	94	6	105	7	92	8	2	9	77	10	102	11	88	12	91	13	56	14	71	15	75	16	22	17	30	18	95	19	12	20	27	21	35	22	112	23	65	24	36	25	102	26	22	27	96	28	26	29	18	
	0	80	1	92	2	114	3	94	4	106	5	89	6	104	7	106	8	9	9	75	10	104	11	95	12	74	13	54	14	66	15	71	16	30	17	32	18	95	19	12	20	31	21	28	22	95	23	65	24	30	25	98	26	31	27	102	28	28	29	21	
	0	84	1	109	2	107	3	105	4	114	5	80	6	104	7	91	8	20	9	72	10	110	11	90	12	76	13	53	14	64	15	84	16	12	17	26	18	80	19	11	20	40	21	34	22	96	23	75	24	28	25	104	26	21	27	95	28	23	29	30	
	0	86	1	98	2	110	3	91	4	101	5	78	6	112	7	96	8	14	9	88	10	99	11	82	12	91	13	42	14	66	15	70	16	26	17	25	18	95	19	17	20	39	21	27	22	97	23	69	24	24	25	109	26	32	27	95	28	19	29	29	
	0	92	1	105	2	107	3	97	4	106	5	86	6	103	7	89	8	15	9	85	10	103	11	87	12	76	13	42	14	74	15	81	16	14	17	39	18	93	19	6	20	33	21	35	22	105	23	76	24	20	25	101	26	22	27	87	28	25	29	29	
	0	84	1	91	2	101	3	101	4	112	5	85	6	108	7	99	8	9	9	87	10	108	11	96	12	73	13	53	14	80	15	71	16	24	17	28	18	88	19	16	20	33	21	29	22	101	23	69	24	22	25	106	26	28	27	85	28	38	29	13	
	0	93	1	109	2	109	3	93	4	115	5	80	6	100	7	101	8	11	9	87	10	97	11	83	12	85	13	53	14	63	15	82	16	23	17	28	18	77	19	9	20	28	21	41	22	113	23	81	24	38	25	111	26	39	27	85	28	29	29	25	
	0	84	1	100	2	104	3	105	4	111	5	88	6	112	7	89	8	10	9	90	10	114	11	83	12	89	13	57	14	63	15	81	16	30	17	32	18	92	19	3	20	30	21	36	22	105	23	74	24	20	25	100	26	25	27	97	28	24	29	19	
	0	86	1	96	2	95	3	98	4	111	5	79	6	109	7	97	8	12	9	75	10	103	11	81	12	83	13	55	14	63	15	86	16	15	17	33	18	83	19	15	20	39	21	32	22	104	23	79	24	32	25	115	26	36	27	94	28	37	29	24	
	0	94	1	105	2	100	3	107	4	116	5	79	6	115	7	90	8	9	9	87	10	115	11	78	12	88	13	42	14	75	15	70	16	15	17	25	18	77	19	19	20	24	21	30	22	103	23	65	24	23	25	97	26	29	27	94	28	22	29	26	
	0	92	1	97	2	111	3	97	4	112	5	77	6	102	7	95	8	6	9	85	10	96	11	79	12	78	13	51	14	81	15	71	16	20	17	21	18	95	19	2	20	42	21	35	22	107	23	79	24	26	25	99	26	35	27	91	28	38	29	20	
	0	89	1	97	2	101	3	100	4	119	5	87	6	98	7	96	8	13	9	79	10	97	11	77	12	82	13	47	14	80	15	85	16	31	17	33	18	91	19	10	20	34	21	41	22	97	23	80	24	22	25	108	26	29	27	101	28	29	29	21	
	0	82	1	101	2	102	3	92	4	109	5	94	6	115	7	101	8	2	9	71	10	107	11	87	12	73	13	41	14	67	15	67	16	18	17	39	18	76	19	20	20	40	21	26	22	111	23	71	24	21	25	106	26	28	27	86	28	34	29	16	
	0	92	1	99	2	101	3	92	4	106	5	88	6	115	7	103	8	15	9	86	10	112	11	78	12	87	13	57	14	69	15	75	16	12	17	29	18	87	19	18	20	28	21	40	22	97	23	66	24	36	25	99	26	21	27	89	28	25	29	27	
	0	75	1	101	2	110	3	102	4	119	5	76	6	109	7	90	8	8	9	79	10	99	11	84	12	81	13	49	14	81	15	86	16	21	17	30	18	93	19	3	20	40	21	42	22	97	23	65	24	38	25	106	26	37	27	100	28	22	29	24	
	0	75	1	99	2	101	3	105	4	117	5	82	6	102	7	103	8	7	9	83	10	110	11	79	12	75	13	55	14	80	15	86	16	23	17	32	18	79	19	19	20	23	21	33	22	113	23	72	24	38	25	103	26	30	27	87	28	38	29	23	
	0	81	1	92	2	111	3	93	4	101	5	83	6	109	7	89	8	9	9	87	10	111	11	84	12	76	13	44	14	79	15	75	16	13	17	35	18	82	19	19	20	33	21	42	22	99	23	69	24	23	25	107	26	24	27	96	28	35	29	23	
	0	88	1	93	2	103	3	89	4	100	5	83	6	97	7	95	8	20	9	84	10	98	11	94	12	75	13	42	14	77	15	80	16	30	17	37	18	79	19	2	20	37	21	33	22	99	23	78	24	34	25	105	26	28	27	88	28	31	29	29	
	0	91	1	100	2	102	3	88	4	102	5	91	6	98	7	93	8	3	9	74	10	110	11	78	12	89	13	43	14	81	15	75	16	24	17	35	18	87	19	13	20	27	21	42	22	113	23	67	24	37	25	112	26	36	27	87	28	35	29	29	
	0	76	1	101	2	109	3	97	4	110	5	82	6	116	7	98	8	20	9	83	10	106	11	84	12	91	13	43	14	75	15	71	16	24	17	27	18	81	19	20	20	36	21	33	22	111	23	80	24	27	25	98	26	21	27	102	28	28	29	27	
	0	85	1	93	2	99	3	96	4	116	5	75	6	115	7	93	8	18	9	89	10	108	11	84	12	85	13	49	14	73	15	81	16	29	17	33	18	93	19	12	20	41	21	38	22	112	23	71	24	21	25	109	26	28	27	94	28	35	29	17	
	0	90	1	93	2	105	3	95	4	115	5	83	6	114	7	103	8	21	9	79	10	97	11	88	12	81	13	43	14	64	15	81	16	21	17	35	18	95	19	20	20	41	21	34	22	100	23	62	24	28	25	100	26	40	27	90	28	34	29	20	
	0	75	1	102	2	98	3	99	4	110	5	89	6	105	7	90	8	17	9	81	10	108	11	93	12	79	13	45	14	78	15	73	16	21	17	34	18	83	19	2	20	31	21	41	22	95	23	66	24	34	25	106	26	38	27	104	28	19	29	15	
	0	92	1	91	2	95	3	89	4	109	5	87	6	105	7	97	8	19	9	77	10	106	11	91	12	81	13	58	14	81	15	82	16	30	17	32	18	84	19	6	20	39	21	38	22	103	23	65	24	25	25	107	26	24	27	94	28	23	29	13	
	0	83	1	95	2	109	3	98	4	103	5	82	6	98	7	98	8	11	9	76	10	109	11	87	12	86	13	44	14	63	15	82	16	27	17	30	18	77	19	18	20	42	21	31	22	110	23	75	24	21	25	96	26	32	27	104	28	30	29	27	
	0	86	1	106	2	105	3	95	4	112	5	81	6	101	7	92	8	2	9	82	10	108	11	79	12	76	13	56	14	77	15	86	16	23	17	23	18	83	19	20	20	37	21	41	22	99	23	74	24	31	25	101	26	40	27	100	28	33	29	21	
	0	83	1	99	2	101	3	91	4	114	5	83	6	102	7	90	8	11	9	83	10	98	11	84	12	77	13	51	14	77	15	79	16	16	17	25	18	90	19	12	20	35	21	42	22	96	23	78	24	26	25	110	26	30	27	89	28	34	29	21	
	0	78	1	94	2	108	3	104	4	109	5	91	6	101	7	98	8	19	9	89	10	106	11	83	12	86	13	59	14	78	15	67	16	24	17	31	18	82	19	14	20	25	21	43	22	94	23	80	24	27	25	102	26	28	27	89	28	34	29	17	
	0	93	1	104	2	96	3	105	4	103	5	79	6	102	7	94	8	11	9	80	10	109	11	77	12	83	13	44	14	68	15	67	16	22	17	21	18	90	19	15	20	42	21	26	22	98	23	64	24	34	25	105	26	24	27	99	28	19	29	29	
	0	85	1	95	2	97	3	98	4	112	5	89	6	102	7	92	8	15	9	71	10	110	11	81	12	81	13	50	14	70	15	84	16	20	17	30	18	76	19	4	20	36	21	32	22	97	23	77	24	39	25	98	26	33	27	91	28	35	29	21	
	0	92	1	108	2	105	3	106	4	110	5	88	6	100	7	89	8	11	9	78	10	113	11	85	12	80	13	42	14	77	15	78	16	19	17	29	18	90	19	15	20	28	21	31	22	99	23	81	24	39	25	101	26	37	27	99	28	19	29	29	
	0	79	1	94	2	112	3	91	4	108	5	84	6	109	7	88	8	7	9	77	10	100	11	77	12	88	13	44	14	69	15	79	16	28	17	38	18	83	19	4	20	41	21	28	22	106	23	65	24	26	25	111	26	36	27	90	28	38	29	21	
	0	90	1	96	2	98	3	102	4	114	5	92	6	113	7	90	8	20	9	86	10	104	11	88	12	87	13	43	14	70	15	84	16	15	17	34	18	82	19	2	20	32	21	29	22	105	23	80	24	38	25	111	26	31	27	100	28	28	29	29	
	0	80	1	103	2	104	3	105	4	113	5	76	6	115	7	88	8	7	9	84	10	108	11	89	12	76	13	56	14	73	15	75	16	15	17	28	18	81	19	11	20	31	21	34	22	111	23	72	24	25	25	106	26	22	27	94	28	28	29	25	
	0	83	1	105	2	101	3	106	4	103	5	89	6	97	7	88	8	8	9	75	10	104	11	88	12	82	13	55	14	77	15	72	16	27	17	20	18	86	19	19	20	40	21	28	22	106	23	67	24	25	25	98	26	34	27	96	28	29	29	32	
	0	90	1	98	2	102	3	88	4	110	5	81	6	109	7	95	8	9	9	73	10	114	11	83	12	90	13	41	14	75	15	80	16	24	17	26	18	92	19	12	20	32	21	36	22	108	23	76	24	39	25	114	26	33	27	92	28	38	29	20	
	0	81	1	95	2	98	3	89	4	103	5	85	6	99	7	91	8	11	9	80	10	112	11	89	12	85	13	44	14	65	15	67	16	24	17	36	18	89	19	2	20	33	21	29	22	108	23	76	24	37	25	107	26	25	27	86	28	24	29	14	
	0	83	1	93	2	107	3	92	4	112	5	75	6	100	7	106	8	15	9	81	10	115	11	93	12	88	13	43	14	69	15	73	16	28	17	28	18	78	19	19	20	29	21	33	22	111	23	70	24	25	25	97	26	23	27	97	28	35	29	20	
	0	84	1	92	2	103	3	105	4	116	5	88	6	109	7	103	8	8	9	86	10	105	11	84	12	78	13	53	14	73	15	78	16	12	17	39	18	80	19	19	20	37	21	44	22	100	23	66	24	31	25	99	26	31	27	85	28	32	29	31	
	0	89	1	106	2	112	3	96	4	107	5	89	6	108	7	89	8	8	9	81	10	97	11	91	12	92	13	44	14	67	15	72	16	30	17	20	18	85	19	9	20	27	21	39	22	109	23	69	24	22	25	103	26	25	27	91	28	36	29	18	
	0	80	1	94	2	102	3	102	4	108	5	82	6	116	7	101	8	12	9	83	10	110	11	85	12	84	13	60	14	66	15	68	16	15	17	25	18	88	19	4	20	40	21	29	22	96	23	71	24	28	25	97	26	36	27	93	28	28	29	28	
	0	85	1	93	2	112	3	105	4	115	5	90	6	114	7	90	8	3	9	82	10	99	11	80	12	92	13	45	14	74	15	73	16	18	17	38	18	86	19	4	20	31	21	26	22	105	23	79	24	33	25	115	26	32	27	98	28	38	29	27	
	0	87	1	108	2	108	3	95	4	109	5	82	6	103	7	103	8	14	9	79	10	99	11	96	12	88	13	44	14	81	15	83	16	18	17	38	18	80	19	7	20	30	21	28	22	102	23	65	24	32	25	98	26	34	27	101	28	38	29	17	
	0	93	1	110	2	110	3	100	4	114	5	84	6	101	7	99	8	8	9	72	10	115	11	77	12	83	13	54	14	63	15	72	16	28	17	28	18	87	19	15	20	32	21	33	22	107	23	63	24	34	25	105	26	39	27	94	28	22	29	21	
	0	89	1	110	2	100	3	91	4	107	5	89	6	116	7	104	8	3	9	86	10	98	11	95	12	73	13	60	14	64	15	67	16	12	17	29	18	82	19	10	20	42	21	26	22	96	23	75	24	26	25	110	26	23	27	86	28	24	29	24	
	0	89	1	104	2	105	3	88	4	111	5	92	6	116	7	98	8	8	9	73	10	99	11	79	12	77	13	45	14	71	15	83	16	16	17	30	18	77	19	3	20	25	21	26	22	95	23	70	24	33	25	100	26	27	27	96	28	31	29	20	
	0	86	1	106	2	100	3	94	4	119	5	81	6	106	7	96	8	5	9	87	10	111	11	79	12	85	13	53	14	74	15	80	16	26	17	38	18	85	19	4	20	42	21	27	22	108	23	72	24	32	25	101	26	40	27	97	28	30	29	24	
	0	76	1	98	2	100	3	103	4	117	5	86	6	114	7	101	8	9	9	73	10	113	11	78	12	86	13	47	14	82	15	76	16	15	17	29	18	80	19	13	20	32	21	40	22	100	23	62	24	27	25	102	26	28	27	89	28	21	29	25	
	0	91	1	100	2	99	3	88	4	106	5	79	6	106	7	105	8	6	9	86	10	108	11	83	12	75	13	44	14	76	15	84	16	18	17	39	18	89	19	18	20	26	21	35	22	102	23	71	24	34	25	111	26	30	27	96	28	21	29	32	
	0	91	1	98	2	98	3	105	4	116	5	94	6	98	7	99	8	10	9	72	10	98	11	85	12	89	13	41	14	73	15	77	16	31	17	20	18	94	19	3	20	39	21	29	22	110	23	80	24	31	25	96	26	23	27	86	28	24	29	23	
	0	88	1	94	2	111	3	89	4	107	5	75	6	98	7	101	8	18	9	77	10	103	11	86	12	83	13	54	14	66	15	84	16	22	17	20	18	89	19	10	20	40	21	28	22	107	23	80	24	35	25	111	26	33	27	100	28	35	29	14	
	0	75	1	102	2	107	3	91	4	102	5	90	6	100	7	99	8	21	9	81	10	98	11	90	12	88	13	55	14	69	15	76	16	23	17	25	18	81	19	20	20	34	21	40	22	113	23	67	24	28	25	112	26	28	27	85	28	23	29	21	
	0	76	1	104	2	110	3	89	4	116	5	83	6	101	7	96	8	9	9	75	10	109	11	89	12	90	13	54	14	71	15	72	16	22	17	36	18	94	19	18	20	33	21	25	22	110	23	66	24	33	25	96	26	29	27	93	28	34	29	22	
	0	77	1	110	2	97	3	106	4	114	5	91	6	107	7	90	8	18	9	85	10	115	11	90	12	78	13	56	14	70	15	72	16	26	17	32	18	80	19	20	20	34	21	29	22	106	23	67	24	31	25	113	26	36	27	104	28	37	29	18	
	0	81	1	108	2	103	3	97	4	113	5	77	6	109	7	89	8	18	9	72	10	107	11	95	12	89	13	42	14	67	15	77	16	22	17	28	18	76	19	7	20	24	21	40	22	101	23	73	24	20	25	99	26	29	27	94	28	34	29	32	
	0	88	1	105	2	112	3	97	4	105	5	80	6	101	7	101	8	11	9	89	10	96	11	89	12	74	13	49	14	77	15	73	16	14	17	21	18	78	19	11	20	30	21	30	22	100	23	73	24	22	25	99	26	40	27	86	28	32	29	30	
	0	86	1	97	2	109	3	98	4	106	5	84	6	100	7	100	8	12	9	74	10	98	11	87	12	89	13	55	14	70	15	84	16	21	17	26	18	77	19	17	20	42	21	44	22	95	23	66	24	39	25	98	26	35	27	103	28	20	29	13	
	0	75	1	104	2	98	3	92	4	109	5	80	6	99	7	104	8	21	9	90	10	97	11	85	12	80	13	58	14	69	15	86	16	18	17	34	18	83	19	10	20	23	21	28	22	101	23	68	24	27	25	109	26	28	27	89	28	38	29	19	
	0	86	1	96	2	107	3	94	4	111	5	84	6	109	7	102	8	12	9	73	10	103	11	87	12	79	13	50	14	72	15	74	16	12	17	21	18	90	19	18	20	32	21	35	22	113	23	65	24	38	25	99	26	24	27	92	28	38	29	25	
	0	90	1	103	2	104	3	98	4	109	5	87	6	106	7	97	8	7	9	77	10	101	11	90	12	74	13	46	14	82	15	74	16	13	17	34	18	87	19	11	20	37	21	31	22	112	23	81	24	34	25	112	26	37	27	86	28	38	29	26	
	0	81	1	99	2	100	3	97	4	111	5	75	6	104	7	92	8	17	9	83	10	112	11	93	12	89	13	55	14	78	15	83	16	18	17	30	18	79	19	11	20	30	21	40	22	108	23	71	24	33	25	98	26	38	27	99	28	36	29	22	
	0	91	1	94	2	102	3	101	4	101	5	81	6	111	7	98	8	19	9	80	10	109	11	86	12	85	13	55	14	74	15	75	16	30	17	38	18	86	19	8	20	42	21	35	22	107	23	74	24	32	25	114	26	28	27	87	28	20	29	16	
	0	93	1	104	2	107	3	97	4	102	5	93	6	102	7	97	8	6	9	79	10	106	11	78	12	89	13	55	14	71	15	84	16	15	17	20	18	95	19	15	20	27	21	38	22	112	23	67	24	24	25	98	26	37	27	90	28	32	29	17	
	0	76	1	100	2	112	3	101	4	109	5	91	6	101	7	105	8	14	9	74	10	111	11	96	12	73	13	59	14	78	15	67	16	23	17	39	18	91	19	7	20	40	21	31	22	106	23	65	24	37	25	114	26	27	27	89	28	37	29	18	
	0	88	1	96	2	102	3	106	4	100	5	80	6	103	7	101	8	10	9	79	10	101	11	83	12	75	13	60	14	82	15	86	16	13	17	31	18	93	19	3	20	42	21	26	22	103	23	74	24	23	25	110	26	22	27	88	28	27	29	25	
	0	89	1	104	2	110	3	88	4	119	5	81	6	115	7	98	8	6	9	83	10	108	11	91	12	75	13	49	14	78	15	74	16	28	17	23	18	83	19	7	20	41	21	41	22	94	23	64	24	24	25	98	26	40	27	96	28	27	29	15	
	0	80	1	109	2	97	3	107	4	101	5	77	6	112	7	104	8	14	9	75	10	98	11	79	12	78	13	44	14	71	15	72	16	24	17	24	18	81	19	18	20	35	21	31	22	113	23	69	24	35	25	107	26	21	27	97	28	20	29	21	
	0	81	1	103	2	108	3	103	4	103	5	94	6	108	7	95	8	16	9	89	10	100	11	95	12	82	13	55	14	78	15	73	16	15	17	23	18	85	19	10	20	32	21	30	22	106	23	63	24	34	25	99	26	23	27	101	28	29	29	13	
	0	80	1	105	2	106	3	95	4	107	5	87	6	112	7	97	8	14	9	83	10	114	11	94	12	81	13	60	14	82	15	80	16	30	17	30	18	95	19	18	20	38	21	43	22	106	23	71	24	33	25	103	26	36	27	102	28	24	29	28	
	0	84	1	107	2	105	3	96	4	103	5	86	6	105	7	103	8	4	9	81	10	114	11	89	12	92	13	44	14	72	15	70	16	27	17	39	18	83	19	21	20	36	21	36	22	109	23	78	24	25	25	100	26	25	27	101	28	26	29	15	
	0	91	1	104	2	114	3	97	4	113	5	76	6	103	7	96	8	18	9	71	10	104	11	92	12	88	13	57	14	66	15	70	16	18	17	25	18	82	19	8	20	41	21	44	22	102	23	68	24	39	25	98	26	34	27	90	28	23	29	32	
	0	76	1	104	2	103	3	98	4	111	5	87	6	97	7	102	8	18	9	78	10	104	11	83	12	88	13	52	14	82	15	84	16	23	17	30	18	86	19	17	20	39	21	33	22	108	23	70	24	22	25	109	26	27	27	103	28	33	29	29	
	0	81	1	104	2	108	3	92	4	106	5	88	6	110	7	102	8	20	9	80	10	110	11	89	12	83	13	45	14	70	15	76	16	21	17	23	18	82	19	2	20	35	21	43	22	110	23	74	24	30	25	115	26	31	27	101	28	34	29	21	
	0	86	1	101	2	108	3	98	4	114	5	81	6	115	7	87	8	12	9	80	10	105	11	79	12	73	13	48	14	80	15	74	16	28	17	37	18	90	19	12	20	33	21	35	22	104	23	67	24	20	25	103	26	29	27	98	28	26	29	19	
	0	83	1	97	2	104	3	100	4	114	5	88	6	104	7	92	8	13	9	83	10	107	11	95	12	78	13	46	14	63	15	76	16	28	17	26	18	91	19	11	20	39	21	35	22	103	23	62	24	31	25	106	26	39	27	97	28	35	29	29	
	0	93	1	91	2	114	3	102	4	119	5	92	6	105	7	92	8	11	9	76	10	97	11	93	12	90	13	53	14	73	15	85	16	31	17	28	18	77	19	17	20	30	21	38	22	97	23	71	24	25	25	96	26	23	27	91	28	34	29	31	
	0	91	1	92	2	103	3	101	4	104	5	76	6	116	7	105	8	15	9	86	10	108	11	80	12	89	13	47	14	80	15	73	16	30	17	22	18	92	19	9	20	28	21	32	22	101	23	63	24	25	25	110	26	29	27	88	28	24	29	31	
	0	85	1	107	2	114	3	99	4	110	5	93	6	97	7	104	8	13	9	90	10	104	11	87	12	73	13	60	14	64	15	67	16	20	17	26	18	90	19	12	20	32	21	35	22	111	23	63	24	28	25	108	26	29	27	101	28	20	29	26	
	0	89	1	93	2	101	3	101	4	112	5	94	6	110	7	103	8	12	9	82	10	101	11	78	12	79	13	41	14	75	15	79	16	13	17	21	18	92	19	18	20	42	21	31	22	113	23	67	24	25	25	105	26	24	27	87	28	37	29	28	
	0	80	1	91	2	95	3	98	4	100	5	76	6	104	7	89	8	19	9	90	10	105	11	95	12	75	13	46	14	75	15	67	16	31	17	22	18	79	19	5	20	29	21	35	22	94	23	70	24	22	25	101	26	33	27	98	28	30	29	19	
	0	78	1	109	2	107	3	103	4	113	5	83	6	103	7	91	8	10	9	75	10	98	11	86	12	77	13	60	14	67	15	80	16	17	17	23	18	82	19	15	20	31	21	26	22	107	23	77	24	36	25	103	26	23	27	102	28	36	29	32	
	0	83	1	99	2	111	3	95	4	101	5	82	6	106	7	103	8	4	9	88	10	111	11	79	12	86	13	41	14	81	15	76	16	24	17	20	18	92	19	7	20	29	21	43	22	103	23	64	24	38	25	106	26	39	27	96	28	21	29	17	
	0	77	1	94	2	108	3	89	4	108	5	88	6	98	7	103	8	5	9	71	10	110	11	89	12	86	13	47	14	77	15	84	16	12	17	37	18	93	19	20	20	34	21	29	22	95	23	71	24	30	25	107	26	34	27	86	28	34	29	15	
	0	94	1	106	2	110	3	96	4	113	5	78	6	106	7	104	8	3	9	75	10	100	11	88	12	73	13	60	14	82	15	74	16	15	17	33	18	84	19	17	20	41	21	38	22	107	23	71	24	23	25	109	26	30	27	98	28	19	29	18	
	0	78	1	102	2	100	3	93	4	104	5	87	6	111	7	97	8	8	9	72	10	102	11	79	12	83	13	48	14	76	15	75	16	14	17	39	18	82	19	13	20	23	21	39	22	109	23	74	24	32	25	99	26	23	27	99	28	36	29	22	
	0	88	1	105	2	102	3	89	4	111	5	82	6	105	7	106	8	3	9	75	10	104	11	84	12	90	13	57	14	72	15	76	16	20	17	25	18	76	19	13	20	27	21	32	22	109	23	75	24	24	25	98	26	32	27	103	28	37	29	18	
	0	85	1	100	2	98	3	98	4	110	5	86	6	115	7	106	8	2	9	76	10	106	11	94	12	87	13	57	14	64	15	79	16	14	17	39	18	83	19	9	20	32	21	38	22	113	23	75	24	30	25	97	26	38	27	94	28	22	29	29	
	0	92	1	97	2	106	3	99	4	107	5	88	6	104	7	99	8	16	9	79	10	101	11	77	12	79	13	47	14	64	15	76	16	21	17	33	18	92	19	3	20	25	21	27	22	110	23	64	24	34	25	105	26	32	27	104	28	26	29	21	
	0	92	1	93	2	103	3	99	4	115	5	79	6	111	7	105	8	4	9	71	10	101	11	92	12	92	13	51	14	79	15	75	16	28	17	39	18	87	19	11	20	33	21	44	22	103	23	66	24	27	25	96	26	30	27	97	28	32	29	27	
	0	93	1	106	2	98	3	103	4	104	5	92	6	109	7	98	8	4	9	79	10	96	11	77	12	79	13	59	14	66	15	69	16	26	17	20	18	87	19	16	20	29	21	27	22	106	23	71	24	34	25	105	26	24	27	91	28	29	29	30	
	0	93	1	110	2	98	3	101	4	108	5	83	6	105	7	101	8	6	9	76	10	102	11	95	12	78	13	48	14	69	15	75	16	18	17	38	18	85	19	2	20	27	21	36	22	99	23	64	24	37	25	103	26	25	27	97	28	38	29	14	
	0	87	1	92	2	109	3	93	4	108	5	77	6	98	7	89	8	13	9	71	10	114	11	79	12	82	13	42	14	71	15	83	16	18	17	24	18	87	19	15	20	34	21	42	22	99	23	69	24	24	25	113	26	37	27	93	28	28	29	31	
	0	85	1	100	2	111	3	90	4	115	5	81	6	98	7	105	8	17	9	81	10	114	11	79	12	76	13	44	14	64	15	76	16	19	17	24	18	91	19	6	20	28	21	26	22	109	23	72	24	21	25	105	26	39	27	100	28	24	29	32	
	0	77	1	105	2	107	3	92	4	101	5	93	6	100	7	89	8	13	9	89	10	96	11	95	12	77	13	41	14	63	15	68	16	14	17	35	18	76	19	7	20	24	21	40	22	97	23	65	24	36	25	112	26	29	27	86	28	31	29	29	
	0	77	1	95	2	110	3	104	4	106	5	76	6	109	7	96	8	6	9	81	10	111	11	92	12	82	13	56	14	71	15	82	16	19	17	29	18	82	19	3	20	30	21	29	22	96	23	67	24	23	25	114	26	37	27	97	28	28	29	22	
	0	94	1	93	2	97	3	101	4	102	5	85	6	102	7	88	8	21	9	80	10	108	11	91	12	80	13	43	14	80	15	83	16	26	17	36	18	82	19	6	20	36	21	35	22	97	23	79	24	37	25	102	26	27	27	102	28	35	29	26	
	0	77	1	99	2	103	3	96	4	113	5	86	6	109	7	95	8	16	9	89	10	97	11	84	12	88	13	41	14	77	15	77	16	19	17	26	18	89	19	20	20	26	21	43	22	105	23	62	24	33	25	96	26	31	27	97	28	29	29	13	
	0	75	1	103	2	110	3	97	4	108	5	92	6	113	7	87	8	3	9	85	10	112	11	88	12	90	13	58	14	67	15	82	16	15	17	34	18	87	19	4	20	32	21	44	22	113	23	78	24	35	25	103	26	35	27	95	28	35	29	25	
	0	81	1	109	2	108	3	90	4	110	5	80	6	114	7	92	8	15	9	89	10	115	11	88	12	73	13	57	14	80	15	80	16	29	17	23	18	80	19	4	20	37	21	31	22	105	23	76	24	33	25	96	26	21	27	98	28	28	29	16	
	0	81	1	107	2	113	3	95	4	116	5	82	6	111	7	94	8	13	9	83	10	106	11	81	12	84	13	56	14	75	15	73	16	14	17	36	18	94	19	19	20	42	21	44	22	94	23	74	24	27	25	105	26	38	27	91	28	36	29	19	
	0	75	1	91	2	103	3	95	4	108	5	94	6	111	7	99	8	3	9	79	10	114	11	79	12	73	13	52	14	65	15	69	16	20	17	39	18	95	19	19	20	26	21	34	22	103	23	76	24	35	25	107	26	27	27	91	28	37	29	24	
	0	81	1	93	2	95	3	106	4	115	5	85	6	109	7	94	8	6	9	85	10	109	11	95	12	76	13	58	14	63	15	78	16	29	17	31	18	88	19	2	20	28	21	25	22	102	23	74	24	33	25	110	26	25	27	101	28	24	29	21	
	0	93	1	110	2	98	3	103	4	118	5	88	6	115	7	105	8	8	9	86	10	96	11	94	12	78	13	53	14	73	15	72	16	29	17	38	18	82	19	21	20	35	21	38	22	112	23	64	24	29	25	97	26	38	27	99	28	29	29	19	
	0	78	1	103	2	113	3	97	4	117	5	85	6	115	7	106	8	16	9	76	10	99	11	93	12	86	13	50	14	67	15	78	16	16	17	22	18	84	19	3	20	27	21	42	22	107	23	65	24	20	25	103	26	38	27	98	28	26	29	24	
	0	83	1	107	2	102	3	101	4	108	5	81	6	108	7	88	8	5	9	78	10	106	11	81	12	75	13	57	14	74	15	86	16	28	17	31	18	86	19	16	20	24	21	26	22	105	23	76	24	36	25	111	26	39	27	86	28	20	29	17	
	0	76	1	95	2	100	3	88	4	102	5	75	6	103	7	104	8	7	9	74	10	99	11	91	12	79	13	47	14	65	15	80	16	30	17	28	18	95	19	9	20	40	21	44	22	111	23	77	24	28	25	108	26	25	27	100	28	33	29	29	
	0	82	1	103	2	103	3	94	4	104	5	77	6	97	7	105	8	11	9	78	10	99	11	85	12	80	13	57	14	69	15	75	16	15	17	37	18	95	19	15	20	33	21	28	22	110	23	81	24	27	25	102	26	34	27	85	28	31	29	16	
	0	84	1	94	2	98	3	102	4	113	5	79	6	111	7	88	8	10	9	81	10	115	11	95	12	84	13	44	14	70	15	83	16	14	17	32	18	76	19	7	20	36	21	28	22	95	23	64	24	33	25	96	26	37	27	102	28	36	29	32	
	0	83	1	106	2	108	3	90	4	116	5	78	6	102	7	95	8	19	9	87	10	101	11	88	12	81	13	42	14	66	15	74	16	12	17	21	18	89	19	17	20	28	21	39	22	102	23	62	24	34	25	109	26	29	27	99	28	26	29	13	
	0	82	1	103	2	103	3	104	4	113	5	92	6	113	7	88	8	9	9	89	10	102	11	79	12	86	13	57	14	78	15	82	16	29	17	37	18	94	19	21	20	26	21	37	22	95	23	81	24	27	25	97	26	22	27	88	28	26	29	32	
	0	82	1	94	2	103	3	93	4	106	5	76	6	97	7	99	8	21	9	80	10	98	11	92	12	83	13	47	14	79	15	80	16	31	17	24	18	76	19	3	20	42	21	38	22	109	23	72	24	26	25	113	26	28	27	91	28	33	29	31	
	0	84	1	109	2	97	3	97	4	104	5	76	6	104	7	101	8	6	9	86	10	102	11	77	12	84	13	48	14	67	15	73	16	21	17	29	18	84	19	4	20	42	21	26	22	105	23	74	24	39	25	101	26	32	27	95	28	31	29	26	
	0	90	1	103	2	96	3	93	4	117	5	91	6	98	7	87	8	20	9	90	10	101	11	90	12	82	13	42	14	71	15	67	16	16	17	25	18	93	19	21	20	39	21	43	22	107	23	64	24	27	25	115	26	39	27	102	28	23	29	18	
	0	79	1	92	2	97	3	105	4	100	5	90	6	98	7	94	8	14	9	85	10	103	11	82	12	88	13	54	14	82	15	70	16	30	17	26	18	78	19	6	20	26	21	44	22	97	23	68	24	22	25	115	26	39	27	94	28	26	29	17	
	0	92	1	104	2	101	3	91	4	101	5	94	6	99	7	97	8	16	9	85	10	115	11	81	12	90	13	41	14	66	15	81	16	28	17	27	18	88	19	14	20	26	21	25	22	103	23	70	24	24	25	109	26	26	27	90	28	36	29	16	
	0	93	1	106	2	113	3	92	4	118	5	86	6	103	7	96	8	13	9	87	10	107	11	79	12	77	13	58	14	75	15	77	16	13	17	36	18	81	19	7	20	32	21	42	22	103	23	69	24	29	25	105	26	27	27	85	28	25	29	14	
	0	88	1	97	2	97	3	102	4	108	5	79	6	103	7	106	8	16	9	80	10	98	11	90	12	73	13	55	14	74	15	68	16	26	17	30	18	84	19	3	20	39	21	43	22	102	23	65	24	25	25	107	26	26	27	96	28	29	29	22	
	0	86	1	107	2	97	3	95	4	110	5	83	6	111	7	89	8	17	9	83	10	103	11	91	12	76	13	45	14	68	15	85	16	19	17	22	18	88	19	12	20	27	21	37	22	102	23	80	24	31	25	105	26	29	27	93	28	30	29	23	
	0	83	1	107	2	111	3	98	4	100	5	77	6	97	7	96	8	12	9	79	10	101	11	80	12	76	13	44	14	78	15	77	16	22	17	39	18	94	19	12	20	40	21	36	22	113	23	81	24	37	25	106	26	25	27	97	28	19	29	15	