500 30 1
30
	0	57	1	86	2	14	3	38	4	93	5	88	6	55	7	18	8	11	9	67	10	84	11	79	12	31	13	13	14	26	15	43	16	45	17	100	18	47	19	81	20	47	21	82	22	58	23	114	24	80	25	107	26	97	27	76	28	56	29	70	
	0	57	1	71	2	15	3	30	4	93	5	93	6	67	7	7	8	11	9	66	10	85	11	73	12	42	13	22	14	17	15	42	16	44	17	96	18	45	19	77	20	52	21	82	22	59	23	107	24	73	25	93	26	104	27	75	28	37	29	57	
	0	61	1	76	2	14	3	39	4	99	5	91	6	68	7	9	8	20	9	81	10	88	11	69	12	36	13	14	14	18	15	29	16	52	17	88	18	47	19	76	20	56	21	89	22	57	23	104	24	78	25	107	26	101	27	63	28	54	29	54	
	0	51	1	82	2	4	3	42	4	98	5	90	6	70	7	18	8	26	9	79	10	86	11	85	12	46	13	23	14	17	15	34	16	40	17	90	18	45	19	72	20	51	21	91	22	58	23	102	24	83	25	101	26	100	27	79	28	42	29	73	
	0	63	1	77	2	12	3	31	4	104	5	85	6	60	7	6	8	20	9	65	10	96	11	78	12	31	13	16	14	20	15	40	16	57	17	86	18	61	19	80	20	57	21	98	22	75	23	107	24	80	25	95	26	99	27	74	28	40	29	70	
	0	48	1	84	2	9	3	40	4	102	5	92	6	58	7	14	8	17	9	70	10	85	11	69	12	36	13	26	14	15	15	32	16	41	17	85	18	46	19	81	20	59	21	98	22	60	23	107	24	74	25	93	26	103	27	73	28	39	29	67	
	0	51	1	75	2	2	3	38	4	87	5	94	6	71	7	13	8	12	9	72	10	85	11	66	12	39	13	9	14	22	15	28	16	43	17	87	18	46	19	75	20	61	21	99	22	75	23	118	24	84	25	107	26	105	27	75	28	51	29	67	
	0	45	1	74	2	19	3	40	4	93	5	90	6	74	7	18	8	23	9	67	10	88	11	83	12	32	13	28	14	27	15	37	16	45	17	93	18	56	19	68	20	53	21	85	22	75	23	103	24	90	25	103	26	104	27	69	28	50	29	60	
	0	48	1	68	2	21	3	32	4	95	5	86	6	73	7	22	8	28	9	66	10	80	11	81	12	40	13	20	14	33	15	43	16	52	17	93	18	52	19	65	20	57	21	96	22	60	23	99	24	77	25	108	26	100	27	75	28	55	29	55	
	0	46	1	79	2	16	3	37	4	95	5	80	6	60	7	7	8	16	9	80	10	96	11	66	12	31	13	18	14	21	15	43	16	40	17	89	18	53	19	70	20	56	21	86	22	56	23	113	24	77	25	96	26	91	27	66	28	51	29	66	
	0	48	1	80	2	6	3	34	4	101	5	85	6	67	7	12	8	21	9	69	10	81	11	72	12	34	13	21	14	16	15	25	16	56	17	95	18	56	19	76	20	53	21	88	22	63	23	113	24	73	25	95	26	105	27	62	28	51	29	70	
	0	62	1	81	2	6	3	46	4	93	5	78	6	63	7	23	8	14	9	64	10	91	11	69	12	42	13	20	14	24	15	31	16	45	17	86	18	61	19	70	20	50	21	97	22	60	23	99	24	71	25	93	26	99	27	76	28	55	29	54	
	0	64	1	80	2	16	3	33	4	105	5	85	6	57	7	11	8	9	9	74	10	96	11	72	12	33	13	17	14	25	15	26	16	40	17	95	18	52	19	79	20	48	21	99	22	68	23	111	24	73	25	112	26	101	27	80	28	41	29	56	
	0	52	1	86	2	4	3	46	4	103	5	81	6	72	7	6	8	27	9	73	10	86	11	84	12	41	13	14	14	29	15	42	16	38	17	95	18	50	19	74	20	62	21	96	22	67	23	102	24	89	25	102	26	101	27	69	28	40	29	64	
	0	54	1	71	2	3	3	44	4	94	5	85	6	59	7	10	8	25	9	67	10	88	11	83	12	42	13	9	14	31	15	42	16	54	17	85	18	56	19	70	20	49	21	87	22	72	23	116	24	71	25	105	26	89	27	81	28	37	29	72	
	0	54	1	76	2	16	3	29	4	92	5	79	6	59	7	18	8	24	9	74	10	98	11	84	12	32	13	19	14	14	15	40	16	42	17	95	18	61	19	81	20	53	21	92	22	60	23	110	24	86	25	100	26	103	27	81	28	43	29	58	
	0	53	1	68	2	17	3	35	4	96	5	76	6	61	7	8	8	26	9	74	10	86	11	67	12	43	13	27	14	15	15	30	16	57	17	101	18	45	19	67	20	60	21	92	22	57	23	106	24	79	25	108	26	96	27	69	28	46	29	63	
	0	63	1	70	2	21	3	39	4	106	5	86	6	62	7	5	8	10	9	71	10	82	11	82	12	33	13	20	14	22	15	36	16	41	17	97	18	48	19	77	20	59	21	97	22	61	23	105	24	86	25	102	26	93	27	70	28	48	29	71	
	0	53	1	71	2	14	3	43	4	106	5	80	6	67	7	4	8	9	9	72	10	88	11	68	12	29	13	20	14	26	15	40	16	43	17	84	18	55	19	77	20	48	21	96	22	58	23	118	24	88	25	96	26	104	27	76	28	47	29	73	
	0	60	1	75	2	14	3	31	4	94	5	88	6	65	7	6	8	27	9	75	10	88	11	76	12	34	13	25	14	15	15	31	16	46	17	91	18	55	19	75	20	56	21	95	22	61	23	106	24	89	25	93	26	97	27	67	28	48	29	69	
	0	46	1	81	2	20	3	47	4	94	5	77	6	67	7	15	8	22	9	70	10	87	11	72	12	32	13	20	14	15	15	24	16	52	17	90	18	42	19	79	20	58	21	97	22	67	23	103	24	75	25	107	26	89	27	65	28	42	29	68	
	0	52	1	76	2	6	3	31	4	105	5	80	6	55	7	23	8	20	9	70	10	89	11	72	12	32	13	18	14	33	15	26	16	55	17	90	18	44	19	67	20	57	21	82	22	71	23	118	24	80	25	105	26	100	27	68	28	46	29	66	
	0	50	1	82	2	9	3	40	4	92	5	75	6	55	7	7	8	18	9	75	10	94	11	71	12	33	13	28	14	21	15	41	16	51	17	99	18	46	19	71	20	58	21	81	22	67	23	118	24	73	25	111	26	100	27	73	28	40	29	55	
	0	61	1	69	2	6	3	37	4	90	5	78	6	73	7	14	8	28	9	71	10	94	11	85	12	31	13	16	14	20	15	36	16	54	17	102	18	49	19	73	20	65	21	89	22	74	23	110	24	89	25	93	26	99	27	72	28	54	29	69	
	0	58	1	74	2	18	3	45	4	106	5	80	6	60	7	10	8	27	9	74	10	92	11	78	12	46	13	15	14	29	15	24	16	45	17	95	18	46	19	78	20	57	21	87	22	61	23	105	24	88	25	96	26	88	27	78	28	54	29	71	
	0	49	1	79	2	14	3	34	4	102	5	83	6	68	7	9	8	26	9	80	10	93	11	71	12	32	13	21	14	16	15	25	16	39	17	85	18	43	19	65	20	59	21	100	22	64	23	114	24	75	25	110	26	101	27	72	28	55	29	60	
	0	57	1	75	2	8	3	36	4	96	5	83	6	70	7	6	8	20	9	78	10	83	11	77	12	31	13	9	14	20	15	32	16	41	17	95	18	60	19	70	20	58	21	85	22	75	23	113	24	78	25	95	26	105	27	66	28	44	29	58	
	0	53	1	86	2	16	3	47	4	100	5	77	6	66	7	19	8	21	9	82	10	82	11	73	12	31	13	17	14	26	15	42	16	41	17	94	18	60	19	70	20	61	21	97	22	65	23	112	24	88	25	104	26	95	27	65	28	53	29	56	
	0	50	1	77	2	5	3	29	4	102	5	89	6	68	7	4	8	11	9	67	10	83	11	83	12	30	13	15	14	33	15	24	16	41	17	87	18	59	19	62	20	56	21	81	22	61	23	103	24	75	25	103	26	104	27	63	28	37	29	54	
	0	45	1	84	2	12	3	48	4	101	5	86	6	70	7	13	8	9	9	72	10	98	11	75	12	35	13	14	14	16	15	42	16	44	17	96	18	51	19	66	20	50	21	82	22	59	23	99	24	79	25	99	26	103	27	64	28	44	29	71	
	0	55	1	86	2	5	3	33	4	93	5	87	6	66	7	12	8	11	9	72	10	79	11	85	12	31	13	15	14	22	15	28	16	56	17	96	18	46	19	71	20	54	21	85	22	57	23	103	24	73	25	97	26	101	27	69	28	38	29	63	
	0	58	1	87	2	15	3	47	4	105	5	93	6	66	7	19	8	10	9	81	10	82	11	66	12	43	13	13	14	28	15	26	16	47	17	102	18	60	19	81	20	61	21	90	22	65	23	101	24	75	25	95	26	98	27	70	28	39	29	72	
	0	45	1	71	2	3	3	29	4	103	5	78	6	55	7	5	8	27	9	69	10	88	11	79	12	31	13	26	14	22	15	41	16	39	17	102	18	48	19	70	20	50	21	82	22	59	23	106	24	82	25	93	26	90	27	68	28	49	29	57	
	0	49	1	80	2	10	3	37	4	100	5	84	6	57	7	6	8	11	9	71	10	94	11	79	12	41	13	12	14	18	15	39	16	38	17	87	18	53	19	69	20	50	21	85	22	60	23	116	24	81	25	109	26	99	27	69	28	49	29	66	
	0	61	1	84	2	2	3	37	4	94	5	86	6	63	7	21	8	10	9	69	10	84	11	73	12	37	13	12	14	15	15	28	16	48	17	103	18	51	19	62	20	51	21	85	22	66	23	105	24	85	25	108	26	90	27	70	28	49	29	66	
	0	54	1	77	2	11	3	34	4	101	5	84	6	58	7	19	8	24	9	82	10	96	11	83	12	32	13	24	14	22	15	25	16	44	17	92	18	57	19	79	20	50	21	91	22	72	23	101	24	72	25	112	26	97	27	80	28	40	29	60	
	0	53	1	75	2	3	3	42	4	99	5	91	6	64	7	20	8	28	9	75	10	94	11	70	12	37	13	28	14	25	15	37	16	39	17	85	18	56	19	74	20	62	21	83	22	72	23	112	24	80	25	105	26	105	27	80	28	37	29	63	
	0	59	1	79	2	10	3	45	4	106	5	89	6	69	7	6	8	25	9	70	10	91	11	75	12	28	13	17	14	18	15	38	16	54	17	101	18	49	19	76	20	58	21	86	22	65	23	102	24	87	25	112	26	101	27	69	28	49	29	66	
	0	60	1	71	2	10	3	32	4	99	5	87	6	55	7	21	8	25	9	67	10	85	11	85	12	40	13	14	14	22	15	38	16	44	17	93	18	43	19	74	20	60	21	85	22	75	23	111	24	72	25	109	26	99	27	73	28	48	29	58	
	0	62	1	83	2	6	3	33	4	99	5	87	6	68	7	11	8	21	9	74	10	91	11	70	12	46	13	21	14	17	15	26	16	53	17	91	18	56	19	71	20	57	21	81	22	75	23	118	24	78	25	96	26	106	27	74	28	54	29	65	
	0	56	1	71	2	10	3	30	4	104	5	78	6	59	7	9	8	19	9	64	10	86	11	71	12	30	13	9	14	23	15	37	16	53	17	89	18	45	19	81	20	53	21	94	22	57	23	107	24	81	25	106	26	102	27	78	28	56	29	54	
	0	60	1	70	2	10	3	31	4	103	5	76	6	59	7	12	8	28	9	73	10	84	11	78	12	45	13	9	14	31	15	24	16	56	17	90	18	55	19	67	20	55	21	83	22	59	23	110	24	86	25	106	26	97	27	73	28	47	29	55	
	0	62	1	79	2	15	3	45	4	101	5	93	6	56	7	16	8	15	9	66	10	98	11	72	12	39	13	13	14	14	15	26	16	56	17	94	18	60	19	80	20	48	21	82	22	73	23	110	24	79	25	102	26	104	27	76	28	47	29	71	
	0	61	1	86	2	2	3	35	4	88	5	77	6	72	7	15	8	16	9	63	10	84	11	78	12	44	13	24	14	25	15	27	16	42	17	100	18	53	19	76	20	65	21	100	22	75	23	101	24	85	25	104	26	107	27	78	28	44	29	64	
	0	63	1	86	2	21	3	31	4	101	5	90	6	65	7	4	8	24	9	67	10	90	11	72	12	47	13	26	14	27	15	25	16	49	17	87	18	56	19	69	20	56	21	83	22	59	23	115	24	83	25	102	26	102	27	74	28	44	29	63	
	0	51	1	86	2	10	3	31	4	103	5	92	6	69	7	21	8	26	9	68	10	85	11	76	12	39	13	25	14	26	15	42	16	44	17	103	18	43	19	79	20	50	21	100	22	66	23	104	24	73	25	102	26	97	27	70	28	41	29	63	
	0	63	1	69	2	3	3	29	4	106	5	90	6	66	7	9	8	22	9	70	10	83	11	68	12	32	13	14	14	33	15	42	16	40	17	88	18	47	19	76	20	56	21	89	22	65	23	116	24	86	25	101	26	92	27	68	28	42	29	68	
	0	61	1	79	2	20	3	40	4	101	5	75	6	67	7	23	8	13	9	67	10	90	11	75	12	31	13	10	14	28	15	38	16	41	17	97	18	58	19	73	20	46	21	93	22	62	23	111	24	74	25	109	26	91	27	68	28	47	29	67	
	0	60	1	78	2	8	3	43	4	106	5	79	6	71	7	21	8	10	9	81	10	95	11	83	12	42	13	14	14	19	15	39	16	55	17	100	18	46	19	77	20	55	21	98	22	61	23	104	24	75	25	100	26	103	27	70	28	50	29	67	
	0	57	1	81	2	12	3	47	4	100	5	94	6	66	7	6	8	20	9	71	10	87	11	82	12	46	13	21	14	29	15	28	16	54	17	103	18	52	19	62	20	60	21	81	22	65	23	109	24	77	25	99	26	94	27	77	28	56	29	56	
	0	45	1	74	2	4	3	41	4	100	5	76	6	73	7	16	8	10	9	68	10	91	11	73	12	33	13	25	14	23	15	24	16	44	17	103	18	57	19	80	20	63	21	91	22	67	23	101	24	71	25	95	26	97	27	68	28	45	29	55	
	0	59	1	68	2	7	3	33	4	103	5	86	6	59	7	20	8	12	9	66	10	80	11	74	12	39	13	16	14	23	15	29	16	43	17	97	18	57	19	68	20	54	21	83	22	71	23	111	24	87	25	109	26	106	27	77	28	53	29	67	
	0	55	1	78	2	8	3	43	4	97	5	90	6	72	7	13	8	27	9	72	10	93	11	82	12	45	13	12	14	31	15	41	16	38	17	89	18	51	19	64	20	56	21	94	22	65	23	109	24	77	25	110	26	96	27	77	28	50	29	54	
	0	52	1	74	2	12	3	29	4	91	5	77	6	65	7	20	8	11	9	72	10	80	11	66	12	30	13	27	14	24	15	36	16	47	17	103	18	61	19	71	20	52	21	90	22	64	23	109	24	79	25	99	26	101	27	69	28	40	29	55	
	0	50	1	68	2	18	3	30	4	105	5	84	6	66	7	22	8	24	9	79	10	86	11	66	12	38	13	21	14	22	15	32	16	56	17	102	18	42	19	66	20	48	21	95	22	70	23	107	24	75	25	111	26	107	27	80	28	54	29	55	
	0	54	1	69	2	19	3	39	4	99	5	75	6	64	7	22	8	11	9	76	10	86	11	67	12	33	13	26	14	24	15	27	16	52	17	95	18	60	19	66	20	65	21	90	22	61	23	102	24	83	25	96	26	96	27	62	28	42	29	64	
	0	45	1	68	2	14	3	42	4	87	5	87	6	63	7	9	8	11	9	80	10	84	11	79	12	35	13	21	14	28	15	24	16	42	17	88	18	51	19	62	20	58	21	89	22	69	23	110	24	78	25	95	26	101	27	81	28	51	29	63	
	0	48	1	84	2	6	3	42	4	102	5	92	6	56	7	5	8	23	9	78	10	91	11	78	12	39	13	21	14	28	15	31	16	42	17	92	18	52	19	73	20	47	21	100	22	68	23	107	24	90	25	102	26	103	27	80	28	37	29	66	
	0	51	1	76	2	16	3	34	4	88	5	83	6	66	7	13	8	21	9	82	10	96	11	80	12	38	13	18	14	27	15	40	16	39	17	101	18	51	19	65	20	54	21	92	22	61	23	102	24	88	25	105	26	90	27	81	28	40	29	57	
	0	54	1	73	2	12	3	42	4	102	5	76	6	67	7	17	8	21	9	79	10	91	11	71	12	42	13	12	14	15	15	34	16	57	17	89	18	46	19	68	20	65	21	93	22	74	23	105	24	89	25	109	26	93	27	69	28	56	29	61	
	0	48	1	82	2	12	3	34	4	91	5	89	6	61	7	18	8	28	9	64	10	88	11	74	12	39	13	11	14	14	15	26	16	54	17	90	18	45	19	65	20	54	21	84	22	66	23	114	24	76	25	101	26	90	27	66	28	47	29	60	
	0	48	1	73	2	2	3	45	4	102	5	77	6	72	7	11	8	28	9	70	10	81	11	80	12	47	13	22	14	32	15	39	16	39	17	98	18	61	19	69	20	64	21	82	22	69	23	100	24	76	25	102	26	97	27	69	28	51	29	73	
	0	55	1	71	2	6	3	32	4	87	5	94	6	72	7	17	8	9	9	64	10	95	11	67	12	38	13	22	14	29	15	26	16	55	17	100	18	52	19	76	20	52	21	86	22	70	23	107	24	71	25	97	26	106	27	76	28	49	29	63	
	0	48	1	73	2	10	3	48	4	88	5	85	6	62	7	4	8	18	9	66	10	98	11	80	12	32	13	18	14	26	15	30	16	43	17	96	18	61	19	62	20	48	21	84	22	61	23	111	24	88	25	110	26	100	27	69	28	50	29	68	
	0	59	1	86	2	13	3	34	4	93	5	91	6	64	7	18	8	9	9	70	10	79	11	73	12	41	13	23	14	32	15	39	16	46	17	88	18	42	19	70	20	63	21	87	22	60	23	105	24	89	25	103	26	92	27	75	28	54	29	69	
	0	54	1	69	2	10	3	47	4	96	5	86	6	68	7	9	8	12	9	69	10	80	11	84	12	34	13	26	14	17	15	40	16	51	17	85	18	51	19	69	20	59	21	83	22	64	23	112	24	85	25	108	26	90	27	73	28	50	29	69	
	0	58	1	80	2	13	3	44	4	104	5	77	6	68	7	23	8	20	9	79	10	97	11	76	12	40	13	21	14	26	15	38	16	55	17	91	18	57	19	71	20	56	21	100	22	56	23	118	24	89	25	105	26	97	27	81	28	51	29	56	
	0	53	1	68	2	11	3	48	4	88	5	78	6	67	7	15	8	13	9	82	10	91	11	75	12	36	13	9	14	30	15	40	16	39	17	86	18	59	19	72	20	60	21	89	22	57	23	102	24	88	25	98	26	106	27	78	28	45	29	59	
	0	50	1	84	2	21	3	33	4	104	5	86	6	66	7	19	8	15	9	67	10	96	11	67	12	37	13	13	14	21	15	35	16	54	17	93	18	48	19	70	20	46	21	94	22	56	23	115	24	74	25	102	26	90	27	72	28	37	29	63	
	0	58	1	74	2	11	3	45	4	91	5	78	6	56	7	19	8	19	9	80	10	97	11	85	12	38	13	9	14	25	15	25	16	41	17	100	18	46	19	63	20	48	21	94	22	70	23	105	24	79	25	94	26	90	27	79	28	47	29	54	
	0	52	1	83	2	10	3	39	4	91	5	92	6	62	7	5	8	24	9	69	10	82	11	84	12	46	13	19	14	29	15	38	16	46	17	91	18	42	19	63	20	62	21	100	22	56	23	102	24	74	25	108	26	92	27	73	28	48	29	56	
	0	53	1	78	2	2	3	36	4	88	5	76	6	67	7	8	8	27	9	64	10	98	11	72	12	45	13	18	14	19	15	24	16	50	17	85	18	58	19	62	20	46	21	100	22	61	23	111	24	83	25	105	26	90	27	68	28	52	29	68	
	0	48	1	68	2	7	3	38	4	94	5	82	6	65	7	10	8	17	9	77	10	92	11	84	12	39	13	27	14	20	15	43	16	43	17	98	18	44	19	77	20	57	21	90	22	61	23	115	24	87	25	106	26	91	27	73	28	43	29	71	
	0	57	1	70	2	17	3	45	4	101	5	87	6	73	7	15	8	19	9	68	10	86	11	66	12	42	13	9	14	33	15	36	16	46	17	85	18	57	19	74	20	55	21	98	22	70	23	104	24	76	25	108	26	88	27	70	28	44	29	71	
	0	50	1	68	2	2	3	39	4	102	5	90	6	68	7	7	8	13	9	69	10	84	11	84	12	29	13	28	14	31	15	34	16	53	17	88	18	43	19	72	20	46	21	96	22	60	23	104	24	74	25	100	26	88	27	77	28	55	29	65	
	0	53	1	85	2	3	3	46	4	87	5	84	6	71	7	21	8	15	9	74	10	95	11	85	12	45	13	19	14	24	15	29	16	46	17	87	18	50	19	66	20	63	21	94	22	70	23	110	24	71	25	95	26	88	27	81	28	54	29	65	
	0	53	1	78	2	6	3	30	4	95	5	93	6	63	7	18	8	20	9	63	10	80	11	69	12	32	13	22	14	33	15	31	16	47	17	91	18	45	19	78	20	49	21	83	22	59	23	110	24	84	25	100	26	97	27	79	28	52	29	70	
	0	51	1	68	2	5	3	35	4	105	5	87	6	70	7	11	8	11	9	70	10	81	11	77	12	45	13	20	14	33	15	30	16	44	17	91	18	42	19	65	20	50	21	93	22	71	23	106	24	73	25	111	26	104	27	62	28	47	29	58	
	0	46	1	74	2	15	3	32	4	88	5	80	6	60	7	21	8	10	9	63	10	84	11	78	12	29	13	21	14	19	15	40	16	44	17	97	18	53	19	77	20	50	21	86	22	75	23	116	24	75	25	103	26	92	27	80	28	52	29	64	
	0	52	1	72	2	8	3	30	4	103	5	79	6	73	7	4	8	10	9	79	10	84	11	73	12	42	13	10	14	15	15	38	16	50	17	92	18	49	19	66	20	48	21	86	22	68	23	104	24	87	25	111	26	103	27	77	28	46	29	72	
	0	47	1	79	2	15	3	42	4	90	5	82	6	72	7	10	8	23	9	77	10	81	11	79	12	36	13	14	14	15	15	41	16	39	17	86	18	61	19	72	20	47	21	95	22	67	23	101	24	90	25	94	26	94	27	73	28	53	29	63	
	0	46	1	69	2	18	3	39	4	93	5	86	6	70	7	5	8	26	9	71	10	96	11	68	12	37	13	27	14	17	15	24	16	56	17	85	18	45	19	74	20	47	21	96	22	67	23	102	24	86	25	109	26	92	27	62	28	54	29	69	
	0	64	1	72	2	3	3	30	4	100	5	75	6	62	7	5	8	24	9	80	10	90	11	67	12	31	13	14	14	30	15	41	16	39	17	90	18	51	19	65	20	47	21	87	22	62	23	110	24	89	25	94	26	103	27	71	28	47	29	63	
	0	55	1	75	2	15	3	31	4	106	5	80	6	73	7	7	8	11	9	77	10	92	11	69	12	43	13	17	14	20	15	38	16	39	17	87	18	49	19	63	20	64	21	99	22	57	23	116	24	81	25	108	26	92	27	62	28	51	29	66	
	0	52	1	73	2	9	3	45	4	87	5	83	6	63	7	5	8	10	9	82	10	88	11	83	12	33	13	11	14	31	15	25	16	43	17	97	18	55	19	76	20	59	21	96	22	72	23	103	24	71	25	95	26	103	27	63	28	43	29	70	
	0	62	1	83	2	8	3	39	4	96	5	94	6	73	7	17	8	28	9	82	10	85	11	72	12	36	13	14	14	29	15	34	16	54	17	92	18	42	19	67	20	54	21	100	22	60	23	104	24	84	25	98	26	94	27	73	28	46	29	71	
	0	62	1	78	2	9	3	34	4	97	5	90	6	66	7	23	8	14	9	69	10	89	11	80	12	34	13	24	14	17	15	34	16	46	17	101	18	45	19	65	20	55	21	84	22	64	23	117	24	77	25	111	26	91	27	79	28	54	29	72	
	0	52	1	79	2	13	3	33	4	88	5	89	6	66	7	13	8	23	9	64	10	97	11	78	12	32	13	16	14	30	15	38	16	44	17	94	18	54	19	80	20	52	21	99	22	67	23	106	24	84	25	93	26	97	27	70	28	42	29	69	
	0	61	1	82	2	4	3	46	4	88	5	84	6	70	7	13	8	25	9	67	10	94	11	77	12	41	13	24	14	23	15	42	16	50	17	87	18	47	19	79	20	65	21	84	22	63	23	118	24	80	25	109	26	98	27	78	28	40	29	55	
	0	59	1	76	2	14	3	38	4	100	5	78	6	68	7	7	8	26	9	63	10	82	11	72	12	44	13	26	14	17	15	34	16	50	17	88	18	55	19	79	20	59	21	83	22	63	23	114	24	85	25	95	26	92	27	68	28	43	29	68	
	0	54	1	74	2	10	3	32	4	103	5	82	6	63	7	21	8	19	9	65	10	81	11	77	12	37	13	16	14	24	15	27	16	52	17	101	18	55	19	79	20	59	21	89	22	74	23	106	24	73	25	93	26	89	27	67	28	49	29	70	
	0	54	1	80	2	8	3	38	4	100	5	85	6	65	7	15	8	12	9	77	10	82	11	66	12	44	13	22	14	22	15	27	16	50	17	93	18	54	19	72	20	47	21	90	22	73	23	115	24	76	25	112	26	98	27	64	28	50	29	56	
	0	47	1	74	2	12	3	39	4	87	5	93	6	74	7	8	8	12	9	65	10	97	11	82	12	29	13	24	14	21	15	32	16	51	17	103	18	52	19	81	20	49	21	86	22	61	23	102	24	82	25	97	26	100	27	67	28	53	29	70	
	0	54	1	80	2	10	3	45	4	94	5	77	6	74	7	21	8	11	9	80	10	91	11	74	12	43	13	9	14	19	15	26	16	46	17	89	18	50	19	63	20	47	21	82	22	67	23	100	24	80	25	101	26	107	27	80	28	48	29	72	
	0	59	1	69	2	10	3	31	4	105	5	75	6	67	7	9	8	17	9	70	10	98	11	70	12	46	13	21	14	31	15	34	16	41	17	103	18	59	19	70	20	47	21	99	22	66	23	108	24	76	25	94	26	105	27	77	28	39	29	59	
	0	52	1	75	2	12	3	45	4	88	5	75	6	73	7	12	8	9	9	66	10	95	11	71	12	35	13	11	14	17	15	43	16	41	17	101	18	52	19	75	20	55	21	96	22	62	23	99	24	80	25	109	26	95	27	73	28	50	29	55	
	0	59	1	87	2	6	3	48	4	96	5	82	6	62	7	12	8	14	9	82	10	94	11	73	12	28	13	28	14	19	15	34	16	40	17	90	18	48	19	69	20	55	21	84	22	75	23	99	24	73	25	102	26	92	27	75	28	54	29	58	
	0	61	1	85	2	15	3	39	4	103	5	83	6	73	7	21	8	12	9	71	10	97	11	79	12	35	13	22	14	23	15	24	16	52	17	88	18	56	19	81	20	57	21	99	22	56	23	111	24	73	25	110	26	92	27	81	28	48	29	73	
	0	52	1	80	2	21	3	33	4	90	5	84	6	67	7	12	8	15	9	69	10	82	11	85	12	47	13	23	14	28	15	39	16	42	17	86	18	44	19	76	20	59	21	82	22	61	23	115	24	74	25	101	26	95	27	72	28	39	29	55	
	0	51	1	81	2	5	3	30	4	99	5	87	6	62	7	14	8	28	9	77	10	81	11	78	12	41	13	19	14	20	15	36	16	46	17	98	18	61	19	77	20	52	21	100	22	62	23	100	24	90	25	109	26	102	27	79	28	49	29	63	
	0	46	1	86	2	17	3	43	4	105	5	89	6	60	7	10	8	22	9	68	10	85	11	80	12	39	13	28	14	31	15	38	16	45	17	101	18	53	19	64	20	57	21	88	22	71	23	109	24	73	25	95	26	88	27	63	28	45	29	68	
	0	53	1	77	2	6	3	32	4	104	5	77	6	74	7	16	8	17	9	67	10	87	11	66	12	37	13	28	14	29	15	39	16	38	17	89	18	60	19	75	20	65	21	88	22	66	23	102	24	78	25	108	26	88	27	74	28	52	29	56	
	0	45	1	73	2	5	3	33	4	88	5	88	6	67	7	17	8	22	9	75	10	96	11	77	12	41	13	9	14	20	15	27	16	42	17	102	18	55	19	81	20	63	21	88	22	65	23	99	24	80	25	110	26	100	27	77	28	40	29	68	
	0	58	1	86	2	20	3	37	4	99	5	82	6	69	7	10	8	11	9	68	10	85	11	73	12	38	13	25	14	15	15	24	16	55	17	98	18	50	19	69	20	56	21	92	22	69	23	102	24	89	25	103	26	89	27	75	28	51	29	59	
	0	58	1	77	2	15	3	37	4	90	5	88	6	70	7	14	8	16	9	75	10	79	11	81	12	34	13	22	14	27	15	37	16	51	17	84	18	51	19	65	20	60	21	92	22	70	23	111	24	75	25	99	26	98	27	62	28	42	29	63	
	0	53	1	75	2	3	3	30	4	94	5	82	6	69	7	23	8	22	9	68	10	94	11	74	12	43	13	21	14	26	15	26	16	43	17	103	18	42	19	65	20	47	21	86	22	62	23	105	24	71	25	107	26	96	27	66	28	55	29	61	
	0	56	1	71	2	20	3	44	4	103	5	89	6	72	7	21	8	9	9	78	10	84	11	71	12	37	13	22	14	21	15	27	16	55	17	86	18	44	19	77	20	55	21	85	22	56	23	99	24	78	25	107	26	103	27	62	28	51	29	59	
	0	53	1	69	2	3	3	31	4	95	5	91	6	60	7	11	8	20	9	80	10	81	11	84	12	47	13	19	14	15	15	37	16	56	17	90	18	42	19	73	20	65	21	82	22	70	23	101	24	80	25	112	26	97	27	69	28	56	29	58	
	0	51	1	71	2	19	3	37	4	103	5	94	6	72	7	9	8	13	9	70	10	79	11	84	12	45	13	13	14	18	15	39	16	55	17	94	18	57	19	81	20	61	21	87	22	66	23	100	24	87	25	99	26	103	27	80	28	41	29	58	
	0	64	1	79	2	3	3	47	4	96	5	78	6	61	7	14	8	25	9	70	10	90	11	75	12	44	13	11	14	21	15	29	16	40	17	99	18	59	19	65	20	61	21	81	22	67	23	100	24	80	25	100	26	95	27	68	28	37	29	55	
	0	45	1	83	2	12	3	44	4	103	5	94	6	66	7	10	8	26	9	80	10	95	11	66	12	36	13	20	14	30	15	41	16	45	17	99	18	51	19	69	20	51	21	92	22	75	23	111	24	86	25	112	26	91	27	71	28	42	29	55	
	0	58	1	84	2	12	3	35	4	99	5	77	6	71	7	8	8	23	9	79	10	84	11	67	12	42	13	9	14	21	15	41	16	48	17	84	18	51	19	75	20	48	21	82	22	73	23	108	24	79	25	99	26	94	27	80	28	48	29	57	
	0	49	1	85	2	3	3	40	4	93	5	93	6	60	7	23	8	13	9	66	10	97	11	68	12	41	13	27	14	31	15	32	16	41	17	101	18	58	19	64	20	51	21	98	22	73	23	111	24	72	25	95	26	104	27	62	28	40	29	59	
	0	63	1	70	2	3	3	43	4	102	5	79	6	68	7	23	8	25	9	82	10	85	11	75	12	36	13	19	14	29	15	32	16	52	17	86	18	42	19	67	20	56	21	92	22	57	23	112	24	90	25	95	26	92	27	79	28	56	29	57	
	0	59	1	75	2	19	3	48	4	101	5	80	6	72	7	10	8	22	9	78	10	83	11	85	12	45	13	26	14	29	15	27	16	55	17	93	18	45	19	70	20	54	21	99	22	63	23	100	24	81	25	107	26	101	27	72	28	51	29	57	
	0	49	1	78	2	10	3	35	4	99	5	89	6	62	7	4	8	18	9	64	10	80	11	77	12	42	13	17	14	29	15	42	16	55	17	91	18	58	19	71	20	63	21	91	22	61	23	117	24	81	25	112	26	92	27	69	28	47	29	58	
	0	59	1	75	2	14	3	37	4	105	5	91	6	74	7	19	8	26	9	75	10	97	11	66	12	34	13	19	14	32	15	29	16	49	17	101	18	54	19	76	20	47	21	95	22	69	23	108	24	77	25	109	26	98	27	73	28	43	29	55	
	0	63	1	73	2	8	3	35	4	106	5	80	6	62	7	5	8	28	9	79	10	93	11	73	12	38	13	11	14	29	15	28	16	46	17	94	18	58	19	72	20	58	21	86	22	64	23	105	24	74	25	99	26	91	27	80	28	38	29	68	
	0	54	1	73	2	14	3	36	4	99	5	81	6	66	7	15	8	21	9	68	10	79	11	84	12	38	13	25	14	33	15	35	16	55	17	86	18	45	19	72	20	62	21	88	22	65	23	111	24	77	25	95	26	88	27	76	28	47	29	60	
	0	45	1	74	2	21	3	30	4	94	5	86	6	57	7	22	8	28	9	77	10	94	11	74	12	41	13	17	14	32	15	35	16	39	17	98	18	52	19	64	20	58	21	96	22	70	23	110	24	89	25	96	26	90	27	72	28	54	29	54	
	0	63	1	70	2	8	3	47	4	104	5	94	6	61	7	10	8	18	9	76	10	83	11	81	12	39	13	19	14	24	15	25	16	45	17	101	18	51	19	63	20	53	21	93	22	67	23	113	24	83	25	111	26	95	27	63	28	46	29	59	
	0	51	1	71	2	14	3	40	4	106	5	82	6	69	7	5	8	10	9	80	10	94	11	79	12	42	13	25	14	15	15	41	16	54	17	97	18	48	19	77	20	62	21	100	22	72	23	110	24	74	25	99	26	95	27	80	28	40	29	55	
	0	49	1	78	2	2	3	31	4	104	5	90	6	74	7	13	8	23	9	65	10	93	11	67	12	47	13	22	14	19	15	35	16	42	17	93	18	51	19	71	20	49	21	88	22	66	23	102	24	85	25	100	26	105	27	81	28	49	29	55	
	0	64	1	80	2	8	3	30	4	104	5	76	6	67	7	11	8	15	9	79	10	89	11	81	12	32	13	20	14	18	15	39	16	51	17	100	18	52	19	62	20	57	21	91	22	66	23	101	24	81	25	103	26	89	27	63	28	53	29	72	
	0	60	1	81	2	15	3	46	4	92	5	80	6	63	7	21	8	23	9	66	10	80	11	69	12	36	13	21	14	21	15	34	16	55	17	89	18	54	19	77	20	55	21	81	22	62	23	111	24	76	25	108	26	99	27	62	28	39	29	70	
	0	59	1	87	2	20	3	30	4	106	5	91	6	58	7	7	8	10	9	63	10	84	11	72	12	39	13	27	14	30	15	30	16	43	17	97	18	56	19	77	20	63	21	90	22	66	23	105	24	81	25	97	26	90	27	63	28	55	29	72	
	0	56	1	81	2	9	3	44	4	102	5	87	6	64	7	17	8	23	9	67	10	90	11	69	12	45	13	14	14	19	15	25	16	53	17	89	18	52	19	73	20	64	21	96	22	58	23	106	24	86	25	104	26	94	27	80	28	50	29	61	
	0	64	1	78	2	12	3	47	4	90	5	89	6	55	7	16	8	18	9	75	10	91	11	73	12	29	13	12	14	15	15	24	16	43	17	96	18	54	19	78	20	58	21	100	22	59	23	111	24	76	25	110	26	92	27	64	28	43	29	55	
	0	53	1	82	2	2	3	43	4	88	5	75	6	57	7	16	8	26	9	80	10	95	11	67	12	33	13	20	14	20	15	37	16	55	17	92	18	42	19	68	20	61	21	94	22	69	23	118	24	74	25	99	26	105	27	63	28	46	29	61	
	0	49	1	85	2	5	3	40	4	99	5	93	6	66	7	6	8	11	9	79	10	90	11	74	12	34	13	14	14	30	15	29	16	48	17	88	18	43	19	65	20	54	21	98	22	62	23	100	24	90	25	106	26	98	27	71	28	47	29	70	
	0	64	1	76	2	7	3	40	4	92	5	93	6	61	7	10	8	9	9	65	10	84	11	84	12	43	13	22	14	29	15	27	16	44	17	91	18	57	19	68	20	52	21	94	22	67	23	100	24	74	25	100	26	103	27	76	28	42	29	69	
	0	49	1	87	2	10	3	38	4	95	5	91	6	59	7	18	8	15	9	74	10	81	11	79	12	32	13	10	14	29	15	41	16	52	17	94	18	45	19	70	20	62	21	93	22	58	23	112	24	71	25	104	26	99	27	65	28	45	29	62	
	0	64	1	81	2	21	3	45	4	103	5	90	6	64	7	16	8	13	9	78	10	83	11	78	12	39	13	22	14	27	15	27	16	44	17	90	18	50	19	79	20	63	21	89	22	69	23	104	24	74	25	103	26	96	27	65	28	38	29	64	
	0	59	1	76	2	21	3	37	4	89	5	91	6	64	7	11	8	24	9	75	10	97	11	66	12	41	13	23	14	26	15	38	16	53	17	88	18	54	19	68	20	60	21	90	22	75	23	99	24	87	25	93	26	89	27	63	28	44	29	64	
	0	64	1	82	2	5	3	40	4	92	5	83	6	67	7	9	8	18	9	65	10	87	11	79	12	41	13	10	14	27	15	42	16	55	17	98	18	50	19	77	20	49	21	81	22	70	23	115	24	87	25	93	26	103	27	75	28	39	29	70	
	0	45	1	79	2	18	3	44	4	88	5	83	6	63	7	20	8	22	9	71	10	89	11	85	12	32	13	21	14	31	15	37	16	39	17	90	18	42	19	67	20	51	21	87	22	63	23	112	24	73	25	109	26	106	27	79	28	52	29	68	
	0	51	1	84	2	3	3	29	4	95	5	86	6	65	7	8	8	27	9	76	10	86	11	77	12	40	13	25	14	29	15	30	16	47	17	91	18	56	19	69	20	50	21	87	22	66	23	105	24	85	25	99	26	91	27	80	28	41	29	57	
	0	54	1	73	2	5	3	34	4	90	5	87	6	67	7	4	8	16	9	70	10	82	11	71	12	36	13	13	14	14	15	43	16	45	17	100	18	48	19	78	20	65	21	91	22	65	23	113	24	72	25	112	26	104	27	67	28	52	29	61	
	0	64	1	86	2	4	3	30	4	90	5	82	6	66	7	13	8	25	9	69	10	89	11	73	12	35	13	14	14	27	15	24	16	44	17	86	18	48	19	74	20	58	21	90	22	57	23	104	24	83	25	98	26	101	27	65	28	51	29	62	
	0	62	1	68	2	8	3	31	4	89	5	80	6	64	7	18	8	26	9	68	10	79	11	78	12	44	13	16	14	25	15	42	16	49	17	89	18	47	19	71	20	54	21	85	22	74	23	100	24	81	25	94	26	92	27	71	28	43	29	55	
	0	60	1	82	2	12	3	29	4	102	5	81	6	67	7	13	8	26	9	71	10	87	11	76	12	36	13	27	14	23	15	37	16	52	17	92	18	54	19	63	20	57	21	87	22	74	23	105	24	73	25	110	26	93	27	73	28	47	29	60	
	0	50	1	83	2	6	3	38	4	89	5	80	6	67	7	8	8	26	9	76	10	92	11	77	12	34	13	28	14	23	15	34	16	38	17	89	18	59	19	74	20	51	21	98	22	66	23	102	24	80	25	93	26	104	27	81	28	55	29	70	
	0	46	1	83	2	18	3	48	4	103	5	88	6	63	7	21	8	19	9	77	10	92	11	80	12	38	13	13	14	33	15	36	16	42	17	87	18	51	19	80	20	48	21	85	22	68	23	114	24	87	25	104	26	99	27	70	28	40	29	64	
	0	55	1	75	2	13	3	47	4	96	5	88	6	70	7	16	8	20	9	70	10	81	11	73	12	46	13	25	14	17	15	37	16	55	17	88	18	59	19	77	20	62	21	92	22	64	23	102	24	73	25	104	26	89	27	76	28	56	29	54	
	0	56	1	82	2	3	3	41	4	98	5	77	6	74	7	19	8	25	9	80	10	93	11	80	12	39	13	22	14	15	15	28	16	45	17	86	18	54	19	74	20	60	21	91	22	75	23	99	24	89	25	95	26	105	27	70	28	53	29	70	
	0	64	1	78	2	14	3	39	4	90	5	76	6	66	7	7	8	12	9	75	10	93	11	74	12	28	13	24	14	21	15	43	16	49	17	99	18	53	19	75	20	55	21	84	22	61	23	110	24	77	25	103	26	106	27	66	28	41	29	57	
	0	60	1	81	2	21	3	44	4	96	5	92	6	74	7	18	8	20	9	72	10	98	11	71	12	32	13	10	14	21	15	38	16	40	17	85	18	42	19	78	20	65	21	88	22	58	23	105	24	83	25	109	26	92	27	75	28	39	29	60	
	0	52	1	72	2	12	3	35	4	98	5	75	6	71	7	19	8	11	9	63	10	96	11	72	12	32	13	15	14	30	15	25	16	47	17	92	18	51	19	69	20	54	21	82	22	58	23	114	24	73	25	102	26	94	27	79	28	43	29	54	
	0	49	1	71	2	21	3	42	4	89	5	89	6	60	7	4	8	24	9	72	10	83	11	84	12	30	13	23	14	29	15	35	16	55	17	93	18	59	19	80	20	60	21	99	22	74	23	103	24	78	25	100	26	96	27	76	28	45	29	59	
	0	57	1	82	2	14	3	42	4	100	5	79	6	65	7	20	8	11	9	76	10	87	11	67	12	42	13	17	14	16	15	42	16	41	17	84	18	45	19	69	20	57	21	98	22	71	23	106	24	73	25	105	26	101	27	67	28	44	29	68	
	0	49	1	81	2	18	3	31	4	103	5	85	6	67	7	18	8	20	9	65	10	85	11	72	12	44	13	20	14	31	15	32	16	45	17	97	18	56	19	75	20	57	21	99	22	72	23	106	24	72	25	102	26	90	27	69	28	41	29	57	
	0	63	1	75	2	10	3	35	4	100	5	85	6	71	7	22	8	11	9	79	10	89	11	74	12	44	13	21	14	20	15	32	16	43	17	84	18	61	19	74	20	54	21	85	22	60	23	114	24	89	25	107	26	100	27	74	28	53	29	65	
	0	57	1	70	2	20	3	37	4	100	5	85	6	60	7	11	8	12	9	63	10	97	11	82	12	38	13	19	14	17	15	29	16	47	17	90	18	46	19	77	20	47	21	86	22	56	23	118	24	85	25	105	26	97	27	79	28	43	29	68	
	0	52	1	85	2	13	3	47	4	101	5	79	6	69	7	23	8	23	9	76	10	86	11	69	12	39	13	11	14	26	15	33	16	55	17	95	18	47	19	65	20	63	21	86	22	75	23	104	24	84	25	100	26	93	27	64	28	42	29	73	
	0	60	1	85	2	13	3	43	4	89	5	85	6	57	7	11	8	20	9	69	10	97	11	67	12	42	13	25	14	20	15	41	16	40	17	91	18	55	19	70	20	64	21	100	22	69	23	100	24	81	25	100	26	107	27	66	28	46	29	61	
	0	49	1	83	2	3	3	31	4	92	5	82	6	62	7	6	8	10	9	79	10	89	11	75	12	47	13	22	14	16	15	43	16	53	17	96	18	44	19	62	20	49	21	100	22	58	23	109	24	87	25	97	26	92	27	77	28	43	29	66	
	0	55	1	72	2	3	3	36	4	89	5	91	6	61	7	9	8	20	9	64	10	89	11	67	12	36	13	20	14	19	15	41	16	55	17	93	18	43	19	73	20	56	21	95	22	62	23	113	24	82	25	109	26	91	27	70	28	43	29	69	
	0	47	1	73	2	16	3	40	4	93	5	83	6	64	7	21	8	13	9	74	10	89	11	80	12	44	13	23	14	20	15	34	16	44	17	99	18	50	19	63	20	53	21	85	22	70	23	101	24	76	25	104	26	103	27	70	28	49	29	73	
	0	50	1	71	2	4	3	45	4	87	5	88	6	66	7	12	8	18	9	82	10	89	11	83	12	29	13	11	14	30	15	33	16	44	17	84	18	45	19	73	20	50	21	81	22	58	23	114	24	83	25	110	26	105	27	72	28	56	29	60	
	0	54	1	69	2	15	3	45	4	94	5	78	6	64	7	10	8	21	9	65	10	94	11	80	12	37	13	17	14	29	15	33	16	44	17	94	18	53	19	64	20	64	21	98	22	66	23	109	24	73	25	100	26	102	27	75	28	48	29	65	
	0	54	1	75	2	19	3	36	4	104	5	83	6	60	7	6	8	21	9	70	10	92	11	75	12	31	13	19	14	15	15	38	16	57	17	102	18	52	19	73	20	46	21	92	22	61	23	108	24	84	25	96	26	92	27	74	28	38	29	57	
	0	54	1	69	2	3	3	32	4	90	5	90	6	65	7	11	8	23	9	71	10	98	11	84	12	32	13	13	14	28	15	31	16	51	17	99	18	57	19	77	20	56	21	82	22	64	23	116	24	71	25	97	26	96	27	70	28	38	29	69	
	0	57	1	68	2	2	3	31	4	94	5	78	6	68	7	17	8	13	9	74	10	82	11	74	12	32	13	16	14	29	15	30	16	46	17	94	18	47	19	67	20	54	21	85	22	68	23	105	24	75	25	106	26	102	27	72	28	40	29	62	
	0	63	1	74	2	17	3	39	4	94	5	76	6	57	7	5	8	23	9	80	10	86	11	74	12	47	13	25	14	28	15	38	16	43	17	85	18	45	19	81	20	55	21	83	22	57	23	102	24	79	25	107	26	104	27	75	28	39	29	60	
	0	60	1	80	2	3	3	31	4	98	5	79	6	62	7	19	8	23	9	78	10	88	11	77	12	45	13	13	14	21	15	33	16	41	17	99	18	52	19	68	20	64	21	89	22	59	23	110	24	80	25	107	26	98	27	78	28	38	29	64	
	0	46	1	84	2	19	3	36	4	103	5	92	6	73	7	23	8	24	9	65	10	88	11	82	12	31	13	14	14	32	15	24	16	45	17	98	18	43	19	65	20	61	21	81	22	62	23	115	24	80	25	105	26	104	27	69	28	56	29	73	
	0	45	1	73	2	13	3	42	4	93	5	85	6	74	7	11	8	22	9	70	10	88	11	66	12	39	13	12	14	21	15	30	16	48	17	86	18	59	19	64	20	50	21	88	22	56	23	105	24	83	25	101	26	93	27	80	28	49	29	55	
	0	46	1	70	2	20	3	36	4	101	5	76	6	64	7	14	8	21	9	81	10	81	11	71	12	33	13	13	14	28	15	39	16	44	17	102	18	57	19	73	20	58	21	91	22	63	23	100	24	90	25	109	26	105	27	71	28	43	29	57	
	0	52	1	75	2	5	3	44	4	106	5	80	6	65	7	9	8	21	9	82	10	97	11	84	12	28	13	24	14	22	15	43	16	48	17	95	18	46	19	65	20	48	21	99	22	74	23	103	24	85	25	96	26	90	27	79	28	53	29	54	
	0	58	1	87	2	2	3	44	4	89	5	84	6	71	7	11	8	22	9	74	10	96	11	67	12	45	13	21	14	18	15	26	16	55	17	88	18	52	19	72	20	51	21	89	22	65	23	109	24	79	25	110	26	93	27	63	28	43	29	64	
	0	47	1	86	2	7	3	36	4	101	5	92	6	59	7	13	8	24	9	67	10	84	11	67	12	43	13	13	14	16	15	33	16	50	17	98	18	54	19	71	20	65	21	95	22	75	23	109	24	90	25	105	26	103	27	78	28	54	29	54	
	0	48	1	85	2	11	3	33	4	100	5	88	6	62	7	22	8	14	9	64	10	79	11	76	12	47	13	23	14	19	15	38	16	57	17	93	18	43	19	66	20	46	21	82	22	74	23	105	24	81	25	104	26	88	27	77	28	53	29	59	
	0	61	1	74	2	12	3	34	4	102	5	90	6	60	7	18	8	20	9	78	10	96	11	66	12	30	13	28	14	30	15	29	16	51	17	94	18	61	19	75	20	46	21	87	22	74	23	117	24	85	25	106	26	100	27	81	28	50	29	70	
	0	53	1	68	2	5	3	41	4	91	5	86	6	59	7	8	8	20	9	69	10	96	11	80	12	43	13	13	14	31	15	27	16	51	17	99	18	52	19	65	20	65	21	89	22	71	23	108	24	83	25	106	26	89	27	72	28	38	29	57	
	0	50	1	80	2	6	3	45	4	97	5	90	6	63	7	5	8	26	9	64	10	83	11	76	12	41	13	11	14	32	15	30	16	44	17	97	18	46	19	74	20	52	21	84	22	59	23	104	24	78	25	102	26	106	27	65	28	47	29	73	
	0	63	1	76	2	7	3	46	4	100	5	92	6	58	7	10	8	26	9	65	10	95	11	70	12	43	13	16	14	30	15	40	16	39	17	96	18	42	19	80	20	62	21	82	22	75	23	113	24	73	25	103	26	99	27	79	28	55	29	55	
	0	55	1	75	2	7	3	41	4	94	5	90	6	71	7	19	8	21	9	70	10	96	11	73	12	35	13	15	14	18	15	28	16	47	17	90	18	56	19	76	20	62	21	95	22	63	23	100	24	73	25	98	26	106	27	67	28	48	29	72	
	0	48	1	71	2	8	3	32	4	103	5	78	6	66	7	6	8	12	9	79	10	92	11	83	12	41	13	22	14	33	15	41	16	40	17	92	18	43	19	76	20	59	21	93	22	58	23	104	24	74	25	99	26	93	27	65	28	49	29	56	
	0	49	1	81	2	17	3	48	4	89	5	91	6	67	7	22	8	19	9	73	10	80	11	82	12	43	13	14	14	30	15	25	16	46	17	92	18	46	19	62	20	47	21	82	22	75	23	103	24	84	25	97	26	96	27	65	28	56	29	61	
	0	61	1	77	2	5	3	38	4	103	5	90	6	55	7	4	8	26	9	74	10	88	11	68	12	30	13	20	14	16	15	42	16	51	17	101	18	57	19	80	20	48	21	92	22	57	23	110	24	81	25	95	26	90	27	63	28	56	29	66	
	0	45	1	78	2	4	3	29	4	96	5	87	6	58	7	14	8	23	9	72	10	80	11	84	12	43	13	18	14	30	15	25	16	39	17	90	18	47	19	71	20	47	21	84	22	69	23	105	24	78	25	109	26	98	27	75	28	53	29	61	
	0	53	1	70	2	13	3	35	4	95	5	83	6	70	7	10	8	25	9	71	10	87	11	78	12	39	13	25	14	33	15	24	16	52	17	86	18	55	19	80	20	53	21	81	22	74	23	105	24	84	25	96	26	106	27	78	28	43	29	64	
	0	56	1	81	2	19	3	29	4	102	5	86	6	64	7	6	8	17	9	64	10	85	11	71	12	42	13	25	14	26	15	29	16	41	17	91	18	60	19	74	20	49	21	89	22	74	23	117	24	89	25	101	26	89	27	63	28	40	29	58	
	0	49	1	73	2	17	3	44	4	103	5	77	6	70	7	20	8	19	9	73	10	95	11	75	12	29	13	15	14	31	15	36	16	38	17	99	18	61	19	70	20	49	21	90	22	62	23	103	24	87	25	99	26	102	27	66	28	48	29	64	
	0	52	1	80	2	14	3	38	4	103	5	86	6	55	7	21	8	16	9	72	10	86	11	68	12	29	13	18	14	23	15	24	16	45	17	89	18	61	19	73	20	46	21	99	22	68	23	114	24	88	25	111	26	91	27	70	28	51	29	73	
	0	52	1	85	2	19	3	47	4	97	5	77	6	62	7	8	8	14	9	73	10	91	11	85	12	38	13	28	14	27	15	41	16	51	17	98	18	55	19	69	20	64	21	94	22	61	23	107	24	84	25	95	26	98	27	72	28	43	29	61	
	0	59	1	76	2	15	3	31	4	96	5	91	6	57	7	17	8	14	9	69	10	84	11	80	12	44	13	25	14	15	15	25	16	55	17	93	18	56	19	79	20	51	21	94	22	60	23	113	24	79	25	99	26	94	27	79	28	56	29	63	
	0	57	1	74	2	15	3	35	4	95	5	87	6	68	7	16	8	9	9	68	10	94	11	69	12	30	13	11	14	27	15	39	16	51	17	95	18	50	19	77	20	50	21	98	22	68	23	101	24	87	25	101	26	106	27	70	28	55	29	57	
	0	63	1	78	2	12	3	44	4	89	5	87	6	58	7	8	8	11	9	70	10	86	11	74	12	42	13	20	14	29	15	27	16	42	17	102	18	57	19	63	20	50	21	94	22	64	23	112	24	89	25	112	26	96	27	63	28	42	29	68	
	0	58	1	87	2	2	3	44	4	95	5	76	6	74	7	12	8	16	9	73	10	84	11	82	12	45	13	19	14	14	15	24	16	42	17	86	18	48	19	64	20	60	21	89	22	74	23	110	24	88	25	105	26	104	27	74	28	46	29	54	
	0	49	1	79	2	17	3	48	4	90	5	80	6	62	7	23	8	16	9	64	10	81	11	74	12	42	13	23	14	24	15	29	16	54	17	94	18	55	19	78	20	53	21	83	22	57	23	99	24	84	25	105	26	90	27	79	28	41	29	68	
	0	54	1	85	2	8	3	41	4	88	5	82	6	56	7	12	8	26	9	69	10	84	11	69	12	44	13	26	14	23	15	31	16	45	17	87	18	56	19	73	20	62	21	85	22	61	23	101	24	89	25	97	26	101	27	65	28	46	29	66	
	0	56	1	81	2	7	3	29	4	93	5	81	6	68	7	17	8	16	9	82	10	80	11	78	12	35	13	9	14	16	15	34	16	56	17	84	18	43	19	62	20	49	21	86	22	65	23	105	24	71	25	102	26	99	27	62	28	53	29	70	
	0	57	1	69	2	18	3	34	4	94	5	89	6	69	7	21	8	11	9	72	10	87	11	69	12	45	13	20	14	16	15	43	16	54	17	95	18	42	19	77	20	49	21	82	22	65	23	114	24	84	25	108	26	98	27	65	28	55	29	61	
	0	55	1	77	2	7	3	48	4	87	5	87	6	73	7	19	8	19	9	80	10	97	11	83	12	46	13	27	14	24	15	43	16	50	17	95	18	51	19	66	20	50	21	94	22	70	23	118	24	81	25	99	26	103	27	81	28	49	29	60	
	0	53	1	78	2	21	3	38	4	94	5	91	6	68	7	5	8	20	9	73	10	86	11	67	12	43	13	17	14	29	15	25	16	52	17	94	18	55	19	72	20	53	21	87	22	60	23	106	24	89	25	110	26	88	27	70	28	53	29	72	
	0	59	1	87	2	16	3	44	4	87	5	94	6	72	7	7	8	13	9	79	10	93	11	76	12	41	13	18	14	22	15	35	16	49	17	101	18	56	19	63	20	56	21	84	22	64	23	106	24	72	25	98	26	89	27	69	28	51	29	56	
	0	45	1	68	2	8	3	38	4	94	5	76	6	66	7	20	8	13	9	72	10	86	11	82	12	31	13	20	14	18	15	43	16	44	17	94	18	52	19	62	20	60	21	93	22	59	23	105	24	71	25	96	26	105	27	69	28	55	29	60	
	0	51	1	68	2	16	3	36	4	94	5	91	6	63	7	12	8	20	9	67	10	89	11	85	12	38	13	26	14	23	15	27	16	48	17	95	18	50	19	72	20	61	21	83	22	63	23	102	24	87	25	96	26	94	27	76	28	51	29	57	
	0	62	1	83	2	16	3	35	4	92	5	89	6	58	7	12	8	27	9	69	10	86	11	80	12	30	13	27	14	26	15	30	16	42	17	98	18	60	19	63	20	62	21	90	22	65	23	111	24	88	25	104	26	99	27	64	28	47	29	68	
	0	51	1	84	2	19	3	33	4	91	5	77	6	71	7	13	8	16	9	71	10	93	11	74	12	47	13	12	14	18	15	36	16	42	17	96	18	42	19	74	20	62	21	93	22	70	23	118	24	83	25	104	26	95	27	67	28	54	29	65	
	0	45	1	87	2	12	3	38	4	91	5	92	6	73	7	7	8	27	9	72	10	85	11	83	12	46	13	26	14	16	15	24	16	38	17	90	18	61	19	66	20	63	21	85	22	65	23	113	24	74	25	104	26	99	27	72	28	44	29	72	
	0	64	1	72	2	4	3	39	4	89	5	92	6	64	7	15	8	15	9	78	10	81	11	84	12	41	13	11	14	26	15	29	16	48	17	84	18	51	19	69	20	62	21	83	22	75	23	110	24	90	25	96	26	89	27	76	28	53	29	59	
	0	47	1	71	2	21	3	37	4	92	5	90	6	55	7	11	8	24	9	79	10	90	11	72	12	44	13	27	14	24	15	39	16	47	17	88	18	43	19	78	20	57	21	82	22	71	23	113	24	82	25	108	26	104	27	73	28	44	29	54	
	0	49	1	68	2	20	3	43	4	88	5	85	6	72	7	16	8	18	9	76	10	81	11	85	12	43	13	19	14	29	15	27	16	39	17	99	18	46	19	78	20	47	21	99	22	67	23	101	24	84	25	98	26	91	27	62	28	42	29	61	
	0	53	1	79	2	16	3	47	4	95	5	84	6	59	7	22	8	28	9	63	10	80	11	71	12	42	13	12	14	25	15	27	16	44	17	92	18	60	19	81	20	55	21	85	22	71	23	110	24	82	25	108	26	101	27	66	28	37	29	70	
	0	48	1	80	2	2	3	36	4	104	5	92	6	56	7	19	8	14	9	79	10	88	11	70	12	39	13	14	14	17	15	38	16	51	17	96	18	60	19	75	20	52	21	81	22	59	23	102	24	90	25	111	26	90	27	68	28	38	29	54	
	0	54	1	76	2	13	3	47	4	96	5	81	6	59	7	5	8	15	9	75	10	79	11	68	12	41	13	21	14	14	15	41	16	48	17	102	18	47	19	71	20	55	21	99	22	60	23	102	24	84	25	99	26	89	27	75	28	53	29	60	
	0	50	1	76	2	16	3	37	4	89	5	83	6	60	7	19	8	22	9	74	10	79	11	70	12	35	13	25	14	17	15	36	16	55	17	103	18	57	19	80	20	60	21	89	22	75	23	103	24	72	25	96	26	97	27	79	28	48	29	69	
	0	55	1	86	2	5	3	40	4	104	5	87	6	62	7	20	8	16	9	74	10	96	11	73	12	43	13	10	14	18	15	40	16	56	17	93	18	59	19	80	20	54	21	81	22	72	23	107	24	73	25	112	26	94	27	63	28	55	29	70	
	0	58	1	75	2	2	3	47	4	88	5	89	6	65	7	23	8	26	9	78	10	88	11	85	12	41	13	13	14	17	15	42	16	46	17	96	18	50	19	80	20	46	21	96	22	58	23	100	24	75	25	97	26	100	27	81	28	46	29	72	
	0	64	1	73	2	13	3	37	4	106	5	87	6	70	7	15	8	9	9	65	10	92	11	80	12	38	13	27	14	26	15	35	16	38	17	100	18	49	19	64	20	51	21	83	22	61	23	99	24	74	25	101	26	88	27	69	28	51	29	71	
	0	45	1	83	2	11	3	46	4	103	5	75	6	58	7	15	8	20	9	71	10	82	11	68	12	28	13	22	14	19	15	42	16	41	17	91	18	46	19	78	20	50	21	94	22	69	23	115	24	90	25	103	26	100	27	79	28	47	29	64	
	0	47	1	83	2	13	3	47	4	101	5	79	6	69	7	14	8	22	9	78	10	93	11	83	12	38	13	15	14	21	15	42	16	55	17	85	18	48	19	65	20	65	21	90	22	73	23	109	24	77	25	112	26	92	27	68	28	55	29	71	
	0	59	1	70	2	18	3	29	4	91	5	89	6	62	7	10	8	22	9	76	10	80	11	76	12	39	13	25	14	15	15	28	16	46	17	92	18	52	19	68	20	64	21	95	22	67	23	104	24	78	25	112	26	89	27	78	28	41	29	63	
	0	59	1	85	2	17	3	29	4	91	5	92	6	63	7	12	8	27	9	76	10	83	11	69	12	35	13	21	14	33	15	36	16	47	17	96	18	49	19	71	20	55	21	99	22	73	23	104	24	73	25	111	26	104	27	78	28	50	29	73	
	0	53	1	74	2	5	3	35	4	94	5	76	6	69	7	20	8	22	9	75	10	94	11	79	12	40	13	27	14	29	15	24	16	57	17	88	18	46	19	79	20	63	21	87	22	73	23	108	24	74	25	109	26	105	27	77	28	53	29	67	
	0	58	1	68	2	18	3	32	4	101	5	80	6	67	7	21	8	10	9	65	10	88	11	74	12	42	13	26	14	24	15	33	16	42	17	89	18	61	19	68	20	63	21	98	22	56	23	100	24	72	25	112	26	106	27	64	28	49	29	56	
	0	51	1	81	2	11	3	35	4	106	5	81	6	55	7	13	8	14	9	81	10	79	11	82	12	38	13	25	14	16	15	43	16	41	17	97	18	54	19	79	20	51	21	94	22	69	23	109	24	85	25	100	26	91	27	67	28	49	29	59	
	0	63	1	73	2	15	3	44	4	101	5	86	6	56	7	9	8	27	9	74	10	80	11	73	12	46	13	28	14	31	15	39	16	51	17	91	18	49	19	66	20	48	21	93	22	73	23	101	24	88	25	105	26	98	27	78	28	41	29	58	
	0	64	1	72	2	8	3	36	4	106	5	90	6	61	7	11	8	9	9	80	10	97	11	80	12	44	13	16	14	22	15	26	16	40	17	93	18	42	19	77	20	50	21	83	22	68	23	105	24	77	25	110	26	98	27	71	28	56	29	57	
	0	60	1	68	2	11	3	30	4	97	5	79	6	70	7	6	8	15	9	76	10	87	11	83	12	39	13	17	14	28	15	39	16	42	17	86	18	54	19	77	20	56	21	84	22	71	23	110	24	75	25	112	26	99	27	67	28	45	29	61	
	0	53	1	80	2	2	3	30	4	93	5	78	6	60	7	16	8	11	9	77	10	81	11	72	12	30	13	18	14	16	15	30	16	43	17	91	18	42	19	68	20	65	21	100	22	75	23	106	24	77	25	101	26	89	27	79	28	51	29	69	
	0	54	1	85	2	11	3	45	4	103	5	81	6	59	7	17	8	21	9	66	10	98	11	83	12	38	13	20	14	29	15	37	16	44	17	90	18	56	19	64	20	47	21	88	22	58	23	106	24	78	25	106	26	90	27	72	28	48	29	56	
	0	60	1	70	2	5	3	48	4	90	5	90	6	69	7	10	8	21	9	78	10	96	11	78	12	45	13	16	14	30	15	41	16	50	17	97	18	50	19	74	20	47	21	85	22	59	23	99	24	88	25	105	26	100	27	63	28	47	29	61	
	0	54	1	80	2	13	3	42	4	96	5	82	6	74	7	23	8	12	9	69	10	90	11	84	12	45	13	17	14	26	15	36	16	48	17	94	18	49	19	65	20	62	21	90	22	61	23	115	24	78	25	105	26	107	27	66	28	56	29	62	
	0	62	1	69	2	5	3	39	4	104	5	86	6	64	7	11	8	11	9	76	10	80	11	66	12	32	13	11	14	19	15	40	16	46	17	102	18	56	19	64	20	48	21	99	22	75	23	115	24	74	25	112	26	95	27	74	28	41	29	65	
	0	54	1	79	2	10	3	29	4	98	5	87	6	68	7	19	8	13	9	80	10	83	11	67	12	29	13	13	14	29	15	40	16	54	17	103	18	48	19	62	20	62	21	92	22	67	23	104	24	90	25	101	26	92	27	76	28	38	29	67	
	0	49	1	71	2	11	3	45	4	96	5	77	6	68	7	10	8	14	9	82	10	97	11	76	12	47	13	13	14	29	15	35	16	38	17	86	18	51	19	67	20	60	21	82	22	73	23	116	24	89	25	108	26	91	27	71	28	47	29	56	
	0	51	1	84	2	16	3	35	4	101	5	86	6	55	7	10	8	15	9	72	10	81	11	73	12	43	13	15	14	17	15	25	16	40	17	92	18	42	19	64	20	58	21	98	22	65	23	115	24	90	25	98	26	101	27	66	28	50	29	69	
	0	48	1	84	2	16	3	34	4	104	5	83	6	58	7	10	8	25	9	76	10	87	11	82	12	34	13	16	14	24	15	30	16	44	17	85	18	56	19	74	20	59	21	88	22	66	23	101	24	89	25	104	26	91	27	67	28	55	29	62	
	0	64	1	81	2	21	3	47	4	89	5	94	6	72	7	11	8	19	9	79	10	95	11	76	12	46	13	26	14	18	15	30	16	39	17	85	18	53	19	81	20	51	21	98	22	61	23	99	24	75	25	104	26	91	27	74	28	41	29	71	
	0	46	1	76	2	17	3	40	4	93	5	81	6	55	7	20	8	19	9	73	10	81	11	75	12	45	13	28	14	21	15	28	16	45	17	85	18	47	19	70	20	51	21	96	22	65	23	109	24	79	25	109	26	107	27	81	28	43	29	62	
	0	54	1	79	2	16	3	43	4	91	5	84	6	69	7	21	8	15	9	71	10	80	11	67	12	35	13	19	14	18	15	37	16	53	17	99	18	61	19	66	20	55	21	98	22	73	23	112	24	71	25	93	26	105	27	80	28	43	29	64	
	0	56	1	83	2	4	3	33	4	102	5	90	6	67	7	9	8	20	9	64	10	95	11	84	12	40	13	23	14	31	15	30	16	42	17	102	18	42	19	75	20	50	21	87	22	59	23	105	24	79	25	112	26	94	27	75	28	56	29	60	
	0	62	1	84	2	4	3	48	4	89	5	75	6	66	7	21	8	11	9	69	10	80	11	68	12	43	13	17	14	25	15	42	16	52	17	99	18	47	19	81	20	63	21	92	22	72	23	111	24	73	25	109	26	102	27	63	28	42	29	73	
	0	45	1	70	2	20	3	33	4	92	5	77	6	58	7	20	8	21	9	68	10	83	11	67	12	36	13	10	14	19	15	39	16	49	17	84	18	61	19	80	20	55	21	90	22	56	23	103	24	73	25	98	26	104	27	73	28	51	29	57	
	0	49	1	83	2	19	3	29	4	100	5	78	6	56	7	17	8	19	9	72	10	90	11	75	12	35	13	19	14	20	15	41	16	47	17	93	18	58	19	71	20	60	21	92	22	66	23	116	24	74	25	102	26	91	27	62	28	44	29	70	
	0	58	1	79	2	16	3	35	4	88	5	91	6	71	7	18	8	18	9	82	10	83	11	78	12	39	13	26	14	17	15	32	16	43	17	97	18	49	19	79	20	58	21	92	22	65	23	118	24	72	25	107	26	93	27	63	28	41	29	73	
	0	56	1	78	2	7	3	43	4	91	5	79	6	56	7	18	8	17	9	65	10	80	11	85	12	36	13	11	14	27	15	25	16	47	17	91	18	58	19	80	20	62	21	86	22	72	23	115	24	84	25	101	26	90	27	69	28	54	29	57	
	0	60	1	81	2	8	3	36	4	90	5	76	6	66	7	6	8	25	9	70	10	91	11	67	12	31	13	16	14	24	15	26	16	54	17	102	18	55	19	69	20	63	21	85	22	56	23	100	24	90	25	105	26	92	27	81	28	54	29	67	
	0	53	1	75	2	8	3	44	4	104	5	85	6	61	7	12	8	24	9	71	10	95	11	84	12	34	13	23	14	30	15	41	16	41	17	90	18	59	19	78	20	51	21	90	22	59	23	107	24	74	25	98	26	88	27	79	28	41	29	59	
	0	57	1	75	2	8	3	42	4	93	5	77	6	55	7	15	8	25	9	73	10	91	11	80	12	29	13	20	14	24	15	24	16	47	17	92	18	58	19	80	20	60	21	83	22	59	23	102	24	88	25	99	26	89	27	80	28	52	29	68	
	0	48	1	80	2	3	3	43	4	92	5	82	6	65	7	19	8	10	9	69	10	96	11	69	12	42	13	9	14	29	15	30	16	53	17	92	18	61	19	77	20	59	21	96	22	59	23	115	24	84	25	106	26	96	27	69	28	47	29	73	
	0	57	1	74	2	20	3	36	4	92	5	86	6	58	7	22	8	19	9	74	10	94	11	81	12	44	13	17	14	29	15	30	16	38	17	85	18	44	19	73	20	58	21	97	22	75	23	110	24	82	25	95	26	106	27	64	28	55	29	66	
	0	47	1	71	2	15	3	37	4	106	5	77	6	69	7	22	8	10	9	64	10	81	11	78	12	29	13	19	14	24	15	36	16	38	17	88	18	60	19	73	20	58	21	95	22	64	23	109	24	82	25	98	26	102	27	73	28	45	29	63	
	0	50	1	84	2	7	3	42	4	90	5	88	6	64	7	23	8	12	9	70	10	91	11	73	12	44	13	26	14	30	15	39	16	54	17	96	18	59	19	75	20	48	21	96	22	69	23	116	24	77	25	98	26	102	27	74	28	43	29	56	
	0	62	1	74	2	10	3	29	4	96	5	81	6	70	7	22	8	13	9	79	10	86	11	68	12	35	13	22	14	26	15	30	16	45	17	90	18	60	19	74	20	51	21	88	22	75	23	113	24	82	25	101	26	95	27	63	28	44	29	67	
	0	54	1	73	2	14	3	29	4	100	5	87	6	64	7	23	8	14	9	63	10	91	11	75	12	29	13	15	14	25	15	33	16	40	17	90	18	55	19	67	20	54	21	94	22	68	23	102	24	89	25	99	26	103	27	62	28	42	29	69	
	0	55	1	74	2	4	3	42	4	103	5	77	6	56	7	17	8	16	9	73	10	86	11	78	12	36	13	19	14	27	15	43	16	51	17	89	18	52	19	66	20	57	21	85	22	66	23	118	24	87	25	103	26	96	27	64	28	54	29	64	
	0	55	1	74	2	5	3	36	4	90	5	87	6	57	7	21	8	15	9	69	10	85	11	81	12	43	13	22	14	32	15	27	16	41	17	102	18	56	19	77	20	56	21	91	22	61	23	111	24	87	25	95	26	89	27	70	28	55	29	70	
	0	52	1	69	2	14	3	33	4	102	5	83	6	72	7	8	8	13	9	81	10	91	11	66	12	41	13	16	14	25	15	34	16	54	17	90	18	55	19	77	20	48	21	100	22	68	23	107	24	84	25	107	26	90	27	81	28	38	29	64	
	0	51	1	81	2	9	3	29	4	95	5	85	6	71	7	20	8	14	9	79	10	87	11	81	12	43	13	26	14	31	15	25	16	47	17	84	18	55	19	71	20	64	21	98	22	58	23	111	24	77	25	94	26	100	27	68	28	45	29	73	
	0	48	1	80	2	2	3	45	4	102	5	81	6	64	7	12	8	26	9	76	10	97	11	83	12	37	13	18	14	18	15	27	16	38	17	100	18	44	19	69	20	54	21	86	22	60	23	111	24	76	25	102	26	95	27	72	28	38	29	60	
	0	53	1	75	2	9	3	44	4	92	5	90	6	63	7	10	8	15	9	73	10	88	11	70	12	39	13	16	14	22	15	27	16	55	17	89	18	46	19	74	20	47	21	86	22	65	23	106	24	89	25	110	26	106	27	65	28	48	29	71	
	0	59	1	78	2	5	3	34	4	88	5	79	6	57	7	22	8	14	9	74	10	88	11	76	12	30	13	25	14	19	15	43	16	43	17	91	18	44	19	74	20	48	21	89	22	75	23	108	24	75	25	106	26	96	27	78	28	44	29	61	
	0	46	1	68	2	10	3	31	4	92	5	85	6	63	7	9	8	21	9	76	10	86	11	69	12	40	13	13	14	22	15	38	16	53	17	91	18	45	19	77	20	60	21	96	22	72	23	112	24	77	25	104	26	90	27	63	28	49	29	73	
	0	56	1	76	2	17	3	47	4	100	5	90	6	56	7	18	8	12	9	68	10	94	11	79	12	44	13	26	14	26	15	39	16	46	17	86	18	43	19	69	20	63	21	98	22	64	23	111	24	84	25	108	26	96	27	67	28	39	29	68	
	0	63	1	74	2	14	3	43	4	105	5	81	6	69	7	13	8	18	9	64	10	88	11	67	12	40	13	22	14	16	15	35	16	41	17	103	18	43	19	78	20	60	21	85	22	73	23	99	24	76	25	107	26	97	27	71	28	51	29	70	
	0	58	1	73	2	3	3	46	4	90	5	78	6	70	7	10	8	18	9	72	10	94	11	69	12	40	13	26	14	15	15	40	16	47	17	99	18	44	19	80	20	65	21	99	22	56	23	99	24	74	25	104	26	101	27	67	28	42	29	64	
	0	53	1	71	2	14	3	30	4	91	5	81	6	69	7	17	8	11	9	70	10	82	11	81	12	44	13	21	14	18	15	29	16	56	17	85	18	48	19	65	20	54	21	98	22	60	23	112	24	76	25	110	26	98	27	72	28	56	29	68	
	0	62	1	85	2	11	3	38	4	96	5	83	6	68	7	9	8	22	9	77	10	88	11	76	12	38	13	13	14	16	15	25	16	47	17	85	18	50	19	67	20	55	21	99	22	61	23	100	24	83	25	96	26	94	27	73	28	52	29	72	
	0	58	1	80	2	12	3	32	4	94	5	79	6	64	7	8	8	21	9	80	10	95	11	83	12	40	13	10	14	25	15	26	16	56	17	99	18	47	19	62	20	58	21	90	22	70	23	111	24	79	25	105	26	98	27	81	28	55	29	57	
	0	59	1	68	2	12	3	29	4	105	5	88	6	61	7	14	8	24	9	72	10	92	11	82	12	38	13	26	14	33	15	40	16	56	17	100	18	56	19	63	20	52	21	89	22	62	23	106	24	71	25	93	26	106	27	77	28	56	29	61	
	0	55	1	87	2	9	3	29	4	92	5	85	6	68	7	21	8	9	9	66	10	97	11	83	12	29	13	28	14	14	15	28	16	42	17	92	18	61	19	71	20	64	21	84	22	64	23	109	24	77	25	112	26	101	27	67	28	48	29	54	
	0	49	1	84	2	17	3	47	4	87	5	91	6	64	7	21	8	27	9	69	10	90	11	75	12	44	13	13	14	26	15	28	16	45	17	95	18	57	19	79	20	56	21	96	22	57	23	115	24	74	25	94	26	100	27	69	28	56	29	61	
	0	53	1	79	2	6	3	37	4	99	5	93	6	57	7	21	8	17	9	68	10	90	11	76	12	29	13	14	14	25	15	26	16	49	17	87	18	56	19	70	20	49	21	87	22	56	23	117	24	73	25	111	26	94	27	71	28	51	29	73	
	0	45	1	75	2	13	3	33	4	95	5	90	6	63	7	15	8	13	9	82	10	97	11	71	12	40	13	25	14	25	15	27	16	52	17	86	18	43	19	65	20	57	21	85	22	66	23	109	24	89	25	110	26	88	27	78	28	53	29	72	
	0	60	1	83	2	12	3	44	4	91	5	92	6	66	7	16	8	12	9	71	10	82	11	70	12	35	13	15	14	29	15	42	16	53	17	84	18	45	19	73	20	56	21	90	22	73	23	105	24	85	25	111	26	93	27	73	28	45	29	62	
	0	47	1	76	2	10	3	38	4	90	5	92	6	65	7	15	8	15	9	68	10	93	11	79	12	38	13	10	14	17	15	43	16	41	17	96	18	61	19	74	20	52	21	100	22	59	23	106	24	77	25	112	26	98	27	73	28	52	29	73	
	0	46	1	71	2	2	3	35	4	101	5	89	6	59	7	22	8	9	9	71	10	93	11	80	12	46	13	11	14	22	15	29	16	39	17	96	18	58	19	65	20	52	21	97	22	57	23	103	24	76	25	97	26	89	27	77	28	45	29	67	
	0	46	1	74	2	5	3	38	4	106	5	78	6	67	7	19	8	27	9	74	10	87	11	78	12	31	13	12	14	15	15	43	16	46	17	97	18	60	19	69	20	46	21	93	22	60	23	111	24	83	25	112	26	90	27	80	28	53	29	62	
	0	47	1	78	2	13	3	42	4	94	5	78	6	64	7	9	8	24	9	79	10	81	11	81	12	46	13	21	14	26	15	36	16	38	17	86	18	44	19	67	20	46	21	96	22	70	23	110	24	75	25	101	26	99	27	73	28	54	29	63	
	0	55	1	70	2	6	3	48	4	93	5	76	6	72	7	6	8	21	9	68	10	94	11	76	12	34	13	9	14	19	15	39	16	48	17	86	18	52	19	65	20	57	21	87	22	60	23	103	24	83	25	112	26	100	27	71	28	45	29	71	
	0	60	1	69	2	9	3	36	4	87	5	76	6	57	7	11	8	12	9	72	10	97	11	72	12	44	13	11	14	20	15	34	16	49	17	88	18	49	19	73	20	50	21	87	22	58	23	118	24	75	25	97	26	102	27	77	28	39	29	59	
	0	50	1	86	2	9	3	36	4	100	5	78	6	59	7	5	8	17	9	68	10	92	11	81	12	45	13	26	14	32	15	35	16	47	17	97	18	54	19	71	20	62	21	93	22	70	23	106	24	79	25	93	26	105	27	72	28	52	29	67	
	0	46	1	68	2	17	3	48	4	92	5	84	6	74	7	23	8	15	9	69	10	84	11	78	12	37	13	28	14	30	15	41	16	53	17	91	18	44	19	79	20	47	21	85	22	74	23	104	24	89	25	112	26	95	27	65	28	49	29	57	
	0	49	1	81	2	21	3	31	4	105	5	83	6	70	7	17	8	13	9	82	10	87	11	74	12	47	13	25	14	17	15	42	16	53	17	87	18	48	19	79	20	51	21	86	22	66	23	107	24	72	25	97	26	104	27	78	28	56	29	70	
	0	48	1	78	2	3	3	30	4	91	5	81	6	67	7	11	8	15	9	69	10	84	11	68	12	43	13	10	14	18	15	42	16	39	17	90	18	47	19	73	20	65	21	84	22	71	23	112	24	75	25	108	26	97	27	75	28	54	29	62	
	0	64	1	78	2	17	3	46	4	93	5	92	6	71	7	19	8	25	9	75	10	95	11	79	12	40	13	26	14	30	15	24	16	51	17	94	18	42	19	75	20	46	21	93	22	73	23	107	24	83	25	97	26	98	27	64	28	54	29	69	
	0	57	1	81	2	12	3	47	4	94	5	76	6	58	7	7	8	13	9	78	10	83	11	81	12	45	13	25	14	21	15	32	16	39	17	102	18	47	19	77	20	49	21	97	22	64	23	117	24	84	25	96	26	106	27	71	28	54	29	71	
	0	57	1	87	2	2	3	41	4	102	5	79	6	73	7	13	8	27	9	72	10	93	11	76	12	32	13	18	14	31	15	28	16	54	17	98	18	45	19	78	20	54	21	84	22	65	23	118	24	82	25	95	26	104	27	68	28	51	29	56	
	0	63	1	82	2	2	3	41	4	102	5	89	6	61	7	18	8	13	9	74	10	91	11	67	12	37	13	28	14	21	15	37	16	39	17	92	18	59	19	65	20	49	21	86	22	72	23	113	24	83	25	108	26	105	27	77	28	48	29	60	
	0	60	1	84	2	17	3	47	4	87	5	91	6	68	7	22	8	22	9	73	10	91	11	77	12	45	13	16	14	28	15	33	16	43	17	87	18	54	19	74	20	52	21	88	22	61	23	117	24	72	25	105	26	104	27	68	28	52	29	60	
	0	52	1	78	2	9	3	34	4	92	5	84	6	70	7	9	8	17	9	66	10	88	11	75	12	32	13	24	14	17	15	24	16	44	17	90	18	44	19	67	20	56	21	91	22	71	23	117	24	81	25	108	26	99	27	74	28	45	29	72	
	0	60	1	75	2	6	3	42	4	103	5	91	6	66	7	14	8	28	9	64	10	98	11	81	12	35	13	25	14	27	15	40	16	55	17	87	18	51	19	64	20	62	21	85	22	66	23	103	24	79	25	98	26	101	27	78	28	42	29	68	
	0	46	1	76	2	7	3	48	4	105	5	76	6	72	7	14	8	10	9	71	10	96	11	85	12	32	13	18	14	27	15	28	16	45	17	102	18	56	19	74	20	46	21	96	22	67	23	103	24	78	25	95	26	89	27	78	28	43	29	71	
	0	54	1	87	2	17	3	32	4	98	5	84	6	62	7	22	8	22	9	74	10	80	11	70	12	45	13	22	14	33	15	29	16	53	17	91	18	45	19	75	20	49	21	99	22	69	23	111	24	73	25	97	26	91	27	80	28	39	29	55	
	0	59	1	77	2	4	3	48	4	99	5	82	6	66	7	21	8	9	9	77	10	84	11	82	12	32	13	10	14	28	15	34	16	44	17	100	18	49	19	79	20	59	21	92	22	60	23	116	24	79	25	105	26	102	27	64	28	47	29	71	
	0	51	1	83	2	18	3	47	4	106	5	76	6	67	7	21	8	23	9	79	10	88	11	77	12	34	13	18	14	20	15	24	16	39	17	87	18	60	19	62	20	64	21	83	22	59	23	105	24	83	25	111	26	96	27	70	28	50	29	72	
	0	45	1	71	2	14	3	32	4	102	5	76	6	69	7	8	8	27	9	74	10	88	11	74	12	40	13	22	14	28	15	42	16	48	17	95	18	52	19	67	20	61	21	95	22	63	23	116	24	74	25	94	26	102	27	65	28	49	29	70	
	0	51	1	84	2	18	3	40	4	106	5	76	6	58	7	13	8	9	9	71	10	91	11	73	12	44	13	15	14	32	15	37	16	44	17	94	18	51	19	80	20	53	21	83	22	61	23	109	24	89	25	107	26	89	27	63	28	49	29	64	
	0	52	1	79	2	7	3	42	4	102	5	82	6	68	7	21	8	11	9	80	10	90	11	66	12	30	13	20	14	30	15	27	16	42	17	99	18	42	19	77	20	55	21	90	22	59	23	118	24	89	25	112	26	103	27	75	28	56	29	71	
	0	52	1	85	2	14	3	48	4	99	5	91	6	68	7	20	8	13	9	76	10	83	11	82	12	45	13	11	14	20	15	38	16	47	17	103	18	58	19	66	20	50	21	81	22	58	23	115	24	83	25	109	26	94	27	81	28	41	29	57	
	0	54	1	82	2	4	3	46	4	104	5	90	6	65	7	23	8	20	9	80	10	91	11	85	12	47	13	16	14	17	15	40	16	48	17	98	18	48	19	64	20	56	21	85	22	58	23	99	24	86	25	105	26	96	27	74	28	39	29	54	
	0	49	1	70	2	7	3	32	4	100	5	93	6	67	7	21	8	19	9	80	10	98	11	72	12	38	13	15	14	30	15	35	16	46	17	98	18	47	19	80	20	54	21	98	22	58	23	111	24	80	25	106	26	107	27	81	28	53	29	61	
	0	55	1	73	2	5	3	36	4	102	5	76	6	64	7	21	8	12	9	71	10	90	11	79	12	39	13	25	14	26	15	32	16	39	17	91	18	52	19	72	20	48	21	98	22	68	23	106	24	81	25	97	26	94	27	63	28	42	29	56	
	0	47	1	73	2	12	3	46	4	105	5	89	6	65	7	14	8	10	9	76	10	94	11	68	12	33	13	11	14	26	15	29	16	45	17	98	18	56	19	81	20	62	21	96	22	61	23	109	24	78	25	103	26	91	27	65	28	47	29	65	
	0	45	1	68	2	4	3	44	4	94	5	86	6	63	7	4	8	18	9	74	10	87	11	67	12	40	13	15	14	15	15	38	16	48	17	100	18	45	19	65	20	62	21	82	22	58	23	102	24	77	25	111	26	99	27	69	28	38	29	60	
	0	46	1	72	2	7	3	48	4	87	5	84	6	71	7	22	8	11	9	66	10	92	11	70	12	35	13	22	14	32	15	37	16	42	17	85	18	51	19	69	20	53	21	81	22	64	23	117	24	72	25	105	26	95	27	70	28	56	29	54	
	0	63	1	69	2	4	3	35	4	99	5	80	6	64	7	6	8	20	9	64	10	94	11	70	12	37	13	12	14	33	15	35	16	42	17	100	18	52	19	64	20	60	21	85	22	74	23	110	24	83	25	108	26	104	27	72	28	37	29	56	
	0	61	1	86	2	13	3	47	4	98	5	77	6	67	7	15	8	9	9	73	10	89	11	80	12	37	13	15	14	31	15	32	16	38	17	95	18	56	19	75	20	47	21	98	22	63	23	116	24	84	25	111	26	95	27	70	28	45	29	67	
	0	49	1	85	2	10	3	40	4	104	5	80	6	66	7	8	8	12	9	76	10	84	11	79	12	43	13	26	14	16	15	40	16	48	17	92	18	53	19	67	20	61	21	100	22	70	23	102	24	86	25	102	26	92	27	68	28	40	29	61	
	0	58	1	73	2	12	3	44	4	93	5	85	6	59	7	6	8	13	9	63	10	87	11	66	12	43	13	15	14	16	15	35	16	39	17	84	18	60	19	67	20	56	21	95	22	58	23	115	24	71	25	109	26	90	27	70	28	50	29	67	
	0	54	1	79	2	3	3	39	4	100	5	80	6	57	7	7	8	12	9	77	10	84	11	74	12	41	13	19	14	21	15	26	16	44	17	89	18	44	19	70	20	46	21	93	22	57	23	110	24	88	25	104	26	96	27	63	28	50	29	67	
	0	45	1	78	2	19	3	45	4	97	5	90	6	61	7	8	8	14	9	71	10	88	11	72	12	39	13	16	14	19	15	39	16	52	17	94	18	54	19	79	20	62	21	81	22	73	23	104	24	81	25	112	26	90	27	74	28	52	29	71	
	0	50	1	82	2	14	3	42	4	95	5	89	6	70	7	7	8	24	9	69	10	81	11	68	12	42	13	21	14	25	15	37	16	41	17	100	18	56	19	75	20	56	21	91	22	71	23	100	24	89	25	101	26	103	27	69	28	39	29	62	
	0	50	1	79	2	17	3	40	4	93	5	88	6	57	7	5	8	12	9	79	10	83	11	74	12	35	13	21	14	27	15	32	16	49	17	99	18	44	19	67	20	53	21	90	22	62	23	114	24	74	25	105	26	97	27	65	28	42	29	57	
	0	59	1	68	2	11	3	42	4	104	5	89	6	72	7	22	8	13	9	74	10	96	11	85	12	34	13	28	14	33	15	32	16	51	17	89	18	56	19	69	20	46	21	89	22	58	23	115	24	88	25	95	26	89	27	63	28	49	29	66	
	0	53	1	70	2	17	3	37	4	90	5	93	6	70	7	7	8	14	9	71	10	88	11	83	12	45	13	24	14	17	15	25	16	56	17	98	18	59	19	64	20	61	21	100	22	72	23	118	24	87	25	101	26	90	27	67	28	37	29	57	
	0	55	1	73	2	8	3	31	4	95	5	83	6	58	7	6	8	10	9	67	10	92	11	70	12	38	13	28	14	23	15	24	16	50	17	95	18	42	19	64	20	61	21	99	22	75	23	101	24	80	25	106	26	92	27	68	28	54	29	63	
	0	55	1	69	2	13	3	42	4	95	5	92	6	62	7	5	8	25	9	71	10	90	11	68	12	31	13	25	14	29	15	37	16	38	17	84	18	52	19	78	20	60	21	98	22	67	23	101	24	74	25	100	26	90	27	64	28	40	29	73	
	0	52	1	86	2	3	3	45	4	99	5	86	6	59	7	8	8	13	9	71	10	85	11	80	12	35	13	26	14	26	15	41	16	56	17	98	18	43	19	74	20	51	21	87	22	71	23	104	24	78	25	106	26	101	27	74	28	51	29	58	
	0	52	1	83	2	7	3	45	4	97	5	86	6	62	7	12	8	23	9	72	10	85	11	75	12	31	13	23	14	16	15	43	16	56	17	96	18	44	19	62	20	58	21	85	22	67	23	116	24	76	25	109	26	104	27	76	28	49	29	68	
	0	64	1	70	2	10	3	34	4	100	5	78	6	73	7	4	8	28	9	66	10	92	11	77	12	42	13	10	14	16	15	37	16	44	17	100	18	54	19	68	20	52	21	83	22	59	23	110	24	87	25	111	26	99	27	67	28	53	29	56	
	0	58	1	87	2	17	3	33	4	106	5	94	6	72	7	11	8	23	9	77	10	79	11	76	12	37	13	23	14	16	15	24	16	48	17	86	18	56	19	70	20	50	21	100	22	69	23	117	24	87	25	94	26	93	27	66	28	45	29	65	
	0	54	1	82	2	2	3	37	4	101	5	75	6	69	7	9	8	18	9	78	10	96	11	67	12	45	13	28	14	29	15	36	16	38	17	92	18	57	19	67	20	58	21	90	22	66	23	105	24	75	25	101	26	103	27	63	28	48	29	65	
	0	46	1	82	2	17	3	48	4	99	5	80	6	70	7	21	8	15	9	76	10	82	11	73	12	42	13	16	14	20	15	29	16	48	17	87	18	54	19	72	20	55	21	95	22	65	23	109	24	87	25	100	26	95	27	80	28	48	29	72	
	0	60	1	74	2	5	3	35	4	90	5	84	6	62	7	7	8	10	9	64	10	88	11	79	12	38	13	18	14	27	15	30	16	50	17	102	18	50	19	74	20	50	21	94	22	64	23	114	24	74	25	112	26	94	27	64	28	45	29	64	
	0	46	1	69	2	4	3	43	4	94	5	92	6	69	7	13	8	28	9	80	10	97	11	82	12	35	13	23	14	30	15	28	16	49	17	101	18	58	19	75	20	58	21	86	22	64	23	99	24	90	25	108	26	88	27	66	28	48	29	56	
	0	49	1	83	2	21	3	43	4	105	5	94	6	61	7	7	8	11	9	74	10	90	11	73	12	46	13	22	14	20	15	28	16	39	17	97	18	45	19	68	20	48	21	88	22	58	23	105	24	86	25	103	26	99	27	72	28	40	29	54	
	0	51	1	77	2	8	3	41	4	102	5	84	6	72	7	17	8	20	9	67	10	88	11	78	12	31	13	14	14	24	15	34	16	55	17	103	18	59	19	66	20	57	21	88	22	60	23	101	24	86	25	112	26	88	27	66	28	46	29	69	
	0	48	1	84	2	2	3	35	4	91	5	76	6	58	7	6	8	23	9	65	10	97	11	84	12	44	13	15	14	24	15	31	16	49	17	85	18	42	19	79	20	52	21	83	22	56	23	112	24	72	25	96	26	90	27	63	28	37	29	66	
	0	55	1	80	2	21	3	32	4	103	5	78	6	59	7	11	8	16	9	68	10	86	11	68	12	41	13	9	14	31	15	30	16	40	17	100	18	49	19	68	20	61	21	85	22	74	23	100	24	78	25	95	26	89	27	74	28	47	29	67	
	0	45	1	72	2	7	3	46	4	106	5	80	6	72	7	13	8	15	9	71	10	82	11	68	12	34	13	17	14	16	15	38	16	45	17	91	18	60	19	70	20	63	21	96	22	69	23	118	24	79	25	100	26	98	27	73	28	41	29	55	
	0	46	1	71	2	12	3	36	4	87	5	90	6	67	7	21	8	22	9	80	10	86	11	76	12	38	13	25	14	33	15	38	16	57	17	84	18	52	19	62	20	47	21	100	22	69	23	102	24	86	25	106	26	95	27	75	28	50	29	59	
	0	56	1	75	2	12	3	32	4	94	5	80	6	56	7	18	8	21	9	64	10	88	11	69	12	31	13	27	14	29	15	31	16	55	17	102	18	43	19	80	20	64	21	97	22	62	23	105	24	77	25	102	26	89	27	69	28	41	29	73	
	0	50	1	84	2	6	3	30	4	90	5	82	6	68	7	20	8	25	9	74	10	92	11	72	12	46	13	28	14	16	15	24	16	52	17	100	18	44	19	65	20	52	21	96	22	71	23	107	24	87	25	108	26	106	27	77	28	48	29	57	
	0	55	1	82	2	20	3	34	4	88	5	78	6	73	7	11	8	15	9	68	10	90	11	82	12	32	13	22	14	21	15	31	16	49	17	84	18	52	19	69	20	59	21	85	22	62	23	99	24	75	25	112	26	89	27	76	28	37	29	64	
	0	55	1	76	2	21	3	40	4	103	5	90	6	55	7	17	8	16	9	73	10	90	11	72	12	45	13	12	14	17	15	41	16	41	17	96	18	55	19	75	20	65	21	89	22	58	23	99	24	79	25	99	26	88	27	78	28	43	29	70	
	0	48	1	74	2	10	3	45	4	105	5	76	6	55	7	6	8	21	9	78	10	82	11	78	12	28	13	19	14	33	15	42	16	47	17	99	18	48	19	76	20	51	21	89	22	66	23	111	24	82	25	111	26	90	27	81	28	56	29	67	
	0	51	1	75	2	4	3	30	4	91	5	84	6	62	7	10	8	20	9	69	10	95	11	84	12	37	13	12	14	23	15	38	16	39	17	92	18	59	19	74	20	61	21	87	22	59	23	100	24	87	25	101	26	99	27	63	28	52	29	59	
	0	54	1	72	2	19	3	39	4	97	5	90	6	61	7	9	8	20	9	63	10	79	11	81	12	35	13	15	14	17	15	30	16	56	17	90	18	44	19	62	20	57	21	97	22	56	23	114	24	76	25	102	26	105	27	66	28	41	29	71	
	0	48	1	74	2	13	3	36	4	95	5	78	6	62	7	13	8	21	9	69	10	87	11	69	12	41	13	12	14	31	15	24	16	42	17	85	18	44	19	70	20	54	21	94	22	66	23	106	24	79	25	106	26	91	27	66	28	41	29	71	
	0	63	1	72	2	18	3	30	4	92	5	83	6	64	7	20	8	18	9	77	10	81	11	85	12	46	13	21	14	22	15	37	16	42	17	94	18	59	19	75	20	62	21	98	22	68	23	113	24	85	25	97	26	88	27	63	28	40	29	70	
	0	58	1	79	2	12	3	32	4	87	5	90	6	59	7	22	8	27	9	63	10	84	11	67	12	47	13	24	14	19	15	41	16	45	17	91	18	55	19	81	20	60	21	100	22	67	23	109	24	86	25	104	26	93	27	81	28	55	29	68	
	0	53	1	71	2	8	3	43	4	88	5	94	6	68	7	10	8	26	9	68	10	81	11	68	12	44	13	22	14	27	15	38	16	52	17	102	18	45	19	78	20	54	21	81	22	68	23	104	24	79	25	109	26	93	27	75	28	37	29	58	
	0	46	1	72	2	6	3	45	4	106	5	89	6	65	7	11	8	23	9	77	10	94	11	82	12	41	13	25	14	24	15	24	16	46	17	94	18	48	19	79	20	60	21	86	22	60	23	109	24	74	25	104	26	102	27	71	28	39	29	54	
	0	64	1	77	2	9	3	42	4	101	5	89	6	64	7	7	8	20	9	66	10	96	11	77	12	31	13	27	14	28	15	34	16	38	17	88	18	58	19	75	20	62	21	88	22	58	23	116	24	89	25	94	26	89	27	71	28	44	29	67	
	0	59	1	71	2	21	3	48	4	105	5	79	6	70	7	7	8	13	9	70	10	95	11	67	12	40	13	14	14	31	15	43	16	55	17	89	18	55	19	72	20	61	21	90	22	56	23	117	24	82	25	96	26	102	27	76	28	46	29	64	
	0	57	1	82	2	2	3	41	4	94	5	89	6	58	7	11	8	12	9	71	10	81	11	83	12	39	13	27	14	31	15	29	16	48	17	92	18	42	19	63	20	49	21	91	22	67	23	110	24	90	25	107	26	102	27	78	28	40	29	73	
	0	58	1	80	2	21	3	44	4	98	5	93	6	71	7	4	8	15	9	63	10	82	11	70	12	38	13	9	14	32	15	31	16	50	17	90	18	45	19	80	20	59	21	93	22	69	23	118	24	87	25	111	26	104	27	79	28	43	29	72	
	0	53	1	73	2	19	3	34	4	97	5	86	6	66	7	6	8	22	9	82	10	96	11	79	12	33	13	20	14	22	15	41	16	39	17	102	18	50	19	62	20	58	21	89	22	57	23	118	24	71	25	107	26	88	27	79	28	56	29	61	
	0	53	1	76	2	3	3	30	4	97	5	83	6	55	7	23	8	22	9	76	10	80	11	85	12	44	13	10	14	27	15	30	16	51	17	103	18	42	19	79	20	60	21	84	22	61	23	115	24	81	25	109	26	94	27	78	28	53	29	70	
	0	53	1	83	2	3	3	43	4	100	5	90	6	65	7	5	8	15	9	73	10	86	11	83	12	36	13	21	14	24	15	36	16	52	17	96	18	61	19	81	20	50	21	96	22	75	23	113	24	77	25	95	26	92	27	77	28	56	29	61	
	0	58	1	77	2	12	3	34	4	101	5	90	6	67	7	15	8	17	9	71	10	97	11	73	12	43	13	19	14	22	15	33	16	44	17	91	18	61	19	65	20	57	21	82	22	75	23	115	24	78	25	93	26	94	27	68	28	46	29	65	
	0	49	1	76	2	8	3	32	4	89	5	91	6	74	7	23	8	13	9	79	10	89	11	69	12	47	13	25	14	25	15	30	16	54	17	84	18	50	19	81	20	47	21	93	22	60	23	105	24	74	25	100	26	106	27	81	28	41	29	63	
	0	55	1	75	2	4	3	35	4	105	5	91	6	73	7	19	8	28	9	71	10	85	11	69	12	33	13	22	14	14	15	31	16	42	17	90	18	47	19	68	20	57	21	81	22	63	23	108	24	75	25	98	26	97	27	76	28	51	29	56	
	0	62	1	81	2	4	3	39	4	89	5	86	6	68	7	4	8	18	9	74	10	86	11	68	12	39	13	16	14	30	15	31	16	38	17	96	18	61	19	67	20	58	21	83	22	63	23	99	24	84	25	105	26	92	27	65	28	47	29	54	
	0	47	1	80	2	19	3	35	4	98	5	87	6	56	7	19	8	17	9	73	10	89	11	76	12	29	13	21	14	20	15	28	16	43	17	96	18	48	19	70	20	49	21	81	22	73	23	116	24	81	25	97	26	98	27	74	28	44	29	70	
	0	63	1	70	2	17	3	44	4	98	5	75	6	73	7	10	8	25	9	67	10	80	11	77	12	44	13	22	14	33	15	40	16	38	17	103	18	61	19	80	20	52	21	84	22	57	23	111	24	74	25	111	26	105	27	72	28	40	29	66	
	0	47	1	72	2	9	3	38	4	92	5	91	6	60	7	7	8	23	9	80	10	88	11	68	12	39	13	25	14	24	15	27	16	57	17	91	18	59	19	78	20	62	21	97	22	72	23	117	24	71	25	111	26	99	27	75	28	41	29	55	
	0	50	1	71	2	20	3	46	4	105	5	76	6	61	7	18	8	17	9	65	10	90	11	82	12	42	13	14	14	30	15	29	16	57	17	86	18	57	19	72	20	60	21	100	22	60	23	113	24	79	25	101	26	101	27	73	28	53	29	54	
	0	50	1	72	2	6	3	33	4	100	5	82	6	69	7	18	8	19	9	72	10	98	11	82	12	35	13	13	14	15	15	25	16	39	17	88	18	45	19	70	20	62	21	90	22	65	23	100	24	78	25	96	26	104	27	71	28	56	29	71	
	0	57	1	70	2	9	3	47	4	91	5	77	6	65	7	17	8	12	9	81	10	94	11	85	12	30	13	10	14	14	15	27	16	42	17	93	18	53	19	71	20	53	21	90	22	66	23	101	24	75	25	101	26	99	27	74	28	55	29	62	
	0	55	1	73	2	14	3	37	4	88	5	87	6	73	7	13	8	16	9	79	10	95	11	77	12	43	13	23	14	33	15	32	16	45	17	92	18	54	19	75	20	62	21	81	22	74	23	100	24	81	25	102	26	101	27	66	28	45	29	60	
	0	53	1	81	2	6	3	29	4	100	5	75	6	65	7	13	8	27	9	79	10	94	11	79	12	32	13	27	14	24	15	35	16	40	17	98	18	59	19	77	20	51	21	98	22	67	23	105	24	86	25	100	26	90	27	81	28	50	29	63	
	0	48	1	72	2	4	3	46	4	92	5	91	6	67	7	23	8	19	9	81	10	97	11	70	12	29	13	26	14	27	15	36	16	45	17	96	18	43	19	66	20	63	21	100	22	66	23	104	24	72	25	97	26	107	27	71	28	50	29	59	
	0	51	1	74	2	8	3	29	4	100	5	85	6	74	7	17	8	10	9	63	10	79	11	77	12	44	13	9	14	24	15	40	16	54	17	86	18	60	19	73	20	63	21	94	22	60	23	114	24	78	25	96	26	89	27	80	28	43	29	62	
	0	60	1	76	2	3	3	33	4	102	5	88	6	70	7	20	8	11	9	78	10	86	11	79	12	33	13	23	14	19	15	41	16	54	17	89	18	55	19	74	20	55	21	81	22	58	23	109	24	90	25	106	26	92	27	62	28	37	29	68	
	0	58	1	69	2	11	3	42	4	104	5	84	6	64	7	20	8	14	9	73	10	87	11	79	12	32	13	12	14	19	15	30	16	41	17	101	18	58	19	79	20	51	21	86	22	69	23	105	24	87	25	101	26	102	27	78	28	52	29	63	
	0	45	1	83	2	3	3	41	4	103	5	75	6	60	7	9	8	22	9	71	10	92	11	72	12	42	13	15	14	23	15	28	16	54	17	100	18	58	19	71	20	57	21	83	22	67	23	100	24	90	25	112	26	88	27	74	28	42	29	59	
	0	56	1	85	2	13	3	45	4	101	5	85	6	71	7	23	8	20	9	68	10	82	11	68	12	31	13	22	14	22	15	31	16	46	17	94	18	49	19	64	20	50	21	92	22	74	23	106	24	88	25	95	26	89	27	62	28	42	29	66	
	0	53	1	84	2	11	3	41	4	93	5	76	6	74	7	22	8	26	9	78	10	84	11	73	12	28	13	28	14	21	15	24	16	43	17	84	18	50	19	62	20	52	21	95	22	58	23	110	24	89	25	93	26	100	27	81	28	47	29	69	
	0	52	1	76	2	18	3	31	4	90	5	79	6	64	7	9	8	25	9	65	10	96	11	84	12	39	13	17	14	17	15	35	16	56	17	89	18	58	19	74	20	58	21	84	22	65	23	109	24	88	25	112	26	98	27	72	28	50	29	70	
	0	61	1	83	2	17	3	32	4	98	5	87	6	62	7	13	8	15	9	75	10	93	11	71	12	44	13	22	14	21	15	31	16	48	17	91	18	58	19	78	20	61	21	95	22	75	23	100	24	82	25	105	26	99	27	77	28	38	29	67	
	0	48	1	74	2	16	3	41	4	89	5	94	6	58	7	4	8	17	9	76	10	80	11	84	12	43	13	26	14	17	15	29	16	41	17	86	18	53	19	75	20	53	21	82	22	56	23	108	24	71	25	111	26	92	27	65	28	37	29	66	
	0	61	1	75	2	3	3	36	4	106	5	92	6	73	7	12	8	18	9	71	10	87	11	79	12	28	13	22	14	16	15	30	16	44	17	103	18	44	19	81	20	62	21	91	22	67	23	103	24	83	25	96	26	100	27	78	28	46	29	73	
	0	48	1	84	2	6	3	38	4	104	5	93	6	62	7	11	8	28	9	68	10	79	11	82	12	33	13	19	14	33	15	34	16	42	17	101	18	61	19	76	20	63	21	83	22	68	23	99	24	85	25	110	26	89	27	73	28	53	29	73	
	0	54	1	84	2	20	3	42	4	94	5	88	6	65	7	9	8	17	9	70	10	80	11	73	12	39	13	23	14	14	15	39	16	57	17	90	18	42	19	64	20	52	21	89	22	71	23	103	24	73	25	97	26	103	27	80	28	52	29	61	
	0	60	1	77	2	2	3	31	4	105	5	84	6	66	7	15	8	20	9	74	10	93	11	74	12	46	13	24	14	15	15	31	16	44	17	97	18	48	19	68	20	63	21	98	22	67	23	114	24	87	25	100	26	96	27	63	28	50	29	54	
	0	47	1	82	2	11	3	35	4	100	5	75	6	58	7	18	8	12	9	74	10	82	11	85	12	29	13	15	14	31	15	34	16	48	17	85	18	46	19	63	20	53	21	98	22	59	23	109	24	78	25	101	26	106	27	73	28	38	29	56	
	0	48	1	83	2	10	3	30	4	92	5	84	6	59	7	11	8	28	9	68	10	80	11	83	12	47	13	10	14	14	15	34	16	47	17	103	18	47	19	64	20	49	21	97	22	57	23	117	24	72	25	112	26	95	27	65	28	52	29	62	
	0	50	1	81	2	19	3	35	4	104	5	77	6	58	7	16	8	22	9	74	10	95	11	71	12	43	13	16	14	21	15	37	16	53	17	98	18	58	19	74	20	65	21	93	22	70	23	102	24	72	25	94	26	91	27	79	28	54	29	54	
	0	55	1	73	2	13	3	31	4	105	5	79	6	59	7	17	8	24	9	66	10	90	11	75	12	46	13	14	14	27	15	38	16	38	17	100	18	42	19	80	20	63	21	82	22	58	23	103	24	85	25	96	26	97	27	67	28	47	29	71	
	0	52	1	82	2	18	3	45	4	100	5	80	6	74	7	22	8	9	9	73	10	89	11	71	12	46	13	15	14	27	15	30	16	51	17	95	18	51	19	81	20	63	21	97	22	62	23	101	24	82	25	93	26	107	27	63	28	50	29	68	
	0	62	1	74	2	20	3	37	4	93	5	87	6	70	7	7	8	24	9	65	10	92	11	76	12	43	13	18	14	22	15	24	16	44	17	97	18	51	19	62	20	62	21	97	22	57	23	105	24	80	25	97	26	88	27	72	28	55	29	69	
	0	50	1	78	2	9	3	44	4	99	5	84	6	57	7	14	8	12	9	70	10	93	11	85	12	41	13	25	14	25	15	29	16	50	17	94	18	51	19	67	20	51	21	86	22	70	23	103	24	75	25	103	26	102	27	72	28	39	29	69	
	0	58	1	85	2	9	3	38	4	105	5	92	6	57	7	23	8	23	9	64	10	85	11	82	12	32	13	13	14	17	15	26	16	47	17	86	18	42	19	72	20	51	21	81	22	60	23	104	24	89	25	100	26	90	27	62	28	39	29	56	
	0	63	1	78	2	11	3	29	4	103	5	75	6	71	7	5	8	12	9	78	10	96	11	71	12	37	13	24	14	22	15	25	16	40	17	97	18	52	19	76	20	65	21	86	22	60	23	105	24	81	25	97	26	100	27	68	28	44	29	69	
	0	59	1	72	2	5	3	31	4	94	5	80	6	60	7	18	8	13	9	66	10	96	11	68	12	39	13	25	14	25	15	27	16	51	17	98	18	61	19	77	20	65	21	86	22	75	23	109	24	79	25	106	26	89	27	64	28	56	29	58	
	0	59	1	69	2	10	3	41	4	97	5	75	6	73	7	9	8	19	9	70	10	92	11	66	12	40	13	25	14	24	15	40	16	43	17	95	18	55	19	81	20	48	21	99	22	65	23	106	24	90	25	111	26	95	27	66	28	43	29	68	
	0	50	1	87	2	17	3	33	4	98	5	80	6	74	7	17	8	20	9	77	10	84	11	79	12	46	13	25	14	17	15	43	16	41	17	95	18	42	19	66	20	47	21	98	22	73	23	104	24	73	25	106	26	91	27	62	28	54	29	57	
	0	53	1	87	2	17	3	42	4	87	5	93	6	73	7	13	8	17	9	77	10	83	11	80	12	42	13	14	14	26	15	26	16	57	17	102	18	45	19	79	20	46	21	98	22	73	23	104	24	73	25	101	26	94	27	65	28	55	29	67	
	0	48	1	77	2	2	3	30	4	97	5	85	6	58	7	12	8	13	9	79	10	94	11	85	12	31	13	17	14	17	15	41	16	48	17	95	18	46	19	80	20	46	21	97	22	68	23	108	24	84	25	109	26	100	27	70	28	53	29	72	
	0	49	1	78	2	8	3	39	4	87	5	75	6	72	7	19	8	13	9	66	10	93	11	85	12	41	13	27	14	31	15	42	16	38	17	103	18	42	19	74	20	62	21	100	22	69	23	105	24	86	25	99	26	88	27	72	28	38	29	67	
	0	55	1	79	2	12	3	48	4	99	5	75	6	55	7	22	8	16	9	78	10	96	11	79	12	28	13	11	14	24	15	35	16	39	17	91	18	46	19	67	20	56	21	83	22	72	23	113	24	86	25	94	26	88	27	65	28	49	29	69	
	0	50	1	71	2	15	3	43	4	104	5	88	6	68	7	11	8	28	9	68	10	90	11	84	12	47	13	14	14	28	15	31	16	56	17	100	18	42	19	70	20	49	21	98	22	57	23	115	24	84	25	109	26	97	27	66	28	37	29	59	
	0	59	1	83	2	11	3	33	4	103	5	79	6	67	7	21	8	14	9	73	10	89	11	82	12	41	13	12	14	26	15	29	16	52	17	87	18	50	19	62	20	65	21	94	22	67	23	110	24	79	25	104	26	96	27	80	28	46	29	58	
	0	58	1	78	2	16	3	44	4	92	5	80	6	58	7	10	8	14	9	63	10	84	11	82	12	32	13	23	14	21	15	32	16	55	17	97	18	43	19	67	20	61	21	96	22	72	23	113	24	81	25	112	26	101	27	64	28	49	29	69	
	0	52	1	80	2	4	3	39	4	95	5	93	6	58	7	13	8	9	9	78	10	82	11	78	12	43	13	20	14	15	15	30	16	53	17	99	18	44	19	81	20	60	21	81	22	69	23	113	24	83	25	97	26	89	27	77	28	48	29	65	
	0	52	1	78	2	5	3	38	4	105	5	89	6	63	7	16	8	11	9	74	10	93	11	73	12	35	13	15	14	22	15	24	16	44	17	94	18	47	19	63	20	59	21	88	22	64	23	113	24	75	25	104	26	105	27	68	28	39	29	58	
	0	47	1	68	2	12	3	39	4	94	5	78	6	69	7	20	8	21	9	65	10	97	11	84	12	38	13	26	14	31	15	37	16	45	17	87	18	61	19	68	20	65	21	84	22	67	23	108	24	78	25	104	26	101	27	81	28	44	29	61	
	0	58	1	83	2	11	3	37	4	98	5	83	6	72	7	23	8	20	9	76	10	80	11	72	12	42	13	17	14	25	15	25	16	43	17	87	18	61	19	72	20	58	21	86	22	71	23	105	24	86	25	96	26	90	27	68	28	42	29	65	
	0	51	1	74	2	20	3	31	4	93	5	75	6	61	7	23	8	10	9	77	10	79	11	70	12	31	13	11	14	20	15	42	16	54	17	95	18	45	19	72	20	60	21	94	22	67	23	113	24	76	25	103	26	88	27	64	28	48	29	63	
	0	51	1	87	2	7	3	31	4	104	5	76	6	69	7	16	8	21	9	75	10	89	11	81	12	30	13	14	14	23	15	24	16	53	17	95	18	58	19	71	20	46	21	82	22	73	23	115	24	84	25	111	26	94	27	77	28	38	29	65	
	0	53	1	82	2	17	3	29	4	92	5	81	6	61	7	14	8	27	9	73	10	82	11	78	12	35	13	10	14	31	15	38	16	54	17	102	18	57	19	65	20	55	21	99	22	56	23	108	24	90	25	98	26	101	27	78	28	40	29	71	
	0	58	1	74	2	13	3	35	4	98	5	79	6	66	7	10	8	26	9	80	10	81	11	81	12	41	13	9	14	16	15	29	16	38	17	96	18	51	19	63	20	58	21	91	22	63	23	102	24	80	25	100	26	106	27	66	28	40	29	57	
	0	63	1	80	2	14	3	32	4	100	5	77	6	71	7	14	8	19	9	71	10	98	11	74	12	47	13	16	14	17	15	28	16	57	17	91	18	45	19	77	20	57	21	100	22	69	23	118	24	74	25	112	26	103	27	63	28	53	29	57	
	0	63	1	70	2	12	3	42	4	99	5	88	6	59	7	19	8	12	9	82	10	83	11	71	12	30	13	27	14	23	15	36	16	57	17	88	18	56	19	69	20	53	21	98	22	58	23	100	24	75	25	97	26	106	27	65	28	47	29	70	
	0	63	1	73	2	8	3	41	4	89	5	77	6	63	7	13	8	28	9	65	10	94	11	76	12	35	13	26	14	27	15	38	16	43	17	89	18	51	19	67	20	64	21	96	22	65	23	112	24	71	25	105	26	105	27	62	28	46	29	67	
	0	45	1	74	2	9	3	34	4	94	5	83	6	64	7	10	8	16	9	69	10	94	11	81	12	47	13	18	14	27	15	43	16	45	17	85	18	58	19	80	20	50	21	94	22	56	23	117	24	71	25	99	26	98	27	80	28	48	29	66	
	0	60	1	84	2	16	3	42	4	94	5	85	6	64	7	6	8	21	9	73	10	84	11	75	12	32	13	22	14	24	15	33	16	51	17	97	18	49	19	66	20	57	21	100	22	71	23	101	24	88	25	112	26	91	27	62	28	56	29	59	
	0	59	1	72	2	12	3	41	4	88	5	90	6	66	7	7	8	19	9	73	10	81	11	71	12	28	13	13	14	16	15	35	16	53	17	94	18	51	19	70	20	61	21	89	22	72	23	108	24	87	25	95	26	95	27	77	28	44	29	64	
	0	47	1	71	2	19	3	48	4	88	5	78	6	64	7	9	8	23	9	68	10	89	11	70	12	28	13	24	14	21	15	42	16	44	17	99	18	46	19	65	20	47	21	100	22	65	23	117	24	77	25	98	26	107	27	81	28	42	29	65	
	0	47	1	73	2	18	3	47	4	88	5	83	6	58	7	11	8	25	9	65	10	82	11	81	12	35	13	13	14	17	15	24	16	47	17	94	18	50	19	74	20	56	21	99	22	71	23	116	24	78	25	106	26	106	27	78	28	43	29	69	
	0	57	1	74	2	16	3	39	4	92	5	84	6	68	7	11	8	10	9	72	10	88	11	74	12	31	13	14	14	21	15	26	16	38	17	97	18	42	19	62	20	61	21	87	22	74	23	117	24	87	25	101	26	96	27	63	28	47	29	61	
	0	63	1	68	2	2	3	41	4	88	5	79	6	55	7	4	8	17	9	67	10	83	11	85	12	46	13	23	14	19	15	25	16	40	17	101	18	43	19	65	20	53	21	82	22	72	23	108	24	75	25	96	26	100	27	67	28	54	29	66	
	0	49	1	82	2	7	3	35	4	101	5	86	6	55	7	18	8	22	9	76	10	97	11	78	12	46	13	18	14	14	15	30	16	54	17	101	18	53	19	73	20	56	21	89	22	57	23	100	24	86	25	94	26	100	27	73	28	40	29	61	
	0	49	1	74	2	5	3	39	4	101	5	75	6	55	7	8	8	21	9	81	10	95	11	71	12	28	13	17	14	29	15	37	16	39	17	94	18	47	19	80	20	52	21	90	22	66	23	105	24	71	25	94	26	102	27	73	28	47	29	62	
	0	59	1	70	2	8	3	29	4	91	5	80	6	73	7	4	8	18	9	81	10	89	11	85	12	40	13	21	14	22	15	43	16	39	17	89	18	47	19	66	20	56	21	95	22	60	23	113	24	71	25	98	26	88	27	67	28	46	29	68	
	0	45	1	70	2	14	3	44	4	92	5	77	6	65	7	15	8	16	9	70	10	91	11	83	12	38	13	14	14	27	15	39	16	47	17	86	18	47	19	63	20	46	21	100	22	75	23	103	24	76	25	102	26	102	27	72	28	55	29	71	
	0	50	1	78	2	11	3	34	4	87	5	75	6	60	7	16	8	18	9	71	10	80	11	68	12	43	13	27	14	21	15	27	16	51	17	97	18	61	19	79	20	53	21	98	22	61	23	116	24	77	25	102	26	91	27	70	28	40	29	64	
	0	58	1	69	2	15	3	47	4	99	5	81	6	73	7	4	8	22	9	79	10	82	11	74	12	44	13	23	14	28	15	33	16	56	17	95	18	51	19	79	20	61	21	89	22	62	23	114	24	84	25	104	26	93	27	81	28	48	29	67	
	0	54	1	71	2	4	3	29	4	92	5	78	6	57	7	19	8	10	9	78	10	88	11	80	12	28	13	23	14	32	15	38	16	38	17	98	18	59	19	77	20	55	21	85	22	57	23	103	24	89	25	105	26	90	27	73	28	51	29	65	
	0	64	1	82	2	3	3	47	4	92	5	82	6	69	7	22	8	22	9	68	10	98	11	77	12	31	13	19	14	23	15	25	16	39	17	92	18	43	19	75	20	49	21	96	22	67	23	101	24	83	25	95	26	96	27	62	28	50	29	62	
	0	45	1	69	2	10	3	40	4	97	5	88	6	68	7	22	8	17	9	79	10	97	11	83	12	30	13	27	14	14	15	36	16	47	17	96	18	54	19	67	20	52	21	86	22	71	23	112	24	78	25	93	26	100	27	75	28	49	29	55	
	0	58	1	85	2	16	3	39	4	89	5	86	6	64	7	20	8	25	9	76	10	85	11	79	12	47	13	20	14	26	15	37	16	45	17	96	18	57	19	75	20	51	21	93	22	64	23	109	24	90	25	108	26	91	27	79	28	53	29	60	
	0	50	1	69	2	19	3	35	4	95	5	93	6	74	7	21	8	11	9	80	10	94	11	73	12	35	13	26	14	16	15	25	16	42	17	99	18	61	19	69	20	65	21	84	22	73	23	105	24	73	25	109	26	107	27	72	28	49	29	60	
	0	45	1	86	2	13	3	42	4	97	5	85	6	61	7	16	8	21	9	63	10	95	11	78	12	39	13	17	14	27	15	43	16	44	17	95	18	49	19	68	20	47	21	92	22	60	23	99	24	81	25	104	26	88	27	79	28	41	29	73	
	0	56	1	73	2	16	3	35	4	94	5	84	6	66	7	17	8	28	9	64	10	80	11	70	12	47	13	18	14	23	15	36	16	52	17	102	18	59	19	72	20	59	21	89	22	56	23	117	24	74	25	111	26	88	27	74	28	39	29	61	
	0	60	1	84	2	8	3	47	4	106	5	79	6	57	7	18	8	13	9	71	10	84	11	75	12	38	13	12	14	28	15	41	16	51	17	93	18	52	19	64	20	57	21	90	22	56	23	105	24	89	25	99	26	102	27	74	28	48	29	65	
	0	52	1	81	2	8	3	45	4	98	5	93	6	69	7	6	8	14	9	68	10	79	11	71	12	39	13	23	14	25	15	29	16	44	17	89	18	53	19	63	20	51	21	100	22	64	23	106	24	85	25	99	26	91	27	78	28	45	29	71	
	0	47	1	77	2	13	3	29	4	103	5	83	6	64	7	5	8	23	9	79	10	89	11	85	12	34	13	28	14	31	15	24	16	54	17	94	18	44	19	79	20	52	21	100	22	71	23	103	24	85	25	108	26	107	27	71	28	46	29	62	
	0	56	1	82	2	17	3	47	4	89	5	78	6	59	7	10	8	20	9	82	10	90	11	85	12	31	13	16	14	22	15	43	16	39	17	90	18	58	19	62	20	60	21	99	22	66	23	107	24	74	25	101	26	90	27	69	28	56	29	68	
	0	49	1	84	2	9	3	32	4	89	5	86	6	69	7	10	8	13	9	70	10	88	11	77	12	46	13	16	14	17	15	36	16	45	17	85	18	55	19	66	20	47	21	91	22	64	23	105	24	76	25	104	26	100	27	79	28	41	29	66	
	0	56	1	80	2	20	3	43	4	87	5	82	6	59	7	13	8	16	9	64	10	91	11	71	12	45	13	12	14	26	15	34	16	50	17	92	18	52	19	77	20	56	21	96	22	74	23	109	24	73	25	99	26	102	27	80	28	49	29	72	
	0	62	1	80	2	6	3	44	4	100	5	93	6	55	7	10	8	27	9	68	10	96	11	77	12	46	13	13	14	28	15	37	16	38	17	102	18	61	19	80	20	47	21	84	22	61	23	110	24	89	25	102	26	97	27	70	28	54	29	54	
	0	58	1	77	2	8	3	43	4	97	5	81	6	60	7	5	8	12	9	64	10	97	11	73	12	29	13	14	14	33	15	39	16	45	17	88	18	59	19	67	20	59	21	82	22	74	23	113	24	90	25	109	26	103	27	76	28	52	29	60	
	0	64	1	77	2	5	3	42	4	104	5	80	6	67	7	10	8	28	9	63	10	85	11	80	12	41	13	9	14	29	15	30	16	42	17	96	18	53	19	74	20	56	21	96	22	66	23	101	24	75	25	108	26	92	27	73	28	46	29	66	
	0	53	1	74	2	6	3	33	4	92	5	81	6	56	7	22	8	25	9	70	10	81	11	73	12	33	13	27	14	17	15	40	16	49	17	90	18	53	19	70	20	63	21	84	22	69	23	99	24	82	25	96	26	95	27	78	28	54	29	55	
	0	53	1	87	2	8	3	39	4	97	5	76	6	62	7	15	8	23	9	69	10	81	11	71	12	29	13	10	14	20	15	30	16	50	17	92	18	45	19	70	20	65	21	96	22	63	23	105	24	84	25	100	26	107	27	69	28	44	29	59	
	0	62	1	69	2	7	3	46	4	89	5	92	6	66	7	18	8	12	9	75	10	82	11	78	12	36	13	21	14	32	15	31	16	45	17	96	18	52	19	70	20	58	21	83	22	63	23	118	24	83	25	96	26	92	27	69	28	49	29	72	
	0	48	1	74	2	12	3	30	4	94	5	83	6	74	7	5	8	27	9	79	10	87	11	70	12	35	13	14	14	24	15	26	16	39	17	89	18	50	19	74	20	58	21	82	22	75	23	100	24	79	25	97	26	98	27	71	28	51	29	55	
	0	56	1	74	2	12	3	34	4	102	5	81	6	66	7	10	8	22	9	76	10	98	11	77	12	33	13	27	14	21	15	36	16	40	17	94	18	50	19	78	20	46	21	95	22	64	23	99	24	82	25	96	26	107	27	71	28	52	29	61	
	0	46	1	69	2	8	3	42	4	94	5	81	6	61	7	10	8	27	9	73	10	89	11	69	12	39	13	10	14	32	15	42	16	42	17	100	18	49	19	63	20	61	21	92	22	70	23	110	24	77	25	112	26	94	27	79	28	51	29	57	
	0	46	1	81	2	16	3	40	4	96	5	90	6	71	7	20	8	14	9	63	10	88	11	72	12	33	13	23	14	24	15	29	16	53	17	87	18	49	19	69	20	53	21	88	22	70	23	108	24	86	25	107	26	88	27	66	28	42	29	66	
	0	51	1	82	2	11	3	36	4	95	5	77	6	64	7	13	8	18	9	67	10	88	11	69	12	30	13	11	14	28	15	34	16	42	17	87	18	61	19	65	20	59	21	88	22	67	23	99	24	89	25	103	26	100	27	81	28	37	29	63	
	0	62	1	68	2	10	3	39	4	88	5	82	6	57	7	11	8	28	9	64	10	92	11	76	12	39	13	25	14	33	15	29	16	44	17	85	18	42	19	68	20	47	21	83	22	60	23	107	24	82	25	97	26	103	27	72	28	53	29	67	
	0	58	1	70	2	4	3	44	4	96	5	76	6	69	7	16	8	22	9	70	10	92	11	73	12	40	13	14	14	33	15	43	16	44	17	85	18	42	19	79	20	61	21	83	22	74	23	107	24	71	25	109	26	105	27	69	28	42	29	54	
	0	56	1	82	2	19	3	30	4	92	5	86	6	56	7	17	8	18	9	72	10	80	11	78	12	41	13	20	14	18	15	34	16	56	17	88	18	61	19	74	20	64	21	85	22	74	23	117	24	81	25	111	26	88	27	65	28	48	29	65	
	0	57	1	68	2	5	3	35	4	88	5	92	6	61	7	21	8	11	9	76	10	85	11	75	12	42	13	15	14	19	15	25	16	50	17	99	18	52	19	64	20	55	21	93	22	73	23	109	24	87	25	104	26	100	27	65	28	48	29	68	
	0	53	1	82	2	6	3	36	4	97	5	92	6	57	7	14	8	15	9	82	10	93	11	81	12	37	13	18	14	29	15	39	16	40	17	101	18	60	19	63	20	53	21	82	22	66	23	117	24	88	25	106	26	104	27	62	28	55	29	63	
	0	54	1	69	2	21	3	39	4	104	5	90	6	67	7	7	8	20	9	71	10	95	11	76	12	38	13	15	14	25	15	29	16	39	17	85	18	52	19	76	20	52	21	86	22	73	23	113	24	77	25	103	26	107	27	68	28	53	29	58	
	0	50	1	87	2	7	3	48	4	92	5	93	6	56	7	12	8	14	9	81	10	82	11	72	12	41	13	10	14	30	15	35	16	54	17	93	18	45	19	69	20	51	21	97	22	65	23	113	24	81	25	109	26	102	27	72	28	52	29	62	
	0	64	1	77	2	15	3	36	4	97	5	81	6	68	7	6	8	28	9	76	10	90	11	85	12	41	13	9	14	19	15	27	16	53	17	96	18	46	19	64	20	56	21	83	22	59	23	100	24	72	25	100	26	88	27	62	28	44	29	62	
	0	59	1	75	2	5	3	35	4	102	5	79	6	57	7	5	8	18	9	82	10	95	11	82	12	30	13	20	14	30	15	26	16	54	17	101	18	58	19	73	20	60	21	83	22	68	23	116	24	88	25	110	26	95	27	63	28	45	29	58	
	0	48	1	78	2	19	3	45	4	87	5	94	6	60	7	22	8	12	9	72	10	96	11	77	12	28	13	17	14	32	15	41	16	53	17	97	18	54	19	70	20	48	21	87	22	69	23	102	24	89	25	96	26	94	27	67	28	41	29	67	
	0	63	1	83	2	8	3	38	4	102	5	93	6	62	7	15	8	15	9	71	10	92	11	67	12	30	13	25	14	25	15	37	16	54	17	97	18	47	19	68	20	63	21	96	22	56	23	115	24	82	25	94	26	102	27	81	28	56	29	72	
	0	60	1	75	2	12	3	33	4	100	5	83	6	65	7	14	8	19	9	79	10	80	11	76	12	43	13	9	14	19	15	25	16	51	17	91	18	47	19	67	20	47	21	88	22	70	23	116	24	75	25	93	26	98	27	67	28	56	29	54	
	0	50	1	86	2	17	3	36	4	95	5	76	6	56	7	14	8	27	9	79	10	89	11	84	12	31	13	10	14	28	15	42	16	45	17	97	18	57	19	67	20	55	21	90	22	71	23	117	24	88	25	103	26	104	27	76	28	56	29	66	
	0	60	1	70	2	16	3	35	4	90	5	93	6	68	7	6	8	23	9	76	10	85	11	85	12	33	13	13	14	23	15	28	16	38	17	85	18	54	19	77	20	54	21	97	22	74	23	105	24	80	25	95	26	104	27	67	28	44	29	69	
	0	47	1	72	2	15	3	42	4	99	5	81	6	63	7	9	8	10	9	76	10	92	11	71	12	31	13	10	14	22	15	24	16	41	17	100	18	48	19	76	20	59	21	84	22	63	23	106	24	78	25	105	26	90	27	63	28	52	29	73	
	0	62	1	78	2	6	3	46	4	103	5	93	6	55	7	16	8	17	9	76	10	88	11	75	12	44	13	25	14	31	15	25	16	45	17	99	18	51	19	70	20	48	21	96	22	70	23	112	24	80	25	100	26	100	27	66	28	51	29	67	
	0	64	1	84	2	8	3	34	4	94	5	91	6	66	7	6	8	27	9	67	10	84	11	78	12	36	13	14	14	19	15	26	16	39	17	91	18	52	19	70	20	48	21	93	22	75	23	114	24	88	25	106	26	100	27	77	28	45	29	71	
	0	60	1	70	2	13	3	37	4	87	5	88	6	73	7	17	8	18	9	64	10	81	11	72	12	44	13	14	14	16	15	38	16	49	17	102	18	51	19	72	20	49	21	87	22	60	23	112	24	88	25	108	26	96	27	78	28	40	29	58	
	0	51	1	86	2	10	3	38	4	106	5	82	6	55	7	7	8	27	9	71	10	92	11	76	12	30	13	23	14	24	15	25	16	49	17	86	18	60	19	68	20	54	21	92	22	60	23	103	24	76	25	95	26	102	27	71	28	53	29	67	
	0	47	1	73	2	4	3	30	4	94	5	84	6	68	7	14	8	13	9	66	10	94	11	73	12	47	13	11	14	33	15	35	16	47	17	90	18	45	19	81	20	46	21	85	22	65	23	113	24	83	25	111	26	107	27	69	28	49	29	73	
	0	51	1	83	2	5	3	42	4	105	5	75	6	72	7	7	8	24	9	68	10	91	11	67	12	36	13	26	14	28	15	30	16	38	17	88	18	53	19	78	20	60	21	90	22	61	23	111	24	71	25	104	26	100	27	69	28	43	29	73	
	0	50	1	71	2	2	3	42	4	101	5	83	6	71	7	9	8	10	9	71	10	98	11	80	12	29	13	18	14	28	15	41	16	46	17	90	18	57	19	62	20	55	21	88	22	57	23	112	24	75	25	110	26	97	27	73	28	46	29	61	
	0	63	1	78	2	10	3	33	4	91	5	87	6	58	7	16	8	23	9	73	10	81	11	82	12	47	13	25	14	26	15	35	16	50	17	84	18	42	19	80	20	52	21	85	22	73	23	110	24	85	25	100	26	92	27	77	28	52	29	55	
	0	59	1	74	2	9	3	37	4	98	5	92	6	68	7	8	8	24	9	76	10	79	11	72	12	47	13	13	14	20	15	38	16	42	17	91	18	42	19	71	20	48	21	82	22	67	23	111	24	82	25	108	26	105	27	79	28	52	29	61	
	0	54	1	83	2	18	3	42	4	97	5	84	6	57	7	7	8	11	9	70	10	87	11	74	12	37	13	23	14	17	15	32	16	50	17	103	18	47	19	66	20	52	21	82	22	73	23	100	24	73	25	106	26	107	27	72	28	55	29	56	
	0	61	1	79	2	13	3	30	4	102	5	81	6	66	7	8	8	22	9	80	10	96	11	79	12	32	13	15	14	31	15	29	16	45	17	94	18	58	19	76	20	56	21	93	22	64	23	109	24	88	25	93	26	104	27	63	28	51	29	61	
	0	57	1	69	2	13	3	43	4	88	5	76	6	73	7	19	8	22	9	70	10	79	11	72	12	40	13	22	14	26	15	33	16	57	17	96	18	42	19	75	20	52	21	100	22	58	23	115	24	78	25	93	26	106	27	70	28	50	29	61	
	0	63	1	83	2	18	3	35	4	102	5	83	6	59	7	19	8	26	9	69	10	83	11	68	12	32	13	20	14	26	15	36	16	42	17	92	18	51	19	62	20	64	21	96	22	62	23	115	24	85	25	104	26	100	27	81	28	52	29	64	
	0	54	1	81	2	17	3	44	4	103	5	84	6	64	7	21	8	27	9	69	10	87	11	68	12	37	13	15	14	20	15	24	16	42	17	91	18	42	19	75	20	58	21	87	22	75	23	118	24	83	25	106	26	91	27	63	28	44	29	61	
	0	54	1	85	2	15	3	35	4	103	5	75	6	60	7	15	8	23	9	64	10	92	11	71	12	41	13	22	14	30	15	33	16	55	17	103	18	59	19	81	20	53	21	98	22	65	23	117	24	76	25	99	26	88	27	76	28	55	29	62	
	0	46	1	73	2	6	3	30	4	103	5	90	6	70	7	6	8	11	9	66	10	88	11	73	12	34	13	22	14	20	15	35	16	39	17	84	18	58	19	74	20	57	21	85	22	69	23	112	24	90	25	100	26	104	27	63	28	40	29	57	
	0	64	1	82	2	12	3	33	4	101	5	79	6	60	7	6	8	18	9	64	10	87	11	66	12	37	13	15	14	17	15	32	16	52	17	84	18	60	19	67	20	51	21	96	22	63	23	107	24	77	25	110	26	91	27	63	28	49	29	61	
	0	47	1	78	2	13	3	34	4	103	5	94	6	55	7	17	8	24	9	70	10	84	11	81	12	39	13	22	14	26	15	28	16	56	17	95	18	61	19	62	20	53	21	82	22	60	23	118	24	81	25	101	26	96	27	67	28	44	29	69	
	0	46	1	71	2	11	3	35	4	93	5	79	6	70	7	22	8	28	9	73	10	88	11	85	12	40	13	12	14	31	15	33	16	54	17	98	18	57	19	75	20	56	21	89	22	75	23	102	24	79	25	104	26	91	27	71	28	54	29	59	
	0	57	1	80	2	5	3	45	4	87	5	87	6	57	7	13	8	17	9	74	10	90	11	78	12	45	13	17	14	27	15	43	16	40	17	102	18	45	19	65	20	57	21	92	22	66	23	104	24	88	25	96	26	97	27	81	28	43	29	54	
	0	58	1	82	2	13	3	36	4	104	5	93	6	71	7	14	8	18	9	78	10	92	11	73	12	46	13	16	14	18	15	38	16	52	17	92	18	51	19	71	20	54	21	91	22	69	23	114	24	86	25	103	26	100	27	69	28	49	29	58	
	0	51	1	85	2	14	3	44	4	101	5	79	6	55	7	12	8	25	9	64	10	95	11	83	12	37	13	15	14	23	15	28	16	40	17	102	18	50	19	74	20	56	21	87	22	63	23	108	24	88	25	96	26	89	27	66	28	50	29	69	
	0	49	1	73	2	12	3	42	4	91	5	77	6	57	7	13	8	27	9	81	10	96	11	82	12	39	13	16	14	21	15	27	16	48	17	86	18	55	19	67	20	64	21	89	22	73	23	108	24	76	25	111	26	99	27	74	28	40	29	63	
	0	64	1	76	2	17	3	44	4	97	5	80	6	68	7	12	8	12	9	82	10	92	11	67	12	39	13	25	14	24	15	43	16	57	17	87	18	61	19	65	20	63	21	81	22	75	23	111	24	72	25	94	26	102	27	77	28	42	29	58	
	0	45	1	72	2	13	3	37	4	102	5	94	6	61	7	9	8	26	9	70	10	98	11	70	12	38	13	9	14	30	15	42	16	39	17	86	18	61	19	73	20	56	21	84	22	69	23	115	24	86	25	105	26	100	27	62	28	42	29	71	
	0	57	1	82	2	18	3	29	4	88	5	91	6	71	7	10	8	15	9	68	10	91	11	84	12	37	13	12	14	22	15	25	16	53	17	92	18	61	19	74	20	63	21	90	22	59	23	110	24	83	25	103	26	90	27	63	28	54	29	61	
	0	50	1	75	2	18	3	47	4	103	5	77	6	62	7	17	8	16	9	66	10	93	11	66	12	31	13	14	14	25	15	33	16	41	17	100	18	57	19	72	20	63	21	99	22	73	23	109	24	75	25	105	26	94	27	63	28	49	29	69	
	0	64	1	87	2	8	3	42	4	100	5	85	6	70	7	5	8	21	9	78	10	97	11	76	12	47	13	27	14	26	15	36	16	45	17	94	18	61	19	69	20	49	21	98	22	57	23	101	24	78	25	105	26	106	27	62	28	51	29	66	
	0	48	1	76	2	17	3	45	4	98	5	83	6	71	7	21	8	20	9	71	10	92	11	80	12	46	13	13	14	18	15	31	16	40	17	91	18	48	19	63	20	48	21	90	22	60	23	109	24	80	25	100	26	92	27	68	28	37	29	73	
	0	48	1	80	2	14	3	41	4	90	5	76	6	71	7	17	8	14	9	76	10	89	11	82	12	28	13	28	14	22	15	25	16	51	17	102	18	55	19	65	20	55	21	100	22	73	23	117	24	80	25	93	26	101	27	69	28	46	29	73	
	0	46	1	75	2	8	3	29	4	91	5	84	6	56	7	19	8	10	9	79	10	86	11	79	12	32	13	10	14	18	15	37	16	50	17	102	18	51	19	65	20	56	21	98	22	56	23	109	24	87	25	103	26	96	27	68	28	42	29	60	
	0	57	1	79	2	9	3	36	4	92	5	76	6	73	7	22	8	11	9	70	10	98	11	68	12	30	13	25	14	27	15	37	16	55	17	84	18	47	19	65	20	50	21	85	22	73	23	109	24	87	25	111	26	106	27	78	28	40	29	60	
	0	52	1	68	2	15	3	46	4	93	5	85	6	61	7	14	8	22	9	67	10	80	11	78	12	44	13	18	14	31	15	35	16	45	17	96	18	58	19	65	20	61	21	86	22	70	23	114	24	82	25	93	26	97	27	72	28	49	29	54	
	0	47	1	78	2	16	3	47	4	90	5	93	6	74	7	7	8	10	9	64	10	95	11	74	12	47	13	13	14	25	15	40	16	45	17	90	18	50	19	75	20	64	21	95	22	74	23	109	24	71	25	104	26	105	27	75	28	52	29	57	
	0	59	1	69	2	5	3	40	4	106	5	90	6	74	7	22	8	16	9	66	10	97	11	74	12	34	13	17	14	31	15	37	16	47	17	102	18	47	19	68	20	58	21	84	22	75	23	114	24	89	25	96	26	100	27	79	28	47	29	73	
	0	54	1	78	2	13	3	42	4	104	5	78	6	57	7	19	8	18	9	67	10	90	11	74	12	28	13	15	14	33	15	30	16	57	17	91	18	47	19	65	20	63	21	91	22	73	23	108	24	73	25	108	26	92	27	77	28	42	29	67	
	0	59	1	79	2	9	3	32	4	98	5	90	6	62	7	17	8	9	9	76	10	82	11	74	12	47	13	14	14	20	15	35	16	45	17	102	18	54	19	73	20	49	21	84	22	63	23	108	24	87	25	99	26	106	27	81	28	55	29	54	
	0	57	1	79	2	2	3	39	4	100	5	82	6	55	7	20	8	16	9	71	10	82	11	75	12	46	13	28	14	22	15	38	16	43	17	99	18	57	19	64	20	50	21	99	22	66	23	117	24	82	25	108	26	98	27	67	28	44	29	64	
	0	46	1	84	2	16	3	47	4	100	5	93	6	61	7	21	8	27	9	65	10	84	11	70	12	29	13	16	14	28	15	34	16	48	17	93	18	44	19	72	20	63	21	82	22	62	23	113	24	76	25	95	26	102	27	68	28	46	29	61	
	0	59	1	84	2	12	3	44	4	100	5	75	6	70	7	5	8	14	9	76	10	97	11	81	12	39	13	10	14	15	15	28	16	52	17	92	18	51	19	67	20	57	21	88	22	64	23	102	24	79	25	100	26	96	27	78	28	49	29	54	
	0	46	1	76	2	17	3	43	4	99	5	84	6	66	7	20	8	17	9	67	10	94	11	72	12	39	13	18	14	32	15	33	16	44	17	86	18	49	19	73	20	52	21	99	22	59	23	117	24	88	25	108	26	97	27	76	28	47	29	56	
	0	62	1	68	2	20	3	33	4	87	5	84	6	69	7	17	8	25	9	75	10	82	11	85	12	36	13	9	14	18	15	33	16	40	17	97	18	56	19	77	20	49	21	94	22	63	23	116	24	85	25	99	26	91	27	66	28	45	29	61	
	0	61	1	77	2	11	3	45	4	90	5	91	6	55	7	23	8	13	9	70	10	88	11	74	12	35	13	14	14	31	15	43	16	49	17	84	18	48	19	67	20	60	21	89	22	71	23	116	24	85	25	111	26	96	27	67	28	44	29	70	
	0	56	1	78	2	8	3	43	4	102	5	77	6	74	7	4	8	17	9	77	10	94	11	66	12	40	13	13	14	19	15	32	16	52	17	90	18	55	19	69	20	51	21	84	22	69	23	101	24	81	25	105	26	103	27	69	28	56	29	69	
	0	61	1	78	2	2	3	47	4	102	5	91	6	55	7	23	8	21	9	64	10	80	11	67	12	31	13	19	14	20	15	42	16	43	17	86	18	44	19	76	20	52	21	100	22	62	23	115	24	82	25	104	26	88	27	62	28	37	29	67	
	0	48	1	86	2	12	3	30	4	98	5	78	6	58	7	17	8	28	9	70	10	98	11	70	12	40	13	11	14	31	15	29	16	53	17	92	18	50	19	66	20	55	21	83	22	57	23	108	24	87	25	104	26	96	27	73	28	48	29	59	
	0	59	1	76	2	21	3	31	4	94	5	93	6	66	7	10	8	21	9	72	10	79	11	82	12	38	13	28	14	20	15	26	16	47	17	95	18	51	19	69	20	46	21	88	22	74	23	107	24	87	25	112	26	95	27	70	28	52	29	60	