500 30 1
30
	0	68	1	101	2	13	3	24	4	79	5	80	6	22	7	25	8	66	9	63	10	27	11	54	12	101	13	96	14	29	15	45	16	28	17	112	18	70	19	85	20	22	21	89	22	33	23	105	24	38	25	102	26	15	27	55	28	15	29	105	
	0	66	1	108	2	15	3	34	4	86	5	82	6	21	7	35	8	76	9	75	10	18	11	66	12	95	13	84	14	26	15	43	16	26	17	97	18	71	19	71	20	20	21	99	22	24	23	103	24	34	25	89	26	16	27	47	28	18	29	110	
	0	65	1	103	2	8	3	29	4	90	5	91	6	28	7	31	8	66	9	60	10	19	11	71	12	98	13	93	14	17	15	47	16	15	17	112	18	74	19	79	20	26	21	104	22	20	23	106	24	28	25	89	26	8	27	38	28	5	29	109	
	0	76	1	102	2	17	3	27	4	82	5	95	6	15	7	23	8	67	9	65	10	26	11	57	12	94	13	84	14	17	15	39	16	25	17	107	18	63	19	86	20	23	21	88	22	31	23	94	24	35	25	97	26	9	27	56	28	4	29	105	
	0	66	1	104	2	11	3	30	4	91	5	80	6	16	7	36	8	82	9	60	10	27	11	57	12	93	13	92	14	27	15	46	16	13	17	106	18	68	19	83	20	35	21	94	22	19	23	90	24	35	25	97	26	17	27	44	28	4	29	97	
	0	81	1	93	2	17	3	29	4	90	5	89	6	24	7	27	8	69	9	63	10	14	11	57	12	88	13	87	14	15	15	29	16	14	17	106	18	63	19	74	20	39	21	87	22	34	23	87	24	27	25	98	26	3	27	42	28	21	29	104	
	0	78	1	105	2	21	3	28	4	90	5	85	6	30	7	28	8	79	9	56	10	27	11	68	12	82	13	85	14	28	15	42	16	30	17	106	18	66	19	75	20	31	21	103	22	35	23	96	24	34	25	101	26	16	27	50	28	10	29	101	
	0	70	1	99	2	15	3	32	4	74	5	92	6	28	7	34	8	64	9	56	10	25	11	68	12	88	13	89	14	24	15	30	16	14	17	103	18	61	19	82	20	21	21	90	22	32	23	103	24	30	25	95	26	17	27	41	28	4	29	101	
	0	64	1	95	2	11	3	26	4	85	5	86	6	21	7	21	8	79	9	61	10	14	11	55	12	82	13	87	14	20	15	45	16	24	17	116	18	80	19	76	20	32	21	95	22	35	23	98	24	24	25	91	26	3	27	46	28	10	29	102	
	0	64	1	103	2	9	3	37	4	80	5	86	6	17	7	32	8	80	9	74	10	25	11	63	12	96	13	83	14	13	15	47	16	25	17	107	18	74	19	75	20	25	21	100	22	33	23	89	24	25	25	96	26	8	27	54	28	5	29	98	
	0	83	1	102	2	8	3	32	4	75	5	93	6	27	7	27	8	72	9	73	10	19	11	71	12	101	13	97	14	23	15	43	16	23	17	99	18	75	19	83	20	27	21	96	22	23	23	91	24	32	25	98	26	19	27	40	28	14	29	112	
	0	71	1	106	2	19	3	22	4	90	5	91	6	24	7	31	8	67	9	73	10	32	11	54	12	99	13	81	14	29	15	35	16	18	17	99	18	62	19	80	20	34	21	102	22	25	23	103	24	32	25	94	26	19	27	52	28	4	29	103	
	0	68	1	110	2	22	3	39	4	88	5	88	6	32	7	26	8	67	9	57	10	19	11	55	12	100	13	85	14	23	15	32	16	19	17	98	18	67	19	83	20	26	21	86	22	32	23	90	24	31	25	102	26	19	27	43	28	12	29	98	
	0	82	1	98	2	21	3	23	4	83	5	79	6	25	7	34	8	72	9	66	10	22	11	64	12	89	13	84	14	21	15	30	16	24	17	112	18	80	19	83	20	38	21	86	22	32	23	90	24	34	25	95	26	6	27	42	28	18	29	104	
	0	78	1	97	2	18	3	26	4	92	5	84	6	27	7	36	8	71	9	62	10	14	11	70	12	100	13	85	14	14	15	44	16	17	17	97	18	68	19	73	20	39	21	95	22	28	23	103	24	33	25	108	26	12	27	48	28	8	29	95	
	0	67	1	105	2	21	3	33	4	80	5	85	6	25	7	34	8	72	9	64	10	18	11	65	12	84	13	85	14	30	15	33	16	15	17	108	18	70	19	87	20	21	21	101	22	21	23	103	24	27	25	105	26	11	27	54	28	12	29	99	
	0	73	1	103	2	15	3	26	4	78	5	83	6	20	7	30	8	68	9	58	10	25	11	65	12	82	13	82	14	22	15	32	16	17	17	104	18	68	19	71	20	22	21	95	22	21	23	96	24	25	25	107	26	10	27	52	28	5	29	105	
	0	80	1	103	2	14	3	39	4	87	5	83	6	20	7	21	8	74	9	68	10	15	11	66	12	89	13	97	14	14	15	28	16	27	17	103	18	65	19	79	20	31	21	94	22	23	23	105	24	34	25	94	26	18	27	55	28	9	29	99	
	0	73	1	93	2	21	3	33	4	76	5	87	6	15	7	22	8	71	9	59	10	14	11	63	12	88	13	84	14	29	15	42	16	30	17	104	18	66	19	89	20	22	21	87	22	25	23	93	24	22	25	95	26	14	27	54	28	14	29	103	
	0	78	1	107	2	22	3	36	4	79	5	90	6	18	7	31	8	67	9	56	10	24	11	68	12	83	13	82	14	20	15	35	16	27	17	109	18	76	19	84	20	36	21	88	22	31	23	94	24	29	25	105	26	10	27	43	28	18	29	106	
	0	69	1	95	2	27	3	38	4	92	5	88	6	19	7	33	8	68	9	57	10	22	11	67	12	87	13	95	14	30	15	46	16	28	17	113	18	61	19	78	20	29	21	96	22	27	23	102	24	37	25	106	26	4	27	39	28	13	29	102	
	0	73	1	96	2	10	3	27	4	78	5	81	6	32	7	31	8	81	9	67	10	29	11	73	12	100	13	84	14	13	15	30	16	25	17	103	18	69	19	84	20	38	21	87	22	36	23	103	24	24	25	102	26	20	27	53	28	4	29	99	
	0	65	1	93	2	27	3	38	4	83	5	91	6	19	7	21	8	77	9	74	10	16	11	57	12	100	13	84	14	27	15	28	16	26	17	114	18	62	19	75	20	20	21	96	22	22	23	96	24	35	25	93	26	18	27	48	28	20	29	101	
	0	82	1	110	2	18	3	30	4	79	5	88	6	26	7	22	8	72	9	57	10	30	11	66	12	91	13	93	14	21	15	41	16	20	17	107	18	63	19	79	20	37	21	103	22	19	23	95	24	37	25	101	26	12	27	41	28	7	29	101	
	0	65	1	109	2	16	3	27	4	89	5	84	6	23	7	20	8	78	9	58	10	19	11	60	12	89	13	79	14	12	15	39	16	16	17	115	18	65	19	86	20	27	21	94	22	28	23	99	24	38	25	99	26	14	27	49	28	21	29	110	
	0	70	1	108	2	19	3	22	4	79	5	92	6	18	7	34	8	79	9	62	10	13	11	59	12	97	13	91	14	25	15	30	16	17	17	102	18	80	19	71	20	39	21	102	22	33	23	94	24	24	25	102	26	18	27	41	28	20	29	104	
	0	80	1	93	2	23	3	30	4	78	5	82	6	14	7	21	8	66	9	62	10	14	11	72	12	98	13	88	14	14	15	38	16	24	17	107	18	80	19	77	20	29	21	96	22	23	23	91	24	21	25	102	26	16	27	52	28	20	29	96	
	0	75	1	103	2	24	3	31	4	89	5	95	6	23	7	27	8	81	9	68	10	30	11	62	12	99	13	82	14	18	15	34	16	15	17	116	18	62	19	88	20	29	21	103	22	35	23	93	24	25	25	105	26	3	27	38	28	10	29	109	
	0	81	1	108	2	16	3	39	4	85	5	85	6	27	7	34	8	78	9	67	10	30	11	57	12	84	13	94	14	23	15	30	16	13	17	110	18	71	19	82	20	30	21	92	22	33	23	97	24	38	25	90	26	11	27	54	28	12	29	100	
	0	71	1	105	2	12	3	24	4	82	5	76	6	15	7	30	8	74	9	66	10	22	11	68	12	88	13	84	14	25	15	34	16	14	17	113	18	65	19	75	20	39	21	88	22	33	23	96	24	24	25	107	26	4	27	48	28	9	29	99	
	0	82	1	92	2	11	3	35	4	87	5	94	6	17	7	35	8	78	9	68	10	26	11	63	12	97	13	90	14	28	15	30	16	32	17	108	18	70	19	90	20	24	21	89	22	24	23	102	24	40	25	103	26	12	27	52	28	21	29	94	
	0	71	1	108	2	15	3	40	4	74	5	87	6	27	7	36	8	82	9	70	10	14	11	62	12	100	13	83	14	25	15	30	16	28	17	100	18	61	19	74	20	26	21	87	22	31	23	101	24	28	25	96	26	3	27	38	28	16	29	96	
	0	80	1	94	2	21	3	36	4	81	5	90	6	27	7	36	8	73	9	64	10	27	11	73	12	97	13	78	14	29	15	40	16	27	17	110	18	64	19	86	20	28	21	105	22	31	23	88	24	28	25	103	26	16	27	42	28	17	29	111	
	0	82	1	109	2	11	3	38	4	80	5	86	6	23	7	30	8	79	9	56	10	30	11	72	12	82	13	82	14	19	15	35	16	28	17	113	18	62	19	75	20	34	21	90	22	21	23	93	24	37	25	105	26	19	27	54	28	10	29	95	
	0	76	1	107	2	8	3	28	4	92	5	89	6	31	7	20	8	81	9	61	10	15	11	72	12	96	13	96	14	13	15	46	16	27	17	114	18	63	19	73	20	38	21	105	22	22	23	99	24	32	25	99	26	9	27	44	28	4	29	100	
	0	83	1	101	2	20	3	35	4	73	5	89	6	19	7	23	8	68	9	67	10	24	11	67	12	89	13	89	14	15	15	33	16	22	17	98	18	74	19	88	20	27	21	104	22	29	23	105	24	25	25	104	26	13	27	53	28	14	29	97	
	0	73	1	93	2	18	3	21	4	74	5	94	6	32	7	23	8	82	9	67	10	13	11	73	12	91	13	83	14	28	15	31	16	15	17	108	18	75	19	78	20	32	21	94	22	31	23	103	24	31	25	91	26	16	27	42	28	4	29	101	
	0	72	1	111	2	19	3	38	4	87	5	87	6	15	7	26	8	66	9	56	10	20	11	64	12	96	13	91	14	26	15	46	16	27	17	115	18	79	19	89	20	35	21	87	22	30	23	91	24	40	25	93	26	10	27	50	28	23	29	94	
	0	80	1	102	2	12	3	31	4	78	5	91	6	31	7	31	8	63	9	75	10	15	11	71	12	82	13	82	14	20	15	36	16	28	17	100	18	67	19	90	20	23	21	104	22	35	23	97	24	23	25	95	26	18	27	47	28	7	29	109	
	0	79	1	100	2	19	3	30	4	76	5	81	6	22	7	35	8	82	9	68	10	23	11	71	12	91	13	90	14	13	15	35	16	15	17	109	18	74	19	77	20	22	21	91	22	33	23	106	24	34	25	100	26	3	27	46	28	20	29	109	
	0	72	1	97	2	13	3	28	4	90	5	82	6	18	7	23	8	69	9	75	10	20	11	69	12	100	13	81	14	26	15	36	16	29	17	100	18	61	19	80	20	20	21	94	22	24	23	93	24	36	25	96	26	17	27	40	28	20	29	101	
	0	70	1	103	2	14	3	28	4	87	5	82	6	29	7	37	8	68	9	66	10	32	11	55	12	97	13	86	14	24	15	29	16	26	17	107	18	69	19	85	20	39	21	93	22	25	23	87	24	26	25	103	26	14	27	42	28	8	29	96	
	0	65	1	106	2	18	3	28	4	87	5	88	6	24	7	35	8	82	9	65	10	32	11	67	12	85	13	89	14	28	15	40	16	20	17	106	18	63	19	75	20	22	21	90	22	21	23	104	24	25	25	108	26	19	27	39	28	11	29	106	
	0	74	1	98	2	22	3	35	4	88	5	86	6	25	7	32	8	64	9	69	10	32	11	58	12	93	13	82	14	29	15	35	16	19	17	98	18	71	19	74	20	37	21	86	22	24	23	101	24	34	25	100	26	19	27	50	28	10	29	112	
	0	66	1	97	2	8	3	37	4	76	5	82	6	16	7	27	8	67	9	59	10	32	11	54	12	94	13	86	14	30	15	28	16	16	17	99	18	67	19	80	20	39	21	99	22	27	23	93	24	21	25	108	26	8	27	44	28	7	29	97	
	0	77	1	103	2	15	3	28	4	76	5	82	6	30	7	34	8	74	9	66	10	13	11	73	12	84	13	82	14	26	15	39	16	17	17	105	18	77	19	80	20	27	21	101	22	23	23	104	24	29	25	103	26	14	27	39	28	7	29	104	
	0	66	1	99	2	25	3	24	4	89	5	86	6	21	7	23	8	76	9	70	10	13	11	58	12	83	13	90	14	31	15	36	16	20	17	112	18	63	19	88	20	30	21	101	22	32	23	91	24	25	25	104	26	7	27	55	28	22	29	107	
	0	83	1	108	2	24	3	37	4	74	5	80	6	17	7	23	8	81	9	69	10	15	11	71	12	87	13	83	14	12	15	39	16	31	17	115	18	75	19	75	20	30	21	91	22	28	23	88	24	30	25	101	26	16	27	45	28	17	29	104	
	0	75	1	100	2	11	3	37	4	80	5	82	6	30	7	20	8	64	9	61	10	22	11	73	12	92	13	97	14	30	15	30	16	31	17	112	18	69	19	85	20	29	21	86	22	33	23	95	24	33	25	102	26	10	27	41	28	14	29	98	
	0	70	1	101	2	21	3	23	4	88	5	83	6	32	7	30	8	72	9	61	10	32	11	55	12	99	13	86	14	14	15	45	16	32	17	100	18	77	19	84	20	24	21	87	22	35	23	90	24	33	25	107	26	19	27	49	28	13	29	101	
	0	65	1	109	2	10	3	39	4	86	5	79	6	16	7	27	8	72	9	60	10	26	11	64	12	83	13	97	14	18	15	34	16	32	17	111	18	68	19	88	20	30	21	99	22	26	23	92	24	26	25	89	26	12	27	54	28	20	29	98	
	0	80	1	104	2	12	3	38	4	91	5	95	6	17	7	28	8	76	9	67	10	20	11	59	12	83	13	89	14	20	15	30	16	32	17	114	18	71	19	78	20	22	21	93	22	24	23	96	24	23	25	102	26	10	27	46	28	19	29	100	
	0	70	1	100	2	19	3	22	4	76	5	78	6	15	7	35	8	73	9	60	10	27	11	65	12	87	13	87	14	26	15	43	16	26	17	112	18	79	19	79	20	27	21	94	22	37	23	95	24	36	25	97	26	7	27	40	28	17	29	100	
	0	82	1	95	2	9	3	29	4	80	5	94	6	30	7	37	8	67	9	58	10	20	11	58	12	87	13	93	14	20	15	40	16	28	17	97	18	75	19	81	20	24	21	87	22	29	23	93	24	36	25	92	26	9	27	41	28	13	29	95	
	0	78	1	95	2	25	3	28	4	92	5	95	6	30	7	20	8	66	9	62	10	24	11	68	12	85	13	84	14	16	15	42	16	31	17	102	18	77	19	74	20	23	21	102	22	38	23	102	24	34	25	93	26	13	27	54	28	14	29	106	
	0	68	1	109	2	11	3	36	4	91	5	88	6	26	7	31	8	71	9	65	10	15	11	64	12	101	13	92	14	12	15	32	16	30	17	108	18	78	19	79	20	30	21	103	22	38	23	98	24	28	25	92	26	4	27	54	28	16	29	105	
	0	64	1	102	2	25	3	28	4	82	5	91	6	27	7	28	8	66	9	75	10	27	11	73	12	94	13	88	14	26	15	31	16	18	17	107	18	78	19	89	20	37	21	93	22	20	23	105	24	33	25	89	26	11	27	47	28	7	29	97	
	0	69	1	101	2	19	3	34	4	75	5	77	6	14	7	33	8	64	9	59	10	24	11	63	12	88	13	90	14	21	15	44	16	31	17	98	18	66	19	86	20	24	21	89	22	26	23	104	24	31	25	102	26	4	27	53	28	6	29	110	
	0	67	1	99	2	22	3	24	4	74	5	90	6	14	7	31	8	79	9	69	10	15	11	63	12	97	13	93	14	29	15	35	16	19	17	97	18	63	19	85	20	21	21	91	22	37	23	89	24	38	25	108	26	5	27	39	28	20	29	95	
	0	72	1	98	2	12	3	35	4	79	5	81	6	25	7	26	8	81	9	60	10	24	11	59	12	86	13	85	14	28	15	31	16	31	17	106	18	76	19	73	20	38	21	99	22	23	23	106	24	30	25	89	26	9	27	38	28	14	29	102	
	0	83	1	100	2	18	3	25	4	77	5	89	6	16	7	21	8	63	9	63	10	31	11	69	12	97	13	86	14	13	15	44	16	30	17	114	18	65	19	77	20	28	21	104	22	38	23	92	24	35	25	104	26	4	27	41	28	15	29	103	
	0	70	1	97	2	26	3	26	4	83	5	82	6	18	7	20	8	69	9	56	10	21	11	64	12	95	13	96	14	20	15	40	16	20	17	107	18	78	19	90	20	32	21	96	22	22	23	101	24	25	25	95	26	21	27	50	28	16	29	106	
	0	74	1	101	2	8	3	39	4	74	5	77	6	31	7	36	8	68	9	75	10	17	11	70	12	85	13	86	14	20	15	29	16	23	17	111	18	76	19	84	20	38	21	98	22	25	23	101	24	21	25	104	26	21	27	39	28	13	29	113	
	0	70	1	97	2	15	3	24	4	88	5	78	6	16	7	37	8	79	9	72	10	23	11	72	12	88	13	88	14	27	15	39	16	24	17	98	18	79	19	72	20	25	21	86	22	23	23	103	24	36	25	91	26	8	27	54	28	8	29	113	
	0	74	1	101	2	24	3	37	4	76	5	86	6	16	7	24	8	71	9	61	10	18	11	59	12	83	13	79	14	14	15	41	16	21	17	104	18	69	19	82	20	30	21	94	22	19	23	95	24	31	25	94	26	11	27	54	28	6	29	107	
	0	71	1	109	2	19	3	24	4	89	5	80	6	26	7	26	8	65	9	74	10	13	11	68	12	91	13	87	14	22	15	45	16	29	17	106	18	76	19	79	20	20	21	89	22	30	23	89	24	29	25	104	26	10	27	45	28	19	29	106	
	0	65	1	94	2	8	3	31	4	91	5	76	6	16	7	22	8	70	9	74	10	19	11	54	12	90	13	92	14	16	15	41	16	15	17	103	18	72	19	90	20	31	21	88	22	19	23	93	24	36	25	108	26	4	27	43	28	18	29	95	
	0	82	1	97	2	24	3	28	4	88	5	83	6	17	7	35	8	78	9	56	10	16	11	60	12	97	13	87	14	14	15	41	16	16	17	103	18	61	19	90	20	37	21	94	22	26	23	98	24	40	25	103	26	14	27	38	28	11	29	107	
	0	70	1	103	2	15	3	31	4	74	5	93	6	17	7	29	8	82	9	58	10	30	11	57	12	83	13	85	14	15	15	29	16	13	17	113	18	71	19	82	20	32	21	93	22	23	23	106	24	29	25	97	26	4	27	47	28	9	29	110	
	0	79	1	94	2	23	3	26	4	83	5	79	6	33	7	39	8	79	9	62	10	22	11	61	12	94	13	86	14	14	15	30	16	22	17	105	18	79	19	85	20	21	21	100	22	36	23	97	24	28	25	95	26	6	27	43	28	8	29	102	
	0	79	1	101	2	8	3	25	4	90	5	84	6	17	7	31	8	78	9	65	10	28	11	67	12	84	13	79	14	20	15	28	16	29	17	102	18	78	19	74	20	21	21	87	22	19	23	96	24	40	25	91	26	15	27	48	28	12	29	107	
	0	66	1	110	2	26	3	29	4	80	5	78	6	16	7	37	8	67	9	70	10	14	11	61	12	97	13	92	14	24	15	33	16	15	17	102	18	76	19	72	20	23	21	89	22	35	23	91	24	32	25	98	26	3	27	57	28	17	29	97	
	0	71	1	103	2	22	3	33	4	92	5	89	6	17	7	36	8	76	9	61	10	15	11	67	12	89	13	87	14	22	15	34	16	23	17	98	18	79	19	88	20	39	21	94	22	21	23	101	24	22	25	96	26	21	27	52	28	14	29	110	
	0	79	1	111	2	26	3	38	4	81	5	93	6	14	7	23	8	72	9	57	10	18	11	55	12	98	13	90	14	18	15	28	16	23	17	98	18	66	19	87	20	31	21	87	22	32	23	96	24	24	25	105	26	17	27	51	28	22	29	96	
	0	65	1	111	2	16	3	34	4	80	5	86	6	32	7	25	8	71	9	60	10	26	11	66	12	96	13	88	14	18	15	37	16	13	17	112	18	78	19	79	20	28	21	104	22	24	23	103	24	28	25	103	26	2	27	47	28	23	29	103	
	0	74	1	101	2	8	3	22	4	75	5	93	6	20	7	37	8	71	9	71	10	16	11	54	12	93	13	80	14	17	15	41	16	23	17	97	18	75	19	76	20	32	21	95	22	23	23	106	24	27	25	100	26	20	27	57	28	20	29	106	
	0	65	1	101	2	9	3	40	4	78	5	93	6	31	7	20	8	67	9	63	10	30	11	59	12	83	13	78	14	16	15	45	16	18	17	98	18	77	19	77	20	35	21	99	22	30	23	100	24	26	25	91	26	4	27	42	28	7	29	104	
	0	69	1	92	2	13	3	24	4	78	5	81	6	32	7	23	8	63	9	71	10	13	11	58	12	85	13	89	14	29	15	46	16	18	17	101	18	64	19	74	20	22	21	91	22	33	23	90	24	25	25	92	26	21	27	38	28	20	29	106	
	0	66	1	96	2	25	3	39	4	90	5	84	6	19	7	31	8	81	9	66	10	18	11	57	12	87	13	84	14	14	15	35	16	20	17	109	18	61	19	77	20	29	21	97	22	35	23	103	24	34	25	102	26	10	27	50	28	7	29	110	
	0	77	1	101	2	12	3	35	4	87	5	93	6	14	7	25	8	82	9	61	10	13	11	61	12	90	13	80	14	28	15	31	16	27	17	106	18	75	19	83	20	29	21	104	22	22	23	104	24	24	25	104	26	16	27	54	28	4	29	96	
	0	82	1	102	2	18	3	28	4	89	5	77	6	31	7	37	8	82	9	69	10	24	11	54	12	94	13	85	14	18	15	28	16	15	17	97	18	76	19	84	20	29	21	94	22	26	23	91	24	36	25	100	26	4	27	44	28	12	29	102	
	0	72	1	109	2	19	3	23	4	89	5	76	6	31	7	38	8	63	9	69	10	29	11	72	12	85	13	89	14	18	15	33	16	22	17	102	18	78	19	71	20	27	21	101	22	20	23	95	24	39	25	97	26	21	27	51	28	16	29	106	
	0	72	1	106	2	25	3	33	4	74	5	94	6	22	7	35	8	66	9	75	10	20	11	57	12	86	13	85	14	16	15	35	16	26	17	102	18	74	19	80	20	21	21	102	22	21	23	104	24	31	25	97	26	13	27	45	28	15	29	102	
	0	72	1	108	2	24	3	23	4	86	5	78	6	31	7	20	8	80	9	62	10	13	11	66	12	83	13	78	14	28	15	31	16	13	17	97	18	75	19	85	20	33	21	101	22	23	23	89	24	34	25	96	26	16	27	55	28	13	29	107	
	0	68	1	92	2	24	3	32	4	78	5	79	6	15	7	23	8	64	9	57	10	26	11	69	12	88	13	83	14	30	15	44	16	18	17	108	18	74	19	84	20	30	21	96	22	20	23	97	24	30	25	101	26	13	27	41	28	7	29	100	
	0	68	1	107	2	12	3	24	4	76	5	79	6	18	7	26	8	72	9	56	10	26	11	73	12	89	13	84	14	21	15	34	16	20	17	110	18	67	19	80	20	31	21	90	22	21	23	97	24	33	25	103	26	19	27	49	28	16	29	112	
	0	65	1	101	2	8	3	32	4	84	5	93	6	22	7	38	8	72	9	68	10	20	11	58	12	85	13	95	14	31	15	40	16	14	17	100	18	65	19	81	20	25	21	91	22	28	23	91	24	39	25	102	26	5	27	46	28	13	29	98	
	0	69	1	108	2	18	3	37	4	88	5	87	6	19	7	34	8	80	9	70	10	21	11	71	12	85	13	94	14	27	15	34	16	14	17	103	18	64	19	82	20	29	21	100	22	21	23	90	24	21	25	105	26	13	27	38	28	12	29	113	
	0	65	1	93	2	27	3	29	4	74	5	79	6	14	7	36	8	80	9	62	10	25	11	68	12	95	13	96	14	14	15	28	16	22	17	106	18	75	19	75	20	31	21	91	22	34	23	97	24	27	25	107	26	16	27	45	28	7	29	109	
	0	77	1	109	2	11	3	23	4	92	5	80	6	22	7	32	8	82	9	56	10	27	11	56	12	84	13	83	14	14	15	42	16	32	17	98	18	65	19	89	20	28	21	88	22	33	23	94	24	25	25	96	26	20	27	41	28	8	29	96	
	0	65	1	104	2	20	3	35	4	85	5	78	6	23	7	39	8	70	9	73	10	23	11	72	12	87	13	79	14	22	15	41	16	19	17	112	18	78	19	90	20	30	21	101	22	22	23	93	24	39	25	100	26	8	27	54	28	17	29	105	
	0	64	1	101	2	24	3	31	4	92	5	82	6	14	7	27	8	81	9	58	10	18	11	54	12	85	13	96	14	14	15	39	16	23	17	99	18	64	19	89	20	35	21	91	22	22	23	91	24	33	25	97	26	14	27	41	28	19	29	109	
	0	75	1	108	2	11	3	37	4	86	5	92	6	25	7	35	8	67	9	56	10	15	11	64	12	87	13	79	14	24	15	34	16	14	17	103	18	79	19	84	20	32	21	94	22	33	23	92	24	32	25	108	26	7	27	38	28	13	29	112	
	0	64	1	93	2	18	3	37	4	79	5	78	6	23	7	22	8	68	9	70	10	15	11	63	12	87	13	91	14	31	15	43	16	24	17	102	18	76	19	81	20	27	21	96	22	33	23	100	24	36	25	101	26	19	27	52	28	5	29	97	
	0	75	1	92	2	13	3	37	4	92	5	87	6	19	7	24	8	76	9	61	10	17	11	61	12	92	13	80	14	30	15	32	16	32	17	114	18	71	19	78	20	26	21	90	22	22	23	90	24	39	25	101	26	16	27	48	28	22	29	110	
	0	81	1	99	2	20	3	25	4	89	5	81	6	27	7	33	8	81	9	67	10	15	11	64	12	95	13	89	14	25	15	43	16	15	17	107	18	61	19	84	20	32	21	105	22	31	23	103	24	24	25	89	26	16	27	45	28	20	29	107	
	0	67	1	106	2	25	3	39	4	75	5	89	6	14	7	31	8	76	9	73	10	32	11	67	12	94	13	83	14	21	15	37	16	32	17	106	18	71	19	81	20	25	21	95	22	38	23	98	24	40	25	97	26	3	27	53	28	22	29	112	
	0	74	1	93	2	8	3	39	4	83	5	80	6	26	7	26	8	65	9	61	10	13	11	60	12	95	13	88	14	23	15	28	16	25	17	101	18	69	19	79	20	37	21	100	22	33	23	88	24	25	25	90	26	13	27	46	28	21	29	106	
	0	68	1	94	2	27	3	40	4	81	5	80	6	15	7	38	8	66	9	69	10	29	11	63	12	86	13	82	14	14	15	29	16	26	17	97	18	76	19	79	20	33	21	97	22	37	23	90	24	24	25	99	26	5	27	39	28	7	29	101	
	0	77	1	102	2	21	3	27	4	92	5	80	6	20	7	35	8	76	9	59	10	30	11	66	12	90	13	89	14	29	15	41	16	16	17	116	18	63	19	87	20	29	21	105	22	35	23	97	24	27	25	94	26	7	27	44	28	15	29	108	
	0	81	1	109	2	24	3	22	4	79	5	85	6	32	7	28	8	73	9	67	10	28	11	59	12	101	13	96	14	25	15	33	16	24	17	116	18	72	19	71	20	27	21	95	22	27	23	91	24	36	25	90	26	3	27	38	28	21	29	106	
	0	78	1	109	2	11	3	28	4	92	5	87	6	23	7	29	8	69	9	68	10	16	11	66	12	89	13	78	14	22	15	43	16	23	17	103	18	69	19	77	20	25	21	93	22	19	23	95	24	30	25	92	26	13	27	39	28	21	29	100	
	0	69	1	104	2	12	3	24	4	90	5	79	6	31	7	27	8	68	9	67	10	27	11	56	12	87	13	88	14	23	15	30	16	22	17	110	18	79	19	77	20	25	21	95	22	28	23	94	24	31	25	104	26	3	27	43	28	19	29	107	
	0	79	1	94	2	17	3	38	4	87	5	91	6	18	7	26	8	67	9	74	10	14	11	70	12	91	13	78	14	23	15	36	16	24	17	115	18	71	19	90	20	33	21	86	22	35	23	99	24	34	25	108	26	13	27	43	28	5	29	103	
	0	69	1	111	2	18	3	31	4	92	5	84	6	14	7	28	8	79	9	58	10	14	11	67	12	93	13	85	14	30	15	44	16	14	17	108	18	63	19	88	20	34	21	91	22	25	23	98	24	37	25	90	26	16	27	41	28	17	29	102	
	0	82	1	108	2	11	3	22	4	90	5	95	6	22	7	23	8	66	9	61	10	23	11	55	12	88	13	78	14	23	15	35	16	21	17	113	18	76	19	71	20	20	21	103	22	35	23	101	24	28	25	107	26	13	27	50	28	13	29	105	
	0	83	1	109	2	19	3	34	4	90	5	81	6	15	7	23	8	64	9	69	10	30	11	57	12	84	13	85	14	27	15	30	16	26	17	97	18	63	19	80	20	37	21	93	22	24	23	106	24	36	25	94	26	13	27	49	28	11	29	106	
	0	71	1	106	2	11	3	24	4	84	5	93	6	14	7	32	8	72	9	61	10	30	11	61	12	84	13	96	14	12	15	41	16	22	17	104	18	76	19	78	20	30	21	96	22	35	23	106	24	25	25	105	26	14	27	41	28	22	29	103	
	0	66	1	106	2	10	3	28	4	82	5	78	6	23	7	23	8	63	9	57	10	14	11	58	12	87	13	89	14	21	15	37	16	14	17	113	18	80	19	80	20	31	21	95	22	22	23	98	24	37	25	105	26	6	27	47	28	20	29	109	
	0	78	1	111	2	12	3	27	4	89	5	87	6	18	7	31	8	74	9	63	10	26	11	63	12	85	13	89	14	14	15	33	16	17	17	108	18	73	19	82	20	37	21	94	22	21	23	92	24	29	25	108	26	19	27	53	28	22	29	111	
	0	68	1	105	2	19	3	30	4	77	5	93	6	17	7	25	8	73	9	75	10	17	11	65	12	83	13	96	14	28	15	31	16	24	17	107	18	66	19	81	20	38	21	104	22	26	23	90	24	29	25	95	26	14	27	57	28	21	29	113	
	0	75	1	93	2	25	3	24	4	80	5	79	6	20	7	28	8	63	9	68	10	25	11	63	12	86	13	78	14	26	15	29	16	21	17	97	18	77	19	88	20	29	21	91	22	22	23	100	24	24	25	107	26	7	27	56	28	13	29	113	
	0	65	1	99	2	22	3	34	4	75	5	89	6	27	7	21	8	72	9	69	10	23	11	66	12	96	13	83	14	26	15	39	16	29	17	101	18	62	19	84	20	22	21	93	22	32	23	89	24	30	25	90	26	14	27	45	28	4	29	97	
	0	81	1	95	2	8	3	24	4	78	5	93	6	22	7	35	8	77	9	63	10	13	11	71	12	92	13	93	14	13	15	40	16	14	17	108	18	80	19	73	20	36	21	94	22	35	23	104	24	23	25	100	26	9	27	39	28	22	29	94	
	0	66	1	102	2	22	3	22	4	80	5	92	6	23	7	32	8	80	9	66	10	29	11	67	12	99	13	78	14	27	15	29	16	26	17	109	18	64	19	90	20	32	21	103	22	30	23	91	24	31	25	106	26	4	27	38	28	10	29	100	
	0	70	1	107	2	11	3	40	4	75	5	90	6	28	7	21	8	66	9	61	10	29	11	61	12	91	13	94	14	29	15	39	16	21	17	101	18	75	19	89	20	23	21	92	22	26	23	90	24	21	25	93	26	9	27	54	28	20	29	110	
	0	82	1	109	2	21	3	28	4	79	5	90	6	26	7	38	8	77	9	63	10	31	11	57	12	92	13	79	14	18	15	39	16	25	17	112	18	65	19	88	20	38	21	91	22	20	23	87	24	31	25	91	26	8	27	55	28	23	29	102	
	0	80	1	94	2	17	3	27	4	91	5	78	6	20	7	25	8	81	9	73	10	21	11	57	12	82	13	92	14	29	15	36	16	27	17	104	18	71	19	78	20	34	21	91	22	33	23	93	24	22	25	104	26	16	27	49	28	8	29	108	
	0	69	1	92	2	13	3	38	4	74	5	80	6	14	7	26	8	67	9	75	10	26	11	55	12	88	13	92	14	12	15	34	16	30	17	97	18	72	19	76	20	24	21	87	22	21	23	102	24	23	25	105	26	6	27	38	28	14	29	95	
	0	83	1	102	2	13	3	39	4	86	5	79	6	27	7	35	8	73	9	59	10	30	11	62	12	98	13	94	14	28	15	36	16	24	17	111	18	65	19	90	20	34	21	89	22	19	23	90	24	37	25	93	26	14	27	45	28	19	29	111	
	0	70	1	92	2	14	3	30	4	91	5	93	6	21	7	36	8	72	9	75	10	21	11	56	12	101	13	90	14	14	15	47	16	21	17	100	18	71	19	74	20	20	21	93	22	26	23	91	24	33	25	106	26	14	27	42	28	14	29	106	
	0	69	1	92	2	22	3	29	4	78	5	79	6	26	7	38	8	70	9	73	10	18	11	60	12	91	13	83	14	20	15	42	16	23	17	115	18	70	19	78	20	34	21	86	22	26	23	90	24	31	25	95	26	8	27	49	28	14	29	103	
	0	68	1	96	2	25	3	22	4	79	5	85	6	21	7	20	8	77	9	64	10	32	11	54	12	90	13	81	14	13	15	29	16	18	17	101	18	66	19	79	20	24	21	99	22	38	23	96	24	28	25	98	26	12	27	39	28	8	29	113	
	0	66	1	108	2	20	3	39	4	89	5	94	6	32	7	24	8	64	9	57	10	21	11	66	12	84	13	94	14	27	15	44	16	16	17	109	18	78	19	79	20	26	21	88	22	32	23	106	24	37	25	103	26	2	27	51	28	11	29	101	
	0	68	1	108	2	9	3	33	4	90	5	92	6	22	7	28	8	77	9	69	10	22	11	55	12	87	13	89	14	24	15	45	16	31	17	97	18	77	19	84	20	26	21	97	22	26	23	89	24	30	25	98	26	10	27	56	28	10	29	101	
	0	65	1	92	2	8	3	38	4	78	5	76	6	19	7	28	8	63	9	60	10	13	11	68	12	88	13	84	14	26	15	38	16	28	17	99	18	66	19	79	20	36	21	91	22	27	23	94	24	37	25	94	26	7	27	43	28	21	29	109	
	0	72	1	100	2	12	3	27	4	81	5	94	6	23	7	20	8	73	9	62	10	16	11	63	12	100	13	82	14	22	15	35	16	21	17	109	18	79	19	77	20	22	21	96	22	22	23	97	24	40	25	106	26	5	27	50	28	14	29	103	
	0	78	1	102	2	25	3	39	4	87	5	83	6	25	7	36	8	70	9	64	10	23	11	65	12	101	13	86	14	24	15	40	16	21	17	102	18	80	19	87	20	34	21	86	22	37	23	96	24	37	25	95	26	12	27	40	28	16	29	99	
	0	73	1	92	2	24	3	22	4	83	5	87	6	16	7	31	8	73	9	56	10	14	11	73	12	99	13	91	14	19	15	32	16	30	17	104	18	73	19	75	20	20	21	93	22	24	23	104	24	25	25	93	26	8	27	41	28	14	29	95	
	0	82	1	102	2	25	3	25	4	88	5	91	6	20	7	23	8	67	9	68	10	27	11	59	12	87	13	80	14	19	15	41	16	13	17	114	18	69	19	83	20	23	21	103	22	20	23	97	24	34	25	99	26	3	27	39	28	12	29	99	
	0	67	1	99	2	14	3	22	4	79	5	80	6	16	7	32	8	63	9	65	10	22	11	63	12	90	13	90	14	20	15	29	16	20	17	102	18	72	19	87	20	34	21	101	22	26	23	87	24	21	25	98	26	2	27	42	28	10	29	111	
	0	83	1	103	2	11	3	35	4	79	5	77	6	24	7	31	8	80	9	67	10	21	11	71	12	100	13	83	14	25	15	45	16	25	17	100	18	63	19	71	20	27	21	86	22	35	23	97	24	36	25	97	26	8	27	54	28	10	29	111	
	0	71	1	111	2	15	3	32	4	78	5	77	6	20	7	35	8	68	9	70	10	13	11	57	12	101	13	97	14	25	15	33	16	32	17	106	18	70	19	87	20	30	21	97	22	21	23	99	24	21	25	106	26	15	27	40	28	21	29	94	
	0	65	1	105	2	13	3	21	4	74	5	89	6	33	7	32	8	68	9	65	10	22	11	59	12	94	13	97	14	15	15	35	16	26	17	98	18	80	19	81	20	24	21	92	22	25	23	96	24	28	25	89	26	10	27	55	28	10	29	96	
	0	68	1	104	2	15	3	22	4	75	5	95	6	31	7	32	8	65	9	57	10	14	11	58	12	88	13	82	14	26	15	40	16	23	17	97	18	70	19	77	20	24	21	93	22	30	23	94	24	30	25	107	26	18	27	41	28	18	29	113	
	0	82	1	96	2	15	3	36	4	81	5	92	6	24	7	28	8	63	9	61	10	21	11	73	12	92	13	78	14	28	15	37	16	13	17	108	18	68	19	77	20	31	21	100	22	21	23	101	24	26	25	102	26	2	27	55	28	9	29	97	
	0	79	1	103	2	25	3	32	4	90	5	94	6	16	7	23	8	65	9	60	10	21	11	71	12	94	13	84	14	20	15	37	16	30	17	98	18	80	19	80	20	29	21	90	22	21	23	87	24	27	25	97	26	9	27	43	28	5	29	108	
	0	64	1	109	2	22	3	26	4	86	5	81	6	24	7	32	8	80	9	60	10	30	11	59	12	97	13	94	14	15	15	28	16	26	17	106	18	69	19	79	20	25	21	88	22	23	23	90	24	21	25	89	26	5	27	48	28	14	29	94	
	0	72	1	108	2	26	3	33	4	92	5	81	6	17	7	20	8	68	9	73	10	20	11	63	12	86	13	90	14	13	15	43	16	28	17	113	18	75	19	73	20	33	21	86	22	33	23	98	24	38	25	104	26	12	27	44	28	22	29	113	
	0	80	1	108	2	13	3	28	4	86	5	93	6	25	7	23	8	63	9	70	10	31	11	59	12	100	13	97	14	18	15	43	16	19	17	99	18	72	19	77	20	38	21	86	22	35	23	88	24	37	25	98	26	5	27	47	28	12	29	95	
	0	83	1	101	2	18	3	40	4	92	5	93	6	14	7	23	8	81	9	74	10	13	11	58	12	94	13	82	14	21	15	47	16	32	17	100	18	70	19	74	20	24	21	87	22	22	23	103	24	39	25	93	26	15	27	40	28	18	29	106	
	0	76	1	99	2	26	3	27	4	90	5	78	6	17	7	21	8	74	9	70	10	17	11	62	12	83	13	90	14	16	15	35	16	28	17	99	18	76	19	83	20	36	21	87	22	31	23	102	24	36	25	106	26	9	27	41	28	4	29	99	
	0	69	1	106	2	9	3	27	4	86	5	83	6	26	7	39	8	69	9	69	10	18	11	55	12	96	13	88	14	19	15	47	16	30	17	99	18	74	19	76	20	31	21	100	22	20	23	93	24	26	25	94	26	13	27	53	28	20	29	99	
	0	72	1	111	2	18	3	40	4	88	5	90	6	31	7	33	8	81	9	63	10	13	11	61	12	83	13	95	14	21	15	34	16	28	17	113	18	69	19	90	20	39	21	102	22	38	23	99	24	34	25	97	26	14	27	45	28	6	29	102	
	0	75	1	96	2	25	3	36	4	73	5	89	6	22	7	33	8	67	9	59	10	24	11	59	12	89	13	94	14	13	15	42	16	25	17	114	18	70	19	89	20	35	21	86	22	31	23	89	24	35	25	90	26	4	27	56	28	21	29	96	
	0	81	1	106	2	23	3	36	4	87	5	86	6	27	7	36	8	65	9	56	10	21	11	67	12	101	13	93	14	29	15	31	16	27	17	113	18	74	19	76	20	39	21	101	22	27	23	90	24	33	25	99	26	14	27	39	28	19	29	97	
	0	68	1	111	2	16	3	31	4	91	5	84	6	33	7	24	8	63	9	60	10	20	11	65	12	91	13	94	14	16	15	36	16	19	17	112	18	69	19	89	20	31	21	96	22	37	23	87	24	26	25	104	26	11	27	50	28	18	29	107	
	0	78	1	97	2	13	3	32	4	90	5	80	6	28	7	36	8	71	9	69	10	21	11	73	12	93	13	93	14	31	15	29	16	17	17	105	18	61	19	90	20	34	21	95	22	32	23	94	24	29	25	95	26	7	27	55	28	12	29	110	
	0	69	1	93	2	19	3	29	4	83	5	93	6	16	7	26	8	71	9	71	10	14	11	58	12	85	13	86	14	15	15	34	16	14	17	108	18	70	19	83	20	31	21	95	22	22	23	97	24	40	25	103	26	14	27	54	28	13	29	106	
	0	71	1	111	2	27	3	23	4	76	5	81	6	31	7	20	8	72	9	69	10	19	11	59	12	95	13	91	14	20	15	34	16	22	17	106	18	70	19	86	20	30	21	87	22	33	23	103	24	21	25	97	26	5	27	44	28	9	29	96	
	0	72	1	92	2	24	3	34	4	78	5	76	6	30	7	20	8	71	9	68	10	23	11	55	12	95	13	83	14	25	15	31	16	32	17	113	18	68	19	79	20	28	21	90	22	32	23	100	24	38	25	89	26	17	27	51	28	8	29	95	
	0	65	1	96	2	11	3	32	4	85	5	86	6	24	7	22	8	79	9	56	10	30	11	71	12	85	13	94	14	20	15	41	16	25	17	113	18	74	19	88	20	27	21	86	22	26	23	91	24	29	25	107	26	16	27	39	28	14	29	105	
	0	72	1	97	2	23	3	31	4	90	5	80	6	20	7	26	8	70	9	74	10	24	11	69	12	88	13	87	14	15	15	44	16	19	17	105	18	78	19	76	20	29	21	102	22	28	23	92	24	32	25	96	26	19	27	46	28	11	29	102	
	0	77	1	101	2	17	3	35	4	77	5	88	6	15	7	36	8	72	9	74	10	22	11	69	12	88	13	89	14	15	15	37	16	29	17	105	18	64	19	79	20	20	21	99	22	29	23	104	24	24	25	105	26	6	27	56	28	15	29	102	
	0	67	1	108	2	12	3	37	4	79	5	84	6	25	7	25	8	63	9	56	10	19	11	69	12	92	13	92	14	23	15	28	16	31	17	106	18	79	19	77	20	22	21	100	22	33	23	102	24	27	25	91	26	6	27	53	28	5	29	112	
	0	71	1	107	2	12	3	23	4	89	5	88	6	15	7	35	8	75	9	69	10	30	11	59	12	87	13	91	14	16	15	28	16	18	17	114	18	70	19	84	20	38	21	98	22	32	23	105	24	32	25	105	26	17	27	53	28	5	29	102	
	0	70	1	111	2	13	3	39	4	79	5	79	6	16	7	24	8	74	9	67	10	16	11	70	12	95	13	92	14	13	15	47	16	30	17	112	18	75	19	77	20	38	21	94	22	37	23	95	24	21	25	95	26	18	27	52	28	6	29	100	
	0	65	1	98	2	16	3	21	4	81	5	84	6	26	7	22	8	82	9	59	10	17	11	68	12	100	13	85	14	13	15	35	16	14	17	101	18	71	19	72	20	37	21	99	22	19	23	97	24	24	25	100	26	15	27	39	28	7	29	106	
	0	66	1	94	2	18	3	39	4	81	5	92	6	14	7	31	8	69	9	74	10	32	11	54	12	92	13	90	14	25	15	31	16	24	17	115	18	72	19	73	20	20	21	97	22	33	23	104	24	22	25	105	26	8	27	47	28	20	29	94	
	0	68	1	97	2	23	3	26	4	83	5	92	6	26	7	35	8	69	9	75	10	30	11	68	12	93	13	79	14	26	15	38	16	26	17	100	18	78	19	73	20	32	21	95	22	23	23	94	24	21	25	108	26	2	27	47	28	21	29	106	
	0	73	1	109	2	14	3	30	4	75	5	90	6	24	7	24	8	80	9	57	10	31	11	66	12	98	13	82	14	22	15	37	16	25	17	97	18	64	19	77	20	32	21	87	22	37	23	98	24	35	25	106	26	10	27	49	28	9	29	111	
	0	72	1	102	2	19	3	29	4	82	5	91	6	26	7	20	8	76	9	72	10	22	11	60	12	89	13	95	14	24	15	47	16	21	17	101	18	63	19	83	20	36	21	99	22	38	23	101	24	39	25	102	26	21	27	46	28	8	29	110	
	0	64	1	95	2	20	3	30	4	84	5	81	6	23	7	28	8	63	9	66	10	24	11	65	12	83	13	87	14	28	15	44	16	25	17	105	18	71	19	71	20	32	21	100	22	36	23	100	24	30	25	89	26	4	27	51	28	8	29	105	
	0	73	1	94	2	10	3	28	4	91	5	85	6	22	7	30	8	68	9	70	10	15	11	62	12	95	13	90	14	12	15	31	16	17	17	98	18	62	19	71	20	35	21	92	22	35	23	87	24	36	25	100	26	16	27	56	28	13	29	109	
	0	64	1	98	2	25	3	29	4	73	5	83	6	21	7	34	8	78	9	58	10	26	11	72	12	91	13	92	14	16	15	31	16	28	17	110	18	76	19	84	20	35	21	100	22	19	23	92	24	23	25	89	26	12	27	52	28	18	29	94	
	0	68	1	92	2	27	3	29	4	88	5	94	6	23	7	35	8	81	9	66	10	24	11	63	12	92	13	91	14	20	15	40	16	15	17	112	18	76	19	82	20	21	21	87	22	28	23	103	24	37	25	93	26	9	27	54	28	17	29	94	
	0	76	1	96	2	19	3	36	4	88	5	89	6	33	7	25	8	81	9	70	10	14	11	60	12	97	13	87	14	12	15	28	16	15	17	110	18	79	19	87	20	25	21	91	22	32	23	92	24	37	25	92	26	4	27	54	28	13	29	101	
	0	64	1	99	2	12	3	25	4	73	5	93	6	22	7	22	8	73	9	58	10	26	11	63	12	82	13	79	14	17	15	39	16	30	17	108	18	78	19	83	20	31	21	101	22	29	23	93	24	22	25	97	26	2	27	40	28	12	29	113	
	0	71	1	97	2	24	3	38	4	81	5	95	6	28	7	20	8	80	9	57	10	32	11	58	12	99	13	91	14	21	15	42	16	15	17	106	18	62	19	89	20	23	21	94	22	21	23	89	24	31	25	107	26	8	27	50	28	9	29	104	
	0	76	1	104	2	22	3	33	4	77	5	78	6	16	7	23	8	66	9	68	10	24	11	55	12	98	13	91	14	18	15	31	16	21	17	97	18	74	19	77	20	28	21	95	22	26	23	90	24	23	25	91	26	10	27	55	28	9	29	100	
	0	79	1	101	2	26	3	34	4	84	5	88	6	19	7	31	8	75	9	66	10	23	11	57	12	94	13	92	14	31	15	39	16	17	17	105	18	61	19	87	20	39	21	87	22	19	23	87	24	32	25	91	26	6	27	48	28	6	29	109	
	0	70	1	93	2	8	3	34	4	76	5	94	6	32	7	23	8	79	9	66	10	19	11	60	12	83	13	88	14	28	15	46	16	26	17	110	18	80	19	84	20	22	21	88	22	28	23	97	24	34	25	89	26	8	27	54	28	7	29	95	
	0	76	1	109	2	11	3	36	4	92	5	77	6	24	7	32	8	82	9	66	10	18	11	56	12	85	13	95	14	13	15	31	16	26	17	102	18	73	19	87	20	29	21	99	22	34	23	104	24	39	25	104	26	3	27	52	28	22	29	108	
	0	66	1	97	2	25	3	37	4	84	5	92	6	20	7	20	8	73	9	66	10	24	11	72	12	91	13	83	14	28	15	35	16	13	17	109	18	78	19	74	20	22	21	94	22	25	23	92	24	36	25	103	26	9	27	49	28	7	29	101	
	0	77	1	94	2	16	3	40	4	83	5	86	6	19	7	36	8	77	9	63	10	13	11	55	12	96	13	82	14	15	15	32	16	24	17	105	18	69	19	86	20	27	21	91	22	23	23	99	24	40	25	101	26	13	27	52	28	22	29	108	
	0	80	1	104	2	15	3	34	4	85	5	81	6	31	7	39	8	78	9	58	10	24	11	67	12	92	13	78	14	31	15	29	16	32	17	114	18	75	19	73	20	22	21	103	22	36	23	89	24	22	25	91	26	12	27	47	28	9	29	103	
	0	82	1	98	2	14	3	36	4	73	5	77	6	15	7	25	8	75	9	66	10	14	11	56	12	94	13	90	14	16	15	38	16	15	17	97	18	64	19	72	20	21	21	86	22	30	23	98	24	39	25	89	26	8	27	38	28	16	29	102	
	0	81	1	92	2	25	3	36	4	80	5	91	6	24	7	23	8	80	9	60	10	13	11	68	12	98	13	80	14	26	15	42	16	29	17	114	18	65	19	90	20	20	21	86	22	19	23	89	24	30	25	107	26	5	27	49	28	6	29	104	
	0	69	1	103	2	27	3	26	4	92	5	79	6	23	7	29	8	69	9	65	10	14	11	60	12	82	13	93	14	17	15	44	16	18	17	116	18	74	19	74	20	38	21	105	22	30	23	106	24	34	25	99	26	18	27	44	28	15	29	108	
	0	83	1	101	2	17	3	35	4	79	5	88	6	16	7	25	8	63	9	64	10	29	11	65	12	82	13	93	14	24	15	47	16	32	17	107	18	63	19	77	20	33	21	86	22	23	23	87	24	38	25	99	26	19	27	47	28	6	29	111	
	0	64	1	108	2	22	3	40	4	91	5	86	6	17	7	29	8	74	9	67	10	14	11	55	12	90	13	94	14	28	15	44	16	14	17	109	18	79	19	87	20	33	21	100	22	25	23	99	24	21	25	96	26	9	27	45	28	5	29	103	
	0	67	1	98	2	10	3	31	4	80	5	84	6	32	7	38	8	66	9	65	10	19	11	67	12	87	13	87	14	30	15	40	16	18	17	116	18	80	19	85	20	38	21	102	22	32	23	105	24	33	25	104	26	15	27	46	28	4	29	104	
	0	76	1	104	2	9	3	36	4	76	5	90	6	32	7	33	8	63	9	59	10	15	11	65	12	89	13	81	14	17	15	39	16	16	17	111	18	67	19	81	20	39	21	101	22	30	23	87	24	28	25	108	26	4	27	49	28	8	29	112	
	0	83	1	93	2	9	3	29	4	88	5	91	6	16	7	36	8	79	9	59	10	24	11	68	12	101	13	89	14	20	15	29	16	19	17	113	18	62	19	87	20	30	21	95	22	20	23	87	24	32	25	96	26	6	27	47	28	21	29	105	
	0	72	1	94	2	17	3	28	4	82	5	93	6	22	7	36	8	78	9	67	10	25	11	59	12	95	13	97	14	29	15	42	16	24	17	105	18	64	19	76	20	21	21	90	22	19	23	92	24	38	25	94	26	21	27	57	28	15	29	108	
	0	74	1	94	2	24	3	27	4	81	5	82	6	31	7	37	8	82	9	70	10	19	11	73	12	86	13	93	14	27	15	29	16	29	17	111	18	76	19	79	20	32	21	92	22	38	23	92	24	29	25	100	26	11	27	52	28	21	29	105	
	0	79	1	106	2	21	3	29	4	78	5	79	6	17	7	28	8	73	9	56	10	30	11	70	12	98	13	88	14	14	15	36	16	27	17	109	18	68	19	87	20	21	21	90	22	31	23	95	24	26	25	97	26	9	27	49	28	8	29	102	
	0	74	1	103	2	15	3	36	4	80	5	80	6	14	7	24	8	77	9	57	10	31	11	70	12	99	13	93	14	23	15	31	16	21	17	104	18	71	19	78	20	39	21	96	22	26	23	93	24	31	25	102	26	14	27	38	28	21	29	110	
	0	74	1	109	2	19	3	39	4	92	5	82	6	18	7	23	8	70	9	73	10	28	11	60	12	92	13	95	14	16	15	38	16	17	17	114	18	80	19	74	20	20	21	94	22	23	23	99	24	28	25	90	26	11	27	50	28	5	29	106	
	0	67	1	111	2	27	3	25	4	80	5	86	6	27	7	24	8	77	9	62	10	21	11	59	12	90	13	80	14	27	15	29	16	24	17	108	18	61	19	73	20	32	21	94	22	35	23	99	24	29	25	102	26	5	27	43	28	23	29	111	
	0	81	1	102	2	20	3	31	4	73	5	91	6	14	7	21	8	78	9	64	10	28	11	56	12	96	13	94	14	18	15	47	16	14	17	105	18	70	19	85	20	23	21	94	22	24	23	94	24	26	25	104	26	21	27	41	28	8	29	94	
	0	79	1	93	2	24	3	33	4	92	5	83	6	26	7	29	8	70	9	67	10	13	11	57	12	100	13	96	14	24	15	39	16	18	17	116	18	74	19	86	20	26	21	98	22	31	23	101	24	38	25	98	26	13	27	54	28	15	29	106	
	0	67	1	96	2	14	3	36	4	80	5	89	6	24	7	32	8	82	9	70	10	19	11	64	12	98	13	85	14	14	15	37	16	31	17	99	18	79	19	73	20	28	21	102	22	32	23	88	24	34	25	96	26	6	27	45	28	8	29	112	
	0	79	1	105	2	14	3	30	4	78	5	86	6	30	7	22	8	71	9	61	10	32	11	57	12	90	13	85	14	24	15	35	16	15	17	97	18	79	19	87	20	21	21	87	22	35	23	103	24	33	25	100	26	10	27	42	28	8	29	109	
	0	66	1	99	2	22	3	23	4	82	5	91	6	24	7	22	8	81	9	64	10	23	11	61	12	100	13	82	14	27	15	46	16	14	17	114	18	75	19	85	20	25	21	98	22	33	23	100	24	27	25	94	26	10	27	39	28	5	29	102	
	0	66	1	98	2	26	3	26	4	83	5	89	6	25	7	33	8	64	9	59	10	14	11	68	12	88	13	94	14	18	15	33	16	29	17	100	18	61	19	90	20	26	21	92	22	26	23	103	24	38	25	103	26	20	27	50	28	22	29	105	
	0	67	1	101	2	26	3	39	4	89	5	81	6	32	7	37	8	72	9	63	10	23	11	63	12	88	13	85	14	24	15	42	16	17	17	105	18	79	19	82	20	27	21	103	22	24	23	88	24	35	25	104	26	4	27	56	28	22	29	102	
	0	82	1	108	2	24	3	35	4	82	5	77	6	28	7	24	8	81	9	69	10	31	11	67	12	99	13	94	14	22	15	28	16	25	17	107	18	65	19	72	20	29	21	91	22	20	23	94	24	32	25	100	26	18	27	45	28	13	29	109	
	0	71	1	94	2	19	3	38	4	77	5	82	6	30	7	38	8	63	9	75	10	19	11	72	12	85	13	85	14	29	15	42	16	20	17	111	18	66	19	75	20	20	21	91	22	38	23	97	24	38	25	90	26	5	27	46	28	14	29	100	
	0	75	1	99	2	9	3	35	4	88	5	83	6	24	7	21	8	75	9	66	10	26	11	72	12	98	13	81	14	19	15	42	16	23	17	100	18	78	19	85	20	31	21	99	22	26	23	103	24	32	25	105	26	12	27	57	28	4	29	101	
	0	71	1	110	2	14	3	35	4	85	5	76	6	30	7	24	8	67	9	71	10	28	11	60	12	94	13	91	14	25	15	43	16	22	17	111	18	61	19	77	20	32	21	92	22	29	23	104	24	33	25	102	26	14	27	46	28	17	29	99	
	0	70	1	111	2	16	3	35	4	87	5	90	6	22	7	36	8	67	9	73	10	13	11	55	12	99	13	88	14	24	15	41	16	28	17	112	18	62	19	72	20	31	21	99	22	26	23	102	24	27	25	96	26	19	27	45	28	14	29	101	
	0	80	1	94	2	26	3	38	4	84	5	88	6	31	7	38	8	81	9	62	10	31	11	54	12	95	13	86	14	20	15	32	16	27	17	108	18	78	19	84	20	21	21	91	22	26	23	89	24	40	25	91	26	11	27	38	28	13	29	97	
	0	72	1	108	2	9	3	38	4	84	5	87	6	28	7	24	8	64	9	56	10	30	11	73	12	84	13	81	14	25	15	44	16	25	17	109	18	77	19	75	20	21	21	91	22	21	23	101	24	30	25	100	26	17	27	54	28	21	29	107	
	0	69	1	106	2	15	3	25	4	78	5	84	6	31	7	35	8	76	9	67	10	15	11	64	12	98	13	87	14	20	15	30	16	27	17	115	18	70	19	78	20	29	21	102	22	26	23	103	24	26	25	104	26	6	27	48	28	6	29	104	
	0	66	1	103	2	24	3	24	4	80	5	82	6	21	7	34	8	73	9	73	10	29	11	71	12	90	13	85	14	21	15	43	16	29	17	98	18	61	19	71	20	35	21	95	22	37	23	98	24	27	25	105	26	21	27	46	28	10	29	111	
	0	76	1	106	2	13	3	38	4	78	5	80	6	31	7	25	8	81	9	66	10	31	11	61	12	90	13	97	14	23	15	36	16	31	17	104	18	76	19	86	20	38	21	92	22	35	23	104	24	33	25	101	26	12	27	54	28	17	29	104	
	0	75	1	96	2	13	3	36	4	76	5	94	6	20	7	26	8	68	9	68	10	20	11	64	12	82	13	90	14	14	15	34	16	26	17	99	18	64	19	89	20	27	21	100	22	38	23	91	24	24	25	96	26	17	27	47	28	11	29	108	
	0	65	1	99	2	14	3	39	4	75	5	86	6	31	7	37	8	65	9	69	10	29	11	73	12	86	13	80	14	31	15	43	16	19	17	102	18	72	19	76	20	31	21	88	22	19	23	105	24	23	25	107	26	8	27	49	28	20	29	108	
	0	80	1	103	2	26	3	40	4	84	5	93	6	28	7	20	8	76	9	75	10	16	11	69	12	84	13	87	14	30	15	44	16	29	17	111	18	80	19	78	20	35	21	98	22	33	23	92	24	37	25	100	26	18	27	51	28	13	29	110	
	0	81	1	97	2	8	3	30	4	79	5	76	6	33	7	25	8	80	9	65	10	23	11	59	12	87	13	97	14	23	15	37	16	14	17	107	18	74	19	80	20	24	21	96	22	29	23	106	24	37	25	108	26	10	27	52	28	17	29	99	
	0	73	1	109	2	21	3	33	4	87	5	89	6	20	7	35	8	65	9	59	10	13	11	65	12	91	13	81	14	15	15	43	16	15	17	102	18	70	19	85	20	24	21	92	22	31	23	87	24	31	25	98	26	12	27	45	28	21	29	104	
	0	68	1	109	2	10	3	28	4	77	5	90	6	14	7	37	8	67	9	71	10	29	11	62	12	82	13	89	14	17	15	33	16	16	17	107	18	74	19	74	20	32	21	86	22	29	23	94	24	33	25	94	26	15	27	42	28	7	29	107	
	0	73	1	104	2	18	3	24	4	86	5	89	6	26	7	27	8	63	9	60	10	25	11	60	12	95	13	81	14	14	15	39	16	21	17	98	18	61	19	75	20	34	21	104	22	31	23	97	24	29	25	89	26	20	27	48	28	17	29	96	
	0	75	1	109	2	9	3	39	4	77	5	92	6	29	7	36	8	68	9	71	10	23	11	55	12	90	13	92	14	18	15	31	16	22	17	112	18	79	19	80	20	27	21	99	22	22	23	103	24	36	25	90	26	8	27	48	28	16	29	109	
	0	81	1	110	2	25	3	29	4	88	5	90	6	25	7	20	8	72	9	57	10	16	11	58	12	95	13	95	14	30	15	28	16	24	17	113	18	70	19	77	20	31	21	92	22	34	23	96	24	26	25	95	26	5	27	38	28	8	29	110	
	0	64	1	92	2	20	3	34	4	92	5	83	6	17	7	34	8	69	9	74	10	24	11	62	12	83	13	87	14	12	15	30	16	24	17	108	18	74	19	90	20	38	21	86	22	32	23	91	24	25	25	91	26	11	27	55	28	13	29	101	
	0	71	1	109	2	10	3	40	4	78	5	94	6	16	7	29	8	63	9	70	10	17	11	59	12	94	13	88	14	21	15	34	16	19	17	111	18	66	19	89	20	27	21	88	22	38	23	92	24	36	25	108	26	6	27	40	28	18	29	108	
	0	79	1	108	2	25	3	30	4	84	5	85	6	26	7	39	8	72	9	56	10	25	11	60	12	92	13	81	14	27	15	42	16	28	17	105	18	73	19	78	20	25	21	97	22	36	23	91	24	32	25	94	26	2	27	57	28	17	29	106	
	0	77	1	110	2	27	3	21	4	74	5	87	6	21	7	29	8	79	9	75	10	17	11	70	12	86	13	85	14	31	15	35	16	16	17	101	18	71	19	83	20	21	21	91	22	38	23	90	24	37	25	93	26	15	27	46	28	11	29	110	
	0	76	1	111	2	11	3	34	4	77	5	85	6	24	7	33	8	76	9	56	10	28	11	62	12	82	13	84	14	16	15	45	16	16	17	116	18	62	19	80	20	36	21	103	22	19	23	87	24	39	25	92	26	4	27	45	28	15	29	99	
	0	81	1	96	2	19	3	22	4	86	5	77	6	15	7	30	8	76	9	62	10	19	11	64	12	87	13	82	14	17	15	31	16	31	17	108	18	72	19	86	20	21	21	89	22	28	23	98	24	40	25	89	26	20	27	39	28	10	29	113	
	0	80	1	111	2	24	3	21	4	92	5	77	6	15	7	23	8	81	9	57	10	27	11	63	12	89	13	97	14	22	15	32	16	27	17	99	18	66	19	87	20	28	21	92	22	19	23	96	24	39	25	92	26	16	27	46	28	11	29	112	
	0	75	1	109	2	16	3	30	4	79	5	86	6	25	7	26	8	69	9	72	10	23	11	72	12	86	13	97	14	30	15	37	16	14	17	115	18	66	19	82	20	24	21	98	22	31	23	90	24	27	25	98	26	18	27	44	28	22	29	101	
	0	68	1	104	2	24	3	26	4	73	5	93	6	25	7	24	8	64	9	73	10	18	11	61	12	83	13	91	14	17	15	31	16	22	17	105	18	62	19	89	20	38	21	88	22	22	23	105	24	26	25	91	26	19	27	49	28	19	29	95	
	0	79	1	109	2	18	3	30	4	92	5	80	6	19	7	32	8	69	9	63	10	26	11	57	12	90	13	95	14	26	15	41	16	30	17	111	18	63	19	75	20	26	21	91	22	27	23	96	24	35	25	105	26	8	27	54	28	22	29	98	
	0	82	1	96	2	27	3	29	4	83	5	93	6	16	7	25	8	66	9	59	10	30	11	68	12	87	13	95	14	21	15	34	16	26	17	110	18	68	19	84	20	22	21	90	22	35	23	97	24	21	25	106	26	5	27	48	28	20	29	103	
	0	71	1	103	2	14	3	26	4	91	5	88	6	14	7	28	8	77	9	69	10	31	11	64	12	90	13	94	14	30	15	36	16	28	17	105	18	66	19	72	20	22	21	90	22	20	23	100	24	27	25	106	26	13	27	53	28	11	29	108	
	0	76	1	97	2	18	3	28	4	79	5	92	6	20	7	32	8	73	9	66	10	28	11	55	12	90	13	96	14	31	15	34	16	22	17	114	18	71	19	87	20	34	21	93	22	28	23	106	24	40	25	107	26	13	27	46	28	11	29	98	
	0	73	1	97	2	13	3	31	4	73	5	88	6	33	7	34	8	67	9	65	10	29	11	70	12	100	13	88	14	17	15	41	16	22	17	110	18	68	19	74	20	39	21	87	22	34	23	100	24	30	25	91	26	13	27	55	28	7	29	110	
	0	71	1	95	2	11	3	33	4	82	5	95	6	18	7	28	8	68	9	71	10	26	11	60	12	97	13	91	14	15	15	45	16	32	17	108	18	71	19	82	20	21	21	91	22	33	23	104	24	31	25	90	26	9	27	53	28	23	29	112	
	0	77	1	109	2	9	3	23	4	90	5	80	6	17	7	23	8	68	9	65	10	31	11	68	12	99	13	87	14	26	15	35	16	28	17	115	18	75	19	75	20	31	21	96	22	22	23	96	24	31	25	101	26	12	27	39	28	22	29	108	
	0	69	1	102	2	19	3	22	4	79	5	92	6	30	7	22	8	69	9	56	10	31	11	57	12	91	13	91	14	23	15	39	16	17	17	101	18	62	19	82	20	33	21	95	22	25	23	103	24	21	25	103	26	10	27	39	28	10	29	104	
	0	83	1	95	2	12	3	36	4	80	5	93	6	31	7	26	8	67	9	57	10	32	11	72	12	92	13	89	14	22	15	29	16	27	17	113	18	71	19	76	20	31	21	96	22	34	23	101	24	32	25	97	26	17	27	40	28	17	29	112	
	0	83	1	101	2	27	3	28	4	76	5	77	6	23	7	39	8	75	9	59	10	17	11	71	12	94	13	86	14	22	15	36	16	14	17	102	18	78	19	71	20	33	21	103	22	30	23	92	24	25	25	98	26	4	27	41	28	4	29	102	
	0	79	1	93	2	20	3	25	4	86	5	93	6	19	7	33	8	80	9	74	10	16	11	57	12	87	13	87	14	25	15	38	16	26	17	108	18	61	19	79	20	28	21	98	22	34	23	96	24	22	25	89	26	18	27	39	28	8	29	98	
	0	68	1	93	2	15	3	39	4	79	5	85	6	33	7	30	8	71	9	64	10	30	11	73	12	90	13	81	14	14	15	34	16	25	17	104	18	80	19	72	20	34	21	98	22	35	23	98	24	35	25	97	26	11	27	48	28	11	29	112	
	0	75	1	103	2	19	3	33	4	77	5	84	6	33	7	38	8	79	9	62	10	23	11	59	12	95	13	96	14	16	15	34	16	16	17	106	18	67	19	84	20	36	21	101	22	32	23	104	24	22	25	91	26	8	27	39	28	6	29	95	
	0	73	1	106	2	18	3	21	4	74	5	86	6	31	7	20	8	72	9	66	10	14	11	61	12	94	13	89	14	28	15	46	16	22	17	109	18	73	19	82	20	21	21	95	22	25	23	93	24	23	25	101	26	4	27	45	28	17	29	107	
	0	66	1	102	2	27	3	24	4	80	5	80	6	26	7	34	8	82	9	58	10	25	11	73	12	100	13	81	14	16	15	41	16	24	17	105	18	80	19	85	20	30	21	92	22	38	23	104	24	37	25	101	26	14	27	57	28	19	29	101	
	0	76	1	108	2	19	3	34	4	80	5	80	6	30	7	36	8	79	9	69	10	30	11	70	12	86	13	80	14	22	15	40	16	25	17	113	18	71	19	80	20	33	21	105	22	24	23	94	24	37	25	108	26	3	27	55	28	22	29	101	
	0	71	1	92	2	13	3	29	4	77	5	95	6	31	7	36	8	72	9	57	10	28	11	64	12	95	13	80	14	23	15	38	16	31	17	111	18	73	19	71	20	35	21	100	22	33	23	91	24	31	25	94	26	17	27	52	28	14	29	103	
	0	65	1	94	2	11	3	32	4	75	5	92	6	18	7	37	8	63	9	73	10	30	11	63	12	100	13	83	14	26	15	38	16	19	17	111	18	69	19	75	20	23	21	99	22	34	23	92	24	22	25	93	26	15	27	43	28	8	29	107	
	0	78	1	92	2	12	3	35	4	88	5	95	6	22	7	20	8	74	9	62	10	24	11	73	12	91	13	91	14	21	15	42	16	14	17	105	18	78	19	82	20	27	21	98	22	36	23	87	24	21	25	103	26	4	27	54	28	21	29	105	
	0	72	1	104	2	14	3	35	4	90	5	82	6	14	7	36	8	65	9	58	10	25	11	60	12	95	13	89	14	23	15	37	16	25	17	112	18	75	19	80	20	29	21	100	22	38	23	104	24	24	25	106	26	12	27	54	28	11	29	112	
	0	81	1	96	2	15	3	25	4	90	5	78	6	18	7	39	8	82	9	74	10	25	11	58	12	86	13	97	14	20	15	41	16	32	17	109	18	78	19	74	20	23	21	92	22	33	23	102	24	34	25	91	26	18	27	54	28	10	29	99	
	0	73	1	98	2	10	3	29	4	92	5	80	6	16	7	34	8	82	9	61	10	25	11	67	12	82	13	82	14	24	15	46	16	21	17	115	18	63	19	75	20	35	21	95	22	33	23	90	24	35	25	105	26	5	27	56	28	14	29	95	
	0	79	1	106	2	11	3	30	4	80	5	86	6	16	7	38	8	66	9	65	10	30	11	56	12	87	13	79	14	15	15	47	16	27	17	100	18	69	19	72	20	36	21	94	22	24	23	98	24	23	25	89	26	12	27	48	28	10	29	111	
	0	66	1	107	2	16	3	23	4	91	5	83	6	19	7	38	8	69	9	75	10	18	11	62	12	95	13	91	14	15	15	44	16	24	17	113	18	63	19	83	20	32	21	101	22	31	23	96	24	35	25	101	26	10	27	49	28	10	29	103	
	0	65	1	107	2	16	3	22	4	91	5	90	6	21	7	38	8	68	9	70	10	15	11	54	12	97	13	84	14	27	15	47	16	20	17	99	18	74	19	83	20	22	21	99	22	31	23	99	24	28	25	99	26	20	27	44	28	20	29	104	
	0	67	1	97	2	12	3	30	4	81	5	83	6	25	7	36	8	73	9	61	10	23	11	72	12	90	13	78	14	26	15	42	16	20	17	98	18	80	19	88	20	26	21	99	22	29	23	106	24	33	25	105	26	8	27	41	28	11	29	97	
	0	66	1	109	2	15	3	38	4	79	5	93	6	25	7	24	8	81	9	70	10	31	11	55	12	82	13	89	14	29	15	34	16	32	17	112	18	64	19	82	20	28	21	102	22	25	23	100	24	40	25	104	26	2	27	46	28	7	29	101	
	0	67	1	104	2	16	3	28	4	89	5	92	6	23	7	35	8	80	9	70	10	26	11	56	12	98	13	97	14	29	15	28	16	14	17	112	18	63	19	79	20	30	21	98	22	34	23	101	24	35	25	92	26	2	27	42	28	8	29	111	
	0	66	1	92	2	22	3	29	4	91	5	82	6	22	7	29	8	66	9	57	10	21	11	67	12	97	13	87	14	22	15	39	16	19	17	97	18	62	19	90	20	27	21	92	22	30	23	88	24	36	25	107	26	8	27	44	28	23	29	108	
	0	76	1	94	2	15	3	26	4	86	5	93	6	14	7	36	8	66	9	68	10	15	11	65	12	86	13	84	14	13	15	29	16	26	17	112	18	70	19	74	20	22	21	89	22	25	23	100	24	36	25	104	26	13	27	40	28	12	29	98	
	0	77	1	102	2	22	3	35	4	92	5	84	6	30	7	30	8	63	9	75	10	28	11	57	12	86	13	86	14	12	15	43	16	32	17	97	18	78	19	76	20	29	21	99	22	28	23	92	24	32	25	94	26	20	27	54	28	17	29	113	
	0	82	1	111	2	12	3	38	4	87	5	92	6	23	7	27	8	64	9	68	10	13	11	55	12	86	13	92	14	29	15	40	16	21	17	102	18	65	19	76	20	38	21	96	22	23	23	106	24	23	25	91	26	17	27	38	28	17	29	100	
	0	73	1	104	2	26	3	24	4	92	5	91	6	33	7	27	8	69	9	57	10	27	11	56	12	85	13	88	14	14	15	40	16	15	17	99	18	61	19	79	20	23	21	96	22	26	23	95	24	37	25	101	26	12	27	56	28	8	29	105	
	0	67	1	105	2	16	3	29	4	76	5	92	6	25	7	39	8	73	9	68	10	18	11	61	12	86	13	97	14	31	15	38	16	21	17	99	18	71	19	81	20	22	21	105	22	32	23	90	24	30	25	106	26	16	27	46	28	23	29	96	
	0	64	1	105	2	20	3	31	4	79	5	95	6	20	7	27	8	71	9	58	10	23	11	62	12	96	13	87	14	16	15	28	16	20	17	112	18	74	19	85	20	33	21	97	22	34	23	100	24	27	25	101	26	17	27	48	28	7	29	109	
	0	77	1	105	2	16	3	32	4	77	5	77	6	33	7	24	8	66	9	74	10	28	11	56	12	94	13	81	14	17	15	47	16	16	17	101	18	68	19	81	20	20	21	102	22	24	23	94	24	39	25	101	26	20	27	38	28	11	29	98	
	0	67	1	109	2	24	3	34	4	80	5	85	6	29	7	21	8	82	9	59	10	16	11	57	12	86	13	82	14	13	15	41	16	20	17	110	18	75	19	85	20	35	21	88	22	34	23	88	24	36	25	93	26	19	27	50	28	17	29	101	
	0	81	1	106	2	11	3	23	4	84	5	90	6	32	7	27	8	64	9	56	10	29	11	58	12	98	13	85	14	19	15	45	16	27	17	111	18	70	19	74	20	29	21	105	22	25	23	97	24	21	25	108	26	16	27	47	28	15	29	107	
	0	77	1	101	2	17	3	37	4	90	5	89	6	27	7	30	8	68	9	62	10	32	11	55	12	87	13	91	14	18	15	45	16	26	17	101	18	77	19	84	20	24	21	94	22	20	23	95	24	23	25	97	26	19	27	54	28	10	29	109	
	0	74	1	105	2	20	3	32	4	75	5	92	6	24	7	31	8	80	9	73	10	32	11	66	12	95	13	80	14	12	15	47	16	25	17	107	18	68	19	75	20	38	21	96	22	28	23	99	24	36	25	95	26	4	27	38	28	16	29	104	
	0	66	1	100	2	22	3	28	4	79	5	88	6	21	7	29	8	71	9	58	10	18	11	64	12	92	13	94	14	31	15	28	16	30	17	97	18	74	19	80	20	32	21	86	22	31	23	91	24	31	25	102	26	12	27	50	28	10	29	105	
	0	65	1	101	2	24	3	40	4	74	5	76	6	25	7	27	8	64	9	75	10	17	11	63	12	83	13	81	14	28	15	37	16	20	17	107	18	68	19	81	20	31	21	91	22	32	23	96	24	28	25	90	26	13	27	38	28	14	29	112	
	0	67	1	96	2	17	3	37	4	92	5	83	6	25	7	27	8	81	9	75	10	25	11	68	12	100	13	94	14	13	15	43	16	21	17	107	18	73	19	71	20	37	21	87	22	24	23	93	24	25	25	107	26	5	27	38	28	7	29	96	
	0	80	1	93	2	23	3	38	4	77	5	95	6	29	7	39	8	67	9	66	10	13	11	64	12	89	13	87	14	31	15	29	16	24	17	100	18	73	19	84	20	34	21	101	22	20	23	96	24	27	25	101	26	7	27	43	28	17	29	112	
	0	80	1	92	2	15	3	31	4	75	5	81	6	15	7	24	8	79	9	73	10	14	11	67	12	83	13	96	14	21	15	44	16	18	17	114	18	63	19	76	20	36	21	105	22	21	23	98	24	37	25	101	26	14	27	57	28	10	29	102	
	0	70	1	93	2	13	3	33	4	92	5	85	6	26	7	37	8	67	9	58	10	23	11	62	12	84	13	95	14	13	15	47	16	31	17	103	18	77	19	85	20	39	21	93	22	28	23	97	24	39	25	103	26	11	27	56	28	20	29	94	
	0	83	1	111	2	10	3	31	4	79	5	79	6	25	7	20	8	76	9	63	10	15	11	58	12	99	13	86	14	19	15	43	16	32	17	99	18	66	19	74	20	27	21	103	22	29	23	100	24	31	25	93	26	3	27	45	28	22	29	106	
	0	67	1	100	2	16	3	36	4	76	5	77	6	20	7	35	8	75	9	67	10	20	11	71	12	89	13	84	14	21	15	42	16	25	17	98	18	80	19	86	20	24	21	96	22	30	23	88	24	26	25	103	26	5	27	39	28	5	29	109	
	0	65	1	94	2	11	3	33	4	73	5	85	6	21	7	35	8	69	9	73	10	26	11	72	12	95	13	94	14	23	15	39	16	26	17	104	18	62	19	71	20	34	21	88	22	29	23	96	24	27	25	101	26	5	27	39	28	15	29	100	
	0	72	1	108	2	27	3	39	4	78	5	83	6	28	7	33	8	75	9	75	10	19	11	66	12	99	13	90	14	19	15	41	16	25	17	107	18	77	19	80	20	37	21	103	22	37	23	96	24	30	25	104	26	12	27	40	28	23	29	97	
	0	68	1	110	2	25	3	36	4	76	5	76	6	33	7	38	8	78	9	69	10	28	11	54	12	89	13	83	14	20	15	44	16	29	17	98	18	67	19	85	20	34	21	103	22	35	23	87	24	39	25	101	26	10	27	52	28	10	29	95	
	0	69	1	106	2	24	3	23	4	91	5	76	6	29	7	33	8	82	9	68	10	31	11	56	12	84	13	88	14	25	15	36	16	13	17	98	18	68	19	79	20	30	21	88	22	29	23	99	24	28	25	99	26	18	27	52	28	21	29	107	
	0	78	1	94	2	26	3	27	4	89	5	88	6	24	7	26	8	81	9	63	10	16	11	70	12	100	13	78	14	26	15	35	16	22	17	116	18	69	19	89	20	36	21	96	22	31	23	95	24	37	25	98	26	8	27	47	28	18	29	107	
	0	72	1	105	2	25	3	28	4	78	5	77	6	15	7	38	8	69	9	73	10	22	11	62	12	90	13	93	14	12	15	32	16	15	17	105	18	74	19	85	20	31	21	103	22	26	23	103	24	21	25	91	26	11	27	49	28	21	29	112	
	0	69	1	98	2	13	3	38	4	73	5	77	6	33	7	31	8	77	9	64	10	19	11	64	12	93	13	87	14	31	15	37	16	28	17	116	18	72	19	89	20	39	21	95	22	38	23	99	24	39	25	105	26	15	27	41	28	16	29	102	
	0	76	1	103	2	18	3	21	4	77	5	92	6	25	7	22	8	67	9	65	10	26	11	67	12	84	13	97	14	15	15	31	16	30	17	114	18	75	19	77	20	28	21	100	22	20	23	92	24	38	25	95	26	21	27	41	28	9	29	110	
	0	67	1	96	2	22	3	21	4	90	5	80	6	14	7	34	8	71	9	62	10	26	11	72	12	85	13	79	14	27	15	33	16	31	17	104	18	79	19	72	20	31	21	101	22	31	23	91	24	31	25	107	26	5	27	57	28	13	29	104	
	0	79	1	97	2	17	3	35	4	88	5	88	6	20	7	33	8	71	9	69	10	13	11	65	12	87	13	95	14	27	15	47	16	18	17	116	18	74	19	88	20	36	21	90	22	20	23	96	24	26	25	102	26	20	27	56	28	23	29	110	
	0	81	1	105	2	18	3	31	4	91	5	93	6	33	7	31	8	82	9	74	10	23	11	69	12	90	13	93	14	12	15	46	16	32	17	104	18	64	19	80	20	33	21	105	22	31	23	98	24	25	25	94	26	20	27	45	28	22	29	113	
	0	76	1	108	2	27	3	24	4	86	5	95	6	25	7	24	8	63	9	70	10	31	11	73	12	90	13	92	14	16	15	43	16	20	17	101	18	68	19	78	20	26	21	91	22	27	23	88	24	32	25	99	26	2	27	41	28	9	29	94	
	0	73	1	108	2	11	3	34	4	87	5	81	6	31	7	35	8	69	9	61	10	18	11	65	12	99	13	95	14	19	15	40	16	16	17	100	18	64	19	74	20	38	21	98	22	32	23	96	24	27	25	94	26	5	27	38	28	23	29	112	
	0	78	1	106	2	26	3	34	4	84	5	80	6	15	7	25	8	64	9	70	10	31	11	71	12	95	13	89	14	14	15	35	16	20	17	97	18	79	19	89	20	25	21	103	22	19	23	94	24	28	25	101	26	20	27	52	28	7	29	97	
	0	83	1	108	2	26	3	21	4	90	5	77	6	15	7	26	8	70	9	72	10	13	11	67	12	93	13	83	14	13	15	38	16	14	17	104	18	62	19	73	20	26	21	104	22	23	23	99	24	33	25	106	26	4	27	44	28	9	29	96	
	0	74	1	107	2	27	3	31	4	89	5	93	6	25	7	23	8	79	9	57	10	19	11	56	12	87	13	81	14	19	15	36	16	31	17	99	18	61	19	78	20	33	21	91	22	23	23	95	24	29	25	104	26	12	27	46	28	19	29	105	
	0	68	1	95	2	19	3	32	4	90	5	93	6	17	7	34	8	75	9	61	10	29	11	62	12	83	13	84	14	20	15	40	16	20	17	97	18	73	19	83	20	24	21	101	22	24	23	105	24	36	25	95	26	9	27	51	28	16	29	113	
	0	65	1	94	2	12	3	23	4	73	5	84	6	32	7	27	8	74	9	65	10	18	11	61	12	82	13	89	14	19	15	32	16	19	17	99	18	71	19	90	20	20	21	90	22	22	23	94	24	36	25	93	26	17	27	43	28	20	29	96	
	0	72	1	92	2	10	3	21	4	75	5	85	6	31	7	21	8	81	9	61	10	28	11	70	12	96	13	80	14	13	15	29	16	26	17	107	18	69	19	90	20	34	21	101	22	23	23	105	24	33	25	100	26	9	27	55	28	18	29	97	
	0	79	1	94	2	18	3	24	4	73	5	90	6	27	7	27	8	78	9	75	10	32	11	73	12	88	13	92	14	16	15	29	16	26	17	111	18	69	19	84	20	34	21	93	22	23	23	104	24	39	25	90	26	13	27	45	28	16	29	106	
	0	81	1	98	2	10	3	32	4	92	5	77	6	29	7	21	8	66	9	61	10	15	11	59	12	98	13	92	14	29	15	35	16	29	17	101	18	72	19	80	20	34	21	99	22	23	23	88	24	40	25	106	26	2	27	46	28	22	29	113	
	0	81	1	100	2	26	3	28	4	78	5	93	6	16	7	37	8	71	9	64	10	25	11	56	12	97	13	84	14	31	15	39	16	23	17	102	18	75	19	75	20	39	21	96	22	29	23	101	24	40	25	107	26	14	27	56	28	22	29	112	
	0	83	1	98	2	8	3	21	4	85	5	83	6	32	7	33	8	75	9	65	10	14	11	56	12	83	13	88	14	15	15	44	16	24	17	112	18	73	19	86	20	30	21	103	22	23	23	88	24	21	25	94	26	8	27	41	28	11	29	110	
	0	75	1	107	2	20	3	23	4	76	5	95	6	27	7	31	8	71	9	62	10	28	11	65	12	98	13	92	14	25	15	38	16	27	17	103	18	71	19	84	20	26	21	97	22	31	23	92	24	32	25	108	26	16	27	49	28	18	29	110	
	0	68	1	110	2	13	3	35	4	74	5	94	6	14	7	27	8	66	9	65	10	23	11	64	12	101	13	84	14	27	15	30	16	14	17	108	18	70	19	90	20	22	21	89	22	35	23	93	24	39	25	95	26	16	27	57	28	12	29	101	
	0	77	1	102	2	14	3	31	4	92	5	89	6	22	7	26	8	72	9	73	10	18	11	66	12	82	13	79	14	25	15	29	16	19	17	111	18	64	19	88	20	29	21	90	22	22	23	100	24	40	25	105	26	9	27	40	28	13	29	94	
	0	71	1	92	2	16	3	37	4	83	5	78	6	25	7	38	8	80	9	67	10	21	11	54	12	88	13	83	14	21	15	42	16	20	17	107	18	68	19	75	20	30	21	102	22	30	23	98	24	29	25	101	26	8	27	54	28	18	29	94	
	0	75	1	107	2	22	3	25	4	85	5	92	6	24	7	24	8	82	9	63	10	32	11	61	12	100	13	91	14	20	15	29	16	21	17	115	18	75	19	87	20	35	21	97	22	21	23	88	24	38	25	103	26	10	27	38	28	16	29	98	
	0	75	1	95	2	14	3	28	4	79	5	82	6	17	7	23	8	77	9	63	10	18	11	60	12	85	13	92	14	23	15	45	16	19	17	113	18	73	19	89	20	20	21	99	22	29	23	88	24	28	25	100	26	15	27	39	28	6	29	96	
	0	69	1	108	2	8	3	22	4	91	5	88	6	29	7	35	8	70	9	63	10	14	11	62	12	97	13	85	14	27	15	34	16	20	17	112	18	76	19	90	20	24	21	88	22	25	23	101	24	40	25	92	26	7	27	51	28	12	29	103	
	0	68	1	98	2	9	3	32	4	78	5	83	6	32	7	27	8	70	9	64	10	19	11	55	12	95	13	88	14	16	15	39	16	25	17	98	18	70	19	88	20	37	21	88	22	27	23	103	24	36	25	98	26	10	27	46	28	20	29	103	
	0	74	1	105	2	17	3	25	4	78	5	95	6	32	7	38	8	75	9	73	10	15	11	73	12	88	13	82	14	23	15	37	16	27	17	101	18	79	19	90	20	32	21	97	22	32	23	88	24	22	25	106	26	3	27	53	28	6	29	101	
	0	70	1	95	2	11	3	21	4	74	5	76	6	26	7	20	8	74	9	64	10	17	11	57	12	91	13	86	14	16	15	32	16	14	17	116	18	63	19	72	20	30	21	91	22	35	23	88	24	37	25	100	26	7	27	42	28	10	29	104	
	0	70	1	100	2	25	3	36	4	82	5	88	6	14	7	29	8	71	9	57	10	23	11	63	12	89	13	96	14	12	15	32	16	28	17	115	18	63	19	82	20	39	21	91	22	35	23	90	24	23	25	96	26	14	27	55	28	7	29	97	
	0	64	1	107	2	14	3	25	4	86	5	81	6	22	7	30	8	68	9	57	10	24	11	55	12	96	13	90	14	15	15	45	16	23	17	116	18	73	19	77	20	38	21	100	22	28	23	99	24	22	25	90	26	17	27	49	28	8	29	110	
	0	83	1	110	2	26	3	40	4	82	5	77	6	24	7	29	8	63	9	74	10	26	11	56	12	84	13	95	14	19	15	42	16	27	17	113	18	75	19	89	20	32	21	97	22	25	23	98	24	30	25	105	26	15	27	42	28	5	29	108	
	0	70	1	94	2	25	3	38	4	82	5	91	6	27	7	36	8	67	9	60	10	32	11	68	12	98	13	89	14	18	15	45	16	17	17	116	18	80	19	90	20	25	21	102	22	37	23	102	24	36	25	94	26	7	27	51	28	6	29	110	
	0	70	1	96	2	11	3	22	4	73	5	95	6	18	7	20	8	69	9	74	10	19	11	69	12	93	13	87	14	14	15	34	16	14	17	110	18	66	19	87	20	36	21	90	22	22	23	87	24	34	25	100	26	14	27	43	28	10	29	110	
	0	68	1	110	2	14	3	38	4	83	5	78	6	20	7	22	8	81	9	57	10	19	11	72	12	100	13	90	14	17	15	42	16	19	17	101	18	62	19	84	20	29	21	96	22	32	23	97	24	35	25	96	26	7	27	40	28	21	29	110	
	0	76	1	108	2	13	3	39	4	82	5	90	6	23	7	34	8	75	9	58	10	28	11	54	12	101	13	93	14	24	15	44	16	23	17	101	18	70	19	90	20	25	21	98	22	30	23	91	24	29	25	92	26	16	27	53	28	23	29	105	
	0	73	1	107	2	8	3	37	4	74	5	87	6	23	7	33	8	68	9	57	10	21	11	60	12	87	13	93	14	24	15	31	16	25	17	106	18	62	19	80	20	35	21	95	22	33	23	104	24	21	25	98	26	4	27	57	28	10	29	96	
	0	75	1	92	2	13	3	33	4	90	5	86	6	24	7	35	8	75	9	58	10	18	11	72	12	100	13	93	14	22	15	47	16	19	17	111	18	62	19	75	20	30	21	86	22	30	23	96	24	26	25	101	26	9	27	54	28	5	29	98	
	0	80	1	100	2	13	3	21	4	79	5	91	6	26	7	32	8	76	9	63	10	32	11	65	12	93	13	80	14	29	15	28	16	22	17	107	18	77	19	88	20	34	21	98	22	27	23	89	24	27	25	90	26	17	27	39	28	10	29	98	
	0	82	1	96	2	24	3	24	4	83	5	78	6	16	7	24	8	65	9	61	10	14	11	62	12	95	13	91	14	16	15	46	16	29	17	112	18	68	19	74	20	37	21	102	22	29	23	104	24	33	25	96	26	21	27	49	28	4	29	112	
	0	67	1	98	2	10	3	24	4	83	5	78	6	27	7	33	8	67	9	70	10	30	11	62	12	94	13	81	14	20	15	34	16	26	17	116	18	79	19	81	20	31	21	93	22	27	23	105	24	40	25	93	26	7	27	52	28	13	29	109	
	0	75	1	101	2	27	3	29	4	77	5	88	6	17	7	25	8	77	9	67	10	14	11	65	12	88	13	90	14	17	15	29	16	17	17	106	18	78	19	74	20	33	21	93	22	24	23	101	24	28	25	99	26	21	27	50	28	12	29	110	
	0	83	1	98	2	9	3	35	4	79	5	93	6	31	7	37	8	76	9	66	10	29	11	59	12	87	13	81	14	31	15	28	16	27	17	99	18	63	19	73	20	34	21	87	22	26	23	104	24	34	25	93	26	5	27	38	28	21	29	113	
	0	65	1	93	2	24	3	21	4	88	5	89	6	21	7	37	8	78	9	65	10	16	11	67	12	89	13	94	14	19	15	39	16	30	17	101	18	80	19	79	20	30	21	91	22	22	23	91	24	37	25	89	26	17	27	39	28	20	29	112	
	0	65	1	94	2	16	3	38	4	78	5	93	6	29	7	38	8	68	9	73	10	25	11	71	12	99	13	91	14	29	15	42	16	17	17	112	18	65	19	83	20	29	21	86	22	38	23	89	24	23	25	100	26	5	27	42	28	8	29	94	
	0	80	1	103	2	16	3	37	4	73	5	84	6	26	7	28	8	73	9	68	10	19	11	67	12	83	13	79	14	18	15	42	16	25	17	112	18	73	19	71	20	39	21	91	22	20	23	95	24	27	25	95	26	4	27	46	28	12	29	96	
	0	80	1	92	2	14	3	24	4	79	5	83	6	24	7	35	8	65	9	74	10	31	11	61	12	93	13	90	14	24	15	47	16	13	17	109	18	79	19	90	20	37	21	99	22	36	23	100	24	38	25	103	26	5	27	47	28	13	29	99	
	0	72	1	95	2	22	3	32	4	81	5	88	6	15	7	23	8	78	9	74	10	32	11	63	12	85	13	92	14	26	15	29	16	29	17	103	18	71	19	86	20	34	21	104	22	29	23	97	24	21	25	107	26	4	27	39	28	8	29	102	
	0	68	1	111	2	8	3	32	4	76	5	83	6	21	7	30	8	66	9	69	10	14	11	57	12	91	13	78	14	30	15	43	16	23	17	98	18	74	19	71	20	35	21	98	22	27	23	95	24	39	25	90	26	20	27	40	28	23	29	100	
	0	71	1	97	2	10	3	34	4	76	5	79	6	16	7	20	8	72	9	67	10	15	11	67	12	89	13	82	14	23	15	30	16	19	17	113	18	79	19	87	20	31	21	104	22	38	23	88	24	28	25	100	26	20	27	40	28	5	29	111	
	0	79	1	109	2	18	3	34	4	79	5	92	6	26	7	29	8	70	9	75	10	28	11	68	12	86	13	82	14	29	15	44	16	13	17	113	18	62	19	71	20	25	21	86	22	37	23	103	24	23	25	92	26	19	27	46	28	22	29	110	
	0	75	1	104	2	11	3	24	4	75	5	86	6	32	7	38	8	66	9	59	10	17	11	64	12	99	13	94	14	15	15	30	16	13	17	111	18	68	19	73	20	34	21	105	22	22	23	106	24	26	25	107	26	3	27	42	28	17	29	95	
	0	64	1	96	2	9	3	29	4	91	5	76	6	17	7	37	8	81	9	62	10	22	11	72	12	98	13	90	14	30	15	30	16	19	17	113	18	61	19	77	20	21	21	102	22	27	23	87	24	40	25	108	26	4	27	43	28	21	29	99	
	0	83	1	97	2	25	3	32	4	87	5	88	6	27	7	20	8	80	9	74	10	32	11	57	12	87	13	79	14	23	15	29	16	14	17	111	18	75	19	72	20	21	21	93	22	33	23	90	24	33	25	89	26	13	27	55	28	23	29	97	
	0	65	1	103	2	13	3	22	4	76	5	93	6	23	7	30	8	64	9	58	10	15	11	72	12	97	13	82	14	24	15	42	16	13	17	98	18	64	19	75	20	29	21	96	22	28	23	101	24	23	25	97	26	12	27	39	28	5	29	100	
	0	81	1	98	2	9	3	33	4	80	5	82	6	16	7	23	8	75	9	59	10	13	11	59	12	89	13	78	14	28	15	36	16	20	17	98	18	79	19	77	20	36	21	88	22	31	23	105	24	23	25	100	26	12	27	49	28	20	29	97	
	0	66	1	103	2	22	3	24	4	84	5	83	6	28	7	25	8	81	9	59	10	19	11	66	12	85	13	82	14	20	15	41	16	15	17	111	18	65	19	75	20	31	21	103	22	24	23	95	24	39	25	102	26	4	27	43	28	7	29	104	
	0	82	1	98	2	17	3	24	4	91	5	87	6	28	7	30	8	77	9	65	10	28	11	55	12	96	13	89	14	17	15	36	16	22	17	102	18	75	19	79	20	28	21	97	22	27	23	96	24	32	25	104	26	6	27	45	28	12	29	104	
	0	80	1	92	2	12	3	29	4	80	5	80	6	25	7	27	8	64	9	57	10	17	11	63	12	92	13	81	14	20	15	33	16	19	17	97	18	73	19	83	20	25	21	89	22	28	23	94	24	35	25	100	26	14	27	41	28	20	29	96	
	0	64	1	98	2	15	3	29	4	79	5	94	6	19	7	20	8	68	9	72	10	23	11	62	12	90	13	94	14	22	15	32	16	32	17	114	18	69	19	78	20	32	21	93	22	32	23	98	24	33	25	92	26	16	27	53	28	12	29	101	
	0	79	1	105	2	19	3	22	4	86	5	95	6	27	7	28	8	76	9	66	10	23	11	71	12	97	13	90	14	25	15	36	16	27	17	108	18	61	19	84	20	20	21	87	22	21	23	97	24	26	25	104	26	14	27	40	28	16	29	95	
	0	67	1	111	2	24	3	29	4	80	5	81	6	16	7	29	8	71	9	70	10	22	11	63	12	97	13	82	14	22	15	32	16	29	17	108	18	66	19	82	20	32	21	88	22	38	23	90	24	31	25	93	26	16	27	49	28	20	29	106	
	0	73	1	103	2	25	3	36	4	86	5	88	6	15	7	31	8	69	9	60	10	31	11	60	12	93	13	88	14	23	15	28	16	32	17	103	18	72	19	86	20	34	21	96	22	33	23	90	24	22	25	92	26	15	27	44	28	23	29	105	
	0	77	1	97	2	9	3	39	4	77	5	85	6	18	7	38	8	70	9	71	10	23	11	73	12	101	13	86	14	18	15	36	16	27	17	100	18	73	19	82	20	27	21	98	22	26	23	105	24	28	25	105	26	16	27	52	28	11	29	112	
	0	80	1	109	2	18	3	28	4	86	5	83	6	28	7	37	8	71	9	72	10	31	11	63	12	83	13	91	14	12	15	35	16	20	17	104	18	78	19	85	20	31	21	95	22	31	23	90	24	40	25	107	26	9	27	52	28	12	29	104	
	0	72	1	111	2	18	3	25	4	87	5	90	6	22	7	29	8	69	9	61	10	30	11	62	12	87	13	95	14	13	15	35	16	22	17	102	18	66	19	90	20	37	21	105	22	29	23	92	24	38	25	94	26	11	27	42	28	8	29	95	
	0	79	1	108	2	15	3	22	4	86	5	89	6	25	7	27	8	63	9	62	10	17	11	73	12	96	13	92	14	27	15	46	16	25	17	104	18	67	19	84	20	37	21	89	22	26	23	103	24	25	25	106	26	7	27	42	28	14	29	94	
	0	68	1	110	2	17	3	21	4	79	5	82	6	28	7	36	8	70	9	64	10	16	11	66	12	87	13	92	14	14	15	46	16	28	17	107	18	61	19	80	20	24	21	104	22	26	23	100	24	23	25	94	26	7	27	48	28	7	29	100	
	0	68	1	105	2	21	3	26	4	82	5	88	6	17	7	36	8	81	9	65	10	29	11	70	12	95	13	80	14	22	15	46	16	17	17	100	18	78	19	87	20	34	21	100	22	37	23	99	24	30	25	90	26	6	27	49	28	7	29	113	
	0	76	1	94	2	11	3	35	4	75	5	83	6	22	7	22	8	80	9	67	10	27	11	63	12	93	13	96	14	24	15	37	16	26	17	104	18	73	19	88	20	26	21	100	22	35	23	100	24	25	25	107	26	12	27	43	28	17	29	109	
	0	65	1	111	2	20	3	23	4	77	5	93	6	31	7	39	8	68	9	61	10	14	11	58	12	98	13	91	14	19	15	35	16	15	17	116	18	76	19	86	20	33	21	98	22	21	23	101	24	27	25	102	26	6	27	40	28	13	29	113	
	0	65	1	103	2	27	3	37	4	88	5	89	6	16	7	35	8	69	9	73	10	13	11	63	12	82	13	83	14	25	15	46	16	14	17	100	18	77	19	83	20	25	21	87	22	31	23	105	24	39	25	103	26	6	27	39	28	10	29	100	
	0	65	1	104	2	15	3	40	4	79	5	80	6	18	7	24	8	78	9	66	10	22	11	73	12	93	13	94	14	12	15	33	16	17	17	98	18	66	19	76	20	33	21	91	22	22	23	97	24	22	25	93	26	7	27	55	28	22	29	94	
	0	66	1	104	2	8	3	27	4	85	5	90	6	25	7	33	8	63	9	67	10	30	11	63	12	90	13	93	14	27	15	43	16	29	17	114	18	69	19	71	20	22	21	103	22	37	23	93	24	36	25	97	26	4	27	54	28	20	29	108	
	0	64	1	108	2	18	3	27	4	80	5	76	6	17	7	36	8	68	9	61	10	25	11	57	12	91	13	78	14	13	15	35	16	31	17	108	18	77	19	75	20	34	21	99	22	26	23	102	24	36	25	108	26	15	27	48	28	7	29	95	
	0	73	1	106	2	11	3	32	4	79	5	91	6	17	7	21	8	63	9	64	10	21	11	68	12	84	13	89	14	12	15	36	16	21	17	102	18	65	19	80	20	30	21	96	22	27	23	95	24	37	25	96	26	15	27	40	28	20	29	105	
	0	71	1	101	2	18	3	30	4	80	5	92	6	27	7	34	8	64	9	70	10	26	11	58	12	87	13	94	14	23	15	34	16	20	17	106	18	75	19	76	20	34	21	103	22	31	23	92	24	34	25	89	26	13	27	47	28	13	29	108	
	0	68	1	108	2	20	3	29	4	78	5	85	6	17	7	39	8	79	9	60	10	13	11	55	12	88	13	82	14	29	15	30	16	14	17	112	18	77	19	75	20	36	21	89	22	37	23	103	24	21	25	108	26	10	27	44	28	15	29	96	
	0	64	1	93	2	14	3	37	4	84	5	85	6	18	7	29	8	72	9	68	10	24	11	65	12	84	13	92	14	21	15	37	16	30	17	98	18	76	19	73	20	22	21	94	22	20	23	97	24	22	25	102	26	13	27	43	28	22	29	112	
	0	64	1	104	2	12	3	28	4	75	5	91	6	28	7	31	8	65	9	70	10	20	11	65	12	99	13	87	14	18	15	46	16	20	17	101	18	66	19	85	20	21	21	89	22	38	23	103	24	25	25	99	26	16	27	56	28	17	29	101	
	0	74	1	108	2	21	3	23	4	80	5	85	6	32	7	28	8	68	9	62	10	29	11	62	12	93	13	92	14	19	15	44	16	19	17	109	18	73	19	72	20	31	21	97	22	35	23	105	24	21	25	106	26	12	27	47	28	15	29	104	
	0	83	1	105	2	10	3	36	4	83	5	80	6	17	7	24	8	72	9	74	10	21	11	67	12	91	13	97	14	31	15	30	16	22	17	106	18	76	19	89	20	26	21	98	22	35	23	100	24	24	25	103	26	12	27	38	28	11	29	100	
	0	77	1	109	2	16	3	30	4	91	5	89	6	23	7	33	8	63	9	72	10	23	11	59	12	85	13	97	14	23	15	42	16	19	17	107	18	69	19	80	20	36	21	94	22	20	23	89	24	23	25	98	26	5	27	47	28	14	29	96	
	0	81	1	96	2	13	3	40	4	91	5	92	6	27	7	23	8	64	9	56	10	14	11	54	12	90	13	91	14	13	15	45	16	20	17	116	18	62	19	78	20	21	21	101	22	33	23	88	24	26	25	104	26	20	27	48	28	20	29	102	
	0	71	1	111	2	16	3	34	4	84	5	80	6	14	7	33	8	63	9	69	10	24	11	61	12	90	13	88	14	16	15	36	16	15	17	102	18	80	19	73	20	25	21	92	22	36	23	104	24	23	25	100	26	21	27	55	28	11	29	99	
	0	68	1	108	2	19	3	40	4	87	5	76	6	30	7	33	8	63	9	68	10	28	11	63	12	97	13	85	14	21	15	37	16	18	17	97	18	77	19	72	20	36	21	100	22	33	23	104	24	23	25	101	26	20	27	56	28	5	29	97	
	0	70	1	92	2	19	3	34	4	82	5	81	6	28	7	39	8	74	9	72	10	21	11	57	12	101	13	90	14	22	15	28	16	20	17	109	18	72	19	80	20	24	21	97	22	27	23	94	24	34	25	94	26	13	27	54	28	12	29	109	
	0	67	1	111	2	25	3	38	4	88	5	78	6	23	7	39	8	76	9	68	10	14	11	55	12	86	13	88	14	31	15	45	16	28	17	108	18	73	19	78	20	36	21	96	22	29	23	96	24	26	25	106	26	12	27	43	28	22	29	101	
	0	74	1	96	2	25	3	36	4	83	5	84	6	31	7	21	8	71	9	57	10	29	11	63	12	92	13	92	14	17	15	43	16	14	17	100	18	64	19	79	20	33	21	101	22	21	23	105	24	26	25	93	26	19	27	41	28	4	29	103	
	0	79	1	101	2	22	3	27	4	76	5	82	6	21	7	39	8	68	9	71	10	19	11	59	12	90	13	86	14	12	15	44	16	29	17	109	18	80	19	78	20	24	21	101	22	35	23	106	24	33	25	102	26	14	27	52	28	20	29	104	
	0	67	1	104	2	24	3	40	4	86	5	82	6	22	7	28	8	74	9	72	10	24	11	64	12	85	13	96	14	13	15	34	16	14	17	105	18	74	19	90	20	30	21	105	22	24	23	88	24	24	25	104	26	20	27	46	28	23	29	109	
	0	79	1	95	2	25	3	29	4	82	5	93	6	25	7	22	8	63	9	72	10	17	11	68	12	84	13	95	14	16	15	32	16	26	17	112	18	77	19	83	20	37	21	87	22	24	23	105	24	32	25	108	26	4	27	48	28	4	29	103	
	0	67	1	109	2	25	3	38	4	82	5	86	6	15	7	30	8	82	9	59	10	17	11	70	12	88	13	96	14	30	15	36	16	30	17	107	18	64	19	78	20	33	21	90	22	25	23	99	24	34	25	89	26	19	27	49	28	5	29	113	
	0	68	1	108	2	17	3	21	4	79	5	83	6	22	7	21	8	75	9	58	10	27	11	56	12	89	13	96	14	30	15	33	16	23	17	100	18	67	19	87	20	38	21	94	22	31	23	96	24	38	25	95	26	7	27	50	28	5	29	109	
	0	80	1	106	2	15	3	23	4	76	5	89	6	16	7	31	8	69	9	71	10	23	11	57	12	97	13	88	14	31	15	38	16	18	17	111	18	72	19	76	20	29	21	87	22	25	23	101	24	35	25	97	26	14	27	54	28	4	29	113	
	0	67	1	94	2	9	3	40	4	74	5	88	6	19	7	37	8	63	9	59	10	15	11	66	12	98	13	89	14	20	15	41	16	18	17	99	18	66	19	75	20	36	21	92	22	21	23	88	24	26	25	106	26	21	27	48	28	23	29	101	
	0	71	1	98	2	8	3	24	4	76	5	87	6	31	7	29	8	67	9	64	10	28	11	71	12	100	13	85	14	29	15	46	16	22	17	99	18	75	19	75	20	38	21	90	22	28	23	87	24	29	25	94	26	19	27	39	28	11	29	95	
	0	74	1	96	2	15	3	38	4	92	5	78	6	30	7	28	8	74	9	74	10	17	11	70	12	93	13	93	14	13	15	28	16	29	17	112	18	69	19	88	20	26	21	102	22	30	23	106	24	24	25	103	26	8	27	53	28	19	29	97	
	0	66	1	99	2	22	3	22	4	73	5	90	6	15	7	39	8	73	9	75	10	13	11	71	12	99	13	89	14	12	15	34	16	32	17	109	18	76	19	74	20	20	21	90	22	28	23	102	24	39	25	106	26	11	27	39	28	15	29	108	
	0	74	1	109	2	11	3	28	4	91	5	83	6	18	7	34	8	78	9	57	10	27	11	55	12	101	13	86	14	13	15	31	16	31	17	113	18	79	19	77	20	21	21	89	22	33	23	88	24	22	25	91	26	7	27	46	28	22	29	111	
	0	83	1	94	2	21	3	32	4	87	5	82	6	26	7	22	8	73	9	64	10	14	11	62	12	93	13	82	14	25	15	37	16	16	17	111	18	80	19	84	20	27	21	96	22	23	23	95	24	23	25	91	26	11	27	53	28	4	29	110	
	0	65	1	108	2	15	3	25	4	79	5	79	6	24	7	34	8	82	9	56	10	20	11	61	12	86	13	96	14	27	15	44	16	19	17	109	18	70	19	72	20	30	21	104	22	32	23	90	24	35	25	106	26	21	27	53	28	14	29	103	
	0	72	1	95	2	24	3	26	4	79	5	84	6	32	7	26	8	81	9	64	10	32	11	72	12	86	13	78	14	26	15	30	16	18	17	115	18	73	19	82	20	33	21	104	22	34	23	102	24	33	25	101	26	9	27	41	28	6	29	101	
	0	71	1	110	2	15	3	30	4	85	5	76	6	19	7	33	8	75	9	58	10	14	11	63	12	93	13	84	14	27	15	33	16	22	17	101	18	69	19	88	20	27	21	89	22	30	23	103	24	25	25	101	26	8	27	51	28	15	29	100	
	0	65	1	93	2	18	3	21	4	86	5	76	6	15	7	34	8	72	9	75	10	20	11	70	12	89	13	86	14	25	15	33	16	32	17	108	18	69	19	78	20	29	21	93	22	30	23	87	24	30	25	100	26	8	27	54	28	8	29	96	
	0	70	1	102	2	20	3	36	4	88	5	91	6	26	7	36	8	67	9	69	10	14	11	61	12	96	13	84	14	28	15	29	16	28	17	114	18	61	19	82	20	25	21	90	22	33	23	87	24	28	25	104	26	5	27	40	28	22	29	111	
	0	70	1	111	2	17	3	31	4	80	5	78	6	14	7	33	8	82	9	74	10	16	11	68	12	94	13	83	14	14	15	34	16	22	17	116	18	74	19	77	20	30	21	100	22	30	23	93	24	38	25	90	26	3	27	53	28	5	29	112	
	0	80	1	92	2	12	3	21	4	83	5	92	6	26	7	26	8	68	9	58	10	29	11	56	12	97	13	80	14	16	15	40	16	32	17	115	18	69	19	71	20	25	21	97	22	31	23	87	24	22	25	99	26	6	27	45	28	17	29	95	
	0	66	1	107	2	17	3	31	4	80	5	84	6	33	7	35	8	65	9	59	10	13	11	69	12	98	13	92	14	24	15	31	16	32	17	105	18	63	19	72	20	23	21	93	22	27	23	98	24	30	25	107	26	12	27	57	28	19	29	95	
	0	66	1	93	2	15	3	35	4	86	5	87	6	22	7	25	8	63	9	69	10	26	11	62	12	83	13	79	14	22	15	37	16	30	17	102	18	78	19	86	20	31	21	87	22	23	23	95	24	28	25	108	26	14	27	55	28	20	29	111	
	0	75	1	99	2	19	3	31	4	73	5	78	6	18	7	39	8	65	9	69	10	15	11	65	12	99	13	95	14	29	15	40	16	17	17	110	18	71	19	79	20	22	21	103	22	31	23	87	24	40	25	105	26	21	27	39	28	7	29	111	
	0	70	1	94	2	18	3	39	4	73	5	78	6	22	7	39	8	64	9	64	10	28	11	61	12	99	13	87	14	29	15	43	16	32	17	102	18	62	19	89	20	32	21	94	22	31	23	96	24	38	25	106	26	3	27	55	28	10	29	97	
	0	80	1	94	2	25	3	40	4	81	5	93	6	27	7	31	8	70	9	73	10	25	11	55	12	101	13	93	14	17	15	44	16	13	17	111	18	77	19	89	20	33	21	90	22	34	23	97	24	38	25	89	26	2	27	44	28	11	29	94	
	0	80	1	103	2	18	3	21	4	82	5	77	6	21	7	36	8	75	9	57	10	29	11	68	12	90	13	92	14	29	15	36	16	29	17	115	18	63	19	73	20	34	21	100	22	29	23	91	24	21	25	107	26	15	27	40	28	16	29	104	
	0	70	1	107	2	9	3	23	4	78	5	83	6	16	7	37	8	76	9	71	10	22	11	65	12	92	13	81	14	31	15	45	16	18	17	115	18	73	19	72	20	36	21	89	22	21	23	89	24	24	25	89	26	21	27	57	28	8	29	106	
	0	67	1	107	2	23	3	38	4	89	5	77	6	20	7	30	8	67	9	61	10	27	11	63	12	92	13	97	14	30	15	35	16	29	17	103	18	65	19	88	20	20	21	103	22	31	23	94	24	32	25	90	26	19	27	47	28	19	29	111	
	0	76	1	103	2	20	3	22	4	79	5	92	6	29	7	35	8	64	9	69	10	13	11	69	12	83	13	83	14	21	15	37	16	28	17	105	18	70	19	74	20	26	21	88	22	33	23	89	24	39	25	104	26	18	27	48	28	20	29	94	
	0	66	1	105	2	19	3	22	4	80	5	94	6	29	7	33	8	65	9	68	10	18	11	60	12	101	13	95	14	19	15	29	16	14	17	103	18	77	19	84	20	22	21	86	22	19	23	92	24	34	25	105	26	11	27	51	28	11	29	109	
	0	77	1	111	2	16	3	32	4	77	5	86	6	19	7	20	8	82	9	65	10	29	11	70	12	91	13	91	14	19	15	36	16	27	17	108	18	75	19	89	20	34	21	100	22	19	23	95	24	28	25	96	26	7	27	42	28	4	29	98	
	0	69	1	93	2	11	3	35	4	75	5	92	6	28	7	25	8	73	9	65	10	24	11	57	12	93	13	85	14	18	15	28	16	13	17	114	18	61	19	89	20	29	21	95	22	31	23	94	24	40	25	101	26	12	27	57	28	12	29	97	
	0	75	1	110	2	25	3	27	4	75	5	89	6	15	7	23	8	71	9	73	10	13	11	66	12	86	13	86	14	13	15	37	16	19	17	105	18	72	19	89	20	27	21	88	22	29	23	87	24	25	25	93	26	6	27	54	28	5	29	109	
	0	66	1	107	2	25	3	39	4	78	5	93	6	27	7	33	8	78	9	58	10	16	11	72	12	97	13	80	14	23	15	34	16	20	17	103	18	77	19	80	20	27	21	87	22	33	23	96	24	32	25	99	26	6	27	46	28	5	29	95	
	0	77	1	106	2	20	3	34	4	76	5	77	6	20	7	35	8	69	9	64	10	28	11	64	12	99	13	81	14	31	15	45	16	30	17	109	18	77	19	75	20	29	21	104	22	23	23	93	24	39	25	102	26	10	27	41	28	9	29	111	
	0	78	1	99	2	19	3	35	4	88	5	80	6	18	7	28	8	70	9	57	10	32	11	66	12	85	13	97	14	17	15	33	16	30	17	101	18	67	19	82	20	22	21	95	22	29	23	102	24	21	25	92	26	15	27	52	28	14	29	105	
	0	83	1	95	2	17	3	30	4	82	5	81	6	25	7	27	8	68	9	63	10	30	11	66	12	95	13	87	14	19	15	43	16	31	17	99	18	75	19	78	20	31	21	100	22	30	23	93	24	39	25	95	26	2	27	44	28	17	29	103	
	0	80	1	103	2	19	3	29	4	73	5	77	6	16	7	29	8	75	9	69	10	23	11	54	12	95	13	89	14	30	15	43	16	31	17	109	18	77	19	82	20	23	21	96	22	34	23	92	24	26	25	90	26	10	27	52	28	8	29	98	
	0	73	1	96	2	24	3	25	4	84	5	91	6	15	7	24	8	75	9	67	10	18	11	67	12	97	13	95	14	20	15	43	16	15	17	112	18	73	19	76	20	21	21	95	22	29	23	100	24	40	25	96	26	20	27	42	28	17	29	113	
	0	78	1	97	2	21	3	31	4	87	5	81	6	31	7	39	8	81	9	71	10	32	11	69	12	95	13	84	14	27	15	36	16	28	17	114	18	70	19	72	20	37	21	92	22	29	23	87	24	27	25	89	26	10	27	48	28	21	29	95	
	0	81	1	97	2	27	3	40	4	85	5	84	6	20	7	24	8	77	9	62	10	27	11	65	12	84	13	90	14	17	15	44	16	25	17	116	18	63	19	72	20	20	21	97	22	24	23	101	24	23	25	102	26	18	27	38	28	12	29	97	
	0	68	1	100	2	19	3	25	4	82	5	95	6	23	7	38	8	64	9	72	10	30	11	57	12	98	13	94	14	23	15	32	16	21	17	101	18	73	19	82	20	23	21	95	22	37	23	100	24	21	25	91	26	6	27	54	28	11	29	107	
	0	81	1	97	2	23	3	21	4	92	5	85	6	28	7	36	8	81	9	73	10	20	11	66	12	87	13	85	14	27	15	29	16	26	17	107	18	68	19	74	20	33	21	92	22	30	23	88	24	24	25	100	26	4	27	43	28	16	29	111	
	0	76	1	104	2	26	3	26	4	79	5	89	6	31	7	24	8	65	9	71	10	20	11	73	12	84	13	97	14	24	15	41	16	14	17	109	18	68	19	72	20	31	21	97	22	32	23	90	24	25	25	92	26	18	27	55	28	16	29	95	
	0	83	1	98	2	26	3	35	4	85	5	93	6	28	7	20	8	77	9	62	10	19	11	71	12	101	13	90	14	30	15	33	16	24	17	103	18	76	19	73	20	32	21	104	22	24	23	106	24	40	25	91	26	18	27	45	28	17	29	95	
	0	71	1	93	2	27	3	32	4	90	5	91	6	24	7	34	8	69	9	73	10	28	11	59	12	99	13	80	14	28	15	30	16	14	17	116	18	78	19	90	20	38	21	94	22	35	23	99	24	21	25	96	26	19	27	53	28	13	29	107	
	0	66	1	98	2	23	3	24	4	84	5	94	6	18	7	27	8	81	9	64	10	27	11	71	12	86	13	96	14	23	15	28	16	17	17	111	18	76	19	73	20	22	21	97	22	21	23	87	24	33	25	103	26	15	27	53	28	21	29	99	
	0	81	1	108	2	22	3	29	4	86	5	94	6	31	7	22	8	77	9	67	10	18	11	67	12	98	13	78	14	31	15	41	16	22	17	112	18	73	19	82	20	23	21	98	22	36	23	99	24	28	25	93	26	6	27	48	28	4	29	99	
	0	76	1	98	2	12	3	32	4	92	5	82	6	23	7	28	8	82	9	72	10	22	11	58	12	101	13	85	14	12	15	42	16	25	17	116	18	80	19	84	20	22	21	99	22	19	23	98	24	28	25	89	26	9	27	42	28	6	29	103	
	0	70	1	105	2	10	3	23	4	91	5	82	6	21	7	30	8	73	9	66	10	18	11	63	12	86	13	90	14	19	15	41	16	17	17	98	18	71	19	73	20	37	21	104	22	37	23	98	24	23	25	96	26	4	27	44	28	10	29	111	
	0	81	1	107	2	23	3	28	4	81	5	87	6	31	7	34	8	74	9	69	10	22	11	58	12	88	13	97	14	15	15	38	16	29	17	102	18	72	19	73	20	22	21	102	22	28	23	97	24	31	25	104	26	16	27	38	28	19	29	102	
	0	68	1	108	2	16	3	34	4	92	5	95	6	15	7	29	8	71	9	75	10	32	11	61	12	100	13	95	14	29	15	30	16	18	17	108	18	70	19	82	20	22	21	86	22	22	23	98	24	37	25	92	26	15	27	50	28	8	29	102	
	0	75	1	93	2	24	3	39	4	81	5	95	6	21	7	29	8	77	9	62	10	30	11	55	12	95	13	78	14	27	15	33	16	22	17	106	18	71	19	76	20	27	21	95	22	22	23	94	24	31	25	97	26	3	27	40	28	18	29	96	
	0	65	1	111	2	21	3	30	4	86	5	81	6	30	7	36	8	73	9	59	10	13	11	59	12	90	13	97	14	19	15	31	16	14	17	98	18	76	19	81	20	39	21	103	22	29	23	92	24	39	25	107	26	9	27	47	28	21	29	98	
	0	82	1	106	2	21	3	23	4	78	5	82	6	27	7	29	8	74	9	72	10	23	11	70	12	92	13	91	14	27	15	36	16	26	17	109	18	78	19	85	20	27	21	90	22	22	23	96	24	29	25	101	26	21	27	51	28	10	29	101	
	0	71	1	100	2	18	3	38	4	73	5	87	6	26	7	35	8	82	9	75	10	23	11	57	12	82	13	94	14	25	15	46	16	24	17	106	18	67	19	71	20	21	21	101	22	23	23	95	24	24	25	105	26	19	27	49	28	22	29	104	
	0	70	1	100	2	12	3	24	4	82	5	84	6	30	7	27	8	70	9	61	10	28	11	55	12	90	13	86	14	24	15	30	16	17	17	111	18	78	19	74	20	26	21	91	22	26	23	97	24	30	25	99	26	14	27	55	28	18	29	94	
	0	79	1	95	2	22	3	23	4	81	5	76	6	24	7	28	8	81	9	68	10	21	11	62	12	94	13	83	14	12	15	39	16	20	17	108	18	72	19	90	20	29	21	104	22	31	23	93	24	35	25	101	26	10	27	56	28	8	29	101	
	0	77	1	106	2	18	3	21	4	87	5	76	6	25	7	25	8	80	9	69	10	17	11	62	12	98	13	82	14	15	15	41	16	32	17	100	18	62	19	81	20	24	21	102	22	20	23	99	24	30	25	108	26	20	27	47	28	4	29	95	
	0	67	1	100	2	12	3	26	4	76	5	94	6	19	7	33	8	70	9	74	10	25	11	63	12	85	13	80	14	21	15	42	16	18	17	102	18	73	19	77	20	26	21	95	22	25	23	93	24	32	25	107	26	9	27	52	28	12	29	95	
	0	79	1	92	2	10	3	25	4	89	5	83	6	30	7	26	8	77	9	68	10	20	11	57	12	87	13	94	14	30	15	33	16	26	17	99	18	72	19	72	20	24	21	96	22	22	23	105	24	32	25	104	26	5	27	52	28	14	29	94	
	0	71	1	102	2	15	3	30	4	81	5	94	6	22	7	28	8	70	9	75	10	13	11	61	12	83	13	91	14	29	15	33	16	22	17	112	18	79	19	81	20	27	21	96	22	25	23	92	24	39	25	98	26	5	27	42	28	17	29	102	
	0	68	1	92	2	22	3	24	4	89	5	79	6	24	7	22	8	63	9	61	10	13	11	73	12	87	13	87	14	28	15	34	16	20	17	108	18	63	19	86	20	36	21	97	22	26	23	98	24	26	25	95	26	10	27	51	28	20	29	102	
	0	82	1	96	2	22	3	21	4	83	5	76	6	16	7	39	8	71	9	75	10	19	11	60	12	92	13	89	14	20	15	30	16	17	17	115	18	62	19	71	20	26	21	102	22	30	23	96	24	21	25	96	26	6	27	51	28	11	29	103	
	0	65	1	94	2	9	3	26	4	80	5	81	6	28	7	27	8	76	9	72	10	26	11	57	12	85	13	82	14	30	15	34	16	24	17	113	18	71	19	80	20	36	21	105	22	32	23	101	24	36	25	105	26	12	27	38	28	11	29	106	
	0	65	1	108	2	20	3	31	4	86	5	88	6	24	7	25	8	68	9	62	10	16	11	59	12	87	13	95	14	27	15	43	16	25	17	110	18	64	19	77	20	37	21	87	22	28	23	98	24	33	25	106	26	5	27	56	28	6	29	113	
	0	78	1	108	2	25	3	39	4	85	5	77	6	28	7	35	8	64	9	71	10	29	11	64	12	93	13	96	14	20	15	42	16	28	17	114	18	67	19	72	20	30	21	94	22	29	23	102	24	21	25	89	26	7	27	46	28	9	29	104	
	0	69	1	104	2	13	3	21	4	84	5	84	6	14	7	37	8	71	9	59	10	16	11	64	12	94	13	89	14	23	15	34	16	25	17	107	18	63	19	90	20	32	21	102	22	27	23	93	24	30	25	90	26	14	27	51	28	17	29	111	
	0	70	1	102	2	12	3	31	4	90	5	93	6	27	7	22	8	71	9	57	10	23	11	59	12	100	13	96	14	25	15	46	16	24	17	110	18	68	19	88	20	23	21	87	22	28	23	92	24	31	25	98	26	7	27	47	28	8	29	108	
	0	71	1	96	2	19	3	32	4	88	5	81	6	33	7	20	8	80	9	75	10	13	11	64	12	100	13	78	14	20	15	38	16	32	17	114	18	74	19	86	20	28	21	103	22	36	23	101	24	21	25	99	26	18	27	46	28	15	29	96	
	0	79	1	98	2	21	3	27	4	83	5	95	6	27	7	31	8	76	9	74	10	29	11	61	12	99	13	80	14	25	15	47	16	32	17	114	18	62	19	81	20	22	21	86	22	19	23	87	24	34	25	93	26	19	27	44	28	4	29	102	
	0	74	1	103	2	18	3	35	4	79	5	90	6	23	7	39	8	65	9	67	10	18	11	67	12	92	13	91	14	31	15	31	16	32	17	103	18	80	19	77	20	36	21	96	22	22	23	103	24	36	25	93	26	14	27	44	28	10	29	100	
	0	64	1	103	2	19	3	24	4	84	5	78	6	18	7	38	8	78	9	72	10	28	11	69	12	83	13	81	14	12	15	42	16	23	17	116	18	79	19	83	20	28	21	102	22	21	23	104	24	29	25	108	26	21	27	57	28	10	29	111	
	0	69	1	110	2	12	3	38	4	87	5	94	6	17	7	38	8	63	9	68	10	31	11	67	12	98	13	80	14	31	15	32	16	32	17	104	18	73	19	84	20	21	21	94	22	19	23	90	24	25	25	95	26	18	27	55	28	16	29	113	
	0	68	1	102	2	13	3	36	4	73	5	90	6	31	7	28	8	66	9	67	10	21	11	57	12	101	13	92	14	22	15	32	16	18	17	99	18	68	19	76	20	22	21	89	22	35	23	99	24	32	25	97	26	2	27	38	28	16	29	95	
	0	64	1	109	2	14	3	40	4	87	5	85	6	28	7	27	8	69	9	75	10	23	11	72	12	100	13	96	14	20	15	40	16	27	17	104	18	69	19	85	20	23	21	89	22	30	23	103	24	36	25	98	26	7	27	52	28	8	29	104	
	0	83	1	93	2	10	3	35	4	85	5	89	6	18	7	30	8	71	9	69	10	22	11	63	12	87	13	89	14	16	15	33	16	20	17	116	18	77	19	73	20	32	21	94	22	38	23	97	24	27	25	100	26	8	27	41	28	10	29	112	
	0	65	1	104	2	8	3	31	4	91	5	95	6	33	7	20	8	69	9	58	10	27	11	56	12	87	13	93	14	12	15	29	16	28	17	112	18	80	19	86	20	36	21	97	22	25	23	104	24	34	25	96	26	6	27	49	28	18	29	102	
	0	71	1	102	2	25	3	23	4	92	5	87	6	32	7	27	8	80	9	73	10	28	11	72	12	87	13	97	14	25	15	42	16	13	17	98	18	61	19	85	20	29	21	104	22	22	23	101	24	30	25	108	26	11	27	52	28	22	29	111	
	0	82	1	102	2	10	3	39	4	75	5	77	6	23	7	27	8	80	9	60	10	25	11	54	12	87	13	81	14	16	15	29	16	13	17	97	18	73	19	81	20	22	21	101	22	24	23	103	24	23	25	104	26	5	27	55	28	15	29	104	
	0	70	1	98	2	16	3	36	4	74	5	82	6	33	7	31	8	72	9	65	10	19	11	57	12	85	13	90	14	24	15	28	16	31	17	109	18	71	19	73	20	32	21	88	22	37	23	96	24	29	25	100	26	8	27	46	28	9	29	99	
	0	79	1	106	2	20	3	34	4	73	5	79	6	29	7	24	8	76	9	61	10	14	11	61	12	93	13	83	14	28	15	32	16	30	17	109	18	73	19	81	20	39	21	95	22	24	23	90	24	38	25	100	26	6	27	50	28	5	29	109	
	0	66	1	107	2	11	3	25	4	91	5	91	6	30	7	30	8	76	9	69	10	24	11	73	12	88	13	90	14	21	15	38	16	22	17	110	18	67	19	72	20	21	21	101	22	19	23	87	24	29	25	105	26	3	27	55	28	10	29	111	
	0	75	1	109	2	14	3	25	4	81	5	80	6	30	7	25	8	70	9	75	10	26	11	65	12	96	13	89	14	20	15	47	16	13	17	101	18	71	19	88	20	38	21	92	22	28	23	97	24	40	25	97	26	9	27	51	28	11	29	111	
	0	70	1	111	2	24	3	33	4	73	5	81	6	26	7	23	8	72	9	65	10	16	11	56	12	83	13	90	14	24	15	46	16	28	17	100	18	61	19	84	20	36	21	89	22	24	23	93	24	35	25	89	26	14	27	52	28	10	29	98	
	0	66	1	93	2	15	3	38	4	73	5	76	6	27	7	33	8	70	9	71	10	16	11	59	12	90	13	90	14	22	15	28	16	13	17	113	18	73	19	83	20	34	21	102	22	35	23	96	24	23	25	94	26	11	27	43	28	16	29	97	
	0	69	1	102	2	16	3	35	4	87	5	90	6	25	7	34	8	68	9	61	10	18	11	58	12	98	13	83	14	16	15	40	16	28	17	115	18	68	19	86	20	39	21	90	22	36	23	106	24	33	25	104	26	8	27	44	28	13	29	98	
	0	66	1	94	2	25	3	28	4	77	5	89	6	23	7	36	8	68	9	64	10	18	11	69	12	94	13	90	14	16	15	42	16	17	17	100	18	64	19	71	20	29	21	95	22	30	23	92	24	32	25	99	26	21	27	41	28	7	29	107	
	0	79	1	98	2	10	3	30	4	88	5	90	6	20	7	36	8	74	9	62	10	16	11	67	12	85	13	95	14	12	15	30	16	19	17	113	18	72	19	88	20	33	21	89	22	32	23	100	24	28	25	105	26	9	27	51	28	4	29	99	
	0	72	1	95	2	26	3	40	4	92	5	91	6	29	7	25	8	70	9	66	10	27	11	69	12	91	13	90	14	18	15	44	16	18	17	103	18	80	19	90	20	35	21	89	22	34	23	93	24	34	25	89	26	19	27	44	28	12	29	109	
	0	77	1	111	2	14	3	26	4	80	5	78	6	14	7	34	8	71	9	65	10	25	11	57	12	100	13	84	14	17	15	46	16	18	17	108	18	65	19	73	20	29	21	89	22	37	23	92	24	37	25	108	26	13	27	39	28	21	29	99	
	0	79	1	101	2	24	3	24	4	73	5	94	6	15	7	30	8	69	9	66	10	27	11	71	12	88	13	95	14	23	15	43	16	17	17	114	18	75	19	79	20	28	21	88	22	31	23	105	24	27	25	106	26	9	27	41	28	8	29	101	
	0	81	1	110	2	25	3	39	4	90	5	82	6	30	7	23	8	69	9	56	10	22	11	58	12	91	13	97	14	26	15	43	16	32	17	108	18	70	19	71	20	22	21	98	22	31	23	105	24	27	25	100	26	11	27	50	28	22	29	113	
	0	67	1	93	2	8	3	37	4	80	5	87	6	19	7	30	8	63	9	60	10	30	11	65	12	99	13	86	14	30	15	33	16	26	17	100	18	76	19	74	20	30	21	105	22	33	23	101	24	34	25	106	26	11	27	55	28	6	29	112	
	0	67	1	95	2	23	3	35	4	78	5	84	6	20	7	21	8	82	9	60	10	19	11	72	12	89	13	95	14	17	15	29	16	19	17	99	18	74	19	84	20	28	21	93	22	31	23	97	24	31	25	107	26	10	27	57	28	23	29	94	
	0	66	1	105	2	25	3	40	4	74	5	78	6	14	7	23	8	73	9	68	10	27	11	69	12	97	13	96	14	25	15	29	16	17	17	116	18	77	19	75	20	27	21	105	22	32	23	100	24	40	25	107	26	19	27	44	28	4	29	97	
	0	76	1	95	2	21	3	21	4	75	5	93	6	21	7	25	8	72	9	57	10	20	11	56	12	95	13	86	14	13	15	34	16	15	17	101	18	76	19	89	20	29	21	88	22	29	23	95	24	26	25	105	26	5	27	56	28	18	29	102	
	0	73	1	93	2	13	3	33	4	83	5	88	6	16	7	37	8	74	9	62	10	13	11	69	12	88	13	79	14	31	15	46	16	26	17	114	18	74	19	73	20	35	21	89	22	33	23	106	24	28	25	96	26	21	27	38	28	19	29	95	
	0	67	1	100	2	26	3	23	4	74	5	94	6	16	7	33	8	79	9	57	10	32	11	55	12	96	13	85	14	19	15	42	16	26	17	99	18	67	19	82	20	28	21	87	22	33	23	89	24	24	25	89	26	8	27	48	28	4	29	97	
	0	76	1	100	2	8	3	30	4	91	5	76	6	20	7	22	8	69	9	65	10	30	11	54	12	87	13	94	14	16	15	28	16	21	17	107	18	74	19	71	20	23	21	92	22	21	23	89	24	33	25	107	26	16	27	48	28	17	29	104	
	0	76	1	92	2	14	3	35	4	78	5	89	6	29	7	27	8	70	9	58	10	16	11	65	12	89	13	94	14	30	15	33	16	20	17	113	18	64	19	79	20	25	21	101	22	23	23	88	24	38	25	101	26	13	27	53	28	6	29	104	
	0	82	1	95	2	12	3	23	4	81	5	88	6	31	7	36	8	77	9	65	10	30	11	62	12	92	13	95	14	14	15	38	16	14	17	107	18	74	19	87	20	29	21	90	22	31	23	101	24	30	25	92	26	18	27	41	28	11	29	104	
	0	83	1	110	2	12	3	36	4	84	5	84	6	33	7	24	8	64	9	66	10	28	11	68	12	93	13	95	14	30	15	45	16	32	17	105	18	69	19	83	20	38	21	100	22	27	23	101	24	40	25	99	26	16	27	44	28	8	29	95	
	0	70	1	95	2	12	3	25	4	89	5	86	6	18	7	21	8	66	9	65	10	27	11	55	12	89	13	85	14	22	15	34	16	27	17	111	18	78	19	81	20	31	21	105	22	36	23	90	24	32	25	107	26	14	27	42	28	4	29	111	
	0	78	1	99	2	13	3	37	4	73	5	89	6	29	7	39	8	78	9	57	10	15	11	70	12	82	13	89	14	21	15	37	16	26	17	105	18	73	19	81	20	27	21	86	22	37	23	92	24	37	25	102	26	20	27	39	28	22	29	113	
	0	71	1	104	2	20	3	37	4	82	5	90	6	31	7	36	8	70	9	61	10	22	11	55	12	97	13	97	14	12	15	35	16	16	17	98	18	61	19	90	20	39	21	93	22	36	23	97	24	40	25	95	26	14	27	41	28	19	29	108	
	0	67	1	100	2	24	3	31	4	90	5	89	6	15	7	23	8	64	9	70	10	32	11	73	12	92	13	78	14	19	15	45	16	20	17	108	18	71	19	76	20	37	21	102	22	25	23	90	24	39	25	105	26	3	27	43	28	20	29	104	
	0	65	1	102	2	27	3	27	4	78	5	79	6	28	7	35	8	67	9	57	10	16	11	69	12	88	13	92	14	21	15	29	16	32	17	110	18	69	19	73	20	32	21	92	22	25	23	91	24	22	25	99	26	3	27	39	28	6	29	105	
	0	67	1	110	2	13	3	40	4	85	5	79	6	24	7	23	8	75	9	63	10	20	11	65	12	86	13	90	14	30	15	46	16	25	17	102	18	65	19	72	20	38	21	104	22	31	23	106	24	31	25	99	26	9	27	38	28	14	29	110	
	0	75	1	111	2	21	3	38	4	87	5	87	6	22	7	35	8	63	9	59	10	18	11	69	12	87	13	83	14	21	15	34	16	16	17	105	18	78	19	77	20	26	21	102	22	23	23	103	24	30	25	90	26	7	27	44	28	17	29	99	
	0	83	1	97	2	20	3	38	4	76	5	90	6	19	7	38	8	68	9	71	10	25	11	70	12	96	13	90	14	17	15	40	16	25	17	111	18	72	19	73	20	20	21	87	22	30	23	101	24	29	25	96	26	15	27	43	28	22	29	112	
	0	76	1	107	2	15	3	31	4	84	5	95	6	24	7	34	8	71	9	58	10	18	11	61	12	86	13	97	14	22	15	41	16	16	17	106	18	72	19	72	20	30	21	97	22	35	23	105	24	27	25	96	26	17	27	44	28	17	29	96	
	0	83	1	93	2	21	3	30	4	83	5	92	6	15	7	21	8	82	9	59	10	23	11	54	12	94	13	79	14	31	15	35	16	17	17	116	18	79	19	74	20	36	21	105	22	35	23	92	24	27	25	106	26	5	27	55	28	23	29	95	
	0	81	1	109	2	12	3	39	4	74	5	90	6	19	7	21	8	81	9	71	10	14	11	70	12	84	13	96	14	17	15	44	16	13	17	100	18	77	19	86	20	38	21	98	22	27	23	92	24	29	25	93	26	13	27	57	28	9	29	103	
	0	79	1	95	2	26	3	36	4	88	5	94	6	32	7	34	8	77	9	63	10	29	11	70	12	95	13	83	14	18	15	34	16	23	17	105	18	66	19	90	20	39	21	105	22	35	23	106	24	27	25	102	26	3	27	56	28	18	29	110	
	0	75	1	93	2	23	3	33	4	82	5	88	6	21	7	28	8	67	9	73	10	20	11	71	12	98	13	90	14	17	15	47	16	32	17	102	18	72	19	89	20	36	21	102	22	32	23	88	24	29	25	91	26	20	27	53	28	6	29	101	
	0	69	1	109	2	9	3	37	4	74	5	80	6	33	7	29	8	77	9	65	10	20	11	69	12	99	13	94	14	31	15	39	16	30	17	101	18	61	19	77	20	32	21	104	22	37	23	102	24	25	25	93	26	5	27	45	28	7	29	102	
	0	71	1	107	2	13	3	36	4	85	5	87	6	15	7	20	8	68	9	59	10	19	11	69	12	98	13	80	14	21	15	40	16	23	17	101	18	62	19	76	20	22	21	103	22	36	23	92	24	27	25	96	26	3	27	43	28	18	29	95	
	0	67	1	108	2	24	3	25	4	84	5	90	6	29	7	31	8	70	9	64	10	26	11	64	12	84	13	95	14	31	15	30	16	27	17	116	18	80	19	79	20	21	21	100	22	34	23	98	24	35	25	107	26	20	27	57	28	23	29	109	
	0	64	1	93	2	23	3	39	4	79	5	87	6	33	7	24	8	66	9	66	10	29	11	71	12	92	13	88	14	21	15	36	16	22	17	116	18	62	19	85	20	33	21	104	22	29	23	95	24	34	25	97	26	8	27	56	28	4	29	94	
	0	69	1	97	2	20	3	35	4	78	5	91	6	14	7	38	8	79	9	56	10	16	11	55	12	101	13	79	14	16	15	32	16	22	17	97	18	64	19	74	20	30	21	88	22	35	23	90	24	38	25	93	26	21	27	56	28	14	29	103	
	0	66	1	109	2	10	3	30	4	76	5	81	6	33	7	22	8	73	9	56	10	13	11	65	12	85	13	93	14	31	15	34	16	28	17	110	18	77	19	79	20	30	21	94	22	25	23	91	24	22	25	98	26	11	27	38	28	11	29	95	
	0	72	1	109	2	17	3	36	4	86	5	83	6	31	7	39	8	69	9	68	10	17	11	63	12	98	13	79	14	19	15	33	16	29	17	107	18	73	19	81	20	27	21	102	22	20	23	99	24	37	25	108	26	4	27	51	28	21	29	110	
	0	74	1	108	2	8	3	32	4	83	5	77	6	33	7	30	8	72	9	75	10	17	11	65	12	90	13	94	14	16	15	33	16	20	17	98	18	78	19	81	20	30	21	102	22	33	23	102	24	31	25	106	26	7	27	44	28	18	29	102	
	0	77	1	100	2	10	3	24	4	78	5	92	6	32	7	37	8	73	9	73	10	27	11	70	12	91	13	88	14	12	15	44	16	26	17	111	18	79	19	79	20	34	21	97	22	24	23	104	24	32	25	107	26	3	27	41	28	12	29	103	
	0	72	1	109	2	21	3	38	4	75	5	94	6	31	7	38	8	79	9	75	10	32	11	61	12	84	13	79	14	12	15	40	16	27	17	103	18	72	19	75	20	32	21	103	22	25	23	91	24	25	25	99	26	20	27	38	28	12	29	94	
	0	72	1	100	2	9	3	23	4	92	5	90	6	27	7	29	8	79	9	62	10	32	11	58	12	93	13	97	14	25	15	42	16	21	17	102	18	78	19	81	20	24	21	104	22	35	23	94	24	24	25	103	26	2	27	57	28	19	29	97	
	0	74	1	99	2	27	3	35	4	86	5	82	6	18	7	27	8	68	9	68	10	24	11	55	12	94	13	86	14	29	15	39	16	31	17	103	18	70	19	90	20	32	21	88	22	31	23	100	24	37	25	91	26	14	27	41	28	5	29	100	
	0	72	1	97	2	18	3	35	4	87	5	89	6	16	7	33	8	82	9	64	10	19	11	72	12	96	13	88	14	29	15	37	16	14	17	115	18	67	19	83	20	29	21	97	22	33	23	102	24	29	25	101	26	13	27	40	28	9	29	100	
	0	81	1	102	2	11	3	31	4	86	5	80	6	28	7	20	8	64	9	67	10	21	11	68	12	82	13	96	14	12	15	36	16	28	17	108	18	68	19	84	20	24	21	94	22	19	23	106	24	28	25	101	26	17	27	44	28	20	29	95	
	0	78	1	98	2	19	3	29	4	91	5	80	6	33	7	27	8	78	9	75	10	13	11	59	12	100	13	79	14	16	15	31	16	30	17	101	18	62	19	88	20	24	21	95	22	33	23	92	24	26	25	103	26	12	27	56	28	10	29	94	
	0	67	1	104	2	23	3	26	4	84	5	80	6	33	7	38	8	75	9	69	10	21	11	65	12	83	13	80	14	17	15	47	16	31	17	106	18	63	19	81	20	30	21	96	22	37	23	103	24	31	25	103	26	13	27	51	28	7	29	104	
	0	82	1	99	2	19	3	36	4	86	5	85	6	17	7	20	8	82	9	62	10	20	11	72	12	87	13	97	14	20	15	42	16	28	17	104	18	78	19	89	20	37	21	105	22	24	23	95	24	27	25	93	26	4	27	54	28	23	29	104	
	0	72	1	93	2	27	3	25	4	84	5	93	6	25	7	23	8	67	9	57	10	25	11	69	12	82	13	87	14	22	15	39	16	17	17	112	18	66	19	78	20	21	21	91	22	20	23	106	24	21	25	103	26	11	27	43	28	4	29	113	
	0	73	1	101	2	9	3	24	4	86	5	91	6	15	7	30	8	66	9	65	10	27	11	54	12	98	13	94	14	16	15	31	16	20	17	101	18	80	19	74	20	22	21	98	22	27	23	103	24	27	25	104	26	19	27	51	28	13	29	105	