1000 10 1
10
	0	81	1	81	2	89	3	87	4	95	5	84	6	91	7	97	8	96	9	86	
	0	42	1	32	2	32	3	46	4	30	5	41	6	27	7	29	8	36	9	46	
	0	10	1	9	2	18	3	13	4	9	5	25	6	10	7	13	8	15	9	26	
	0	30	1	22	2	31	3	30	4	32	5	17	6	31	7	33	8	29	9	31	
	0	24	1	12	2	8	3	18	4	13	5	14	6	18	7	8	8	12	9	25	
	0	84	1	87	2	94	3	81	4	96	5	90	6	90	7	85	8	86	9	85	
	0	20	1	35	2	28	3	20	4	30	5	19	6	30	7	23	8	24	9	27	
	0	84	1	87	2	101	3	100	4	91	5	97	6	92	7	97	8	103	9	99	
	0	105	1	107	2	98	3	102	4	103	5	114	6	111	7	108	8	103	9	109	
	0	35	1	46	2	45	3	37	4	34	5	34	6	33	7	36	8	41	9	27	
	0	61	1	66	2	53	3	55	4	63	5	65	6	51	7	47	8	62	9	65	
	0	34	1	28	2	31	3	31	4	22	5	31	6	31	7	28	8	40	9	35	
	0	77	1	76	2	61	3	78	4	64	5	67	6	77	7	71	8	65	9	67	
	0	49	1	50	2	46	3	58	4	58	5	59	6	55	7	55	8	49	9	59	
	0	44	1	49	2	59	3	43	4	54	5	50	6	54	7	46	8	53	9	51	
	0	102	1	101	2	98	3	96	4	106	5	99	6	104	7	89	8	97	9	94	
	0	22	1	23	2	28	3	24	4	24	5	12	6	27	7	12	8	15	9	27	
	0	24	1	22	2	21	3	16	4	13	5	23	6	20	7	10	8	24	9	26	
	0	108	1	103	2	96	3	102	4	105	5	108	6	106	7	110	8	105	9	107	
	0	49	1	48	2	50	3	43	4	41	5	45	6	41	7	43	8	44	9	33	
	0	55	1	47	2	64	3	53	4	59	5	65	6	53	7	65	8	52	9	46	
	0	96	1	106	2	106	3	88	4	90	5	89	6	89	7	94	8	92	9	92	
	0	78	1	81	2	82	3	76	4	87	5	95	6	95	7	92	8	76	9	85	
	0	103	1	108	2	102	3	101	4	103	5	98	6	109	7	104	8	109	9	105	
	0	10	1	12	2	16	3	16	4	3	5	14	6	17	7	5	8	18	9	18	
	0	94	1	86	2	89	3	88	4	80	5	81	6	93	7	83	8	88	9	84	
	0	86	1	82	2	71	3	71	4	85	5	87	6	72	7	76	8	86	9	89	
	0	106	1	100	2	109	3	102	4	108	5	92	6	97	7	101	8	108	9	93	
	0	61	1	55	2	57	3	53	4	50	5	62	6	62	7	64	8	48	9	48	
	0	34	1	25	2	19	3	20	4	31	5	37	6	22	7	28	8	38	9	23	
	0	71	1	74	2	69	3	79	4	74	5	73	6	72	7	69	8	83	9	66	
	0	27	1	26	2	30	3	34	4	23	5	26	6	20	7	27	8	20	9	28	
	0	73	1	73	2	68	3	62	4	64	5	55	6	70	7	59	8	69	9	64	
	0	61	1	56	2	69	3	56	4	57	5	68	6	62	7	56	8	67	9	68	
	0	89	1	94	2	96	3	88	4	92	5	89	6	101	7	89	8	104	9	95	
	0	77	1	87	2	86	3	91	4	94	5	92	6	84	7	79	8	86	9	75	
	0	44	1	45	2	38	3	30	4	46	5	44	6	31	7	34	8	38	9	34	
	0	32	1	34	2	38	3	44	4	34	5	43	6	47	7	47	8	49	9	42	
	0	64	1	51	2	54	3	62	4	58	5	45	6	50	7	59	8	62	9	56	
	0	30	1	47	2	39	3	40	4	30	5	42	6	32	7	32	8	29	9	40	
	0	38	1	27	2	31	3	40	4	40	5	42	6	33	7	26	8	37	9	26	
	0	6	1	17	2	24	3	22	4	18	5	21	6	5	7	13	8	24	9	5	
	0	97	1	88	2	96	3	82	4	97	5	81	6	85	7	79	8	90	9	81	
	0	39	1	28	2	38	3	33	4	22	5	34	6	31	7	37	8	25	9	21	
	0	79	1	94	2	85	3	81	4	96	5	89	6	87	7	80	8	85	9	96	
	0	67	1	74	2	79	3	82	4	73	5	81	6	65	7	74	8	83	9	69	
	0	111	1	94	2	93	3	95	4	102	5	103	6	104	7	111	8	97	9	110	
	0	78	1	68	2	77	3	65	4	71	5	66	6	68	7	79	8	76	9	77	
	0	67	1	74	2	73	3	75	4	68	5	76	6	77	7	81	8	86	9	68	
	0	112	1	104	2	116	3	99	4	112	5	103	6	103	7	107	8	106	9	100	
	0	65	1	50	2	56	3	62	4	50	5	60	6	49	7	52	8	56	9	56	
	0	97	1	108	2	102	3	116	4	97	5	104	6	103	7	99	8	103	9	101	
	0	71	1	85	2	71	3	73	4	90	5	87	6	89	7	79	8	73	9	72	
	0	27	1	34	2	28	3	34	4	17	5	30	6	17	7	35	8	25	9	31	
	0	60	1	57	2	59	3	67	4	69	5	64	6	69	7	54	8	57	9	57	
	0	5	1	19	2	11	3	5	4	15	5	7	6	7	7	12	8	9	9	10	
	0	55	1	48	2	54	3	62	4	55	5	55	6	64	7	55	8	61	9	54	
	0	114	1	107	2	107	3	114	4	105	5	104	6	102	7	105	8	103	9	100	
	0	59	1	48	2	46	3	60	4	61	5	53	6	57	7	48	8	44	9	55	
	0	53	1	52	2	47	3	45	4	52	5	43	6	55	7	49	8	58	9	59	
	0	34	1	24	2	34	3	25	4	27	5	29	6	33	7	22	8	19	9	16	
	0	35	1	38	2	39	3	37	4	41	5	41	6	48	7	44	8	38	9	38	
	0	26	1	33	2	33	3	36	4	29	5	20	6	30	7	34	8	35	9	35	
	0	40	1	48	2	48	3	33	4	46	5	47	6	47	7	46	8	47	9	42	
	0	29	1	18	2	25	3	26	4	18	5	30	6	16	7	21	8	19	9	17	
	0	27	1	26	2	35	3	29	4	22	5	26	6	25	7	25	8	37	9	22	
	0	104	1	113	2	115	3	115	4	100	5	112	6	117	7	100	8	103	9	103	
	0	12	1	25	2	21	3	20	4	27	5	9	6	17	7	14	8	8	9	25	
	0	100	1	95	2	104	3	92	4	91	5	91	6	90	7	101	8	104	9	94	
	0	80	1	75	2	89	3	75	4	78	5	90	6	77	7	82	8	85	9	81	
	0	105	1	116	2	111	3	111	4	103	5	102	6	99	7	113	8	106	9	103	
	0	101	1	87	2	102	3	96	4	90	5	95	6	96	7	103	8	105	9	87	
	0	85	1	76	2	94	3	75	4	83	5	94	6	90	7	89	8	85	9	78	
	0	37	1	37	2	39	3	42	4	26	5	43	6	36	7	42	8	29	9	29	
	0	107	1	98	2	95	3	94	4	102	5	98	6	97	7	99	8	109	9	96	
	0	110	1	109	2	105	3	102	4	92	5	98	6	92	7	93	8	98	9	92	
	0	65	1	65	2	70	3	71	4	69	5	68	6	66	7	79	8	70	9	77	
	0	43	1	42	2	56	3	51	4	41	5	43	6	42	7	47	8	37	9	48	
	0	39	1	37	2	35	3	24	4	30	5	32	6	23	7	31	8	22	9	37	
	0	61	1	57	2	66	3	59	4	64	5	62	6	70	7	51	8	55	9	59	
	0	113	1	115	2	104	3	102	4	102	5	112	6	109	7	102	8	110	9	106	
	0	60	1	62	2	52	3	51	4	50	5	47	6	58	7	54	8	60	9	50	
	0	101	1	103	2	103	3	106	4	100	5	101	6	95	7	109	8	101	9	93	
	0	66	1	69	2	67	3	62	4	69	5	81	6	77	7	78	8	77	9	72	
	0	104	1	109	2	107	3	107	4	111	5	100	6	96	7	97	8	110	9	104	
	0	58	1	65	2	65	3	58	4	52	5	66	6	50	7	52	8	54	9	61	
	0	94	1	100	2	83	3	88	4	92	5	95	6	99	7	93	8	83	9	85	
	0	58	1	53	2	63	3	51	4	58	5	62	6	59	7	67	8	57	9	59	
	0	64	1	60	2	49	3	53	4	50	5	47	6	49	7	64	8	52	9	63	
	0	8	1	21	2	9	3	18	4	18	5	9	6	5	7	22	8	4	9	11	
	0	99	1	99	2	100	3	96	4	96	5	92	6	93	7	98	8	102	9	98	
	0	70	1	74	2	75	3	74	4	76	5	72	6	81	7	70	8	67	9	77	
	0	52	1	40	2	42	3	46	4	57	5	42	6	39	7	55	8	44	9	52	
	0	36	1	35	2	40	3	32	4	36	5	38	6	42	7	43	8	30	9	47	
	0	36	1	35	2	27	3	36	4	32	5	31	6	23	7	35	8	27	9	35	
	0	63	1	62	2	63	3	64	4	69	5	65	6	73	7	77	8	72	9	77	
	0	44	1	41	2	48	3	48	4	50	5	34	6	38	7	52	8	48	9	44	
	0	13	1	24	2	18	3	16	4	18	5	9	6	25	7	22	8	8	9	9	
	0	27	1	18	2	20	3	25	4	20	5	23	6	24	7	20	8	34	9	29	
	0	64	1	75	2	65	3	77	4	75	5	67	6	61	7	61	8	63	9	77	
	0	38	1	46	2	38	3	51	4	50	5	37	6	56	7	48	8	53	9	48	
	0	56	1	57	2	53	3	72	4	64	5	72	6	71	7	71	8	61	9	71	
	0	103	1	105	2	101	3	103	4	110	5	103	6	100	7	111	8	113	9	112	
	0	31	1	42	2	26	3	34	4	27	5	44	6	26	7	33	8	29	9	29	
	0	78	1	69	2	75	3	70	4	73	5	76	6	65	7	62	8	78	9	62	
	0	79	1	83	2	93	3	89	4	90	5	82	6	89	7	85	8	85	9	92	
	0	62	1	70	2	60	3	63	4	56	5	65	6	58	7	70	8	67	9	68	
	0	95	1	103	2	92	3	97	4	101	5	104	6	109	7	95	8	109	9	110	
	0	12	1	12	2	17	3	27	4	26	5	9	6	12	7	27	8	28	9	10	
	0	50	1	42	2	46	3	53	4	38	5	34	6	47	7	42	8	50	9	48	
	0	15	1	12	2	13	3	12	4	10	5	12	6	13	7	12	8	24	9	17	
	0	28	1	21	2	28	3	19	4	12	5	14	6	14	7	18	8	15	9	24	
	0	18	1	19	2	31	3	22	4	18	5	18	6	34	7	25	8	34	9	33	
	0	58	1	58	2	65	3	46	4	53	5	49	6	48	7	64	8	54	9	47	
	0	101	1	98	2	105	3	101	4	110	5	105	6	106	7	103	8	102	9	95	
	0	78	1	95	2	91	3	84	4	95	5	78	6	88	7	96	8	87	9	79	
	0	81	1	81	2	81	3	85	4	83	5	81	6	72	7	90	8	86	9	77	
	0	45	1	58	2	44	3	47	4	61	5	53	6	49	7	62	8	53	9	47	
	0	82	1	85	2	77	3	72	4	85	5	78	6	75	7	73	8	84	9	88	
	0	49	1	63	2	61	3	60	4	53	5	55	6	47	7	58	8	61	9	58	
	0	88	1	83	2	76	3	79	4	77	5	92	6	90	7	87	8	75	9	89	
	0	23	1	8	2	6	3	17	4	11	5	8	6	22	7	14	8	24	9	23	
	0	17	1	12	2	10	3	22	4	10	5	15	6	19	7	7	8	11	9	10	
	0	16	1	15	2	25	3	16	4	25	5	25	6	11	7	19	8	22	9	14	
	0	22	1	16	2	11	3	6	4	21	5	12	6	7	7	5	8	7	9	12	
	0	71	1	65	2	66	3	60	4	65	5	65	6	67	7	65	8	58	9	61	
	0	85	1	87	2	95	3	94	4	98	5	83	6	87	7	84	8	87	9	102	
	0	77	1	79	2	75	3	88	4	90	5	90	6	87	7	78	8	86	9	93	
	0	88	1	94	2	83	3	89	4	80	5	90	6	95	7	95	8	84	9	87	
	0	52	1	59	2	53	3	56	4	60	5	52	6	57	7	69	8	69	9	64	
	0	36	1	49	2	38	3	40	4	47	5	36	6	48	7	48	8	44	9	43	
	0	96	1	99	2	101	3	106	4	89	5	99	6	107	7	105	8	95	9	92	
	0	47	1	30	2	41	3	36	4	34	5	35	6	48	7	30	8	43	9	36	
	0	97	1	102	2	93	3	89	4	94	5	89	6	91	7	102	8	92	9	97	
	0	70	1	66	2	83	3	81	4	66	5	74	6	75	7	67	8	81	9	70	
	0	48	1	37	2	47	3	44	4	45	5	49	6	45	7	38	8	48	9	48	
	0	75	1	90	2	71	3	89	4	75	5	80	6	76	7	74	8	86	9	87	
	0	25	1	26	2	28	3	38	4	34	5	35	6	40	7	32	8	31	9	40	
	0	5	1	7	2	19	3	19	4	7	5	11	6	19	7	16	8	17	9	17	
	0	34	1	33	2	39	3	22	4	39	5	21	6	23	7	35	8	39	9	28	
	0	75	1	58	2	63	3	68	4	65	5	59	6	73	7	65	8	61	9	71	
	0	91	1	91	2	81	3	77	4	87	5	93	6	78	7	91	8	82	9	82	
	0	60	1	56	2	51	3	58	4	58	5	52	6	45	7	54	8	46	9	43	
	0	48	1	57	2	59	3	62	4	64	5	63	6	67	7	64	8	65	9	55	
	0	57	1	64	2	73	3	67	4	57	5	60	6	63	7	76	8	72	9	62	
	0	65	1	63	2	61	3	59	4	70	5	61	6	63	7	68	8	61	9	70	
	0	90	1	86	2	79	3	77	4	76	5	86	6	84	7	85	8	80	9	81	
	0	103	1	94	2	96	3	98	4	95	5	101	6	106	7	95	8	90	9	101	
	0	40	1	42	2	45	3	49	4	38	5	42	6	36	7	39	8	35	9	46	
	0	17	1	22	2	18	3	23	4	21	5	14	6	24	7	19	8	29	9	11	
	0	91	1	90	2	94	3	87	4	75	5	81	6	83	7	87	8	87	9	84	
	0	17	1	29	2	16	3	32	4	19	5	19	6	19	7	32	8	30	9	32	
	0	48	1	48	2	53	3	62	4	49	5	45	6	62	7	49	8	44	9	60	
	0	31	1	25	2	31	3	34	4	36	5	41	6	33	7	29	8	42	9	42	
	0	81	1	77	2	82	3	84	4	82	5	88	6	86	7	76	8	91	9	85	
	0	89	1	87	2	77	3	93	4	86	5	89	6	91	7	90	8	93	9	91	
	0	73	1	83	2	87	3	81	4	86	5	73	6	74	7	86	8	84	9	92	
	0	49	1	35	2	44	3	50	4	46	5	40	6	35	7	36	8	41	9	32	
	0	53	1	54	2	70	3	60	4	60	5	61	6	53	7	59	8	60	9	61	
	0	63	1	58	2	54	3	71	4	65	5	62	6	58	7	58	8	65	9	63	
	0	94	1	86	2	105	3	101	4	97	5	87	6	96	7	100	8	90	9	92	
	0	33	1	39	2	40	3	51	4	47	5	33	6	49	7	37	8	33	9	36	
	0	96	1	109	2	111	3	99	4	109	5	96	6	100	7	98	8	102	9	106	
	0	63	1	51	2	53	3	63	4	61	5	51	6	67	7	57	8	67	9	51	
	0	18	1	15	2	7	3	18	4	20	5	21	6	11	7	13	8	16	9	10	
	0	75	1	87	2	72	3	87	4	75	5	78	6	85	7	69	8	85	9	71	
	0	75	1	85	2	79	3	75	4	81	5	89	6	83	7	88	8	89	9	74	
	0	22	1	20	2	15	3	13	4	30	5	12	6	29	7	20	8	30	9	14	
	0	97	1	99	2	102	3	106	4	94	5	107	6	113	7	109	8	100	9	110	
	0	86	1	83	2	86	3	90	4	95	5	78	6	78	7	86	8	92	9	85	
	0	21	1	27	2	31	3	12	4	16	5	31	6	28	7	12	8	14	9	18	
	0	102	1	85	2	91	3	97	4	97	5	90	6	98	7	95	8	88	9	83	
	0	53	1	48	2	55	3	56	4	58	5	52	6	52	7	54	8	64	9	61	
	0	43	1	48	2	52	3	59	4	58	5	41	6	57	7	59	8	53	9	53	
	0	93	1	107	2	100	3	98	4	96	5	109	6	96	7	100	8	99	9	96	
	0	40	1	28	2	34	3	43	4	34	5	31	6	26	7	33	8	28	9	42	
	0	48	1	32	2	32	3	42	4	46	5	45	6	34	7	32	8	37	9	30	
	0	95	1	91	2	94	3	96	4	93	5	88	6	83	7	94	8	93	9	97	
	0	51	1	36	2	44	3	40	4	44	5	43	6	51	7	52	8	48	9	49	
	0	63	1	62	2	65	3	56	4	65	5	54	6	48	7	59	8	59	9	57	
	0	41	1	37	2	31	3	38	4	41	5	45	6	45	7	44	8	34	9	47	
	0	54	1	40	2	39	3	43	4	40	5	43	6	41	7	49	8	47	9	47	
	0	25	1	40	2	37	3	37	4	27	5	30	6	40	7	34	8	31	9	33	
	0	58	1	68	2	52	3	56	4	62	5	69	6	55	7	71	8	65	9	69	
	0	28	1	39	2	42	3	32	4	28	5	32	6	30	7	42	8	24	9	31	
	0	98	1	96	2	93	3	107	4	106	5	96	6	99	7	108	8	104	9	105	
	0	108	1	103	2	100	3	102	4	105	5	104	6	101	7	111	8	111	9	102	
	0	44	1	38	2	28	3	32	4	35	5	33	6	43	7	36	8	35	9	44	
	0	85	1	88	2	100	3	100	4	96	5	95	6	91	7	92	8	90	9	93	
	0	61	1	49	2	47	3	50	4	61	5	64	6	47	7	66	8	56	9	61	
	0	25	1	28	2	36	3	32	4	23	5	40	6	39	7	30	8	25	9	32	
	0	67	1	74	2	75	3	61	4	60	5	60	6	75	7	66	8	66	9	75	
	0	102	1	119	2	118	3	102	4	116	5	113	6	112	7	118	8	100	9	109	
	0	69	1	59	2	53	3	67	4	63	5	63	6	57	7	61	8	69	9	71	
	0	67	1	62	2	58	3	72	4	67	5	59	6	74	7	73	8	69	9	64	
	0	95	1	85	2	98	3	84	4	88	5	90	6	100	7	99	8	94	9	97	
	0	108	1	117	2	101	3	108	4	101	5	101	6	111	7	114	8	116	9	118	
	0	28	1	44	2	45	3	31	4	39	5	32	6	35	7	43	8	46	9	28	
	0	72	1	71	2	61	3	74	4	60	5	62	6	67	7	66	8	65	9	70	
	0	100	1	95	2	94	3	92	4	102	5	89	6	87	7	84	8	89	9	90	
	0	25	1	8	2	12	3	26	4	25	5	17	6	11	7	22	8	22	9	13	
	0	52	1	65	2	68	3	64	4	54	5	63	6	61	7	67	8	63	9	50	
	0	79	1	78	2	71	3	74	4	74	5	88	6	71	7	89	8	73	9	87	
	0	25	1	28	2	13	3	17	4	27	5	22	6	13	7	24	8	16	9	32	
	0	49	1	55	2	44	3	47	4	59	5	49	6	53	7	59	8	55	9	42	
	0	80	1	81	2	92	3	90	4	98	5	98	6	86	7	91	8	92	9	85	
	0	98	1	97	2	116	3	99	4	111	5	99	6	107	7	98	8	101	9	102	
	0	87	1	97	2	94	3	90	4	83	5	97	6	91	7	88	8	80	9	96	
	0	47	1	34	2	48	3	49	4	42	5	33	6	33	7	49	8	37	9	34	
	0	12	1	26	2	21	3	22	4	23	5	27	6	22	7	24	8	25	9	28	
	0	104	1	106	2	109	3	103	4	100	5	108	6	100	7	102	8	97	9	99	
	0	12	1	19	2	11	3	22	4	23	5	16	6	20	7	11	8	12	9	15	
	0	74	1	73	2	75	3	81	4	75	5	85	6	74	7	81	8	74	9	80	
	0	78	1	71	2	75	3	78	4	86	5	73	6	78	7	70	8	86	9	86	
	0	84	1	90	2	91	3	86	4	85	5	98	6	86	7	102	8	102	9	88	
	0	67	1	57	2	57	3	74	4	66	5	73	6	62	7	76	8	62	9	61	
	0	84	1	80	2	73	3	84	4	81	5	79	6	73	7	71	8	66	9	73	
	0	29	1	35	2	21	3	33	4	22	5	37	6	26	7	29	8	23	9	28	
	0	35	1	34	2	30	3	32	4	26	5	25	6	27	7	24	8	20	9	34	
	0	40	1	36	2	48	3	33	4	41	5	35	6	36	7	39	8	43	9	44	
	0	65	1	81	2	83	3	81	4	74	5	82	6	82	7	75	8	77	9	69	
	0	91	1	76	2	75	3	91	4	88	5	84	6	77	7	81	8	73	9	91	
	0	67	1	71	2	75	3	59	4	56	5	71	6	71	7	60	8	65	9	66	
	0	86	1	85	2	84	3	89	4	93	5	88	6	97	7	88	8	100	9	83	
	0	88	1	95	2	82	3	87	4	97	5	83	6	100	7	92	8	96	9	94	
	0	104	1	102	2	115	3	116	4	102	5	100	6	101	7	107	8	114	9	107	
	0	56	1	61	2	50	3	63	4	60	5	56	6	54	7	48	8	66	9	50	
	0	59	1	43	2	42	3	42	4	54	5	42	6	58	7	56	8	60	9	57	
	0	69	1	56	2	59	3	65	4	57	5	65	6	67	7	56	8	61	9	52	
	0	46	1	52	2	45	3	47	4	53	5	57	6	50	7	57	8	56	9	55	
	0	19	1	19	2	33	3	25	4	18	5	27	6	21	7	22	8	28	9	26	
	0	83	1	85	2	79	3	75	4	90	5	84	6	81	7	77	8	78	9	80	
	0	93	1	85	2	100	3	86	4	84	5	92	6	99	7	102	8	97	9	97	
	0	15	1	28	2	13	3	13	4	30	5	25	6	23	7	14	8	13	9	14	
	0	28	1	34	2	30	3	32	4	41	5	36	6	34	7	39	8	37	9	30	
	0	53	1	41	2	46	3	59	4	46	5	49	6	49	7	56	8	55	9	41	
	0	23	1	11	2	23	3	29	4	29	5	20	6	17	7	18	8	21	9	19	
	0	57	1	59	2	61	3	59	4	66	5	72	6	55	7	59	8	55	9	70	
	0	60	1	49	2	46	3	60	4	53	5	54	6	51	7	47	8	51	9	55	
	0	52	1	59	2	51	3	41	4	47	5	49	6	45	7	43	8	42	9	43	
	0	30	1	33	2	38	3	21	4	27	5	20	6	39	7	27	8	39	9	24	
	0	44	1	31	2	25	3	27	4	37	5	37	6	25	7	39	8	29	9	42	
	0	62	1	75	2	57	3	70	4	61	5	65	6	67	7	74	8	71	9	64	
	0	112	1	120	2	120	3	120	4	106	5	102	6	102	7	104	8	102	9	114	
	0	33	1	46	2	42	3	45	4	44	5	41	6	36	7	46	8	38	9	42	
	0	44	1	30	2	33	3	25	4	27	5	43	6	30	7	44	8	39	9	29	
	0	21	1	21	2	11	3	18	4	9	5	5	6	10	7	12	8	12	9	18	
	0	86	1	86	2	88	3	103	4	99	5	103	6	96	7	85	8	101	9	94	
	0	27	1	40	2	40	3	32	4	41	5	23	6	24	7	33	8	28	9	27	
	0	62	1	63	2	65	3	58	4	55	5	67	6	64	7	57	8	65	9	58	
	0	35	1	30	2	19	3	33	4	27	5	37	6	21	7	27	8	19	9	20	
	0	92	1	109	2	108	3	97	4	104	5	94	6	102	7	103	8	108	9	98	
	0	67	1	73	2	61	3	62	4	59	5	75	6	77	7	61	8	63	9	69	
	0	20	1	19	2	27	3	30	4	28	5	18	6	23	7	34	8	31	9	19	
	0	102	1	102	2	90	3	84	4	85	5	96	6	91	7	102	8	91	9	96	
	0	108	1	105	2	108	3	97	4	112	5	106	6	101	7	100	8	109	9	113	
	0	35	1	49	2	33	3	45	4	49	5	34	6	43	7	47	8	39	9	33	
	0	60	1	50	2	52	3	58	4	44	5	54	6	42	7	50	8	60	9	52	
	0	104	1	113	2	112	3	108	4	95	5	107	6	105	7	107	8	103	9	100	
	0	105	1	101	2	110	3	118	4	101	5	110	6	110	7	118	8	115	9	101	
	0	80	1	92	2	84	3	94	4	97	5	89	6	96	7	78	8	97	9	92	
	0	61	1	63	2	44	3	59	4	59	5	50	6	55	7	48	8	46	9	55	
	0	115	1	119	2	114	3	111	4	118	5	103	6	108	7	112	8	102	9	102	
	0	103	1	88	2	101	3	89	4	86	5	103	6	95	7	92	8	93	9	99	
	0	17	1	22	2	24	3	22	4	15	5	15	6	24	7	29	8	24	9	23	
	0	51	1	48	2	46	3	52	4	41	5	37	6	47	7	45	8	48	9	40	
	0	119	1	113	2	111	3	102	4	106	5	106	6	105	7	101	8	116	9	101	
	0	36	1	23	2	29	3	17	4	30	5	21	6	30	7	32	8	34	9	24	
	0	26	1	41	2	41	3	35	4	30	5	33	6	31	7	36	8	41	9	25	
	0	36	1	49	2	47	3	49	4	44	5	48	6	44	7	49	8	49	9	42	
	0	59	1	72	2	71	3	74	4	75	5	70	6	67	7	75	8	61	9	63	
	0	53	1	47	2	60	3	58	4	58	5	64	6	57	7	65	8	61	9	50	
	0	107	1	91	2	107	3	95	4	94	5	96	6	97	7	109	8	100	9	102	
	0	41	1	56	2	59	3	42	4	46	5	51	6	41	7	51	8	41	9	54	
	0	79	1	74	2	85	3	85	4	79	5	78	6	85	7	85	8	71	9	84	
	0	104	1	98	2	102	3	94	4	88	5	103	6	107	7	93	8	89	9	107	
	0	60	1	68	2	77	3	75	4	73	5	68	6	66	7	59	8	69	9	70	
	0	94	1	99	2	95	3	88	4	100	5	101	6	94	7	86	8	89	9	88	
	0	67	1	64	2	65	3	75	4	58	5	75	6	61	7	58	8	56	9	75	
	0	22	1	12	2	12	3	12	4	19	5	10	6	16	7	14	8	15	9	21	
	0	81	1	76	2	64	3	63	4	69	5	70	6	77	7	71	8	63	9	74	
	0	88	1	81	2	85	3	81	4	79	5	90	6	76	7	77	8	85	9	74	
	0	91	1	90	2	92	3	99	4	93	5	99	6	92	7	90	8	91	9	86	
	0	48	1	44	2	57	3	46	4	51	5	60	6	48	7	48	8	50	9	50	
	0	60	1	51	2	51	3	47	4	60	5	61	6	49	7	48	8	62	9	53	
	0	47	1	54	2	48	3	53	4	61	5	52	6	64	7	54	8	64	9	59	
	0	107	1	107	2	107	3	90	4	90	5	102	6	106	7	95	8	92	9	97	
	0	106	1	103	2	96	3	100	4	97	5	100	6	107	7	105	8	103	9	95	
	0	41	1	46	2	47	3	46	4	51	5	49	6	50	7	40	8	40	9	43	
	0	15	1	11	2	6	3	11	4	22	5	7	6	23	7	18	8	6	9	12	
	0	29	1	40	2	27	3	38	4	40	5	36	6	40	7	42	8	26	9	35	
	0	41	1	29	2	31	3	28	4	43	5	40	6	34	7	37	8	36	9	33	
	0	95	1	94	2	87	3	85	4	92	5	89	6	89	7	84	8	89	9	98	
	0	88	1	100	2	101	3	94	4	91	5	89	6	96	7	86	8	91	9	89	
	0	40	1	27	2	42	3	40	4	39	5	41	6	43	7	30	8	30	9	32	
	0	15	1	21	2	16	3	18	4	8	5	13	6	16	7	11	8	25	9	23	
	0	29	1	36	2	39	3	32	4	31	5	33	6	35	7	28	8	25	9	26	
	0	53	1	45	2	46	3	37	4	41	5	46	6	52	7	47	8	38	9	36	
	0	79	1	79	2	80	3	74	4	73	5	69	6	82	7	70	8	77	9	84	
	0	53	1	51	2	63	3	57	4	51	5	59	6	56	7	62	8	59	9	49	
	0	49	1	51	2	48	3	49	4	59	5	47	6	60	7	47	8	54	9	59	
	0	62	1	63	2	46	3	65	4	47	5	47	6	47	7	48	8	47	9	58	
	0	85	1	90	2	78	3	85	4	81	5	92	6	82	7	87	8	84	9	95	
	0	104	1	93	2	95	3	95	4	90	5	93	6	98	7	92	8	103	9	92	
	0	65	1	71	2	63	3	64	4	79	5	64	6	62	7	72	8	79	9	70	
	0	72	1	65	2	84	3	81	4	65	5	69	6	77	7	81	8	71	9	70	
	0	30	1	18	2	17	3	16	4	26	5	12	6	12	7	11	8	24	9	19	
	0	44	1	61	2	44	3	49	4	60	5	56	6	47	7	47	8	45	9	50	
	0	47	1	42	2	43	3	45	4	52	5	37	6	52	7	39	8	35	9	44	
	0	101	1	102	2	110	3	110	4	107	5	108	6	108	7	116	8	113	9	101	
	0	30	1	20	2	26	3	33	4	21	5	21	6	31	7	27	8	30	9	31	
	0	34	1	45	2	45	3	35	4	38	5	43	6	26	7	34	8	33	9	32	
	0	96	1	104	2	105	3	104	4	89	5	95	6	99	7	99	8	95	9	94	
	0	59	1	56	2	64	3	67	4	60	5	56	6	58	7	67	8	63	9	52	
	0	114	1	105	2	116	3	116	4	115	5	111	6	106	7	113	8	107	9	108	
	0	103	1	110	2	112	3	105	4	102	5	113	6	111	7	108	8	112	9	106	
	0	63	1	74	2	73	3	63	4	71	5	77	6	64	7	61	8	71	9	66	
	0	21	1	29	2	34	3	19	4	23	5	28	6	36	7	31	8	20	9	33	
	0	23	1	27	2	26	3	36	4	27	5	28	6	23	7	31	8	22	9	34	
	0	82	1	75	2	71	3	71	4	70	5	67	6	79	7	80	8	73	9	72	
	0	55	1	71	2	59	3	65	4	70	5	69	6	55	7	68	8	68	9	68	
	0	54	1	61	2	66	3	71	4	64	5	65	6	72	7	67	8	61	9	70	
	0	94	1	95	2	105	3	100	4	98	5	92	6	103	7	91	8	98	9	95	
	0	80	1	78	2	80	3	81	4	79	5	87	6	80	7	87	8	77	9	73	
	0	88	1	88	2	88	3	85	4	98	5	92	6	87	7	89	8	88	9	98	
	0	116	1	116	2	110	3	105	4	107	5	108	6	108	7	102	8	99	9	104	
	0	115	1	105	2	116	3	104	4	102	5	112	6	108	7	106	8	108	9	120	
	0	26	1	24	2	13	3	18	4	22	5	9	6	13	7	10	8	25	9	11	
	0	20	1	17	2	6	3	2	4	19	5	21	6	19	7	5	8	10	9	2	
	0	101	1	85	2	100	3	98	4	101	5	91	6	85	7	92	8	84	9	91	
	0	102	1	92	2	102	3	88	4	87	5	103	6	85	7	93	8	89	9	95	
	0	82	1	69	2	77	3	73	4	82	5	79	6	70	7	73	8	66	9	81	
	0	72	1	55	2	60	3	65	4	73	5	71	6	71	7	56	8	60	9	68	
	0	45	1	45	2	56	3	42	4	50	5	39	6	57	7	49	8	43	9	39	
	0	99	1	86	2	100	3	102	4	91	5	95	6	97	7	86	8	91	9	88	
	0	86	1	84	2	82	3	78	4	78	5	88	6	97	7	88	8	85	9	84	
	0	70	1	65	2	66	3	75	4	79	5	77	6	71	7	77	8	70	9	74	
	0	83	1	89	2	81	3	89	4	86	5	92	6	85	7	95	8	89	9	98	
	0	36	1	40	2	27	3	35	4	41	5	29	6	46	7	30	8	46	9	28	
	0	32	1	21	2	22	3	23	4	23	5	31	6	30	7	30	8	14	9	19	
	0	63	1	75	2	71	3	58	4	59	5	68	6	60	7	68	8	58	9	65	
	0	47	1	31	2	44	3	39	4	44	5	50	6	34	7	33	8	41	9	37	
	0	94	1	105	2	102	3	101	4	98	5	101	6	105	7	92	8	90	9	97	
	0	44	1	38	2	39	3	50	4	41	5	46	6	52	7	37	8	42	9	36	
	0	38	1	48	2	52	3	44	4	42	5	51	6	39	7	46	8	35	9	39	
	0	105	1	97	2	108	3	105	4	105	5	92	6	103	7	97	8	93	9	106	
	0	92	1	92	2	81	3	86	4	96	5	89	6	90	7	85	8	91	9	92	
	0	79	1	86	2	85	3	85	4	85	5	80	6	78	7	74	8	88	9	86	
	0	82	1	71	2	72	3	78	4	78	5	79	6	85	7	72	8	86	9	71	
	0	77	1	65	2	76	3	62	4	74	5	63	6	67	7	71	8	59	9	60	
	0	91	1	101	2	91	3	95	4	83	5	100	6	91	7	82	8	83	9	82	
	0	81	1	69	2	85	3	79	4	69	5	72	6	68	7	73	8	83	9	70	
	0	40	1	39	2	43	3	30	4	40	5	42	6	33	7	34	8	47	9	44	
	0	99	1	90	2	87	3	97	4	94	5	101	6	89	7	89	8	88	9	95	
	0	79	1	65	2	66	3	77	4	80	5	68	6	79	7	67	8	64	9	66	
	0	106	1	107	2	109	3	98	4	106	5	103	6	105	7	115	8	115	9	108	
	0	92	1	80	2	75	3	84	4	80	5	79	6	78	7	74	8	80	9	89	
	0	43	1	40	2	40	3	55	4	48	5	48	6	55	7	44	8	47	9	44	
	0	99	1	94	2	101	3	106	4	102	5	100	6	109	7	107	8	108	9	93	
	0	105	1	94	2	99	3	101	4	104	5	89	6	90	7	105	8	89	9	97	
	0	87	1	81	2	76	3	70	4	69	5	74	6	72	7	75	8	87	9	70	
	0	29	1	37	2	27	3	21	4	24	5	24	6	35	7	28	8	31	9	32	
	0	71	1	62	2	79	3	68	4	63	5	71	6	71	7	67	8	73	9	76	
	0	27	1	38	2	39	3	45	4	40	5	33	6	29	7	40	8	29	9	27	
	0	37	1	23	2	24	3	29	4	36	5	36	6	29	7	27	8	21	9	22	
	0	87	1	96	2	92	3	93	4	86	5	93	6	91	7	89	8	88	9	98	
	0	107	1	117	2	116	3	106	4	112	5	118	6	109	7	108	8	118	9	107	
	0	4	1	2	2	21	3	14	4	6	5	5	6	7	7	7	8	4	9	4	
	0	68	1	73	2	68	3	73	4	85	5	79	6	83	7	82	8	87	9	81	
	0	74	1	65	2	61	3	78	4	65	5	69	6	73	7	67	8	79	9	78	
	0	113	1	118	2	109	3	116	4	104	5	105	6	111	7	99	8	100	9	115	
	0	68	1	74	2	80	3	65	4	64	5	79	6	71	7	64	8	67	9	73	
	0	81	1	91	2	85	3	78	4	84	5	81	6	78	7	83	8	75	9	74	
	0	14	1	27	2	25	3	20	4	17	5	19	6	10	7	11	8	20	9	25	
	0	87	1	98	2	91	3	103	4	104	5	97	6	91	7	95	8	96	9	92	
	0	62	1	63	2	58	3	60	4	68	5	61	6	65	7	65	8	52	9	57	
	0	64	1	61	2	71	3	69	4	67	5	66	6	68	7	80	8	69	9	70	
	0	79	1	71	2	79	3	72	4	81	5	82	6	73	7	69	8	72	9	77	
	0	55	1	58	2	47	3	58	4	47	5	49	6	47	7	56	8	57	9	60	
	0	36	1	26	2	32	3	32	4	29	5	27	6	30	7	22	8	35	9	25	
	0	10	1	22	2	12	3	20	4	23	5	14	6	21	7	24	8	5	9	19	
	0	60	1	53	2	51	3	51	4	50	5	60	6	61	7	61	8	55	9	57	
	0	30	1	43	2	44	3	44	4	35	5	38	6	39	7	34	8	38	9	39	
	0	34	1	48	2	37	3	48	4	46	5	52	6	47	7	34	8	36	9	52	
	0	97	1	93	2	85	3	82	4	84	5	86	6	94	7	96	8	84	9	99	
	0	72	1	85	2	78	3	84	4	74	5	82	6	82	7	75	8	78	9	84	
	0	25	1	20	2	20	3	23	4	24	5	17	6	22	7	29	8	11	9	12	
	0	74	1	81	2	71	3	68	4	84	5	69	6	76	7	83	8	70	9	68	
	0	21	1	12	2	15	3	10	4	15	5	21	6	27	7	11	8	26	9	17	
	0	24	1	29	2	38	3	25	4	34	5	36	6	26	7	36	8	30	9	30	
	0	96	1	89	2	88	3	95	4	105	5	101	6	88	7	94	8	90	9	100	
	0	60	1	67	2	66	3	67	4	57	5	65	6	58	7	67	8	64	9	63	
	0	77	1	71	2	77	3	73	4	78	5	79	6	71	7	62	8	78	9	68	
	0	71	1	78	2	75	3	70	4	80	5	67	6	68	7	75	8	72	9	75	
	0	79	1	75	2	73	3	82	4	79	5	74	6	70	7	67	8	68	9	65	
	0	45	1	58	2	51	3	58	4	45	5	52	6	52	7	41	8	51	9	55	
	0	98	1	109	2	113	3	103	4	101	5	103	6	100	7	96	8	103	9	95	
	0	89	1	104	2	92	3	90	4	104	5	91	6	89	7	91	8	92	9	86	
	0	41	1	45	2	41	3	47	4	49	5	50	6	57	7	45	8	44	9	41	
	0	44	1	49	2	54	3	54	4	42	5	41	6	57	7	43	8	47	9	54	
	0	20	1	23	2	9	3	16	4	14	5	17	6	18	7	19	8	15	9	15	
	0	88	1	88	2	94	3	99	4	98	5	87	6	86	7	99	8	93	9	103	
	0	100	1	92	2	87	3	87	4	101	5	95	6	102	7	99	8	88	9	85	
	0	17	1	24	2	19	3	24	4	24	5	17	6	15	7	32	8	19	9	34	
	0	25	1	29	2	31	3	25	4	29	5	26	6	18	7	23	8	37	9	19	
	0	38	1	49	2	53	3	49	4	49	5	56	6	47	7	49	8	40	9	45	
	0	21	1	19	2	24	3	9	4	12	5	11	6	19	7	27	8	20	9	24	
	0	101	1	111	2	111	3	104	4	105	5	112	6	110	7	99	8	97	9	94	
	0	17	1	24	2	30	3	34	4	19	5	34	6	30	7	16	8	26	9	21	
	0	87	1	90	2	81	3	93	4	97	5	85	6	89	7	92	8	85	9	90	
	0	101	1	100	2	110	3	108	4	101	5	119	6	106	7	109	8	103	9	108	
	0	78	1	69	2	67	3	66	4	66	5	83	6	84	7	75	8	82	9	70	
	0	14	1	17	2	19	3	9	4	13	5	26	6	15	7	11	8	20	9	24	
	0	40	1	45	2	50	3	45	4	50	5	53	6	55	7	36	8	53	9	42	
	0	23	1	13	2	22	3	20	4	6	5	7	6	21	7	7	8	15	9	14	
	0	44	1	34	2	46	3	51	4	52	5	50	6	48	7	34	8	42	9	41	
	0	9	1	26	2	19	3	20	4	15	5	16	6	23	7	20	8	13	9	18	
	0	45	1	61	2	51	3	45	4	62	5	55	6	44	7	52	8	51	9	58	
	0	78	1	72	2	68	3	68	4	67	5	73	6	61	7	69	8	74	9	68	
	0	41	1	32	2	32	3	37	4	40	5	33	6	39	7	29	8	43	9	35	
	0	95	1	98	2	90	3	98	4	92	5	95	6	107	7	104	8	101	9	104	
	0	53	1	47	2	46	3	47	4	55	5	55	6	52	7	55	8	57	9	42	
	0	21	1	7	2	13	3	14	4	16	5	11	6	26	7	17	8	26	9	11	
	0	78	1	77	2	90	3	93	4	78	5	86	6	83	7	81	8	93	9	86	
	0	56	1	73	2	67	3	55	4	62	5	67	6	72	7	55	8	69	9	71	
	0	99	1	102	2	111	3	103	4	108	5	101	6	115	7	102	8	101	9	106	
	0	33	1	27	2	32	3	42	4	33	5	46	6	27	7	30	8	27	9	27	
	0	74	1	81	2	72	3	77	4	82	5	80	6	84	7	85	8	87	9	80	
	0	60	1	62	2	51	3	45	4	54	5	51	6	62	7	54	8	58	9	61	
	0	104	1	107	2	93	3	108	4	110	5	106	6	105	7	107	8	91	9	108	
	0	48	1	41	2	58	3	58	4	45	5	60	6	60	7	46	8	48	9	44	
	0	56	1	46	2	51	3	52	4	47	5	47	6	57	7	52	8	41	9	46	
	0	102	1	103	2	113	3	107	4	116	5	100	6	110	7	106	8	114	9	116	
	0	65	1	74	2	84	3	72	4	72	5	68	6	70	7	81	8	68	9	76	
	0	27	1	18	2	32	3	33	4	34	5	25	6	20	7	25	8	34	9	34	
	0	97	1	94	2	101	3	99	4	98	5	88	6	90	7	85	8	94	9	104	
	0	77	1	80	2	82	3	89	4	86	5	75	6	83	7	91	8	75	9	86	
	0	18	1	22	2	32	3	21	4	16	5	19	6	25	7	15	8	21	9	15	
	0	17	1	17	2	5	3	5	4	6	5	4	6	11	7	16	8	14	9	10	
	0	94	1	107	2	89	3	108	4	99	5	108	6	96	7	94	8	108	9	101	
	0	95	1	93	2	99	3	83	4	93	5	86	6	95	7	96	8	100	9	93	
	0	41	1	47	2	32	3	42	4	34	5	30	6	33	7	32	8	46	9	39	
	0	37	1	18	2	24	3	20	4	34	5	32	6	35	7	34	8	24	9	33	
	0	63	1	61	2	58	3	73	4	74	5	60	6	68	7	68	8	58	9	56	
	0	39	1	43	2	40	3	42	4	44	5	52	6	44	7	55	8	51	9	41	
	0	84	1	78	2	91	3	89	4	76	5	84	6	87	7	94	8	75	9	81	
	0	21	1	24	2	31	3	26	4	18	5	18	6	14	7	25	8	22	9	21	
	0	63	1	56	2	64	3	57	4	54	5	58	6	57	7	67	8	58	9	63	
	0	83	1	80	2	87	3	76	4	75	5	74	6	78	7	88	8	80	9	76	
	0	21	1	16	2	18	3	22	4	15	5	28	6	30	7	18	8	19	9	25	
	0	56	1	54	2	47	3	57	4	48	5	62	6	60	7	47	8	55	9	51	
	0	56	1	64	2	59	3	68	4	71	5	70	6	64	7	67	8	65	9	72	
	0	46	1	60	2	59	3	55	4	58	5	44	6	50	7	52	8	43	9	56	
	0	102	1	95	2	84	3	88	4	98	5	92	6	84	7	85	8	90	9	89	
	0	69	1	78	2	76	3	73	4	74	5	73	6	71	7	78	8	65	9	61	
	0	79	1	90	2	84	3	82	4	94	5	94	6	79	7	78	8	92	9	82	
	0	94	1	97	2	109	3	97	4	94	5	100	6	109	7	107	8	101	9	103	
	0	64	1	58	2	70	3	61	4	59	5	68	6	68	7	62	8	67	9	57	
	0	77	1	80	2	81	3	84	4	90	5	84	6	90	7	74	8	84	9	89	
	0	72	1	71	2	65	3	71	4	81	5	63	6	66	7	64	8	63	9	72	
	0	98	1	95	2	92	3	107	4	101	5	105	6	103	7	94	8	107	9	102	
	0	33	1	27	2	30	3	39	4	32	5	25	6	31	7	32	8	37	9	26	
	0	62	1	60	2	66	3	77	4	66	5	63	6	78	7	62	8	67	9	66	
	0	98	1	94	2	83	3	95	4	99	5	96	6	100	7	95	8	84	9	95	
	0	69	1	74	2	61	3	64	4	61	5	72	6	64	7	70	8	67	9	60	
	0	57	1	63	2	52	3	66	4	53	5	50	6	51	7	60	8	52	9	66	
	0	49	1	53	2	55	3	54	4	43	5	50	6	41	7	53	8	52	9	48	
	0	85	1	81	2	84	3	74	4	67	5	85	6	79	7	73	8	71	9	76	
	0	51	1	53	2	49	3	50	4	62	5	59	6	43	7	51	8	52	9	54	
	0	82	1	80	2	72	3	68	4	81	5	64	6	80	7	68	8	68	9	72	
	0	26	1	12	2	16	3	16	4	22	5	26	6	18	7	15	8	11	9	14	
	0	47	1	48	2	60	3	59	4	51	5	52	6	52	7	52	8	56	9	48	
	0	12	1	6	2	21	3	14	4	7	5	9	6	5	7	15	8	12	9	11	
	0	39	1	49	2	38	3	49	4	34	5	41	6	50	7	45	8	45	9	49	
	0	43	1	30	2	30	3	41	4	33	5	46	6	30	7	46	8	40	9	39	
	0	91	1	78	2	92	3	83	4	84	5	89	6	83	7	81	8	74	9	88	
	0	66	1	65	2	59	3	71	4	57	5	73	6	55	7	62	8	65	9	62	
	0	69	1	58	2	63	3	74	4	74	5	62	6	59	7	61	8	64	9	70	
	0	97	1	96	2	91	3	105	4	109	5	99	6	98	7	102	8	104	9	108	
	0	54	1	50	2	40	3	47	4	44	5	41	6	46	7	46	8	45	9	38	
	0	38	1	24	2	38	3	31	4	30	5	37	6	25	7	32	8	37	9	24	
	0	56	1	46	2	58	3	47	4	57	5	51	6	59	7	47	8	47	9	55	
	0	41	1	58	2	58	3	57	4	49	5	57	6	58	7	43	8	49	9	40	
	0	47	1	32	2	44	3	41	4	43	5	48	6	32	7	36	8	34	9	45	
	0	37	1	28	2	29	3	27	4	37	5	26	6	35	7	29	8	26	9	39	
	0	12	1	6	2	18	3	16	4	12	5	20	6	21	7	5	8	13	9	11	
	0	73	1	70	2	76	3	75	4	69	5	82	6	72	7	72	8	70	9	77	
	0	82	1	67	2	70	3	77	4	77	5	67	6	79	7	75	8	68	9	75	
	0	80	1	79	2	88	3	81	4	79	5	85	6	93	7	94	8	93	9	80	
	0	63	1	56	2	57	3	67	4	50	5	61	6	52	7	67	8	48	9	56	
	0	60	1	64	2	64	3	59	4	70	5	61	6	60	7	66	8	65	9	56	
	0	27	1	11	2	18	3	25	4	15	5	12	6	23	7	28	8	13	9	16	
	0	86	1	87	2	95	3	84	4	86	5	93	6	95	7	85	8	91	9	97	
	0	18	1	32	2	14	3	29	4	29	5	22	6	31	7	32	8	16	9	15	
	0	55	1	57	2	64	3	69	4	66	5	54	6	54	7	62	8	59	9	72	
	0	71	1	82	2	86	3	74	4	74	5	82	6	67	7	83	8	81	9	68	
	0	37	1	30	2	42	3	26	4	35	5	35	6	26	7	30	8	34	9	35	
	0	110	1	107	2	114	3	113	4	107	5	107	6	104	7	119	8	115	9	119	
	0	20	1	23	2	16	3	24	4	14	5	16	6	19	7	16	8	28	9	18	
	0	28	1	32	2	43	3	28	4	33	5	29	6	31	7	26	8	28	9	41	
	0	100	1	114	2	99	3	108	4	96	5	98	6	96	7	102	8	100	9	109	
	0	91	1	73	2	85	3	77	4	74	5	81	6	90	7	91	8	81	9	74	
	0	95	1	94	2	90	3	81	4	78	5	81	6	84	7	86	8	78	9	86	
	0	53	1	59	2	60	3	65	4	63	5	63	6	57	7	65	8	55	9	60	
	0	12	1	14	2	24	3	7	4	24	5	10	6	23	7	20	8	19	9	9	
	0	32	1	24	2	24	3	35	4	31	5	22	6	29	7	22	8	34	9	30	
	0	67	1	71	2	54	3	68	4	59	5	54	6	68	7	59	8	60	9	61	
	0	102	1	101	2	101	3	99	4	110	5	106	6	94	7	96	8	110	9	103	
	0	84	1	85	2	80	3	86	4	83	5	82	6	68	7	74	8	83	9	67	
	0	89	1	96	2	93	3	98	4	82	5	90	6	90	7	91	8	89	9	83	
	0	69	1	51	2	65	3	56	4	64	5	60	6	57	7	66	8	67	9	67	
	0	119	1	116	2	109	3	120	4	118	5	110	6	103	7	106	8	113	9	115	
	0	74	1	90	2	88	3	84	4	83	5	84	6	88	7	90	8	81	9	87	
	0	75	1	75	2	80	3	74	4	86	5	84	6	70	7	79	8	77	9	86	
	0	71	1	66	2	64	3	69	4	70	5	74	6	65	7	74	8	72	9	72	
	0	66	1	62	2	78	3	71	4	62	5	67	6	62	7	71	8	77	9	77	
	0	29	1	25	2	30	3	19	4	34	5	22	6	27	7	21	8	15	9	15	
	0	37	1	47	2	46	3	52	4	44	5	50	6	43	7	55	8	44	9	41	
	0	31	1	40	2	32	3	44	4	35	5	32	6	39	7	41	8	37	9	34	
	0	61	1	52	2	70	3	67	4	60	5	64	6	61	7	63	8	66	9	60	
	0	57	1	69	2	60	3	72	4	59	5	64	6	69	7	71	8	62	9	74	
	0	79	1	78	2	79	3	86	4	81	5	71	6	81	7	82	8	79	9	72	
	0	16	1	19	2	23	3	24	4	20	5	19	6	35	7	26	8	17	9	23	
	0	62	1	59	2	67	3	64	4	63	5	62	6	61	7	76	8	75	9	76	
	0	6	1	21	2	7	3	4	4	10	5	10	6	8	7	4	8	3	9	6	
	0	59	1	43	2	40	3	47	4	42	5	43	6	44	7	50	8	49	9	40	
	0	23	1	8	2	24	3	6	4	21	5	11	6	14	7	17	8	15	9	17	
	0	16	1	17	2	17	3	12	4	29	5	16	6	25	7	13	8	24	9	15	
	0	85	1	80	2	95	3	79	4	77	5	96	6	83	7	91	8	81	9	85	
	0	69	1	63	2	70	3	68	4	56	5	67	6	65	7	56	8	59	9	65	
	0	31	1	26	2	35	3	17	4	21	5	21	6	29	7	26	8	17	9	23	
	0	80	1	62	2	71	3	67	4	63	5	77	6	78	7	64	8	79	9	77	
	0	83	1	80	2	82	3	80	4	74	5	78	6	86	7	73	8	77	9	86	
	0	80	1	80	2	79	3	79	4	85	5	84	6	75	7	85	8	73	9	78	
	0	99	1	90	2	101	3	98	4	101	5	104	6	103	7	96	8	103	9	105	
	0	76	1	60	2	61	3	74	4	71	5	60	6	69	7	59	8	72	9	61	
	0	44	1	38	2	43	3	37	4	45	5	33	6	44	7	27	8	39	9	41	
	0	97	1	88	2	93	3	90	4	99	5	88	6	102	7	106	8	97	9	96	
	0	77	1	86	2	95	3	77	4	91	5	76	6	78	7	76	8	85	9	95	
	0	110	1	103	2	115	3	116	4	100	5	114	6	114	7	110	8	116	9	98	
	0	99	1	108	2	118	3	113	4	101	5	116	6	108	7	111	8	116	9	115	
	0	89	1	102	2	96	3	103	4	95	5	104	6	97	7	88	8	102	9	95	
	0	55	1	45	2	49	3	56	4	42	5	46	6	51	7	53	8	54	9	48	
	0	28	1	33	2	42	3	34	4	30	5	45	6	35	7	28	8	27	9	35	
	0	105	1	99	2	106	3	107	4	98	5	92	6	110	7	108	8	92	9	98	
	0	109	1	107	2	95	3	95	4	95	5	107	6	112	7	103	8	98	9	109	
	0	49	1	37	2	34	3	49	4	45	5	35	6	36	7	35	8	37	9	39	
	0	89	1	76	2	77	3	81	4	80	5	79	6	87	7	86	8	78	9	83	
	0	29	1	39	2	39	3	24	4	30	5	30	6	43	7	33	8	32	9	42	
	0	116	1	99	2	108	3	108	4	104	5	104	6	114	7	102	8	109	9	114	
	0	42	1	40	2	28	3	27	4	29	5	38	6	29	7	41	8	42	9	41	
	0	62	1	61	2	59	3	61	4	62	5	58	6	65	7	47	8	63	9	54	
	0	87	1	87	2	94	3	96	4	97	5	98	6	96	7	96	8	93	9	86	
	0	65	1	51	2	58	3	57	4	53	5	56	6	57	7	49	8	50	9	56	
	0	66	1	82	2	68	3	67	4	73	5	75	6	68	7	67	8	76	9	75	
	0	42	1	37	2	38	3	43	4	46	5	42	6	52	7	42	8	48	9	52	
	0	70	1	75	2	81	3	71	4	69	5	76	6	76	7	70	8	69	9	68	
	0	33	1	29	2	29	3	29	4	44	5	30	6	41	7	42	8	43	9	43	
	0	66	1	66	2	78	3	63	4	60	5	69	6	64	7	66	8	62	9	73	
	0	54	1	53	2	70	3	66	4	60	5	64	6	52	7	57	8	54	9	66	
	0	56	1	68	2	70	3	62	4	60	5	53	6	56	7	61	8	66	9	66	
	0	72	1	70	2	79	3	71	4	82	5	72	6	82	7	82	8	76	9	71	
	0	66	1	78	2	69	3	74	4	76	5	74	6	70	7	80	8	74	9	69	
	0	68	1	63	2	70	3	62	4	67	5	77	6	71	7	63	8	70	9	59	
	0	85	1	91	2	92	3	85	4	87	5	93	6	84	7	100	8	85	9	88	
	0	99	1	114	2	97	3	102	4	116	5	102	6	102	7	104	8	97	9	111	
	0	99	1	99	2	84	3	82	4	82	5	90	6	88	7	83	8	94	9	98	
	0	88	1	99	2	96	3	98	4	98	5	81	6	97	7	88	8	86	9	95	
	0	57	1	56	2	56	3	41	4	48	5	55	6	46	7	43	8	53	9	42	
	0	41	1	31	2	26	3	37	4	27	5	29	6	35	7	25	8	28	9	34	
	0	46	1	46	2	46	3	40	4	30	5	44	6	31	7	46	8	31	9	38	
	0	79	1	83	2	80	3	87	4	79	5	81	6	82	7	90	8	76	9	92	
	0	71	1	58	2	67	3	67	4	66	5	53	6	62	7	67	8	70	9	52	
	0	18	1	12	2	15	3	17	4	20	5	21	6	7	7	18	8	21	9	19	
	0	82	1	74	2	68	3	74	4	65	5	78	6	73	7	68	8	65	9	70	
	0	52	1	51	2	58	3	66	4	63	5	59	6	56	7	63	8	64	9	69	
	0	101	1	113	2	98	3	109	4	111	5	100	6	115	7	104	8	106	9	104	
	0	23	1	12	2	9	3	15	4	12	5	15	6	14	7	17	8	16	9	16	
	0	108	1	114	2	108	3	102	4	109	5	104	6	115	7	116	8	99	9	104	
	0	63	1	70	2	71	3	70	4	52	5	57	6	66	7	53	8	54	9	69	
	0	119	1	101	2	100	3	119	4	113	5	105	6	100	7	108	8	105	9	119	
	0	59	1	49	2	58	3	60	4	60	5	57	6	55	7	62	8	45	9	59	
	0	57	1	53	2	68	3	56	4	61	5	52	6	65	7	67	8	61	9	64	
	0	40	1	25	2	25	3	37	4	40	5	28	6	39	7	23	8	33	9	33	
	0	15	1	16	2	16	3	3	4	10	5	7	6	19	7	7	8	15	9	14	
	0	91	1	80	2	91	3	86	4	87	5	90	6	98	7	82	8	86	9	97	
	0	6	1	8	2	6	3	11	4	16	5	17	6	10	7	19	8	22	9	19	
	0	48	1	33	2	39	3	37	4	30	5	42	6	40	7	38	8	39	9	43	
	0	44	1	33	2	46	3	51	4	37	5	37	6	47	7	34	8	42	9	38	
	0	28	1	41	2	36	3	30	4	39	5	44	6	25	7	44	8	42	9	26	
	0	41	1	31	2	35	3	34	4	36	5	28	6	30	7	32	8	31	9	38	
	0	77	1	88	2	87	3	85	4	89	5	90	6	93	7	78	8	81	9	94	
	0	83	1	92	2	93	3	89	4	98	5	91	6	101	7	84	8	87	9	95	
	0	79	1	74	2	67	3	76	4	63	5	61	6	61	7	70	8	70	9	71	
	0	22	1	16	2	20	3	11	4	13	5	21	6	29	7	11	8	22	9	27	
	0	95	1	89	2	97	3	97	4	85	5	90	6	87	7	102	8	102	9	90	
	0	33	1	27	2	34	3	35	4	31	5	31	6	34	7	38	8	29	9	21	
	0	16	1	21	2	8	3	20	4	13	5	19	6	22	7	25	8	25	9	9	
	0	25	1	24	2	28	3	16	4	24	5	14	6	17	7	26	8	16	9	31	
	0	33	1	31	2	28	3	25	4	25	5	26	6	25	7	24	8	22	9	29	
	0	20	1	28	2	22	3	28	4	14	5	24	6	21	7	21	8	23	9	20	
	0	41	1	45	2	46	3	42	4	43	5	47	6	52	7	35	8	36	9	45	
	0	96	1	97	2	110	3	104	4	108	5	99	6	106	7	112	8	104	9	102	
	0	48	1	50	2	51	3	49	4	50	5	48	6	47	7	49	8	49	9	39	
	0	84	1	84	2	89	3	84	4	91	5	99	6	91	7	88	8	86	9	89	
	0	93	1	101	2	106	3	96	4	98	5	103	6	95	7	97	8	96	9	89	
	0	62	1	64	2	57	3	51	4	66	5	58	6	52	7	54	8	52	9	55	
	0	90	1	107	2	89	3	90	4	97	5	106	6	98	7	92	8	93	9	94	
	0	47	1	46	2	45	3	45	4	51	5	49	6	56	7	40	8	42	9	45	
	0	89	1	79	2	84	3	87	4	91	5	94	6	97	7	84	8	79	9	97	
	0	78	1	88	2	81	3	74	4	84	5	73	6	73	7	69	8	70	9	72	
	0	70	1	87	2	74	3	76	4	87	5	68	6	78	7	82	8	76	9	75	
	0	49	1	57	2	62	3	51	4	53	5	45	6	50	7	60	8	54	9	58	
	0	55	1	69	2	67	3	54	4	58	5	64	6	61	7	66	8	73	9	58	
	0	115	1	100	2	101	3	105	4	111	5	110	6	114	7	111	8	111	9	110	
	0	114	1	98	2	108	3	97	4	113	5	102	6	98	7	106	8	109	9	97	
	0	48	1	54	2	55	3	60	4	51	5	45	6	52	7	45	8	46	9	51	
	0	116	1	115	2	105	3	118	4	107	5	119	6	102	7	107	8	113	9	117	
	0	37	1	30	2	46	3	34	4	42	5	34	6	43	7	40	8	43	9	40	
	0	24	1	6	2	10	3	9	4	23	5	22	6	21	7	10	8	14	9	7	
	0	22	1	17	2	33	3	25	4	34	5	27	6	32	7	23	8	16	9	29	
	0	78	1	67	2	74	3	82	4	67	5	77	6	81	7	69	8	71	9	72	
	0	82	1	85	2	86	3	93	4	94	5	95	6	98	7	88	8	95	9	89	
	0	101	1	99	2	98	3	116	4	99	5	97	6	115	7	100	8	106	9	111	
	0	43	1	44	2	47	3	32	4	37	5	33	6	36	7	31	8	45	9	30	
	0	45	1	43	2	52	3	53	4	45	5	49	6	50	7	50	8	59	9	58	
	0	18	1	28	2	25	3	28	4	23	5	35	6	22	7	31	8	31	9	31	
	0	83	1	89	2	77	3	92	4	94	5	85	6	82	7	93	8	84	9	91	
	0	53	1	57	2	68	3	55	4	54	5	65	6	53	7	61	8	64	9	51	
	0	99	1	84	2	91	3	82	4	86	5	99	6	92	7	84	8	80	9	80	
	0	87	1	89	2	76	3	89	4	71	5	86	6	87	7	79	8	71	9	79	
	0	31	1	42	2	36	3	47	4	34	5	43	6	32	7	47	8	28	9	32	
	0	55	1	41	2	40	3	43	4	52	5	51	6	46	7	41	8	38	9	46	
	0	31	1	42	2	27	3	38	4	27	5	43	6	40	7	40	8	43	9	31	
	0	82	1	76	2	72	3	75	4	85	5	80	6	87	7	87	8	72	9	83	
	0	9	1	12	2	19	3	20	4	17	5	21	6	16	7	22	8	11	9	17	
	0	70	1	81	2	78	3	77	4	73	5	71	6	70	7	68	8	80	9	82	
	0	79	1	84	2	79	3	81	4	77	5	94	6	95	7	87	8	86	9	79	
	0	43	1	42	2	33	3	30	4	36	5	40	6	35	7	27	8	40	9	40	
	0	71	1	68	2	75	3	75	4	60	5	64	6	70	7	62	8	69	9	74	
	0	58	1	56	2	63	3	46	4	56	5	58	6	48	7	48	8	61	9	52	
	0	61	1	61	2	48	3	62	4	66	5	49	6	56	7	54	8	49	9	48	
	0	81	1	75	2	85	3	85	4	85	5	82	6	72	7	82	8	70	9	70	
	0	76	1	75	2	73	3	70	4	71	5	77	6	70	7	75	8	71	9	66	
	0	84	1	86	2	83	3	88	4	82	5	95	6	92	7	92	8	90	9	82	
	0	46	1	43	2	49	3	56	4	54	5	58	6	55	7	56	8	46	9	45	
	0	101	1	99	2	95	3	93	4	91	5	103	6	104	7	100	8	103	9	89	
	0	13	1	21	2	16	3	19	4	13	5	4	6	7	7	20	8	7	9	17	
	0	56	1	68	2	55	3	68	4	72	5	63	6	67	7	74	8	62	9	65	
	0	77	1	66	2	62	3	59	4	73	5	76	6	68	7	78	8	65	9	74	
	0	114	1	111	2	120	3	102	4	112	5	112	6	106	7	118	8	120	9	114	
	0	25	1	20	2	7	3	22	4	7	5	16	6	9	7	15	8	19	9	14	
	0	84	1	83	2	81	3	74	4	91	5	78	6	91	7	90	8	83	9	86	
	0	70	1	72	2	79	3	86	4	71	5	76	6	82	7	82	8	81	9	82	
	0	32	1	39	2	48	3	41	4	33	5	33	6	33	7	45	8	39	9	32	
	0	69	1	66	2	62	3	70	4	63	5	72	6	76	7	65	8	80	9	76	
	0	76	1	62	2	63	3	63	4	63	5	68	6	63	7	68	8	71	9	76	
	0	38	1	40	2	50	3	34	4	49	5	41	6	48	7	43	8	49	9	33	
	0	17	1	17	2	30	3	24	4	20	5	24	6	19	7	25	8	12	9	25	
	0	66	1	68	2	57	3	58	4	60	5	69	6	67	7	73	8	74	9	70	
	0	100	1	104	2	99	3	109	4	110	5	103	6	113	7	104	8	104	9	97	
	0	78	1	72	2	71	3	78	4	68	5	65	6	77	7	74	8	74	9	73	
	0	44	1	36	2	37	3	54	4	49	5	46	6	47	7	39	8	45	9	36	
	0	82	1	73	2	71	3	69	4	76	5	81	6	71	7	87	8	77	9	80	
	0	106	1	106	2	112	3	106	4	115	5	100	6	116	7	104	8	113	9	98	
	0	106	1	99	2	95	3	108	4	102	5	104	6	98	7	112	8	112	9	114	
	0	85	1	91	2	83	3	79	4	84	5	75	6	94	7	81	8	91	9	79	
	0	109	1	98	2	115	3	115	4	106	5	99	6	107	7	99	8	113	9	111	
	0	79	1	80	2	76	3	61	4	65	5	72	6	68	7	69	8	79	9	68	
	0	100	1	87	2	100	3	92	4	94	5	91	6	98	7	88	8	93	9	92	
	0	63	1	74	2	67	3	78	4	70	5	70	6	73	7	72	8	76	9	68	
	0	107	1	116	2	117	3	114	4	110	5	109	6	116	7	114	8	102	9	113	
	0	76	1	73	2	60	3	63	4	76	5	69	6	68	7	74	8	63	9	67	
	0	69	1	75	2	86	3	87	4	69	5	72	6	83	7	79	8	80	9	73	
	0	112	1	108	2	105	3	97	4	98	5	98	6	94	7	112	8	99	9	106	
	0	79	1	65	2	64	3	72	4	79	5	78	6	70	7	76	8	67	9	67	
	0	79	1	73	2	72	3	83	4	72	5	78	6	83	7	79	8	75	9	82	
	0	98	1	107	2	106	3	90	4	90	5	107	6	107	7	96	8	105	9	91	
	0	45	1	54	2	57	3	51	4	52	5	46	6	51	7	58	8	57	9	58	
	0	17	1	29	2	30	3	25	4	29	5	19	6	21	7	18	8	36	9	23	
	0	72	1	74	2	68	3	61	4	62	5	75	6	59	7	74	8	67	9	73	
	0	64	1	64	2	59	3	68	4	68	5	60	6	76	7	69	8	73	9	63	
	0	82	1	93	2	91	3	85	4	92	5	89	6	95	7	100	8	88	9	93	
	0	77	1	81	2	94	3	81	4	88	5	77	6	87	7	95	8	83	9	96	
	0	24	1	38	2	40	3	31	4	39	5	31	6	29	7	31	8	33	9	33	
	0	29	1	27	2	26	3	33	4	29	5	22	6	21	7	27	8	25	9	23	
	0	64	1	63	2	65	3	66	4	71	5	59	6	72	7	60	8	64	9	59	
	0	100	1	105	2	107	3	100	4	100	5	112	6	101	7	110	8	110	9	115	
	0	43	1	43	2	30	3	31	4	42	5	39	6	29	7	29	8	38	9	45	
	0	35	1	36	2	38	3	52	4	43	5	41	6	42	7	36	8	35	9	48	
	0	85	1	83	2	90	3	80	4	86	5	81	6	80	7	89	8	82	9	85	
	0	110	1	114	2	106	3	114	4	107	5	103	6	100	7	102	8	102	9	103	
	0	20	1	11	2	4	3	10	4	19	5	3	6	4	7	5	8	10	9	7	
	0	86	1	96	2	96	3	88	4	95	5	79	6	90	7	85	8	84	9	87	
	0	4	1	22	2	22	3	20	4	16	5	15	6	3	7	14	8	5	9	6	
	0	90	1	96	2	82	3	81	4	97	5	84	6	97	7	98	8	83	9	89	
	0	77	1	87	2	76	3	91	4	90	5	77	6	84	7	74	8	81	9	91	
	0	103	1	115	2	115	3	117	4	107	5	112	6	119	7	107	8	104	9	105	
	0	54	1	61	2	60	3	62	4	51	5	47	6	58	7	57	8	58	9	65	
	0	19	1	21	2	9	3	26	4	14	5	19	6	26	7	25	8	22	9	25	
	0	35	1	39	2	21	3	37	4	30	5	39	6	37	7	28	8	25	9	33	
	0	110	1	110	2	110	3	97	4	103	5	107	6	104	7	110	8	98	9	102	
	0	73	1	68	2	72	3	66	4	75	5	66	6	62	7	60	8	64	9	64	
	0	70	1	74	2	81	3	78	4	69	5	76	6	72	7	75	8	83	9	79	
	0	94	1	87	2	75	3	77	4	86	5	83	6	83	7	80	8	82	9	93	
	0	101	1	88	2	87	3	85	4	89	5	95	6	86	7	101	8	96	9	94	
	0	39	1	50	2	48	3	44	4	32	5	31	6	40	7	36	8	37	9	42	
	0	21	1	31	2	23	3	23	4	29	5	22	6	13	7	30	8	20	9	14	
	0	93	1	84	2	93	3	95	4	76	5	80	6	90	7	94	8	82	9	79	
	0	35	1	27	2	35	3	44	4	29	5	27	6	33	7	28	8	42	9	37	
	0	77	1	78	2	71	3	64	4	83	5	69	6	78	7	78	8	81	9	64	
	0	94	1	93	2	89	3	98	4	89	5	98	6	98	7	88	8	94	9	97	
	0	95	1	88	2	94	3	94	4	96	5	89	6	100	7	100	8	96	9	97	
	0	101	1	103	2	96	3	88	4	96	5	98	6	91	7	95	8	96	9	106	
	0	87	1	81	2	71	3	77	4	70	5	80	6	89	7	86	8	87	9	87	
	0	42	1	41	2	43	3	35	4	45	5	38	6	41	7	50	8	46	9	47	
	0	100	1	99	2	96	3	95	4	87	5	93	6	90	7	94	8	91	9	95	
	0	6	1	5	2	10	3	18	4	12	5	9	6	10	7	21	8	15	9	16	
	0	87	1	94	2	87	3	88	4	96	5	86	6	101	7	83	8	89	9	94	
	0	9	1	11	2	5	3	24	4	7	5	11	6	13	7	18	8	8	9	6	
	0	80	1	82	2	85	3	86	4	73	5	71	6	79	7	83	8	77	9	86	
	0	23	1	24	2	8	3	10	4	19	5	24	6	8	7	23	8	22	9	7	
	0	45	1	31	2	38	3	44	4	34	5	35	6	34	7	36	8	26	9	37	
	0	37	1	47	2	38	3	45	4	43	5	37	6	43	7	47	8	46	9	41	
	0	116	1	97	2	115	3	115	4	116	5	105	6	97	7	104	8	114	9	97	
	0	106	1	93	2	103	3	96	4	104	5	91	6	91	7	108	8	106	9	91	
	0	23	1	17	2	24	3	18	4	17	5	33	6	16	7	27	8	27	9	30	
	0	102	1	114	2	118	3	108	4	109	5	118	6	99	7	112	8	111	9	103	
	0	23	1	15	2	9	3	18	4	16	5	11	6	16	7	6	8	9	9	4	
	0	86	1	79	2	79	3	85	4	75	5	74	6	70	7	78	8	83	9	78	
	0	86	1	86	2	77	3	89	4	91	5	78	6	76	7	87	8	75	9	78	
	0	22	1	24	2	28	3	24	4	31	5	27	6	18	7	22	8	17	9	31	
	0	105	1	96	2	94	3	87	4	103	5	98	6	102	7	96	8	103	9	86	
	0	79	1	81	2	88	3	94	4	81	5	96	6	93	7	78	8	94	9	84	
	0	59	1	57	2	66	3	59	4	59	5	59	6	58	7	55	8	63	9	63	
	0	101	1	94	2	98	3	99	4	98	5	97	6	98	7	107	8	88	9	104	
	0	55	1	44	2	55	3	55	4	55	5	46	6	46	7	52	8	54	9	46	
	0	72	1	57	2	68	3	59	4	59	5	66	6	66	7	60	8	60	9	67	
	0	42	1	35	2	43	3	31	4	39	5	32	6	31	7	36	8	25	9	40	
	0	91	1	102	2	102	3	84	4	101	5	90	6	86	7	100	8	101	9	85	
	0	60	1	48	2	50	3	48	4	60	5	61	6	49	7	61	8	61	9	54	
	0	68	1	72	2	58	3	73	4	62	5	57	6	63	7	75	8	76	9	66	
	0	7	1	22	2	10	3	20	4	16	5	18	6	6	7	18	8	19	9	4	
	0	49	1	41	2	33	3	46	4	44	5	39	6	40	7	46	8	34	9	37	
	0	102	1	109	2	96	3	103	4	109	5	105	6	98	7	101	8	105	9	106	
	0	91	1	91	2	76	3	73	4	82	5	89	6	87	7	87	8	87	9	86	
	0	18	1	17	2	24	3	30	4	26	5	16	6	33	7	16	8	20	9	30	
	0	50	1	44	2	51	3	59	4	56	5	43	6	48	7	55	8	52	9	42	
	0	53	1	51	2	42	3	43	4	37	5	54	6	49	7	39	8	52	9	46	
	0	41	1	39	2	37	3	43	4	47	5	47	6	37	7	41	8	44	9	30	
	0	49	1	51	2	56	3	54	4	54	5	66	6	53	7	48	8	50	9	52	
	0	30	1	30	2	13	3	24	4	31	5	13	6	30	7	19	8	22	9	31	
	0	86	1	83	2	82	3	92	4	89	5	88	6	97	7	89	8	99	9	98	
	0	47	1	64	2	56	3	50	4	49	5	53	6	59	7	52	8	54	9	60	
	0	82	1	74	2	86	3	89	4	86	5	78	6	79	7	86	8	80	9	88	
	0	21	1	18	2	26	3	24	4	21	5	22	6	20	7	29	8	11	9	26	
	0	66	1	70	2	68	3	67	4	68	5	56	6	69	7	57	8	63	9	64	
	0	94	1	92	2	108	3	92	4	100	5	98	6	108	7	106	8	97	9	103	
	0	102	1	97	2	102	3	90	4	108	5	97	6	98	7	98	8	100	9	100	
	0	104	1	88	2	99	3	86	4	92	5	104	6	93	7	90	8	96	9	89	
	0	9	1	9	2	7	3	19	4	19	5	12	6	7	7	22	8	22	9	20	
	0	53	1	68	2	57	3	62	4	70	5	53	6	58	7	62	8	59	9	64	
	0	115	1	106	2	108	3	107	4	102	5	106	6	117	7	107	8	112	9	105	
	0	100	1	93	2	94	3	109	4	93	5	91	6	103	7	102	8	104	9	101	
	0	46	1	49	2	55	3	42	4	43	5	49	6	52	7	59	8	52	9	52	
	0	104	1	94	2	100	3	98	4	104	5	95	6	94	7	109	8	107	9	109	
	0	36	1	36	2	32	3	29	4	39	5	44	6	40	7	38	8	43	9	37	
	0	53	1	50	2	60	3	57	4	51	5	56	6	64	7	51	8	52	9	51	
	0	21	1	27	2	36	3	30	4	25	5	22	6	32	7	36	8	24	9	22	
	0	45	1	48	2	39	3	44	4	35	5	40	6	41	7	43	8	40	9	39	
	0	50	1	44	2	52	3	54	4	41	5	37	6	49	7	41	8	41	9	36	
	0	81	1	85	2	90	3	82	4	91	5	95	6	89	7	91	8	83	9	87	
	0	47	1	57	2	59	3	55	4	59	5	58	6	65	7	64	8	49	9	47	
	0	66	1	64	2	56	3	62	4	55	5	63	6	63	7	71	8	72	9	63	
	0	70	1	76	2	61	3	79	4	79	5	67	6	69	7	77	8	76	9	62	
	0	120	1	104	2	118	3	105	4	102	5	114	6	116	7	102	8	116	9	104	
	0	53	1	48	2	52	3	53	4	56	5	41	6	43	7	49	8	44	9	57	
	0	94	1	88	2	80	3	77	4	89	5	94	6	87	7	91	8	95	9	89	
	0	25	1	29	2	31	3	14	4	18	5	23	6	20	7	31	8	30	9	18	
	0	112	1	94	2	93	3	110	4	99	5	107	6	104	7	108	8	105	9	109	
	0	14	1	22	2	11	3	17	4	20	5	19	6	6	7	21	8	7	9	16	
	0	79	1	78	2	82	3	86	4	80	5	79	6	85	7	76	8	69	9	78	
	0	63	1	68	2	61	3	70	4	67	5	60	6	64	7	66	8	60	9	58	
	0	65	1	59	2	61	3	53	4	60	5	56	6	69	7	69	8	67	9	70	
	0	26	1	22	2	27	3	23	4	24	5	33	6	18	7	29	8	27	9	17	
	0	86	1	90	2	89	3	93	4	89	5	84	6	93	7	89	8	81	9	76	
	0	94	1	93	2	80	3	80	4	86	5	80	6	92	7	81	8	94	9	80	
	0	75	1	72	2	70	3	67	4	73	5	70	6	68	7	79	8	80	9	71	
	0	99	1	97	2	90	3	98	4	107	5	92	6	90	7	95	8	97	9	89	
	0	83	1	78	2	84	3	79	4	67	5	75	6	72	7	81	8	67	9	70	
	0	59	1	49	2	56	3	54	4	52	5	60	6	49	7	62	8	62	9	51	
	0	66	1	59	2	58	3	64	4	67	5	59	6	71	7	64	8	65	9	56	
	0	75	1	78	2	83	3	84	4	83	5	81	6	79	7	73	8	69	9	68	
	0	46	1	32	2	37	3	43	4	42	5	46	6	45	7	47	8	38	9	46	
	0	119	1	107	2	109	3	115	4	104	5	101	6	116	7	107	8	116	9	104	
	0	87	1	105	2	102	3	98	4	106	5	104	6	91	7	92	8	93	9	94	
	0	110	1	101	2	105	3	115	4	119	5	112	6	119	7	107	8	117	9	113	
	0	29	1	33	2	31	3	31	4	24	5	26	6	18	7	29	8	30	9	34	
	0	56	1	62	2	63	3	55	4	58	5	66	6	65	7	55	8	59	9	59	
	0	53	1	61	2	71	3	60	4	58	5	70	6	69	7	53	8	65	9	65	
	0	25	1	32	2	17	3	28	4	29	5	30	6	33	7	17	8	16	9	33	
	0	31	1	27	2	24	3	35	4	33	5	30	6	29	7	40	8	33	9	25	
	0	109	1	95	2	106	3	104	4	101	5	98	6	95	7	105	8	107	9	95	
	0	36	1	39	2	30	3	33	4	25	5	35	6	33	7	32	8	31	9	28	
	0	96	1	92	2	104	3	103	4	92	5	94	6	101	7	90	8	87	9	102	
	0	12	1	21	2	20	3	6	4	10	5	19	6	24	7	11	8	20	9	18	
	0	90	1	85	2	81	3	84	4	86	5	87	6	82	7	92	8	86	9	88	
	0	24	1	35	2	29	3	31	4	24	5	22	6	21	7	26	8	20	9	17	
	0	44	1	42	2	29	3	31	4	34	5	48	6	41	7	37	8	40	9	41	
	0	104	1	99	2	100	3	88	4	100	5	105	6	88	7	98	8	96	9	95	
	0	68	1	68	2	60	3	63	4	65	5	76	6	61	7	66	8	62	9	78	
	0	107	1	94	2	97	3	101	4	101	5	90	6	109	7	106	8	93	9	103	
	0	92	1	76	2	80	3	75	4	83	5	78	6	81	7	81	8	90	9	82	
	0	11	1	17	2	11	3	15	4	5	5	19	6	15	7	20	8	9	9	11	
	0	84	1	94	2	98	3	89	4	100	5	98	6	90	7	90	8	93	9	102	
	0	76	1	82	2	72	3	68	4	83	5	70	6	66	7	73	8	77	9	73	
	0	40	1	46	2	41	3	53	4	44	5	50	6	42	7	53	8	45	9	54	
	0	57	1	48	2	52	3	62	4	52	5	48	6	49	7	60	8	62	9	62	
	0	19	1	30	2	34	3	28	4	28	5	26	6	18	7	27	8	34	9	23	
	0	19	1	17	2	28	3	15	4	17	5	25	6	27	7	18	8	15	9	32	
	0	54	1	48	2	52	3	53	4	49	5	35	6	51	7	44	8	47	9	52	
	0	68	1	58	2	59	3	55	4	54	5	65	6	69	7	60	8	50	9	68	
	0	37	1	38	2	43	3	39	4	42	5	46	6	33	7	43	8	35	9	32	
	0	94	1	101	2	94	3	104	4	97	5	90	6	96	7	97	8	102	9	97	
	0	32	1	23	2	31	3	25	4	22	5	26	6	20	7	30	8	15	9	13	
	0	109	1	112	2	111	3	110	4	110	5	97	6	106	7	107	8	112	9	114	
	0	45	1	43	2	55	3	47	4	41	5	46	6	52	7	51	8	46	9	59	
	0	24	1	16	2	16	3	22	4	24	5	30	6	17	7	16	8	25	9	18	
	0	100	1	91	2	93	3	87	4	88	5	97	6	101	7	89	8	101	9	98	
	0	63	1	66	2	49	3	50	4	49	5	55	6	65	7	56	8	62	9	66	
	0	63	1	59	2	50	3	55	4	55	5	59	6	62	7	61	8	48	9	53	
	0	41	1	59	2	41	3	41	4	59	5	51	6	60	7	54	8	50	9	47	
	0	106	1	106	2	88	3	104	4	92	5	91	6	94	7	91	8	91	9	95	
	0	57	1	54	2	59	3	55	4	45	5	44	6	61	7	46	8	47	9	51	
	0	53	1	60	2	59	3	55	4	50	5	63	6	69	7	55	8	54	9	53	
	0	82	1	79	2	77	3	87	4	88	5	74	6	77	7	75	8	79	9	73	
	0	39	1	34	2	32	3	44	4	29	5	34	6	42	7	48	8	33	9	39	
	0	55	1	62	2	59	3	66	4	69	5	70	6	62	7	55	8	67	9	69	
	0	108	1	115	2	113	3	105	4	108	5	110	6	106	7	101	8	99	9	109	
	0	37	1	46	2	40	3	44	4	33	5	42	6	29	7	38	8	29	9	30	
	0	10	1	8	2	10	3	17	4	8	5	24	6	23	7	10	8	24	9	25	
	0	22	1	19	2	24	3	14	4	7	5	10	6	11	7	20	8	20	9	7	
	0	47	1	51	2	42	3	39	4	42	5	51	6	51	7	42	8	46	9	43	
	0	76	1	81	2	87	3	87	4	76	5	80	6	82	7	83	8	84	9	85	
	0	91	1	86	2	84	3	80	4	93	5	83	6	87	7	83	8	96	9	85	
	0	110	1	101	2	104	3	101	4	99	5	97	6	100	7	102	8	97	9	106	
	0	72	1	67	2	75	3	66	4	73	5	69	6	63	7	66	8	67	9	79	
	0	14	1	23	2	23	3	12	4	15	5	15	6	25	7	19	8	19	9	7	
	0	27	1	41	2	32	3	41	4	39	5	37	6	34	7	35	8	35	9	35	
	0	62	1	61	2	56	3	47	4	47	5	50	6	55	7	51	8	50	9	59	
	0	65	1	69	2	76	3	64	4	70	5	61	6	63	7	80	8	71	9	70	
	0	50	1	61	2	61	3	50	4	59	5	53	6	44	7	45	8	59	9	53	
	0	100	1	109	2	106	3	98	4	103	5	102	6	101	7	101	8	100	9	105	
	0	58	1	61	2	72	3	61	4	66	5	68	6	70	7	71	8	70	9	58	
	0	28	1	40	2	23	3	37	4	22	5	28	6	27	7	26	8	35	9	31	
	0	38	1	46	2	47	3	36	4	51	5	53	6	41	7	37	8	42	9	37	
	0	58	1	61	2	72	3	63	4	58	5	60	6	71	7	63	8	63	9	68	
	0	58	1	54	2	62	3	60	4	58	5	50	6	50	7	61	8	52	9	60	
	0	74	1	87	2	84	3	79	4	81	5	78	6	79	7	80	8	90	9	80	
	0	84	1	79	2	73	3	69	4	68	5	80	6	80	7	77	8	73	9	72	
	0	90	1	90	2	87	3	96	4	96	5	96	6	93	7	85	8	83	9	80	
	0	89	1	78	2	81	3	74	4	79	5	79	6	75	7	88	8	80	9	77	
	0	94	1	91	2	94	3	99	4	98	5	92	6	93	7	105	8	105	9	107	
	0	15	1	21	2	25	3	21	4	21	5	13	6	20	7	15	8	23	9	27	
	0	94	1	95	2	95	3	94	4	105	5	104	6	99	7	93	8	100	9	108	
	0	57	1	43	2	56	3	51	4	46	5	54	6	45	7	49	8	57	9	42	
	0	49	1	34	2	43	3	45	4	39	5	48	6	47	7	43	8	34	9	40	
	0	12	1	22	2	14	3	26	4	22	5	20	6	25	7	16	8	17	9	29	
	0	78	1	83	2	89	3	94	4	93	5	82	6	95	7	78	8	76	9	78	
	0	86	1	84	2	93	3	89	4	82	5	88	6	89	7	98	8	86	9	87	
	0	90	1	106	2	93	3	104	4	108	5	108	6	107	7	99	8	90	9	91	
	0	39	1	25	2	41	3	24	4	42	5	27	6	41	7	34	8	34	9	41	
	0	89	1	79	2	93	3	85	4	80	5	96	6	81	7	79	8	89	9	92	
	0	33	1	44	2	34	3	37	4	36	5	32	6	44	7	41	8	38	9	44	
	0	55	1	37	2	41	3	44	4	41	5	44	6	51	7	53	8	49	9	49	
	0	84	1	76	2	84	3	92	4	76	5	86	6	91	7	78	8	77	9	86	
	0	54	1	46	2	50	3	57	4	59	5	57	6	44	7	47	8	51	9	47	
	0	32	1	45	2	36	3	38	4	43	5	36	6	45	7	47	8	33	9	46	
	0	59	1	55	2	54	3	60	4	65	5	54	6	55	7	54	8	65	9	60	
	0	74	1	73	2	60	3	60	4	65	5	73	6	60	7	62	8	76	9	67	
	0	28	1	38	2	40	3	39	4	24	5	27	6	40	7	32	8	31	9	42	
	0	99	1	93	2	98	3	96	4	100	5	104	6	94	7	104	8	91	9	92	
	0	18	1	29	2	33	3	31	4	17	5	19	6	32	7	34	8	25	9	22	
	0	101	1	83	2	86	3	89	4	95	5	102	6	97	7	101	8	84	9	97	
	0	29	1	27	2	27	3	24	4	28	5	24	6	24	7	30	8	21	9	28	
	0	68	1	69	2	60	3	59	4	74	5	62	6	73	7	69	8	59	9	58	
	0	48	1	37	2	46	3	44	4	47	5	44	6	44	7	53	8	35	9	50	
	0	100	1	97	2	102	3	91	4	101	5	94	6	106	7	102	8	92	9	95	
	0	99	1	110	2	114	3	112	4	106	5	103	6	107	7	106	8	98	9	115	
	0	99	1	105	2	100	3	97	4	93	5	105	6	108	7	107	8	103	9	108	
	0	84	1	86	2	84	3	72	4	78	5	78	6	90	7	72	8	90	9	84	
	0	81	1	94	2	83	3	88	4	94	5	79	6	87	7	94	8	87	9	84	
	0	85	1	67	2	83	3	75	4	84	5	80	6	72	7	79	8	86	9	86	
	0	111	1	104	2	100	3	100	4	102	5	97	6	93	7	95	8	95	9	107	
	0	28	1	21	2	22	3	16	4	25	5	30	6	16	7	29	8	14	9	28	
	0	96	1	97	2	93	3	91	4	96	5	90	6	86	7	94	8	95	9	97	
	0	83	1	99	2	92	3	87	4	88	5	82	6	83	7	97	8	97	9	81	
	0	25	1	28	2	26	3	28	4	22	5	16	6	17	7	33	8	27	9	20	
	0	101	1	94	2	94	3	95	4	97	5	93	6	85	7	98	8	88	9	83	
	0	38	1	45	2	42	3	48	4	42	5	51	6	36	7	49	8	42	9	46	
	0	20	1	37	2	30	3	19	4	25	5	38	6	37	7	37	8	30	9	36	
	0	109	1	101	2	101	3	112	4	102	5	112	6	102	7	102	8	116	9	105	
	0	50	1	57	2	62	3	58	4	45	5	61	6	56	7	54	8	47	9	55	
	0	74	1	72	2	68	3	76	4	78	5	77	6	69	7	65	8	80	9	72	
	0	94	1	85	2	92	3	91	4	78	5	82	6	90	7	78	8	94	9	94	
	0	46	1	46	2	45	3	32	4	35	5	37	6	48	7	45	8	42	9	41	
	0	25	1	39	2	26	3	38	4	40	5	35	6	37	7	41	8	31	9	31	
	0	89	1	89	2	95	3	86	4	97	5	87	6	94	7	101	8	90	9	96	
	0	55	1	50	2	43	3	53	4	43	5	50	6	47	7	41	8	57	9	58	
	0	91	1	77	2	83	3	91	4	75	5	83	6	77	7	90	8	87	9	87	
	0	94	1	97	2	87	3	87	4	93	5	91	6	82	7	92	8	99	9	96	
	0	9	1	21	2	24	3	18	4	12	5	10	6	22	7	26	8	13	9	14	
	0	56	1	74	2	73	3	57	4	56	5	75	6	64	7	68	8	66	9	65	
	0	25	1	9	2	23	3	14	4	13	5	8	6	10	7	10	8	17	9	22	
	0	43	1	46	2	58	3	42	4	44	5	57	6	45	7	51	8	44	9	45	
	0	36	1	42	2	40	3	29	4	42	5	45	6	32	7	42	8	30	9	42	
	0	101	1	110	2	101	3	108	4	105	5	99	6	103	7	111	8	114	9	102	
	0	82	1	84	2	86	3	96	4	92	5	91	6	85	7	80	8	89	9	87	
	0	62	1	44	2	55	3	47	4	47	5	52	6	59	7	50	8	47	9	52	
	0	38	1	34	2	26	3	28	4	30	5	26	6	38	7	42	8	24	9	34	
	0	83	1	83	2	89	3	74	4	78	5	77	6	89	7	83	8	87	9	87	
	0	105	1	108	2	93	3	111	4	112	5	96	6	103	7	107	8	99	9	98	
	0	25	1	33	2	31	3	31	4	16	5	30	6	29	7	18	8	20	9	22	
	0	69	1	70	2	72	3	79	4	78	5	83	6	87	7	86	8	88	9	77	
	0	100	1	111	2	113	3	102	4	96	5	113	6	113	7	110	8	115	9	115	
	0	67	1	54	2	55	3	56	4	70	5	64	6	62	7	56	8	57	9	70	
	0	21	1	17	2	15	3	18	4	24	5	21	6	9	7	8	8	15	9	21	
	0	79	1	75	2	88	3	75	4	85	5	77	6	85	7	86	8	80	9	91	
	0	46	1	44	2	37	3	38	4	49	5	37	6	38	7	33	8	36	9	32	
	0	101	1	101	2	102	3	101	4	88	5	94	6	94	7	95	8	94	9	83	
	0	54	1	63	2	54	3	53	4	48	5	63	6	59	7	51	8	63	9	52	
	0	64	1	57	2	67	3	67	4	66	5	56	6	70	7	64	8	66	9	67	
	0	104	1	104	2	115	3	108	4	108	5	113	6	115	7	115	8	112	9	116	
	0	81	1	84	2	88	3	78	4	81	5	88	6	71	7	70	8	86	9	82	
	0	67	1	80	2	76	3	79	4	76	5	69	6	70	7	79	8	74	9	76	
	0	70	1	67	2	75	3	62	4	66	5	74	6	72	7	64	8	59	9	68	
	0	39	1	51	2	41	3	50	4	41	5	50	6	41	7	52	8	48	9	54	
	0	105	1	99	2	96	3	105	4	105	5	115	6	110	7	100	8	102	9	100	
	0	6	1	5	2	8	3	19	4	13	5	8	6	6	7	6	8	16	9	9	
	0	81	1	81	2	64	3	79	4	82	5	68	6	70	7	74	8	75	9	78	
	0	12	1	17	2	12	3	13	4	23	5	23	6	20	7	28	8	23	9	25	
	0	26	1	26	2	35	3	27	4	21	5	23	6	33	7	35	8	26	9	30	
	0	99	1	93	2	99	3	98	4	100	5	90	6	95	7	102	8	97	9	91	
	0	92	1	83	2	88	3	81	4	89	5	77	6	89	7	77	8	91	9	84	
	0	60	1	59	2	59	3	52	4	53	5	54	6	61	7	55	8	51	9	43	
	0	84	1	87	2	84	3	84	4	82	5	82	6	69	7	80	8	83	9	75	
	0	48	1	45	2	41	3	41	4	52	5	59	6	57	7	42	8	52	9	50	
	0	107	1	90	2	94	3	101	4	95	5	102	6	102	7	100	8	105	9	90	
	0	71	1	59	2	71	3	57	4	68	5	60	6	58	7	72	8	63	9	70	
	0	50	1	58	2	44	3	50	4	51	5	47	6	42	7	51	8	50	9	50	
	0	85	1	75	2	80	3	72	4	80	5	71	6	83	7	85	8	69	9	67	
	0	73	1	75	2	58	3	77	4	58	5	62	6	70	7	61	8	77	9	77	
	0	47	1	48	2	44	3	53	4	58	5	62	6	52	7	59	8	48	9	48	
	0	26	1	22	2	18	3	32	4	31	5	23	6	17	7	15	8	18	9	31	
	0	36	1	36	2	23	3	20	4	35	5	23	6	37	7	20	8	31	9	32	
	0	81	1	80	2	66	3	79	4	81	5	74	6	79	7	81	8	64	9	73	
	0	77	1	70	2	65	3	76	4	63	5	77	6	65	7	72	8	66	9	77	
	0	85	1	87	2	82	3	100	4	90	5	87	6	85	7	98	8	93	9	94	
	0	109	1	116	2	99	3	117	4	114	5	117	6	105	7	115	8	116	9	113	
	0	118	1	111	2	110	3	107	4	107	5	102	6	118	7	104	8	104	9	111	
	0	106	1	111	2	100	3	111	4	105	5	92	6	93	7	106	8	102	9	95	
	0	76	1	64	2	63	3	67	4	72	5	75	6	70	7	69	8	69	9	70	
	0	70	1	74	2	72	3	75	4	79	5	68	6	65	7	66	8	74	9	76	
	0	26	1	34	2	32	3	34	4	19	5	17	6	26	7	34	8	23	9	24	
	0	90	1	91	2	91	3	103	4	90	5	107	6	102	7	104	8	109	9	109	
	0	89	1	102	2	98	3	85	4	92	5	86	6	94	7	102	8	86	9	90	
	0	42	1	37	2	42	3	27	4	33	5	32	6	38	7	34	8	28	9	27	
	0	86	1	93	2	95	3	87	4	92	5	83	6	91	7	86	8	88	9	89	
	0	60	1	58	2	66	3	70	4	61	5	61	6	74	7	65	8	59	9	71	
	0	45	1	36	2	50	3	37	4	48	5	43	6	50	7	35	8	47	9	53	
	0	113	1	98	2	100	3	109	4	113	5	115	6	107	7	110	8	104	9	108	
	0	54	1	60	2	55	3	49	4	67	5	55	6	50	7	53	8	61	9	59	
	0	41	1	46	2	56	3	47	4	57	5	50	6	40	7	53	8	43	9	43	
	0	94	1	95	2	88	3	91	4	79	5	79	6	83	7	82	8	76	9	86	
	0	52	1	52	2	45	3	50	4	43	5	53	6	60	7	51	8	43	9	49	
	0	73	1	75	2	71	3	73	4	75	5	71	6	78	7	69	8	72	9	68	
	0	70	1	70	2	65	3	61	4	68	5	58	6	67	7	75	8	59	9	76	
	0	53	1	50	2	60	3	56	4	46	5	52	6	46	7	60	8	57	9	50	
	0	66	1	62	2	60	3	67	4	68	5	53	6	54	7	63	8	53	9	50	
	0	42	1	41	2	51	3	40	4	50	5	38	6	38	7	53	8	48	9	42	
	0	40	1	31	2	32	3	39	4	34	5	45	6	29	7	40	8	42	9	47	
	0	69	1	65	2	76	3	63	4	71	5	65	6	65	7	78	8	72	9	77	
	0	89	1	83	2	89	3	88	4	82	5	93	6	84	7	81	8	92	9	76	
	0	17	1	20	2	24	3	17	4	13	5	11	6	21	7	28	8	28	9	21	
	0	15	1	29	2	17	3	27	4	26	5	17	6	16	7	23	8	22	9	23	
	0	84	1	81	2	79	3	76	4	75	5	79	6	69	7	81	8	68	9	82	
	0	64	1	65	2	52	3	61	4	61	5	65	6	67	7	61	8	66	9	54	
	0	53	1	66	2	56	3	58	4	59	5	61	6	69	7	64	8	52	9	70	
	0	86	1	72	2	78	3	69	4	78	5	81	6	75	7	83	8	70	9	71	
	0	22	1	25	2	26	3	23	4	20	5	23	6	16	7	31	8	22	9	31	
	0	96	1	109	2	105	3	96	4	100	5	101	6	108	7	108	8	101	9	104	
	0	36	1	33	2	36	3	40	4	47	5	38	6	49	7	48	8	48	9	50	
	0	17	1	17	2	31	3	23	4	31	5	32	6	32	7	29	8	27	9	25	
	0	98	1	107	2	106	3	109	4	101	5	100	6	99	7	104	8	97	9	114	
	0	19	1	7	2	18	3	12	4	15	5	14	6	22	7	11	8	8	9	18	
	0	19	1	15	2	16	3	12	4	22	5	12	6	12	7	20	8	7	9	14	
	0	79	1	75	2	75	3	82	4	86	5	88	6	76	7	73	8	77	9	88	
	0	98	1	102	2	91	3	87	4	89	5	100	6	91	7	103	8	88	9	98	
	0	101	1	102	2	108	3	113	4	102	5	114	6	109	7	104	8	104	9	103	
	0	27	1	22	2	20	3	31	4	22	5	13	6	25	7	23	8	19	9	26	