1000 10 1
10
	0	52	1	54	2	53	3	64	4	50	5	69	6	50	7	62	8	56	9	56	
	0	44	1	49	2	47	3	47	4	48	5	46	6	49	7	34	8	39	9	34	
	0	60	1	57	2	48	3	49	4	47	5	54	6	56	7	54	8	57	9	54	
	0	100	1	94	2	97	3	99	4	102	5	106	6	105	7	106	8	96	9	111	
	0	30	1	33	2	34	3	31	4	31	5	30	6	41	7	32	8	30	9	46	
	0	80	1	96	2	85	3	79	4	96	5	87	6	82	7	86	8	90	9	82	
	0	26	1	23	2	19	3	28	4	24	5	31	6	32	7	32	8	18	9	27	
	0	116	1	101	2	100	3	109	4	111	5	107	6	103	7	115	8	103	9	116	
	0	20	1	24	2	28	3	19	4	30	5	23	6	14	7	24	8	18	9	21	
	0	79	1	87	2	76	3	87	4	81	5	91	6	76	7	89	8	77	9	88	
	0	92	1	99	2	93	3	89	4	86	5	82	6	98	7	88	8	101	9	99	
	0	89	1	76	2	70	3	76	4	77	5	84	6	74	7	89	8	70	9	87	
	0	8	1	6	2	9	3	19	4	16	5	21	6	9	7	13	8	12	9	17	
	0	71	1	74	2	80	3	79	4	81	5	84	6	74	7	83	8	76	9	79	
	0	30	1	30	2	25	3	40	4	29	5	35	6	24	7	23	8	39	9	40	
	0	30	1	18	2	14	3	29	4	30	5	17	6	20	7	18	8	28	9	19	
	0	48	1	55	2	67	3	53	4	62	5	53	6	66	7	65	8	54	9	48	
	0	91	1	83	2	80	3	98	4	88	5	96	6	92	7	79	8	79	9	84	
	0	39	1	47	2	35	3	46	4	40	5	44	6	37	7	30	8	32	9	35	
	0	87	1	84	2	84	3	83	4	84	5	94	6	96	7	79	8	82	9	86	
	0	43	1	52	2	47	3	50	4	43	5	46	6	49	7	58	8	55	9	44	
	0	14	1	14	2	20	3	20	4	12	5	29	6	20	7	26	8	27	9	13	
	0	102	1	99	2	85	3	98	4	90	5	92	6	95	7	90	8	88	9	87	
	0	71	1	81	2	78	3	67	4	70	5	72	6	85	7	78	8	84	9	78	
	0	49	1	49	2	48	3	58	4	43	5	47	6	41	7	50	8	58	9	60	
	0	26	1	23	2	20	3	26	4	11	5	22	6	17	7	13	8	15	9	10	
	0	13	1	18	2	21	3	15	4	20	5	23	6	14	7	12	8	20	9	10	
	0	49	1	42	2	44	3	36	4	32	5	34	6	37	7	43	8	35	9	43	
	0	61	1	68	2	68	3	70	4	62	5	79	6	69	7	62	8	72	9	65	
	0	88	1	86	2	90	3	89	4	81	5	81	6	81	7	80	8	92	9	80	
	0	77	1	91	2	87	3	88	4	84	5	94	6	94	7	93	8	77	9	91	
	0	71	1	71	2	78	3	83	4	79	5	87	6	84	7	72	8	72	9	73	
	0	75	1	73	2	78	3	90	4	74	5	80	6	81	7	75	8	91	9	89	
	0	52	1	53	2	56	3	49	4	57	5	45	6	49	7	46	8	62	9	61	
	0	71	1	71	2	83	3	84	4	82	5	73	6	76	7	70	8	67	9	67	
	0	36	1	40	2	45	3	36	4	30	5	34	6	36	7	41	8	38	9	36	
	0	40	1	42	2	41	3	32	4	41	5	34	6	31	7	48	8	41	9	48	
	0	43	1	34	2	37	3	29	4	28	5	27	6	38	7	36	8	39	9	38	
	0	106	1	95	2	96	3	91	4	100	5	110	6	108	7	96	8	96	9	109	
	0	17	1	25	2	30	3	33	4	18	5	15	6	19	7	14	8	20	9	33	
	0	10	1	17	2	27	3	13	4	8	5	20	6	17	7	20	8	13	9	20	
	0	61	1	54	2	59	3	48	4	61	5	47	6	49	7	47	8	51	9	54	
	0	67	1	53	2	58	3	66	4	64	5	49	6	60	7	52	8	65	9	61	
	0	42	1	42	2	42	3	47	4	42	5	60	6	42	7	50	8	48	9	58	
	0	69	1	66	2	67	3	69	4	59	5	70	6	73	7	69	8	71	9	65	
	0	73	1	66	2	81	3	75	4	80	5	65	6	68	7	79	8	78	9	65	
	0	87	1	103	2	85	3	101	4	85	5	84	6	96	7	88	8	96	9	103	
	0	66	1	50	2	60	3	66	4	54	5	67	6	60	7	61	8	60	9	59	
	0	34	1	43	2	32	3	39	4	39	5	29	6	36	7	30	8	48	9	36	
	0	75	1	93	2	94	3	84	4	91	5	79	6	86	7	76	8	88	9	81	
	0	107	1	107	2	102	3	106	4	93	5	109	6	111	7	96	8	95	9	101	
	0	84	1	97	2	89	3	89	4	97	5	81	6	94	7	85	8	79	9	86	
	0	93	1	90	2	94	3	86	4	96	5	100	6	103	7	103	8	92	9	85	
	0	73	1	79	2	91	3	82	4	92	5	91	6	80	7	80	8	87	9	76	
	0	79	1	66	2	69	3	72	4	63	5	64	6	64	7	71	8	75	9	74	
	0	51	1	56	2	41	3	46	4	54	5	51	6	49	7	53	8	43	9	47	
	0	11	1	29	2	22	3	28	4	10	5	16	6	24	7	12	8	28	9	20	
	0	110	1	96	2	114	3	108	4	105	5	105	6	109	7	111	8	114	9	106	
	0	54	1	49	2	65	3	58	4	56	5	55	6	64	7	53	8	51	9	64	
	0	80	1	78	2	75	3	71	4	64	5	64	6	75	7	70	8	74	9	61	
	0	89	1	85	2	82	3	87	4	74	5	82	6	76	7	80	8	83	9	85	
	0	31	1	27	2	27	3	27	4	28	5	30	6	32	7	18	8	21	9	23	
	0	96	1	86	2	95	3	84	4	100	5	92	6	93	7	87	8	93	9	100	
	0	15	1	16	2	30	3	13	4	20	5	27	6	13	7	22	8	21	9	14	
	0	32	1	30	2	15	3	14	4	32	5	15	6	27	7	17	8	29	9	25	
	0	11	1	16	2	18	3	15	4	14	5	8	6	21	7	18	8	13	9	11	
	0	107	1	106	2	105	3	107	4	99	5	89	6	103	7	92	8	105	9	107	
	0	36	1	46	2	49	3	45	4	35	5	47	6	45	7	47	8	47	9	39	
	0	30	1	27	2	23	3	21	4	37	5	20	6	28	7	34	8	34	9	23	
	0	31	1	35	2	23	3	27	4	24	5	23	6	35	7	18	8	27	9	30	
	0	35	1	32	2	22	3	27	4	21	5	35	6	17	7	25	8	33	9	36	
	0	43	1	44	2	37	3	37	4	40	5	48	6	34	7	36	8	47	9	31	
	0	48	1	54	2	42	3	56	4	54	5	51	6	50	7	58	8	60	9	47	
	0	89	1	75	2	78	3	80	4	73	5	80	6	79	7	75	8	73	9	71	
	0	73	1	74	2	58	3	70	4	68	5	67	6	68	7	71	8	68	9	57	
	0	109	1	105	2	111	3	103	4	110	5	94	6	111	7	109	8	100	9	97	
	0	4	1	2	2	9	3	15	4	19	5	21	6	13	7	15	8	12	9	2	
	0	49	1	54	2	66	3	55	4	51	5	67	6	65	7	64	8	63	9	56	
	0	30	1	35	2	35	3	26	4	33	5	30	6	26	7	21	8	38	9	27	
	0	93	1	91	2	86	3	92	4	84	5	88	6	102	7	85	8	99	9	92	
	0	25	1	28	2	23	3	32	4	29	5	22	6	25	7	31	8	33	9	32	
	0	35	1	43	2	31	3	39	4	33	5	31	6	49	7	30	8	35	9	46	
	0	92	1	92	2	97	3	102	4	94	5	105	6	102	7	93	8	95	9	106	
	0	36	1	38	2	41	3	27	4	40	5	37	6	39	7	38	8	44	9	28	
	0	19	1	13	2	21	3	15	4	9	5	5	6	7	7	17	8	9	9	13	
	0	48	1	34	2	47	3	51	4	34	5	46	6	49	7	49	8	48	9	42	
	0	90	1	86	2	95	3	89	4	83	5	97	6	86	7	90	8	98	9	91	
	0	26	1	15	2	18	3	8	4	18	5	8	6	22	7	13	8	21	9	21	
	0	91	1	96	2	100	3	85	4	93	5	95	6	91	7	84	8	90	9	88	
	0	108	1	114	2	108	3	104	4	106	5	103	6	120	7	104	8	108	9	116	
	0	110	1	103	2	98	3	113	4	99	5	108	6	96	7	106	8	105	9	107	
	0	109	1	100	2	102	3	115	4	116	5	98	6	108	7	116	8	110	9	114	
	0	15	1	22	2	9	3	24	4	13	5	20	6	10	7	9	8	12	9	21	
	0	7	1	20	2	7	3	17	4	20	5	20	6	5	7	21	8	17	9	8	
	0	42	1	44	2	41	3	33	4	47	5	48	6	33	7	36	8	50	9	47	
	0	22	1	20	2	27	3	25	4	24	5	19	6	33	7	34	8	28	9	19	
	0	56	1	50	2	64	3	46	4	61	5	47	6	61	7	61	8	55	9	54	
	0	65	1	70	2	74	3	81	4	81	5	70	6	80	7	68	8	80	9	82	
	0	63	1	59	2	63	3	62	4	56	5	65	6	59	7	62	8	62	9	66	
	0	36	1	45	2	49	3	46	4	38	5	33	6	48	7	51	8	38	9	43	
	0	85	1	95	2	86	3	97	4	98	5	95	6	100	7	85	8	93	9	97	
	0	56	1	55	2	57	3	54	4	60	5	66	6	63	7	69	8	61	9	61	
	0	41	1	53	2	44	3	55	4	44	5	51	6	43	7	44	8	43	9	60	
	0	7	1	11	2	13	3	19	4	11	5	21	6	10	7	22	8	9	9	10	
	0	29	1	34	2	37	3	31	4	28	5	37	6	43	7	27	8	44	9	43	
	0	74	1	73	2	73	3	90	4	81	5	87	6	88	7	79	8	72	9	81	
	0	25	1	31	2	35	3	36	4	28	5	18	6	26	7	28	8	19	9	29	
	0	33	1	40	2	31	3	37	4	43	5	32	6	36	7	43	8	31	9	31	
	0	91	1	105	2	105	3	105	4	102	5	90	6	100	7	96	8	96	9	100	
	0	44	1	43	2	45	3	38	4	40	5	54	6	53	7	43	8	56	9	57	
	0	41	1	41	2	59	3	48	4	57	5	45	6	52	7	48	8	47	9	57	
	0	34	1	26	2	18	3	23	4	27	5	35	6	21	7	22	8	29	9	25	
	0	38	1	32	2	30	3	35	4	38	5	39	6	34	7	42	8	29	9	38	
	0	30	1	12	2	13	3	19	4	12	5	19	6	20	7	25	8	25	9	13	
	0	57	1	47	2	60	3	47	4	61	5	51	6	57	7	61	8	53	9	57	
	0	22	1	13	2	23	3	29	4	26	5	28	6	28	7	14	8	19	9	29	
	0	12	1	30	2	21	3	23	4	18	5	30	6	11	7	23	8	26	9	19	
	0	32	1	39	2	27	3	24	4	36	5	33	6	27	7	27	8	35	9	23	
	0	6	1	15	2	16	3	10	4	12	5	16	6	22	7	19	8	19	9	21	
	0	45	1	37	2	48	3	42	4	41	5	32	6	47	7	40	8	44	9	39	
	0	51	1	61	2	60	3	60	4	52	5	46	6	46	7	56	8	54	9	42	
	0	90	1	82	2	74	3	74	4	79	5	86	6	81	7	80	8	76	9	77	
	0	96	1	81	2	81	3	86	4	88	5	88	6	86	7	87	8	86	9	98	
	0	92	1	93	2	84	3	94	4	92	5	98	6	95	7	88	8	94	9	103	
	0	101	1	97	2	91	3	87	4	88	5	98	6	99	7	103	8	95	9	89	
	0	7	1	14	2	9	3	6	4	24	5	10	6	15	7	22	8	13	9	11	
	0	103	1	104	2	106	3	106	4	113	5	100	6	109	7	104	8	106	9	107	
	0	105	1	112	2	114	3	118	4	117	5	108	6	106	7	108	8	117	9	114	
	0	16	1	12	2	19	3	15	4	16	5	16	6	3	7	21	8	19	9	4	
	0	42	1	35	2	47	3	32	4	38	5	40	6	48	7	38	8	32	9	33	
	0	42	1	45	2	36	3	49	4	37	5	48	6	35	7	45	8	38	9	35	
	0	91	1	72	2	84	3	86	4	91	5	80	6	86	7	78	8	73	9	88	
	0	25	1	30	2	31	3	20	4	32	5	16	6	22	7	31	8	34	9	17	
	0	100	1	112	2	101	3	95	4	105	5	107	6	111	7	103	8	104	9	95	
	0	33	1	35	2	51	3	42	4	37	5	43	6	42	7	36	8	45	9	43	
	0	71	1	58	2	75	3	73	4	72	5	59	6	61	7	72	8	76	9	58	
	0	15	1	7	2	15	3	15	4	19	5	17	6	23	7	23	8	21	9	12	
	0	85	1	76	2	79	3	91	4	81	5	76	6	87	7	89	8	78	9	78	
	0	67	1	56	2	65	3	67	4	70	5	72	6	53	7	64	8	68	9	69	
	0	104	1	101	2	105	3	102	4	105	5	110	6	106	7	100	8	114	9	113	
	0	35	1	24	2	27	3	33	4	21	5	21	6	32	7	18	8	33	9	21	
	0	26	1	20	2	20	3	35	4	27	5	26	6	29	7	33	8	21	9	27	
	0	31	1	33	2	26	3	31	4	32	5	21	6	28	7	35	8	20	9	27	
	0	51	1	47	2	51	3	52	4	48	5	44	6	54	7	50	8	49	9	49	
	0	27	1	41	2	39	3	36	4	28	5	32	6	33	7	33	8	31	9	27	
	0	92	1	92	2	76	3	88	4	90	5	82	6	87	7	86	8	77	9	87	
	0	78	1	87	2	86	3	82	4	84	5	76	6	79	7	90	8	88	9	82	
	0	74	1	76	2	76	3	59	4	74	5	67	6	66	7	61	8	66	9	67	
	0	11	1	8	2	20	3	11	4	26	5	27	6	16	7	9	8	22	9	11	
	0	80	1	66	2	81	3	80	4	72	5	75	6	75	7	64	8	64	9	68	
	0	91	1	100	2	98	3	105	4	95	5	90	6	94	7	104	8	90	9	102	
	0	48	1	47	2	47	3	46	4	55	5	45	6	54	7	62	8	61	9	46	
	0	7	1	8	2	16	3	14	4	7	5	10	6	20	7	6	8	18	9	16	
	0	55	1	54	2	51	3	64	4	51	5	54	6	64	7	63	8	50	9	56	
	0	80	1	91	2	77	3	74	4	85	5	90	6	82	7	85	8	78	9	74	
	0	41	1	41	2	32	3	23	4	41	5	31	6	26	7	35	8	29	9	40	
	0	76	1	63	2	65	3	70	4	72	5	66	6	77	7	82	8	74	9	81	
	0	76	1	84	2	67	3	68	4	70	5	77	6	75	7	73	8	72	9	66	
	0	21	1	31	2	33	3	17	4	32	5	30	6	21	7	32	8	15	9	31	
	0	54	1	55	2	52	3	55	4	55	5	51	6	53	7	66	8	59	9	56	
	0	50	1	63	2	61	3	54	4	52	5	49	6	67	7	54	8	62	9	66	
	0	15	1	28	2	26	3	12	4	29	5	26	6	28	7	17	8	16	9	20	
	0	30	1	45	2	33	3	27	4	27	5	28	6	34	7	38	8	33	9	31	
	0	7	1	5	2	8	3	8	4	4	5	21	6	3	7	15	8	3	9	21	
	0	65	1	83	2	81	3	70	4	82	5	69	6	82	7	77	8	83	9	67	
	0	101	1	111	2	95	3	107	4	102	5	106	6	111	7	93	8	95	9	100	
	0	25	1	37	2	21	3	35	4	23	5	25	6	30	7	21	8	39	9	34	
	0	80	1	73	2	85	3	74	4	81	5	76	6	79	7	80	8	85	9	70	
	0	43	1	44	2	44	3	50	4	53	5	56	6	56	7	49	8	51	9	54	
	0	41	1	28	2	29	3	31	4	29	5	39	6	29	7	35	8	35	9	25	
	0	59	1	72	2	61	3	76	4	58	5	67	6	71	7	73	8	73	9	63	
	0	73	1	74	2	74	3	69	4	72	5	63	6	61	7	71	8	59	9	75	
	0	23	1	24	2	22	3	29	4	29	5	17	6	27	7	22	8	18	9	22	
	0	25	1	32	2	39	3	39	4	29	5	30	6	31	7	27	8	24	9	37	
	0	52	1	61	2	56	3	51	4	56	5	50	6	47	7	54	8	47	9	46	
	0	55	1	57	2	58	3	61	4	46	5	56	6	49	7	62	8	59	9	47	
	0	12	1	13	2	20	3	20	4	17	5	7	6	17	7	5	8	8	9	20	
	0	74	1	79	2	81	3	72	4	68	5	76	6	81	7	62	8	67	9	69	
	0	82	1	76	2	67	3	77	4	67	5	72	6	77	7	85	8	83	9	70	
	0	26	1	27	2	16	3	16	4	24	5	26	6	26	7	31	8	17	9	21	
	0	97	1	90	2	103	3	100	4	104	5	95	6	104	7	98	8	86	9	93	
	0	76	1	64	2	70	3	59	4	71	5	75	6	71	7	65	8	62	9	76	
	0	73	1	61	2	72	3	79	4	67	5	63	6	76	7	79	8	63	9	63	
	0	21	1	24	2	19	3	9	4	12	5	17	6	13	7	23	8	8	9	9	
	0	99	1	97	2	98	3	94	4	96	5	82	6	85	7	92	8	92	9	85	
	0	29	1	28	2	27	3	27	4	20	5	33	6	30	7	37	8	23	9	33	
	0	98	1	107	2	99	3	91	4	92	5	101	6	99	7	103	8	93	9	94	
	0	80	1	92	2	87	3	94	4	95	5	86	6	87	7	89	8	83	9	98	
	0	56	1	61	2	55	3	60	4	66	5	55	6	58	7	72	8	56	9	61	
	0	55	1	58	2	66	3	58	4	63	5	69	6	69	7	70	8	62	9	70	
	0	92	1	76	2	90	3	80	4	93	5	80	6	86	7	91	8	80	9	81	
	0	114	1	100	2	103	3	110	4	103	5	105	6	106	7	103	8	117	9	117	
	0	98	1	89	2	101	3	88	4	95	5	86	6	96	7	91	8	91	9	99	
	0	56	1	61	2	60	3	57	4	55	5	56	6	64	7	55	8	61	9	61	
	0	71	1	63	2	78	3	74	4	67	5	77	6	66	7	74	8	68	9	78	
	0	62	1	66	2	48	3	65	4	63	5	63	6	50	7	51	8	48	9	58	
	0	91	1	86	2	84	3	98	4	84	5	82	6	98	7	96	8	92	9	83	
	0	91	1	105	2	108	3	104	4	109	5	105	6	101	7	104	8	100	9	96	
	0	79	1	77	2	81	3	72	4	84	5	79	6	83	7	72	8	80	9	76	
	0	71	1	72	2	58	3	70	4	74	5	59	6	58	7	58	8	60	9	72	
	0	56	1	65	2	52	3	59	4	56	5	50	6	55	7	59	8	69	9	63	
	0	114	1	113	2	98	3	97	4	105	5	99	6	108	7	115	8	102	9	98	
	0	34	1	48	2	51	3	40	4	42	5	41	6	51	7	42	8	49	9	45	
	0	20	1	9	2	9	3	6	4	11	5	19	6	13	7	14	8	16	9	21	
	0	48	1	45	2	51	3	60	4	54	5	62	6	44	7	60	8	43	9	47	
	0	36	1	34	2	40	3	43	4	41	5	32	6	37	7	33	8	40	9	30	
	0	60	1	74	2	63	3	63	4	70	5	56	6	65	7	55	8	72	9	55	
	0	65	1	58	2	60	3	59	4	69	5	74	6	61	7	61	8	70	9	72	
	0	21	1	18	2	27	3	21	4	32	5	37	6	36	7	18	8	28	9	27	
	0	27	1	34	2	20	3	22	4	21	5	35	6	33	7	21	8	32	9	28	
	0	104	1	104	2	112	3	112	4	111	5	101	6	116	7	104	8	112	9	117	
	0	34	1	36	2	34	3	43	4	37	5	44	6	34	7	44	8	39	9	35	
	0	58	1	58	2	54	3	55	4	55	5	71	6	62	7	59	8	54	9	57	
	0	86	1	101	2	90	3	95	4	102	5	99	6	86	7	83	8	85	9	84	
	0	60	1	67	2	74	3	75	4	61	5	71	6	58	7	59	8	74	9	66	
	0	103	1	86	2	89	3	95	4	94	5	103	6	105	7	97	8	93	9	98	
	0	66	1	64	2	72	3	77	4	63	5	79	6	79	7	67	8	81	9	74	
	0	40	1	27	2	32	3	38	4	29	5	25	6	25	7	26	8	34	9	41	
	0	91	1	76	2	82	3	78	4	93	5	91	6	87	7	81	8	80	9	79	
	0	92	1	101	2	99	3	90	4	92	5	93	6	103	7	105	8	95	9	90	
	0	29	1	42	2	31	3	39	4	30	5	35	6	42	7	36	8	41	9	46	
	0	114	1	116	2	105	3	107	4	118	5	113	6	107	7	109	8	104	9	104	
	0	23	1	25	2	35	3	33	4	27	5	36	6	31	7	34	8	25	9	27	
	0	66	1	70	2	68	3	74	4	65	5	73	6	57	7	62	8	75	9	65	
	0	84	1	85	2	73	3	84	4	77	5	84	6	83	7	90	8	75	9	83	
	0	16	1	28	2	23	3	21	4	14	5	22	6	29	7	20	8	26	9	16	
	0	55	1	46	2	49	3	44	4	50	5	52	6	49	7	52	8	45	9	46	
	0	73	1	76	2	65	3	78	4	72	5	62	6	64	7	77	8	71	9	77	
	0	92	1	109	2	94	3	94	4	97	5	103	6	103	7	102	8	92	9	105	
	0	21	1	34	2	28	3	20	4	24	5	15	6	17	7	22	8	28	9	33	
	0	70	1	72	2	73	3	63	4	70	5	68	6	77	7	76	8	72	9	71	
	0	49	1	54	2	46	3	44	4	45	5	41	6	47	7	41	8	53	9	41	
	0	64	1	62	2	63	3	63	4	67	5	74	6	62	7	59	8	72	9	63	
	0	65	1	76	2	68	3	61	4	68	5	73	6	61	7	71	8	75	9	70	
	0	34	1	51	2	37	3	44	4	44	5	49	6	40	7	52	8	36	9	39	
	0	80	1	63	2	65	3	69	4	70	5	74	6	72	7	66	8	70	9	63	
	0	54	1	64	2	50	3	55	4	61	5	61	6	48	7	48	8	60	9	49	
	0	44	1	56	2	45	3	60	4	46	5	50	6	47	7	48	8	50	9	48	
	0	108	1	115	2	101	3	113	4	105	5	115	6	118	7	120	8	102	9	104	
	0	16	1	16	2	10	3	19	4	15	5	23	6	16	7	25	8	13	9	25	
	0	69	1	51	2	70	3	58	4	58	5	62	6	55	7	60	8	51	9	58	
	0	72	1	72	2	77	3	65	4	64	5	74	6	76	7	64	8	64	9	76	
	0	29	1	25	2	29	3	23	4	28	5	34	6	34	7	24	8	39	9	26	
	0	90	1	97	2	99	3	89	4	104	5	91	6	101	7	96	8	92	9	90	
	0	57	1	71	2	69	3	67	4	56	5	74	6	55	7	60	8	69	9	63	
	0	83	1	79	2	81	3	78	4	91	5	81	6	93	7	93	8	78	9	91	
	0	24	1	22	2	13	3	22	4	12	5	18	6	8	7	12	8	23	9	18	
	0	13	1	24	2	11	3	21	4	6	5	9	6	12	7	6	8	8	9	12	
	0	77	1	76	2	83	3	72	4	87	5	75	6	83	7	70	8	79	9	83	
	0	24	1	16	2	28	3	11	4	25	5	15	6	15	7	22	8	15	9	14	
	0	22	1	16	2	26	3	23	4	14	5	15	6	17	7	28	8	22	9	17	
	0	54	1	65	2	62	3	49	4	55	5	51	6	48	7	59	8	58	9	50	
	0	61	1	77	2	71	3	79	4	61	5	75	6	67	7	61	8	74	9	62	
	0	31	1	27	2	26	3	22	4	30	5	23	6	25	7	39	8	38	9	35	
	0	60	1	63	2	60	3	53	4	52	5	60	6	62	7	62	8	57	9	60	
	0	12	1	22	2	28	3	15	4	11	5	24	6	20	7	13	8	29	9	23	
	0	19	1	3	2	4	3	3	4	8	5	7	6	11	7	21	8	10	9	18	
	0	27	1	22	2	15	3	26	4	10	5	11	6	17	7	23	8	11	9	20	
	0	43	1	39	2	52	3	38	4	43	5	41	6	44	7	57	8	47	9	46	
	0	73	1	83	2	66	3	84	4	68	5	75	6	81	7	67	8	66	9	75	
	0	84	1	74	2	76	3	75	4	84	5	71	6	67	7	75	8	80	9	65	
	0	84	1	88	2	99	3	84	4	85	5	99	6	94	7	93	8	92	9	80	
	0	59	1	60	2	49	3	53	4	65	5	60	6	47	7	65	8	57	9	60	
	0	22	1	17	2	25	3	31	4	25	5	20	6	30	7	22	8	20	9	25	
	0	96	1	79	2	84	3	88	4	78	5	88	6	87	7	82	8	92	9	80	
	0	98	1	93	2	101	3	97	4	101	5	98	6	110	7	102	8	104	9	93	
	0	77	1	89	2	85	3	91	4	76	5	91	6	92	7	89	8	78	9	81	
	0	59	1	64	2	68	3	62	4	61	5	61	6	73	7	65	8	64	9	60	
	0	32	1	34	2	31	3	24	4	28	5	21	6	18	7	25	8	27	9	30	
	0	91	1	74	2	82	3	82	4	79	5	92	6	78	7	93	8	76	9	78	
	0	43	1	54	2	38	3	36	4	55	5	44	6	55	7	45	8	45	9	49	
	0	27	1	44	2	38	3	34	4	40	5	32	6	27	7	30	8	31	9	35	
	0	38	1	48	2	47	3	45	4	29	5	41	6	48	7	43	8	35	9	43	
	0	88	1	86	2	79	3	83	4	74	5	85	6	80	7	81	8	81	9	79	
	0	63	1	59	2	73	3	66	4	70	5	71	6	61	7	67	8	66	9	58	
	0	103	1	88	2	85	3	96	4	99	5	104	6	95	7	87	8	104	9	104	
	0	86	1	96	2	88	3	88	4	100	5	96	6	101	7	92	8	104	9	91	
	0	37	1	40	2	41	3	52	4	42	5	49	6	45	7	50	8	48	9	44	
	0	62	1	69	2	69	3	69	4	62	5	73	6	57	7	56	8	71	9	61	
	0	17	1	17	2	11	3	21	4	10	5	14	6	14	7	10	8	17	9	22	
	0	108	1	96	2	103	3	96	4	99	5	110	6	107	7	103	8	94	9	103	
	0	59	1	63	2	52	3	59	4	47	5	52	6	59	7	62	8	60	9	60	
	0	39	1	39	2	56	3	53	4	41	5	44	6	44	7	55	8	51	9	43	
	0	19	1	32	2	31	3	34	4	25	5	24	6	27	7	36	8	33	9	19	
	0	20	1	21	2	11	3	12	4	7	5	6	6	8	7	21	8	9	9	11	
	0	62	1	50	2	54	3	50	4	51	5	57	6	46	7	46	8	50	9	51	
	0	65	1	60	2	53	3	54	4	69	5	58	6	68	7	55	8	51	9	58	
	0	32	1	36	2	35	3	29	4	23	5	36	6	30	7	38	8	26	9	20	
	0	111	1	114	2	109	3	111	4	113	5	102	6	108	7	96	8	115	9	96	
	0	54	1	53	2	53	3	61	4	66	5	57	6	50	7	51	8	66	9	54	
	0	104	1	105	2	103	3	100	4	116	5	105	6	116	7	108	8	98	9	100	
	0	39	1	30	2	34	3	36	4	30	5	40	6	32	7	37	8	30	9	33	
	0	34	1	39	2	42	3	23	4	24	5	35	6	29	7	25	8	40	9	24	
	0	39	1	41	2	36	3	47	4	38	5	46	6	52	7	52	8	46	9	51	
	0	40	1	45	2	38	3	45	4	42	5	51	6	47	7	39	8	45	9	37	
	0	39	1	39	2	40	3	27	4	27	5	23	6	39	7	37	8	25	9	24	
	0	72	1	76	2	78	3	77	4	69	5	73	6	82	7	84	8	68	9	83	
	0	20	1	31	2	26	3	31	4	32	5	32	6	32	7	36	8	34	9	29	
	0	35	1	20	2	23	3	32	4	20	5	23	6	22	7	36	8	24	9	25	
	0	67	1	55	2	57	3	69	4	73	5	59	6	55	7	54	8	73	9	57	
	0	63	1	79	2	74	3	81	4	81	5	64	6	63	7	68	8	80	9	63	
	0	76	1	76	2	80	3	86	4	93	5	84	6	74	7	81	8	89	9	78	
	0	56	1	51	2	57	3	51	4	45	5	45	6	54	7	56	8	59	9	53	
	0	24	1	14	2	11	3	17	4	13	5	10	6	14	7	18	8	11	9	13	
	0	41	1	40	2	27	3	33	4	39	5	38	6	37	7	26	8	39	9	44	
	0	64	1	67	2	63	3	67	4	73	5	71	6	72	7	54	8	54	9	55	
	0	56	1	59	2	63	3	53	4	60	5	56	6	62	7	55	8	62	9	64	
	0	60	1	67	2	75	3	78	4	79	5	70	6	74	7	72	8	64	9	67	
	0	31	1	35	2	23	3	18	4	23	5	31	6	31	7	32	8	22	9	29	
	0	11	1	11	2	13	3	10	4	17	5	17	6	22	7	24	8	15	9	26	
	0	68	1	73	2	72	3	65	4	68	5	65	6	73	7	71	8	80	9	72	
	0	82	1	90	2	88	3	77	4	78	5	89	6	85	7	75	8	80	9	78	
	0	94	1	88	2	96	3	92	4	92	5	96	6	82	7	87	8	89	9	95	
	0	67	1	70	2	80	3	73	4	83	5	78	6	77	7	68	8	82	9	70	
	0	66	1	82	2	71	3	65	4	67	5	72	6	73	7	78	8	83	9	66	
	0	41	1	35	2	34	3	33	4	29	5	29	6	30	7	36	8	34	9	43	
	0	90	1	82	2	83	3	87	4	77	5	90	6	71	7	86	8	90	9	75	
	0	44	1	54	2	48	3	40	4	57	5	40	6	54	7	40	8	51	9	58	
	0	99	1	105	2	93	3	102	4	106	5	98	6	98	7	108	8	105	9	104	
	0	80	1	96	2	97	3	80	4	81	5	91	6	94	7	93	8	84	9	88	
	0	38	1	40	2	46	3	42	4	49	5	50	6	43	7	37	8	47	9	45	
	0	68	1	70	2	57	3	63	4	66	5	58	6	67	7	68	8	68	9	58	
	0	57	1	65	2	52	3	69	4	69	5	53	6	55	7	57	8	62	9	65	
	0	15	1	27	2	20	3	26	4	11	5	16	6	11	7	25	8	24	9	23	
	0	91	1	89	2	84	3	83	4	82	5	86	6	95	7	90	8	88	9	92	
	0	46	1	52	2	44	3	62	4	49	5	56	6	54	7	46	8	57	9	44	
	0	114	1	110	2	95	3	112	4	113	5	96	6	95	7	99	8	99	9	113	
	0	77	1	89	2	85	3	92	4	82	5	83	6	85	7	88	8	84	9	85	
	0	39	1	25	2	28	3	30	4	25	5	37	6	26	7	33	8	33	9	43	
	0	55	1	53	2	38	3	51	4	48	5	47	6	52	7	41	8	38	9	52	
	0	62	1	54	2	50	3	58	4	54	5	65	6	49	7	62	8	57	9	61	
	0	26	1	26	2	21	3	10	4	10	5	13	6	17	7	27	8	13	9	27	
	0	103	1	103	2	99	3	109	4	95	5	107	6	93	7	93	8	95	9	104	
	0	17	1	23	2	12	3	24	4	25	5	25	6	25	7	11	8	15	9	28	
	0	69	1	79	2	74	3	70	4	74	5	79	6	71	7	79	8	62	9	76	
	0	86	1	78	2	70	3	79	4	78	5	77	6	85	7	70	8	81	9	73	
	0	37	1	46	2	46	3	45	4	35	5	35	6	34	7	42	8	49	9	35	
	0	63	1	67	2	61	3	59	4	62	5	61	6	56	7	53	8	64	9	55	
	0	66	1	64	2	70	3	59	4	67	5	53	6	64	7	66	8	56	9	60	
	0	71	1	74	2	68	3	76	4	69	5	64	6	72	7	66	8	76	9	71	
	0	78	1	75	2	73	3	78	4	70	5	68	6	66	7	68	8	72	9	69	
	0	98	1	93	2	100	3	84	4	88	5	88	6	86	7	86	8	93	9	91	
	0	96	1	109	2	105	3	101	4	109	5	110	6	111	7	105	8	112	9	109	
	0	66	1	78	2	78	3	75	4	72	5	83	6	74	7	82	8	80	9	77	
	0	45	1	33	2	34	3	37	4	33	5	32	6	34	7	39	8	34	9	48	
	0	59	1	62	2	67	3	65	4	63	5	65	6	69	7	73	8	75	9	71	
	0	22	1	32	2	31	3	35	4	27	5	22	6	24	7	29	8	18	9	21	
	0	10	1	20	2	8	3	23	4	13	5	18	6	10	7	23	8	15	9	7	
	0	33	1	31	2	34	3	38	4	25	5	31	6	32	7	37	8	24	9	31	
	0	67	1	53	2	62	3	51	4	52	5	56	6	65	7	63	8	50	9	69	
	0	66	1	51	2	63	3	65	4	62	5	62	6	67	7	56	8	63	9	56	
	0	107	1	97	2	107	3	96	4	108	5	97	6	103	7	97	8	105	9	107	
	0	74	1	88	2	77	3	87	4	79	5	74	6	72	7	86	8	86	9	81	
	0	11	1	3	2	3	3	3	4	6	5	11	6	13	7	14	8	7	9	8	
	0	78	1	74	2	70	3	71	4	72	5	69	6	82	7	76	8	79	9	88	
	0	34	1	32	2	33	3	32	4	38	5	29	6	24	7	37	8	31	9	29	
	0	18	1	4	2	13	3	4	4	6	5	4	6	4	7	15	8	23	9	10	
	0	82	1	90	2	83	3	96	4	80	5	93	6	91	7	77	8	82	9	82	
	0	22	1	24	2	29	3	35	4	34	5	30	6	33	7	25	8	31	9	34	
	0	56	1	51	2	43	3	43	4	48	5	54	6	57	7	59	8	45	9	50	
	0	94	1	95	2	96	3	80	4	85	5	92	6	91	7	97	8	99	9	87	
	0	49	1	50	2	47	3	55	4	44	5	42	6	59	7	54	8	58	9	46	
	0	87	1	95	2	102	3	90	4	99	5	105	6	102	7	101	8	96	9	89	
	0	102	1	107	2	102	3	97	4	110	5	105	6	103	7	105	8	104	9	103	
	0	56	1	51	2	46	3	53	4	43	5	53	6	39	7	52	8	47	9	50	
	0	95	1	94	2	83	3	83	4	86	5	98	6	83	7	94	8	83	9	87	
	0	93	1	105	2	98	3	103	4	107	5	98	6	96	7	105	8	100	9	103	
	0	96	1	108	2	112	3	99	4	113	5	95	6	110	7	100	8	104	9	101	
	0	31	1	26	2	16	3	34	4	29	5	20	6	30	7	23	8	26	9	26	
	0	52	1	65	2	51	3	54	4	59	5	58	6	68	7	67	8	65	9	67	
	0	85	1	72	2	76	3	82	4	67	5	75	6	83	7	84	8	67	9	68	
	0	72	1	83	2	79	3	71	4	87	5	81	6	74	7	82	8	83	9	86	
	0	72	1	64	2	72	3	72	4	68	5	66	6	58	7	61	8	59	9	68	
	0	45	1	40	2	41	3	42	4	36	5	41	6	33	7	48	8	47	9	47	
	0	58	1	58	2	49	3	60	4	59	5	65	6	58	7	63	8	62	9	48	
	0	106	1	100	2	94	3	105	4	99	5	106	6	105	7	110	8	104	9	98	
	0	35	1	29	2	29	3	26	4	26	5	22	6	19	7	25	8	31	9	38	
	0	83	1	93	2	82	3	89	4	77	5	87	6	93	7	95	8	87	9	79	
	0	51	1	51	2	50	3	52	4	43	5	59	6	46	7	50	8	53	9	41	
	0	88	1	99	2	88	3	98	4	97	5	85	6	93	7	100	8	98	9	99	
	0	69	1	72	2	60	3	69	4	74	5	59	6	56	7	70	8	61	9	57	
	0	66	1	81	2	65	3	64	4	64	5	65	6	76	7	81	8	65	9	69	
	0	84	1	79	2	75	3	84	4	90	5	90	6	74	7	86	8	76	9	91	
	0	109	1	105	2	100	3	101	4	104	5	104	6	105	7	103	8	107	9	116	
	0	33	1	43	2	40	3	51	4	48	5	52	6	33	7	41	8	36	9	33	
	0	103	1	91	2	97	3	94	4	98	5	99	6	89	7	97	8	94	9	93	
	0	23	1	29	2	26	3	23	4	26	5	25	6	20	7	33	8	21	9	17	
	0	105	1	98	2	98	3	113	4	103	5	99	6	116	7	105	8	98	9	102	
	0	93	1	97	2	103	3	99	4	103	5	98	6	91	7	104	8	106	9	106	
	0	103	1	90	2	96	3	90	4	105	5	93	6	96	7	88	8	92	9	94	
	0	98	1	105	2	98	3	112	4	115	5	113	6	102	7	102	8	101	9	108	
	0	32	1	37	2	41	3	37	4	32	5	38	6	26	7	40	8	23	9	40	
	0	9	1	20	2	13	3	18	4	17	5	21	6	11	7	7	8	9	9	10	
	0	35	1	36	2	46	3	48	4	39	5	45	6	47	7	36	8	40	9	41	
	0	18	1	16	2	28	3	23	4	22	5	34	6	21	7	15	8	23	9	18	
	0	108	1	111	2	109	3	98	4	103	5	113	6	107	7	98	8	97	9	112	
	0	101	1	102	2	103	3	120	4	119	5	112	6	119	7	116	8	113	9	104	
	0	95	1	108	2	99	3	107	4	106	5	96	6	111	7	96	8	94	9	103	
	0	101	1	99	2	105	3	101	4	96	5	103	6	108	7	103	8	100	9	107	
	0	95	1	82	2	85	3	87	4	80	5	94	6	88	7	99	8	81	9	86	
	0	111	1	104	2	101	3	114	4	97	5	99	6	102	7	113	8	114	9	104	
	0	102	1	104	2	112	3	111	4	108	5	108	6	100	7	108	8	104	9	108	
	0	83	1	84	2	81	3	87	4	83	5	96	6	88	7	88	8	87	9	82	
	0	23	1	20	2	17	3	17	4	14	5	22	6	30	7	13	8	25	9	26	
	0	85	1	98	2	95	3	90	4	97	5	95	6	89	7	92	8	92	9	92	
	0	100	1	94	2	104	3	98	4	100	5	92	6	90	7	90	8	91	9	105	
	0	56	1	47	2	50	3	53	4	51	5	52	6	50	7	39	8	46	9	41	
	0	20	1	24	2	34	3	21	4	21	5	17	6	26	7	25	8	20	9	27	
	0	44	1	54	2	57	3	47	4	55	5	44	6	46	7	42	8	53	9	58	
	0	14	1	19	2	21	3	27	4	17	5	18	6	17	7	26	8	25	9	24	
	0	48	1	49	2	46	3	53	4	52	5	53	6	57	7	62	8	55	9	54	
	0	64	1	73	2	65	3	79	4	73	5	75	6	66	7	67	8	72	9	78	
	0	53	1	34	2	34	3	34	4	40	5	51	6	42	7	40	8	50	9	40	
	0	43	1	29	2	29	3	30	4	37	5	46	6	45	7	28	8	39	9	47	
	0	87	1	99	2	90	3	86	4	94	5	93	6	88	7	101	8	87	9	83	
	0	94	1	98	2	96	3	95	4	106	5	99	6	94	7	103	8	108	9	89	
	0	24	1	26	2	10	3	25	4	10	5	29	6	29	7	20	8	19	9	19	
	0	35	1	38	2	46	3	38	4	32	5	43	6	34	7	41	8	37	9	31	
	0	80	1	77	2	78	3	68	4	74	5	65	6	71	7	69	8	65	9	69	
	0	44	1	57	2	48	3	47	4	59	5	50	6	54	7	46	8	62	9	60	
	0	53	1	58	2	60	3	63	4	58	5	52	6	70	7	52	8	64	9	52	
	0	87	1	92	2	96	3	91	4	97	5	91	6	95	7	99	8	84	9	94	
	0	109	1	117	2	101	3	116	4	104	5	101	6	106	7	98	8	98	9	101	
	0	24	1	25	2	25	3	26	4	32	5	26	6	21	7	25	8	31	9	19	
	0	39	1	37	2	25	3	20	4	33	5	27	6	26	7	20	8	32	9	24	
	0	54	1	46	2	61	3	52	4	62	5	58	6	58	7	62	8	63	9	54	
	0	24	1	29	2	12	3	27	4	29	5	23	6	15	7	15	8	26	9	24	
	0	20	1	5	2	15	3	10	4	13	5	12	6	11	7	14	8	14	9	20	
	0	19	1	24	2	22	3	7	4	21	5	12	6	22	7	11	8	9	9	26	
	0	22	1	24	2	16	3	13	4	16	5	22	6	19	7	15	8	17	9	20	
	0	44	1	51	2	54	3	63	4	49	5	45	6	59	7	60	8	51	9	57	
	0	51	1	52	2	46	3	45	4	43	5	37	6	49	7	37	8	40	9	52	
	0	17	1	29	2	25	3	20	4	24	5	14	6	29	7	20	8	25	9	29	
	0	75	1	70	2	79	3	72	4	67	5	77	6	77	7	66	8	67	9	69	
	0	17	1	26	2	26	3	9	4	20	5	13	6	22	7	26	8	28	9	26	
	0	39	1	38	2	28	3	39	4	36	5	29	6	28	7	29	8	21	9	32	
	0	88	1	93	2	97	3	81	4	89	5	83	6	81	7	80	8	93	9	78	
	0	20	1	18	2	14	3	22	4	26	5	23	6	24	7	11	8	12	9	28	
	0	100	1	98	2	105	3	106	4	105	5	98	6	91	7	105	8	102	9	107	
	0	85	1	101	2	92	3	82	4	94	5	89	6	99	7	83	8	99	9	98	
	0	34	1	47	2	39	3	41	4	53	5	48	6	42	7	38	8	48	9	51	
	0	95	1	88	2	94	3	91	4	85	5	103	6	95	7	96	8	89	9	91	
	0	40	1	42	2	38	3	36	4	40	5	48	6	54	7	42	8	47	9	38	
	0	22	1	31	2	33	3	30	4	26	5	25	6	20	7	33	8	17	9	26	
	0	23	1	17	2	16	3	24	4	20	5	26	6	19	7	29	8	30	9	14	
	0	102	1	106	2	109	3	106	4	102	5	100	6	102	7	114	8	101	9	106	
	0	100	1	97	2	99	3	96	4	106	5	100	6	94	7	102	8	105	9	107	
	0	58	1	57	2	56	3	51	4	50	5	51	6	45	7	48	8	54	9	61	
	0	105	1	116	2	102	3	117	4	110	5	99	6	109	7	112	8	106	9	100	
	0	64	1	61	2	65	3	71	4	65	5	60	6	65	7	62	8	74	9	73	
	0	26	1	27	2	18	3	21	4	22	5	18	6	34	7	28	8	18	9	28	
	0	15	1	21	2	5	3	8	4	17	5	11	6	23	7	15	8	19	9	12	
	0	29	1	41	2	22	3	37	4	34	5	37	6	37	7	29	8	26	9	25	
	0	96	1	104	2	99	3	108	4	100	5	108	6	98	7	98	8	112	9	113	
	0	68	1	80	2	76	3	71	4	73	5	79	6	78	7	80	8	72	9	75	
	0	58	1	55	2	50	3	54	4	60	5	55	6	50	7	47	8	62	9	51	
	0	97	1	103	2	92	3	107	4	105	5	94	6	93	7	104	8	108	9	96	
	0	76	1	83	2	73	3	75	4	70	5	69	6	83	7	68	8	86	9	79	
	0	104	1	104	2	96	3	96	4	89	5	88	6	93	7	102	8	103	9	98	
	0	106	1	107	2	115	3	115	4	111	5	107	6	116	7	108	8	110	9	101	
	0	10	1	12	2	3	3	4	4	16	5	11	6	3	7	16	8	3	9	4	
	0	68	1	64	2	70	3	73	4	68	5	62	6	59	7	61	8	65	9	67	
	0	45	1	60	2	56	3	46	4	44	5	43	6	60	7	51	8	46	9	47	
	0	101	1	106	2	114	3	108	4	113	5	109	6	115	7	107	8	110	9	115	
	0	76	1	62	2	67	3	68	4	76	5	69	6	75	7	67	8	66	9	77	
	0	45	1	44	2	40	3	36	4	36	5	39	6	47	7	33	8	35	9	39	
	0	92	1	102	2	91	3	87	4	102	5	103	6	89	7	94	8	103	9	86	
	0	83	1	86	2	79	3	70	4	85	5	81	6	70	7	86	8	69	9	77	
	0	42	1	45	2	47	3	55	4	48	5	51	6	46	7	51	8	42	9	47	
	0	57	1	53	2	56	3	58	4	72	5	61	6	68	7	58	8	71	9	58	
	0	45	1	56	2	50	3	45	4	60	5	42	6	44	7	60	8	46	9	50	
	0	98	1	105	2	111	3	112	4	115	5	101	6	116	7	101	8	100	9	105	
	0	18	1	23	2	28	3	30	4	29	5	14	6	23	7	28	8	27	9	16	
	0	31	1	26	2	37	3	38	4	38	5	38	6	41	7	27	8	40	9	38	
	0	49	1	43	2	45	3	42	4	35	5	38	6	49	7	39	8	39	9	43	
	0	79	1	63	2	68	3	64	4	76	5	75	6	78	7	62	8	74	9	65	
	0	64	1	61	2	58	3	67	4	64	5	57	6	65	7	70	8	75	9	66	
	0	61	1	60	2	67	3	60	4	58	5	60	6	66	7	51	8	67	9	63	
	0	60	1	53	2	45	3	41	4	56	5	51	6	49	7	58	8	59	9	57	
	0	57	1	66	2	70	3	63	4	66	5	58	6	56	7	55	8	55	9	71	
	0	33	1	45	2	30	3	44	4	45	5	46	6	37	7	34	8	48	9	41	
	0	44	1	43	2	45	3	45	4	52	5	41	6	39	7	37	8	43	9	48	
	0	32	1	31	2	33	3	42	4	36	5	35	6	38	7	41	8	36	9	38	
	0	41	1	33	2	43	3	33	4	34	5	36	6	46	7	33	8	33	9	38	
	0	19	1	29	2	23	3	31	4	31	5	26	6	17	7	14	8	24	9	20	
	0	74	1	75	2	76	3	73	4	66	5	60	6	63	7	69	8	67	9	60	
	0	96	1	112	2	115	3	104	4	104	5	112	6	99	7	110	8	113	9	102	
	0	69	1	64	2	65	3	65	4	64	5	68	6	57	7	64	8	55	9	51	
	0	46	1	48	2	39	3	37	4	49	5	46	6	55	7	46	8	48	9	41	
	0	90	1	80	2	76	3	80	4	81	5	78	6	86	7	80	8	87	9	81	
	0	86	1	92	2	90	3	80	4	85	5	89	6	86	7	87	8	80	9	85	
	0	67	1	72	2	62	3	75	4	66	5	65	6	74	7	69	8	69	9	65	
	0	33	1	40	2	26	3	37	4	44	5	26	6	26	7	29	8	38	9	33	
	0	108	1	104	2	108	3	98	4	96	5	103	6	93	7	97	8	90	9	107	
	0	34	1	21	2	38	3	38	4	20	5	27	6	21	7	22	8	37	9	32	
	0	58	1	59	2	53	3	60	4	50	5	52	6	51	7	64	8	49	9	58	
	0	37	1	19	2	25	3	23	4	23	5	29	6	25	7	27	8	26	9	20	
	0	77	1	85	2	82	3	78	4	79	5	92	6	79	7	89	8	87	9	93	
	0	19	1	27	2	30	3	28	4	28	5	12	6	30	7	13	8	22	9	11	
	0	87	1	98	2	94	3	81	4	96	5	83	6	90	7	95	8	99	9	91	
	0	67	1	67	2	83	3	70	4	72	5	80	6	72	7	79	8	84	9	82	
	0	66	1	66	2	75	3	69	4	73	5	69	6	64	7	64	8	67	9	79	
	0	51	1	68	2	53	3	59	4	62	5	62	6	51	7	64	8	53	9	52	
	0	56	1	65	2	59	3	70	4	55	5	57	6	68	7	55	8	70	9	53	
	0	103	1	103	2	106	3	100	4	91	5	94	6	102	7	108	8	94	9	94	
	0	98	1	105	2	106	3	95	4	105	5	107	6	96	7	103	8	101	9	106	
	0	90	1	91	2	93	3	97	4	93	5	95	6	90	7	88	8	90	9	105	
	0	76	1	62	2	67	3	63	4	61	5	71	6	61	7	61	8	68	9	68	
	0	51	1	58	2	62	3	55	4	49	5	58	6	51	7	54	8	58	9	59	
	0	25	1	25	2	13	3	23	4	17	5	24	6	26	7	29	8	28	9	29	
	0	111	1	104	2	99	3	109	4	107	5	108	6	112	7	106	8	106	9	95	
	0	82	1	76	2	91	3	80	4	84	5	78	6	78	7	74	8	88	9	87	
	0	86	1	80	2	76	3	73	4	70	5	81	6	71	7	75	8	89	9	77	
	0	22	1	16	2	15	3	30	4	16	5	28	6	16	7	16	8	15	9	19	
	0	18	1	24	2	16	3	22	4	18	5	19	6	16	7	16	8	8	9	18	
	0	60	1	78	2	73	3	59	4	73	5	67	6	73	7	59	8	60	9	69	
	0	49	1	58	2	49	3	60	4	61	5	51	6	42	7	50	8	46	9	53	
	0	65	1	65	2	57	3	62	4	76	5	72	6	70	7	61	8	68	9	62	
	0	14	1	20	2	31	3	20	4	17	5	24	6	21	7	25	8	12	9	15	
	0	101	1	105	2	117	3	120	4	111	5	106	6	113	7	104	8	106	9	117	
	0	28	1	30	2	12	3	13	4	15	5	22	6	17	7	21	8	26	9	19	
	0	102	1	100	2	111	3	96	4	97	5	105	6	104	7	100	8	99	9	110	
	0	62	1	63	2	50	3	53	4	51	5	55	6	61	7	63	8	59	9	60	
	0	57	1	67	2	50	3	56	4	61	5	54	6	52	7	56	8	50	9	69	
	0	37	1	23	2	35	3	37	4	22	5	23	6	28	7	26	8	23	9	28	
	0	19	1	17	2	24	3	21	4	13	5	8	6	23	7	7	8	16	9	5	
	0	74	1	84	2	78	3	90	4	84	5	75	6	88	7	73	8	77	9	73	
	0	82	1	82	2	79	3	73	4	84	5	81	6	72	7	78	8	83	9	79	
	0	39	1	49	2	41	3	48	4	47	5	49	6	42	7	40	8	48	9	50	
	0	77	1	73	2	66	3	65	4	67	5	65	6	65	7	82	8	79	9	67	
	0	110	1	110	2	98	3	98	4	104	5	106	6	100	7	102	8	103	9	95	
	0	103	1	94	2	113	3	96	4	97	5	105	6	96	7	97	8	101	9	94	
	0	82	1	77	2	76	3	69	4	77	5	78	6	81	7	74	8	80	9	78	
	0	67	1	77	2	70	3	60	4	64	5	77	6	74	7	66	8	61	9	76	
	0	82	1	88	2	92	3	92	4	85	5	89	6	87	7	77	8	94	9	87	
	0	95	1	96	2	104	3	107	4	94	5	105	6	108	7	99	8	98	9	93	
	0	75	1	68	2	71	3	63	4	73	5	78	6	63	7	73	8	63	9	78	
	0	89	1	106	2	104	3	88	4	102	5	106	6	102	7	95	8	89	9	93	
	0	57	1	60	2	54	3	58	4	58	5	54	6	61	7	46	8	53	9	52	
	0	28	1	35	2	34	3	44	4	31	5	31	6	40	7	30	8	26	9	34	
	0	67	1	65	2	74	3	70	4	73	5	74	6	71	7	77	8	67	9	69	
	0	31	1	30	2	39	3	27	4	37	5	32	6	24	7	32	8	40	9	23	
	0	27	1	42	2	32	3	26	4	26	5	40	6	35	7	30	8	25	9	34	
	0	91	1	97	2	92	3	99	4	92	5	90	6	97	7	100	8	89	9	91	
	0	32	1	20	2	29	3	16	4	17	5	33	6	29	7	18	8	16	9	20	
	0	13	1	13	2	15	3	13	4	15	5	12	6	27	7	28	8	29	9	18	
	0	113	1	103	2	110	3	107	4	104	5	116	6	99	7	101	8	104	9	112	
	0	103	1	101	2	87	3	97	4	87	5	88	6	106	7	95	8	100	9	91	
	0	52	1	67	2	50	3	65	4	57	5	50	6	62	7	65	8	59	9	51	
	0	43	1	32	2	40	3	41	4	40	5	49	6	46	7	40	8	33	9	47	
	0	112	1	105	2	98	3	111	4	115	5	99	6	116	7	106	8	113	9	117	
	0	97	1	93	2	85	3	85	4	101	5	99	6	95	7	88	8	94	9	95	
	0	37	1	39	2	25	3	36	4	31	5	27	6	30	7	33	8	43	9	34	
	0	51	1	55	2	56	3	54	4	55	5	49	6	59	7	57	8	60	9	44	
	0	73	1	62	2	63	3	68	4	64	5	76	6	62	7	67	8	66	9	76	
	0	68	1	73	2	68	3	59	4	64	5	59	6	63	7	66	8	62	9	76	
	0	74	1	77	2	65	3	81	4	76	5	82	6	68	7	79	8	69	9	69	
	0	80	1	77	2	71	3	77	4	79	5	70	6	80	7	75	8	73	9	64	
	0	62	1	71	2	65	3	57	4	68	5	66	6	67	7	72	8	70	9	66	
	0	89	1	90	2	72	3	90	4	75	5	80	6	87	7	73	8	81	9	91	
	0	88	1	86	2	74	3	88	4	75	5	87	6	71	7	86	8	82	9	79	
	0	43	1	40	2	51	3	57	4	57	5	41	6	38	7	55	8	52	9	57	
	0	38	1	47	2	29	3	35	4	44	5	44	6	42	7	30	8	46	9	46	
	0	15	1	29	2	29	3	15	4	14	5	30	6	19	7	12	8	14	9	12	
	0	28	1	36	2	42	3	30	4	42	5	29	6	39	7	36	8	28	9	29	
	0	21	1	23	2	19	3	15	4	11	5	7	6	17	7	24	8	24	9	19	
	0	111	1	100	2	108	3	115	4	97	5	111	6	115	7	112	8	106	9	115	
	0	43	1	36	2	39	3	31	4	25	5	34	6	40	7	44	8	25	9	31	
	0	15	1	12	2	27	3	21	4	19	5	12	6	13	7	28	8	12	9	15	
	0	55	1	59	2	41	3	46	4	50	5	54	6	57	7	54	8	46	9	54	
	0	53	1	35	2	49	3	49	4	41	5	46	6	38	7	35	8	46	9	51	
	0	54	1	59	2	66	3	48	4	58	5	54	6	64	7	47	8	47	9	57	
	0	35	1	36	2	42	3	37	4	37	5	42	6	50	7	40	8	50	9	46	
	0	80	1	92	2	90	3	89	4	87	5	82	6	97	7	82	8	96	9	84	
	0	44	1	34	2	35	3	34	4	40	5	39	6	31	7	29	8	40	9	27	
	0	78	1	87	2	84	3	94	4	85	5	91	6	78	7	76	8	82	9	78	
	0	56	1	70	2	60	3	73	4	74	5	57	6	58	7	56	8	72	9	64	
	0	50	1	60	2	47	3	51	4	47	5	59	6	49	7	53	8	50	9	61	
	0	38	1	31	2	43	3	30	4	27	5	40	6	29	7	40	8	29	9	29	
	0	86	1	104	2	102	3	87	4	99	5	90	6	98	7	99	8	101	9	95	
	0	19	1	7	2	12	3	8	4	5	5	11	6	16	7	22	8	12	9	8	
	0	62	1	49	2	53	3	56	4	58	5	49	6	58	7	63	8	63	9	55	
	0	65	1	63	2	75	3	78	4	64	5	74	6	76	7	65	8	76	9	66	
	0	62	1	70	2	56	3	66	4	63	5	57	6	54	7	55	8	60	9	66	
	0	110	1	113	2	106	3	100	4	100	5	115	6	114	7	108	8	110	9	106	
	0	14	1	13	2	31	3	23	4	27	5	12	6	21	7	15	8	29	9	22	
	0	78	1	85	2	82	3	89	4	92	5	75	6	74	7	89	8	89	9	85	
	0	70	1	74	2	65	3	61	4	68	5	79	6	63	7	67	8	78	9	76	
	0	30	1	17	2	17	3	19	4	15	5	33	6	26	7	26	8	17	9	15	
	0	31	1	35	2	20	3	27	4	18	5	26	6	32	7	21	8	18	9	32	
	0	16	1	27	2	18	3	27	4	26	5	20	6	32	7	29	8	29	9	22	
	0	35	1	28	2	25	3	34	4	28	5	42	6	32	7	35	8	31	9	30	
	0	50	1	64	2	64	3	57	4	56	5	52	6	59	7	49	8	65	9	67	
	0	102	1	102	2	102	3	113	4	106	5	106	6	103	7	114	8	101	9	115	
	0	25	1	29	2	22	3	24	4	20	5	17	6	31	7	27	8	29	9	19	
	0	99	1	99	2	93	3	102	4	92	5	88	6	99	7	103	8	86	9	99	
	0	29	1	45	2	29	3	37	4	34	5	32	6	37	7	28	8	32	9	34	
	0	67	1	63	2	51	3	65	4	56	5	68	6	53	7	55	8	65	9	67	
	0	84	1	93	2	84	3	86	4	99	5	92	6	89	7	84	8	95	9	89	
	0	20	1	15	2	14	3	18	4	27	5	19	6	27	7	16	8	25	9	22	
	0	111	1	93	2	104	3	104	4	101	5	112	6	96	7	93	8	106	9	100	
	0	88	1	83	2	82	3	88	4	70	5	88	6	83	7	80	8	87	9	70	
	0	20	1	11	2	17	3	10	4	20	5	9	6	21	7	10	8	3	9	19	
	0	74	1	75	2	77	3	70	4	85	5	72	6	70	7	70	8	87	9	80	
	0	107	1	109	2	113	3	106	4	110	5	108	6	114	7	114	8	117	9	114	
	0	104	1	115	2	102	3	117	4	118	5	105	6	102	7	115	8	111	9	118	
	0	54	1	41	2	48	3	45	4	50	5	47	6	56	7	47	8	56	9	56	
	0	64	1	71	2	83	3	83	4	71	5	75	6	72	7	76	8	79	9	71	
	0	62	1	54	2	56	3	57	4	61	5	70	6	71	7	53	8	61	9	69	
	0	59	1	60	2	58	3	47	4	53	5	63	6	52	7	60	8	53	9	53	
	0	93	1	96	2	92	3	102	4	95	5	89	6	96	7	106	8	92	9	92	
	0	64	1	55	2	61	3	61	4	65	5	65	6	48	7	67	8	59	9	48	
	0	84	1	83	2	85	3	88	4	88	5	78	6	86	7	82	8	81	9	87	
	0	25	1	25	2	25	3	19	4	36	5	37	6	27	7	18	8	19	9	23	
	0	18	1	29	2	21	3	31	4	23	5	20	6	25	7	21	8	22	9	32	
	0	48	1	58	2	59	3	49	4	55	5	59	6	64	7	58	8	52	9	57	
	0	22	1	7	2	13	3	16	4	21	5	6	6	7	7	6	8	9	9	3	
	0	82	1	67	2	80	3	66	4	65	5	67	6	69	7	83	8	75	9	81	
	0	77	1	79	2	77	3	83	4	74	5	79	6	78	7	82	8	74	9	86	
	0	86	1	74	2	89	3	85	4	85	5	74	6	75	7	78	8	72	9	72	
	0	40	1	53	2	47	3	45	4	48	5	43	6	51	7	35	8	42	9	53	
	0	109	1	112	2	101	3	118	4	106	5	105	6	111	7	101	8	113	9	113	
	0	46	1	43	2	42	3	54	4	50	5	49	6	41	7	46	8	46	9	50	
	0	84	1	85	2	89	3	82	4	74	5	70	6	70	7	85	8	77	9	88	
	0	109	1	92	2	101	3	97	4	99	5	106	6	103	7	92	8	100	9	102	
	0	51	1	36	2	46	3	38	4	48	5	34	6	49	7	46	8	34	9	34	
	0	52	1	40	2	52	3	49	4	45	5	43	6	41	7	51	8	53	9	55	
	0	101	1	97	2	108	3	96	4	100	5	98	6	105	7	102	8	106	9	92	
	0	116	1	110	2	111	3	109	4	98	5	106	6	112	7	106	8	112	9	97	
	0	110	1	117	2	101	3	106	4	116	5	112	6	114	7	117	8	118	9	117	
	0	35	1	30	2	40	3	35	4	35	5	36	6	31	7	33	8	39	9	48	
	0	62	1	79	2	68	3	77	4	66	5	69	6	67	7	61	8	80	9	74	
	0	62	1	66	2	63	3	55	4	63	5	63	6	64	7	73	8	72	9	59	
	0	82	1	83	2	90	3	83	4	78	5	88	6	95	7	77	8	94	9	79	
	0	88	1	85	2	75	3	80	4	92	5	93	6	93	7	83	8	91	9	79	
	0	40	1	42	2	31	3	38	4	45	5	47	6	36	7	47	8	38	9	34	
	0	29	1	38	2	33	3	39	4	29	5	44	6	38	7	33	8	35	9	32	
	0	46	1	57	2	54	3	47	4	65	5	52	6	62	7	61	8	58	9	61	
	0	114	1	114	2	111	3	111	4	115	5	116	6	106	7	116	8	110	9	104	
	0	94	1	82	2	86	3	85	4	92	5	86	6	97	7	87	8	97	9	84	
	0	97	1	101	2	106	3	100	4	103	5	108	6	100	7	102	8	104	9	98	
	0	44	1	54	2	59	3	40	4	54	5	58	6	47	7	52	8	52	9	53	
	0	32	1	40	2	28	3	30	4	40	5	38	6	38	7	42	8	40	9	35	
	0	67	1	72	2	79	3	79	4	70	5	65	6	73	7	63	8	61	9	78	
	0	88	1	84	2	78	3	86	4	70	5	73	6	88	7	81	8	70	9	76	
	0	34	1	36	2	44	3	42	4	33	5	39	6	27	7	34	8	30	9	30	
	0	80	1	75	2	78	3	85	4	85	5	87	6	74	7	73	8	81	9	78	
	0	60	1	59	2	60	3	52	4	57	5	54	6	47	7	57	8	59	9	59	
	0	42	1	56	2	49	3	56	4	59	5	47	6	45	7	55	8	44	9	50	
	0	68	1	64	2	78	3	65	4	69	5	66	6	71	7	75	8	81	9	80	
	0	66	1	61	2	67	3	76	4	71	5	66	6	73	7	63	8	79	9	63	
	0	25	1	33	2	38	3	35	4	26	5	41	6	29	7	37	8	38	9	39	
	0	108	1	109	2	105	3	111	4	107	5	111	6	115	7	119	8	103	9	116	
	0	13	1	22	2	11	3	20	4	19	5	10	6	18	7	11	8	17	9	12	
	0	42	1	48	2	35	3	42	4	43	5	37	6	36	7	37	8	50	9	49	
	0	108	1	94	2	100	3	103	4	102	5	92	6	90	7	109	8	103	9	105	
	0	94	1	95	2	106	3	99	4	89	5	88	6	89	7	92	8	89	9	105	
	0	33	1	33	2	37	3	27	4	36	5	22	6	38	7	39	8	36	9	29	
	0	109	1	102	2	97	3	102	4	99	5	109	6	95	7	98	8	99	9	102	
	0	85	1	82	2	100	3	96	4	96	5	94	6	87	7	82	8	85	9	99	
	0	74	1	81	2	89	3	89	4	84	5	75	6	79	7	80	8	75	9	82	
	0	65	1	58	2	51	3	68	4	64	5	50	6	53	7	63	8	62	9	67	
	0	38	1	44	2	32	3	42	4	36	5	42	6	30	7	39	8	40	9	37	
	0	113	1	97	2	97	3	97	4	98	5	102	6	113	7	112	8	99	9	101	
	0	41	1	51	2	50	3	47	4	53	5	41	6	51	7	49	8	47	9	51	
	0	101	1	89	2	86	3	101	4	98	5	102	6	85	7	89	8	84	9	96	
	0	55	1	51	2	61	3	64	4	51	5	55	6	48	7	62	8	62	9	56	
	0	100	1	98	2	94	3	99	4	97	5	95	6	90	7	99	8	104	9	92	
	0	87	1	74	2	76	3	87	4	72	5	85	6	88	7	82	8	83	9	81	
	0	42	1	48	2	59	3	49	4	48	5	47	6	61	7	52	8	55	9	49	
	0	77	1	78	2	86	3	74	4	88	5	83	6	72	7	85	8	82	9	88	
	0	95	1	78	2	92	3	88	4	81	5	82	6	83	7	91	8	86	9	91	
	0	18	1	21	2	22	3	28	4	27	5	9	6	19	7	11	8	13	9	12	
	0	72	1	68	2	62	3	53	4	60	5	70	6	66	7	53	8	64	9	66	
	0	14	1	12	2	3	3	13	4	16	5	10	6	16	7	12	8	21	9	7	
	0	45	1	45	2	38	3	29	4	41	5	35	6	29	7	41	8	37	9	39	
	0	86	1	69	2	79	3	84	4	75	5	78	6	70	7	80	8	77	9	82	
	0	46	1	61	2	54	3	52	4	49	5	60	6	51	7	53	8	49	9	49	
	0	27	1	23	2	31	3	24	4	31	5	35	6	37	7	27	8	27	9	31	
	0	61	1	71	2	74	3	58	4	73	5	61	6	77	7	63	8	59	9	76	
	0	26	1	26	2	30	3	33	4	28	5	23	6	21	7	14	8	33	9	29	
	0	47	1	49	2	54	3	41	4	51	5	49	6	39	7	45	8	40	9	51	
	0	25	1	17	2	13	3	14	4	30	5	30	6	29	7	25	8	18	9	25	
	0	80	1	78	2	85	3	71	4	87	5	71	6	70	7	73	8	86	9	70	
	0	62	1	70	2	66	3	71	4	69	5	67	6	68	7	75	8	79	9	69	
	0	67	1	67	2	77	3	82	4	68	5	71	6	71	7	63	8	75	9	79	
	0	22	1	28	2	15	3	26	4	21	5	27	6	14	7	32	8	27	9	32	
	0	119	1	110	2	107	3	102	4	111	5	118	6	109	7	104	8	109	9	113	
	0	101	1	87	2	89	3	104	4	89	5	100	6	100	7	89	8	93	9	102	
	0	46	1	42	2	42	3	54	4	58	5	47	6	53	7	46	8	55	9	49	
	0	40	1	40	2	29	3	30	4	30	5	39	6	32	7	34	8	38	9	35	
	0	80	1	74	2	84	3	82	4	93	5	79	6	82	7	83	8	92	9	75	
	0	119	1	116	2	112	3	120	4	118	5	101	6	119	7	107	8	102	9	105	
	0	20	1	24	2	10	3	8	4	6	5	19	6	16	7	6	8	18	9	19	
	0	68	1	63	2	74	3	65	4	72	5	77	6	74	7	67	8	72	9	60	
	0	36	1	28	2	24	3	34	4	31	5	40	6	40	7	27	8	26	9	38	
	0	60	1	72	2	63	3	67	4	60	5	77	6	70	7	75	8	75	9	72	
	0	59	1	52	2	63	3	63	4	54	5	54	6	46	7	53	8	56	9	62	
	0	41	1	25	2	30	3	34	4	25	5	32	6	37	7	29	8	32	9	33	
	0	41	1	42	2	39	3	47	4	33	5	44	6	45	7	41	8	44	9	38	
	0	21	1	8	2	11	3	6	4	5	5	15	6	3	7	9	8	3	9	6	
	0	17	1	35	2	25	3	29	4	30	5	24	6	27	7	23	8	21	9	18	
	0	56	1	65	2	66	3	71	4	53	5	67	6	69	7	53	8	54	9	60	
	0	74	1	83	2	73	3	75	4	84	5	69	6	83	7	73	8	70	9	68	
	0	101	1	101	2	91	3	107	4	109	5	100	6	90	7	106	8	106	9	90	
	0	23	1	33	2	17	3	33	4	24	5	28	6	21	7	26	8	35	9	34	
	0	66	1	72	2	79	3	73	4	79	5	72	6	68	7	66	8	72	9	67	
	0	8	1	24	2	10	3	11	4	20	5	6	6	16	7	19	8	6	9	22	
	0	111	1	117	2	100	3	100	4	107	5	108	6	101	7	111	8	113	9	115	
	0	19	1	32	2	27	3	18	4	16	5	28	6	28	7	25	8	29	9	31	
	0	109	1	99	2	107	3	98	4	91	5	106	6	106	7	95	8	108	9	106	
	0	14	1	11	2	12	3	23	4	24	5	8	6	26	7	21	8	9	9	26	
	0	102	1	109	2	104	3	107	4	106	5	102	6	99	7	93	8	103	9	98	
	0	20	1	4	2	7	3	4	4	14	5	15	6	14	7	7	8	22	9	10	
	0	62	1	58	2	53	3	61	4	44	5	60	6	52	7	63	8	61	9	52	
	0	42	1	46	2	47	3	41	4	45	5	48	6	37	7	35	8	33	9	45	
	0	115	1	112	2	107	3	104	4	98	5	115	6	101	7	99	8	115	9	104	
	0	49	1	50	2	56	3	58	4	55	5	53	6	44	7	42	8	57	9	45	
	0	25	1	31	2	26	3	28	4	35	5	30	6	23	7	19	8	20	9	22	
	0	100	1	91	2	91	3	88	4	97	5	96	6	96	7	102	8	94	9	90	
	0	78	1	86	2	75	3	87	4	87	5	76	6	86	7	75	8	84	9	87	
	0	62	1	65	2	71	3	56	4	54	5	70	6	63	7	65	8	58	9	69	
	0	53	1	53	2	41	3	46	4	45	5	57	6	45	7	57	8	42	9	50	
	0	100	1	96	2	96	3	113	4	113	5	110	6	97	7	108	8	112	9	98	
	0	19	1	5	2	21	3	3	4	3	5	5	6	7	7	12	8	4	9	22	
	0	100	1	97	2	97	3	109	4	99	5	100	6	105	7	100	8	93	9	96	
	0	114	1	102	2	111	3	111	4	117	5	118	6	108	7	105	8	107	9	108	
	0	97	1	87	2	85	3	85	4	83	5	94	6	102	7	101	8	93	9	91	
	0	10	1	21	2	12	3	16	4	11	5	16	6	8	7	12	8	8	9	10	
	0	36	1	36	2	25	3	25	4	29	5	19	6	28	7	30	8	37	9	30	
	0	65	1	63	2	73	3	71	4	74	5	75	6	76	7	73	8	66	9	80	
	0	21	1	28	2	23	3	17	4	30	5	24	6	20	7	11	8	28	9	11	
	0	49	1	57	2	66	3	49	4	67	5	56	6	54	7	61	8	58	9	67	
	0	71	1	59	2	68	3	64	4	72	5	66	6	56	7	55	8	74	9	70	
	0	18	1	2	2	21	3	19	4	18	5	7	6	12	7	12	8	2	9	19	
	0	103	1	106	2	92	3	96	4	104	5	94	6	104	7	95	8	111	9	109	
	0	58	1	49	2	49	3	56	4	57	5	59	6	49	7	49	8	53	9	55	
	0	82	1	77	2	75	3	67	4	70	5	75	6	84	7	69	8	67	9	83	
	0	89	1	91	2	105	3	88	4	97	5	105	6	89	7	92	8	99	9	100	
	0	111	1	103	2	106	3	110	4	112	5	111	6	109	7	114	8	96	9	99	
	0	99	1	108	2	113	3	101	4	102	5	109	6	100	7	109	8	104	9	102	
	0	60	1	53	2	57	3	55	4	50	5	55	6	51	7	61	8	67	9	64	
	0	66	1	72	2	77	3	81	4	71	5	68	6	66	7	80	8	70	9	77	
	0	44	1	38	2	48	3	51	4	39	5	35	6	39	7	50	8	49	9	49	
	0	85	1	91	2	91	3	88	4	100	5	91	6	94	7	90	8	89	9	91	
	0	74	1	76	2	76	3	70	4	85	5	78	6	87	7	81	8	79	9	83	
	0	70	1	82	2	71	3	71	4	70	5	65	6	73	7	69	8	64	9	71	
	0	42	1	45	2	39	3	37	4	55	5	45	6	40	7	41	8	47	9	52	
	0	47	1	44	2	57	3	47	4	39	5	38	6	43	7	51	8	55	9	42	
	0	69	1	57	2	65	3	69	4	67	5	57	6	57	7	55	8	67	9	68	
	0	93	1	77	2	84	3	75	4	85	5	75	6	76	7	78	8	82	9	85	
	0	41	1	34	2	32	3	25	4	37	5	41	6	37	7	35	8	40	9	39	
	0	81	1	71	2	69	3	72	4	76	5	80	6	63	7	74	8	69	9	78	
	0	17	1	4	2	14	3	3	4	16	5	21	6	18	7	9	8	9	9	21	
	0	49	1	58	2	48	3	45	4	56	5	46	6	62	7	46	8	62	9	60	
	0	111	1	106	2	97	3	97	4	112	5	94	6	99	7	106	8	109	9	106	
	0	93	1	79	2	88	3	81	4	87	5	86	6	84	7	79	8	95	9	81	
	0	41	1	45	2	51	3	41	4	60	5	43	6	48	7	59	8	49	9	48	
	0	50	1	42	2	38	3	48	4	44	5	50	6	54	7	48	8	47	9	54	
	0	31	1	30	2	27	3	28	4	19	5	29	6	24	7	23	8	28	9	26	
	0	57	1	46	2	63	3	48	4	47	5	50	6	54	7	60	8	50	9	53	
	0	20	1	10	2	13	3	12	4	17	5	14	6	21	7	28	8	26	9	18	
	0	103	1	104	2	120	3	108	4	109	5	104	6	116	7	104	8	103	9	114	
	0	3	1	10	2	21	3	17	4	19	5	15	6	13	7	3	8	15	9	9	
	0	97	1	98	2	94	3	107	4	98	5	105	6	95	7	92	8	102	9	104	
	0	110	1	114	2	99	3	111	4	107	5	112	6	117	7	105	8	106	9	102	
	0	58	1	49	2	58	3	53	4	53	5	49	6	54	7	42	8	42	9	54	
	0	81	1	68	2	80	3	78	4	74	5	70	6	80	7	73	8	76	9	69	
	0	81	1	80	2	76	3	68	4	80	5	71	6	68	7	66	8	63	9	80	
	0	9	1	5	2	15	3	18	4	22	5	17	6	16	7	9	8	8	9	5	
	0	93	1	77	2	84	3	83	4	85	5	82	6	80	7	78	8	81	9	81	
	0	69	1	59	2	69	3	72	4	67	5	57	6	57	7	65	8	66	9	65	
	0	33	1	34	2	34	3	44	4	45	5	35	6	44	7	28	8	35	9	39	
	0	109	1	108	2	98	3	107	4	101	5	103	6	94	7	100	8	94	9	103	
	0	69	1	56	2	56	3	68	4	65	5	68	6	51	7	62	8	62	9	58	
	0	67	1	66	2	74	3	62	4	77	5	67	6	72	7	59	8	71	9	74	
	0	33	1	33	2	27	3	30	4	23	5	23	6	34	7	23	8	28	9	34	
	0	37	1	37	2	39	3	26	4	39	5	31	6	33	7	36	8	33	9	38	
	0	7	1	6	2	18	3	3	4	17	5	4	6	7	7	8	8	16	9	3	
	0	46	1	39	2	44	3	54	4	49	5	44	6	51	7	48	8	40	9	49	
	0	21	1	3	2	5	3	14	4	2	5	4	6	4	7	17	8	9	9	21	
	0	46	1	43	2	44	3	51	4	47	5	56	6	51	7	40	8	56	9	51	
	0	54	1	40	2	35	3	46	4	50	5	36	6	35	7	51	8	38	9	54	
	0	53	1	52	2	52	3	51	4	55	5	50	6	49	7	46	8	59	9	52	
	0	105	1	114	2	109	3	104	4	102	5	106	6	113	7	118	8	110	9	101	
	0	81	1	87	2	72	3	75	4	73	5	77	6	77	7	75	8	85	9	74	
	0	102	1	98	2	88	3	98	4	102	5	93	6	96	7	102	8	94	9	93	
	0	15	1	14	2	6	3	16	4	5	5	8	6	19	7	16	8	11	9	17	
	0	26	1	30	2	38	3	31	4	23	5	37	6	30	7	24	8	21	9	22	
	0	110	1	99	2	103	3	109	4	99	5	109	6	99	7	106	8	110	9	103	
	0	79	1	79	2	76	3	63	4	64	5	66	6	77	7	63	8	62	9	73	
	0	22	1	12	2	14	3	13	4	19	5	21	6	14	7	13	8	8	9	18	
	0	66	1	63	2	69	3	53	4	66	5	69	6	66	7	70	8	63	9	69	
	0	50	1	37	2	52	3	49	4	41	5	36	6	41	7	48	8	46	9	39	
	0	55	1	57	2	73	3	60	4	56	5	71	6	63	7	57	8	55	9	74	
	0	91	1	79	2	81	3	84	4	78	5	86	6	95	7	77	8	89	9	83	
	0	110	1	110	2	100	3	112	4	118	5	117	6	114	7	104	8	113	9	102	
	0	21	1	19	2	23	3	32	4	31	5	16	6	21	7	18	8	30	9	23	
	0	83	1	76	2	74	3	80	4	90	5	76	6	76	7	81	8	75	9	76	
	0	73	1	75	2	74	3	69	4	81	5	75	6	80	7	79	8	73	9	79	
	0	60	1	53	2	48	3	61	4	60	5	59	6	61	7	59	8	47	9	51	
	0	39	1	25	2	20	3	37	4	28	5	36	6	36	7	34	8	37	9	35	
	0	85	1	92	2	89	3	82	4	93	5	95	6	94	7	94	8	91	9	80	
	0	23	1	23	2	29	3	26	4	16	5	19	6	27	7	16	8	18	9	25	
	0	86	1	76	2	78	3	80	4	95	5	79	6	92	7	95	8	78	9	91	
	0	52	1	43	2	48	3	40	4	50	5	40	6	43	7	40	8	48	9	44	
	0	82	1	74	2	84	3	70	4	70	5	84	6	86	7	73	8	77	9	86	
	0	19	1	17	2	12	3	28	4	23	5	11	6	16	7	28	8	11	9	26	
	0	87	1	83	2	95	3	88	4	93	5	89	6	95	7	89	8	95	9	81	
	0	62	1	52	2	47	3	49	4	58	5	62	6	58	7	59	8	47	9	51	
	0	64	1	62	2	51	3	53	4	52	5	66	6	60	7	56	8	62	9	68	
	0	66	1	52	2	65	3	51	4	65	5	63	6	60	7	55	8	52	9	48	
	0	80	1	74	2	76	3	80	4	83	5	88	6	85	7	86	8	74	9	88	
	0	19	1	11	2	6	3	20	4	21	5	9	6	22	7	17	8	9	9	21	
	0	23	1	23	2	22	3	23	4	7	5	7	6	13	7	12	8	16	9	20	
	0	99	1	98	2	87	3	85	4	90	5	103	6	97	7	86	8	92	9	98	
	0	15	1	16	2	17	3	22	4	7	5	19	6	21	7	19	8	25	9	11	
	0	27	1	25	2	27	3	19	4	22	5	12	6	15	7	17	8	17	9	14	
	0	71	1	71	2	58	3	62	4	71	5	68	6	65	7	56	8	57	9	69	
	0	93	1	89	2	90	3	95	4	96	5	106	6	90	7	107	8	90	9	100	
	0	41	1	34	2	27	3	30	4	37	5	40	6	27	7	33	8	26	9	41	
	0	39	1	39	2	45	3	47	4	48	5	53	6	39	7	40	8	44	9	53	
	0	72	1	71	2	79	3	77	4	62	5	64	6	73	7	80	8	67	9	77	
	0	13	1	22	2	18	3	18	4	9	5	8	6	12	7	14	8	22	9	18	
	0	64	1	56	2	58	3	66	4	61	5	56	6	64	7	48	8	66	9	55	
	0	52	1	53	2	50	3	59	4	64	5	50	6	53	7	63	8	46	9	58	
	0	40	1	40	2	27	3	29	4	40	5	31	6	31	7	28	8	34	9	25	
	0	20	1	9	2	19	3	15	4	12	5	11	6	12	7	14	8	5	9	8	
	0	107	1	105	2	92	3	97	4	96	5	90	6	88	7	106	8	97	9	104	
	0	93	1	91	2	91	3	103	4	96	5	95	6	92	7	92	8	97	9	102	
	0	103	1	93	2	109	3	108	4	94	5	100	6	97	7	102	8	108	9	103	
	0	104	1	99	2	100	3	105	4	114	5	99	6	103	7	106	8	105	9	104	
	0	74	1	84	2	72	3	73	4	79	5	76	6	70	7	80	8	82	9	85	
	0	32	1	47	2	35	3	32	4	36	5	42	6	40	7	44	8	30	9	41	
	0	93	1	89	2	94	3	88	4	90	5	77	6	93	7	80	8	94	9	94	
	0	85	1	77	2	81	3	88	4	79	5	88	6	93	7	88	8	74	9	83	
	0	91	1	92	2	96	3	89	4	80	5	87	6	97	7	81	8	97	9	80	
	0	73	1	62	2	62	3	67	4	71	5	59	6	65	7	63	8	65	9	58	
	0	103	1	104	2	88	3	87	4	100	5	99	6	90	7	86	8	94	9	90	
	0	104	1	100	2	107	3	97	4	100	5	96	6	108	7	103	8	105	9	96	
	0	34	1	38	2	42	3	39	4	32	5	42	6	43	7	28	8	39	9	35	
	0	81	1	84	2	87	3	74	4	77	5	83	6	90	7	85	8	83	9	87	
	0	69	1	80	2	77	3	87	4	69	5	84	6	86	7	82	8	85	9	72	
	0	96	1	87	2	99	3	81	4	100	5	86	6	93	7	92	8	83	9	98	
	0	42	1	47	2	39	3	41	4	51	5	48	6	42	7	40	8	43	9	37	
	0	117	1	114	2	100	3	115	4	107	5	110	6	116	7	112	8	116	9	103	
	0	43	1	51	2	53	3	55	4	59	5	42	6	49	7	59	8	45	9	52	
	0	20	1	7	2	13	3	24	4	26	5	11	6	7	7	19	8	9	9	7	
	0	74	1	74	2	82	3	82	4	70	5	81	6	80	7	75	8	78	9	83	
	0	65	1	77	2	63	3	75	4	66	5	63	6	78	7	64	8	73	9	63	
	0	39	1	37	2	27	3	41	4	41	5	41	6	38	7	44	8	29	9	42	
	0	113	1	119	2	116	3	111	4	118	5	107	6	120	7	111	8	115	9	111	
	0	64	1	63	2	65	3	60	4	51	5	48	6	57	7	55	8	60	9	59	
	0	61	1	65	2	59	3	54	4	65	5	64	6	53	7	59	8	52	9	54	
	0	35	1	36	2	38	3	37	4	45	5	29	6	45	7	42	8	45	9	27	
	0	21	1	12	2	27	3	9	4	11	5	11	6	12	7	23	8	13	9	23	
	0	101	1	113	2	99	3	103	4	109	5	105	6	110	7	111	8	117	9	104	
	0	84	1	94	2	88	3	89	4	84	5	99	6	96	7	94	8	83	9	92	
	0	85	1	88	2	86	3	92	4	87	5	86	6	89	7	73	8	76	9	81	
	0	107	1	103	2	104	3	106	4	114	5	116	6	111	7	101	8	112	9	101	
	0	25	1	26	2	42	3	28	4	38	5	28	6	36	7	26	8	26	9	41	
	0	36	1	52	2	41	3	35	4	50	5	48	6	46	7	49	8	40	9	50	
	0	77	1	63	2	77	3	60	4	69	5	76	6	64	7	70	8	68	9	72	
	0	110	1	110	2	113	3	99	4	100	5	102	6	115	7	104	8	102	9	112	
	0	109	1	109	2	114	3	99	4	108	5	114	6	118	7	111	8	112	9	110	
	0	29	1	37	2	35	3	29	4	18	5	36	6	36	7	23	8	28	9	23	
	0	53	1	47	2	50	3	62	4	51	5	46	6	50	7	48	8	62	9	58	
	0	88	1	103	2	97	3	87	4	90	5	98	6	97	7	86	8	88	9	91	
	0	57	1	56	2	52	3	52	4	61	5	55	6	58	7	52	8	51	9	56	
	0	113	1	110	2	104	3	107	4	101	5	109	6	101	7	108	8	102	9	105	
	0	90	1	91	2	101	3	102	4	91	5	97	6	90	7	89	8	105	9	101	
	0	110	1	110	2	96	3	97	4	96	5	100	6	96	7	99	8	108	9	114	
	0	35	1	39	2	36	3	37	4	22	5	29	6	31	7	36	8	31	9	32	
	0	105	1	101	2	114	3	103	4	108	5	106	6	99	7	102	8	105	9	106	
	0	66	1	59	2	69	3	57	4	73	5	73	6	71	7	71	8	60	9	74	
	0	35	1	49	2	51	3	49	4	36	5	47	6	39	7	32	8	45	9	32	
	0	6	1	16	2	22	3	22	4	22	5	19	6	15	7	8	8	7	9	17	
	0	30	1	34	2	46	3	30	4	42	5	32	6	36	7	28	8	35	9	46	
	0	74	1	59	2	76	3	77	4	59	5	70	6	77	7	66	8	75	9	64	
	0	49	1	66	2	58	3	53	4	51	5	66	6	55	7	58	8	55	9	55	
	0	20	1	36	2	36	3	33	4	27	5	36	6	28	7	22	8	34	9	32	
	0	59	1	62	2	70	3	69	4	76	5	58	6	66	7	61	8	67	9	57	
	0	40	1	41	2	32	3	36	4	27	5	27	6	38	7	38	8	27	9	30	
	0	32	1	25	2	29	3	31	4	30	5	28	6	32	7	39	8	43	9	26	
	0	41	1	40	2	47	3	42	4	48	5	46	6	47	7	40	8	41	9	50	
	0	63	1	78	2	75	3	72	4	81	5	79	6	76	7	71	8	70	9	64	
	0	112	1	99	2	102	3	106	4	115	5	102	6	100	7	103	8	107	9	104	
	0	78	1	77	2	88	3	79	4	91	5	74	6	76	7	90	8	75	9	80	
	0	42	1	35	2	37	3	46	4	33	5	49	6	35	7	51	8	34	9	44	
	0	34	1	30	2	39	3	37	4	36	5	33	6	26	7	28	8	29	9	29	
	0	11	1	7	2	4	3	13	4	14	5	20	6	14	7	6	8	14	9	6	
	0	40	1	24	2	30	3	22	4	25	5	21	6	22	7	31	8	34	9	30	
	0	68	1	67	2	78	3	76	4	74	5	72	6	79	7	71	8	69	9	66	
	0	34	1	40	2	30	3	33	4	37	5	26	6	39	7	44	8	42	9	28	
	0	95	1	97	2	100	3	97	4	92	5	110	6	102	7	102	8	97	9	105	
	0	34	1	34	2	28	3	24	4	43	5	34	6	32	7	30	8	30	9	30	
	0	98	1	100	2	108	3	108	4	95	5	92	6	110	7	98	8	101	9	110	
	0	21	1	22	2	5	3	5	4	10	5	14	6	9	7	11	8	3	9	6	
	0	85	1	71	2	74	3	81	4	73	5	75	6	84	7	79	8	75	9	88	
	0	101	1	102	2	109	3	105	4	106	5	100	6	107	7	102	8	106	9	100	
	0	90	1	86	2	81	3	83	4	96	5	90	6	99	7	97	8	97	9	81	
	0	60	1	74	2	76	3	61	4	57	5	69	6	76	7	59	8	70	9	74	
	0	22	1	30	2	34	3	24	4	20	5	34	6	35	7	32	8	23	9	24	
	0	109	1	97	2	110	3	96	4	109	5	101	6	99	7	94	8	106	9	93	
	0	97	1	86	2	95	3	92	4	101	5	86	6	89	7	87	8	85	9	99	
	0	54	1	44	2	53	3	41	4	46	5	38	6	51	7	54	8	54	9	38	
	0	57	1	49	2	53	3	44	4	59	5	52	6	45	7	51	8	42	9	60	
	0	37	1	43	2	30	3	36	4	36	5	25	6	42	7	30	8	34	9	30	
	0	38	1	55	2	53	3	42	4	53	5	54	6	42	7	45	8	55	9	39	
	0	11	1	11	2	6	3	5	4	7	5	12	6	21	7	3	8	3	9	13	
	0	4	1	13	2	22	3	19	4	7	5	16	6	8	7	9	8	17	9	20	
	0	8	1	10	2	15	3	15	4	19	5	19	6	9	7	8	8	21	9	7	
	0	90	1	78	2	79	3	93	4	94	5	87	6	86	7	96	8	93	9	94	
	0	63	1	65	2	49	3	59	4	67	5	48	6	65	7	66	8	56	9	66	
	0	94	1	91	2	96	3	95	4	91	5	98	6	96	7	99	8	94	9	105	
	0	72	1	71	2	83	3	78	4	81	5	79	6	67	7	80	8	81	9	84	
	0	29	1	24	2	25	3	10	4	16	5	24	6	14	7	17	8	26	9	20	
	0	78	1	89	2	78	3	82	4	88	5	84	6	88	7	89	8	89	9	84	
	0	77	1	81	2	93	3	83	4	77	5	77	6	74	7	83	8	93	9	77	
	0	81	1	71	2	72	3	77	4	64	5	71	6	81	7	66	8	70	9	74	
	0	74	1	92	2	80	3	80	4	81	5	79	6	80	7	77	8	86	9	92	
	0	93	1	98	2	92	3	96	4	91	5	86	6	86	7	88	8	94	9	104	
	0	44	1	46	2	34	3	48	4	46	5	50	6	40	7	43	8	34	9	43	
	0	32	1	24	2	31	3	25	4	37	5	37	6	38	7	40	8	24	9	39	
	0	84	1	92	2	80	3	91	4	96	5	95	6	81	7	92	8	86	9	81	
	0	86	1	86	2	97	3	96	4	80	5	80	6	92	7	96	8	87	9	79	
	0	20	1	14	2	14	3	19	4	10	5	9	6	16	7	9	8	14	9	5	
	0	79	1	65	2	72	3	80	4	69	5	66	6	65	7	80	8	67	9	68	
	0	97	1	89	2	80	3	83	4	81	5	90	6	98	7	91	8	88	9	86	
	0	89	1	102	2	101	3	91	4	103	5	107	6	105	7	92	8	97	9	105	
	0	105	1	109	2	109	3	95	4	92	5	104	6	107	7	96	8	102	9	98	
	0	67	1	58	2	54	3	64	4	48	5	48	6	48	7	48	8	65	9	59	
	0	18	1	12	2	10	3	25	4	19	5	21	6	18	7	15	8	26	9	12	
	0	24	1	22	2	28	3	20	4	33	5	29	6	31	7	35	8	29	9	23	
	0	87	1	86	2	99	3	84	4	83	5	102	6	101	7	84	8	90	9	93	
	0	112	1	115	2	101	3	98	4	116	5	107	6	99	7	108	8	102	9	113	
	0	94	1	100	2	103	3	107	4	104	5	103	6	104	7	109	8	110	9	94	
	0	93	1	84	2	99	3	95	4	97	5	85	6	85	7	94	8	89	9	81	
	0	37	1	34	2	35	3	44	4	48	5	41	6	32	7	46	8	31	9	34	
	0	103	1	106	2	103	3	111	4	97	5	104	6	112	7	99	8	109	9	111	
	0	102	1	97	2	107	3	97	4	110	5	99	6	95	7	109	8	106	9	109	
	0	88	1	99	2	94	3	87	4	100	5	95	6	87	7	99	8	85	9	102	
	0	98	1	94	2	93	3	107	4	91	5	98	6	94	7	98	8	99	9	95	
	0	114	1	116	2	98	3	101	4	107	5	110	6	100	7	117	8	101	9	108	
	0	82	1	83	2	94	3	84	4	91	5	99	6	92	7	95	8	82	9	92	
	0	68	1	69	2	63	3	58	4	65	5	59	6	65	7	61	8	62	9	77	
	0	24	1	19	2	29	3	34	4	27	5	17	6	21	7	31	8	15	9	27	
	0	58	1	74	2	64	3	73	4	58	5	62	6	76	7	72	8	63	9	66	
	0	86	1	79	2	73	3	85	4	70	5	81	6	72	7	73	8	73	9	86	
	0	116	1	106	2	99	3	106	4	109	5	99	6	105	7	108	8	105	9	103	
	0	111	1	92	2	106	3	109	4	94	5	92	6	110	7	106	8	95	9	100	
	0	61	1	49	2	46	3	59	4	45	5	52	6	54	7	55	8	49	9	47	
	0	114	1	110	2	108	3	110	4	109	5	95	6	99	7	101	8	100	9	114	
	0	53	1	48	2	54	3	58	4	59	5	60	6	60	7	56	8	54	9	61	
	0	42	1	48	2	38	3	36	4	34	5	35	6	40	7	40	8	46	9	33	
	0	57	1	53	2	50	3	45	4	53	5	63	6	47	7	63	8	56	9	55	
	0	52	1	51	2	67	3	48	4	50	5	49	6	67	7	64	8	48	9	58	
	0	100	1	99	2	92	3	93	4	85	5	103	6	91	7	99	8	92	9	102	
	0	91	1	100	2	97	3	101	4	104	5	97	6	104	7	95	8	103	9	89	
	0	45	1	41	2	58	3	60	4	54	5	43	6	54	7	53	8	43	9	48	
	0	45	1	40	2	31	3	28	4	28	5	45	6	43	7	35	8	37	9	32	
	0	80	1	62	2	79	3	68	4	67	5	64	6	70	7	74	8	64	9	72	
	0	94	1	96	2	92	3	84	4	95	5	86	6	80	7	95	8	78	9	85	
	0	97	1	90	2	99	3	94	4	102	5	94	6	92	7	99	8	89	9	96	
	0	105	1	96	2	102	3	103	4	104	5	107	6	92	7	89	8	103	9	102	
	0	16	1	15	2	33	3	30	4	31	5	15	6	25	7	19	8	29	9	28	
	0	48	1	42	2	45	3	44	4	55	5	45	6	56	7	50	8	47	9	60	
	0	65	1	61	2	65	3	71	4	63	5	60	6	65	7	54	8	55	9	61	
	0	88	1	87	2	81	3	79	4	84	5	87	6	86	7	87	8	82	9	84	
	0	28	1	44	2	45	3	33	4	42	5	40	6	40	7	31	8	34	9	41	
	0	88	1	83	2	87	3	87	4	80	5	77	6	91	7	83	8	92	9	78	
	0	68	1	64	2	77	3	65	4	65	5	68	6	80	7	70	8	71	9	72	
	0	29	1	40	2	43	3	36	4	40	5	43	6	35	7	38	8	39	9	41	
	0	105	1	99	2	102	3	100	4	98	5	108	6	94	7	106	8	98	9	98	
	0	111	1	102	2	104	3	95	4	107	5	107	6	103	7	96	8	103	9	111	
	0	75	1	84	2	81	3	73	4	81	5	67	6	77	7	69	8	71	9	81	
	0	97	1	91	2	97	3	86	4	88	5	100	6	94	7	89	8	103	9	101	
	0	99	1	99	2	94	3	108	4	112	5	93	6	108	7	93	8	104	9	99	
	0	21	1	23	2	16	3	13	4	16	5	27	6	26	7	24	8	28	9	27	
	0	37	1	51	2	43	3	50	4	46	5	40	6	37	7	39	8	52	9	36	
	0	96	1	93	2	91	3	84	4	97	5	87	6	97	7	86	8	86	9	88	
	0	68	1	70	2	71	3	67	4	70	5	62	6	63	7	75	8	74	9	66	
	0	47	1	40	2	47	3	41	4	48	5	53	6	42	7	45	8	43	9	44	
	0	16	1	14	2	11	3	18	4	28	5	20	6	25	7	17	8	28	9	18	
	0	74	1	71	2	85	3	73	4	70	5	71	6	72	7	80	8	66	9	80	
	0	87	1	91	2	91	3	86	4	82	5	80	6	92	7	79	8	76	9	76	
	0	100	1	110	2	100	3	99	4	100	5	107	6	106	7	110	8	113	9	103	
	0	24	1	18	2	15	3	31	4	25	5	22	6	16	7	28	8	31	9	19	
	0	68	1	53	2	57	3	65	4	57	5	54	6	65	7	59	8	52	9	51	
	0	45	1	45	2	28	3	31	4	27	5	32	6	35	7	44	8	28	9	32	
	0	51	1	59	2	56	3	65	4	51	5	63	6	55	7	54	8	65	9	61	
	0	7	1	15	2	24	3	22	4	15	5	11	6	13	7	21	8	16	9	12	
	0	47	1	37	2	42	3	36	4	38	5	37	6	38	7	33	8	42	9	45	
	0	30	1	21	2	22	3	23	4	33	5	26	6	23	7	34	8	24	9	35	
	0	39	1	36	2	34	3	22	4	39	5	23	6	30	7	21	8	27	9	32	
	0	87	1	92	2	88	3	97	4	94	5	93	6	87	7	90	8	98	9	91	
	0	91	1	81	2	87	3	83	4	82	5	90	6	75	7	86	8	85	9	90	
	0	25	1	11	2	22	3	23	4	8	5	16	6	25	7	19	8	19	9	7	
	0	56	1	51	2	47	3	47	4	42	5	55	6	57	7	50	8	43	9	40	
	0	79	1	76	2	83	3	84	4	74	5	78	6	72	7	73	8	87	9	79	