1000 10 1
10
	0	26	1	36	2	35	3	34	4	40	5	31	6	28	7	32	8	34	9	26	
	0	18	1	23	2	25	3	17	4	10	5	12	6	11	7	16	8	21	9	20	
	0	102	1	107	2	94	3	95	4	97	5	100	6	110	7	100	8	107	9	104	
	0	114	1	100	2	107	3	105	4	104	5	100	6	111	7	108	8	114	9	117	
	0	76	1	79	2	80	3	81	4	85	5	76	6	79	7	78	8	88	9	88	
	0	30	1	46	2	43	3	45	4	38	5	37	6	32	7	44	8	48	9	36	
	0	72	1	61	2	73	3	58	4	58	5	65	6	58	7	54	8	64	9	65	
	0	82	1	83	2	78	3	75	4	77	5	85	6	89	7	85	8	81	9	82	
	0	86	1	74	2	74	3	77	4	84	5	85	6	84	7	82	8	68	9	83	
	0	49	1	65	2	58	3	57	4	51	5	57	6	50	7	63	8	59	9	58	
	0	50	1	53	2	43	3	51	4	48	5	44	6	56	7	38	8	47	9	41	
	0	11	1	18	2	20	3	10	4	15	5	18	6	20	7	27	8	12	9	17	
	0	30	1	32	2	23	3	25	4	22	5	35	6	35	7	31	8	30	9	35	
	0	25	1	24	2	22	3	29	4	19	5	22	6	24	7	17	8	30	9	29	
	0	100	1	100	2	99	3	94	4	91	5	85	6	98	7	101	8	93	9	90	
	0	64	1	60	2	60	3	67	4	72	5	59	6	58	7	72	8	70	9	57	
	0	82	1	85	2	93	3	79	4	84	5	83	6	84	7	95	8	84	9	82	
	0	61	1	53	2	62	3	52	4	62	5	58	6	54	7	57	8	57	9	62	
	0	25	1	13	2	13	3	20	4	26	5	14	6	31	7	28	8	30	9	29	
	0	53	1	58	2	70	3	61	4	66	5	56	6	66	7	53	8	60	9	64	
	0	9	1	18	2	25	3	8	4	21	5	8	6	11	7	20	8	13	9	22	
	0	60	1	72	2	58	3	66	4	70	5	59	6	74	7	76	8	61	9	71	
	0	88	1	85	2	91	3	80	4	88	5	86	6	97	7	84	8	82	9	97	
	0	73	1	83	2	76	3	73	4	84	5	78	6	71	7	88	8	70	9	80	
	0	39	1	35	2	34	3	28	4	37	5	29	6	39	7	24	8	28	9	42	
	0	68	1	53	2	70	3	56	4	57	5	68	6	55	7	51	8	65	9	64	
	0	63	1	56	2	71	3	61	4	58	5	69	6	60	7	62	8	58	9	68	
	0	75	1	76	2	78	3	78	4	90	5	84	6	79	7	93	8	89	9	85	
	0	107	1	106	2	102	3	108	4	104	5	101	6	111	7	112	8	98	9	99	
	0	22	1	12	2	28	3	19	4	23	5	27	6	27	7	18	8	26	9	10	
	0	43	1	53	2	57	3	54	4	50	5	56	6	44	7	51	8	55	9	57	
	0	49	1	45	2	36	3	37	4	33	5	45	6	42	7	46	8	34	9	51	
	0	41	1	43	2	44	3	48	4	52	5	50	6	35	7	41	8	45	9	43	
	0	62	1	59	2	50	3	51	4	43	5	47	6	55	7	52	8	60	9	43	
	0	77	1	69	2	85	3	78	4	84	5	79	6	66	7	68	8	85	9	77	
	0	98	1	106	2	99	3	98	4	100	5	108	6	102	7	91	8	108	9	106	
	0	78	1	64	2	75	3	62	4	67	5	64	6	69	7	66	8	63	9	78	
	0	33	1	24	2	19	3	35	4	30	5	25	6	24	7	22	8	33	9	28	
	0	92	1	85	2	82	3	81	4	90	5	96	6	94	7	86	8	94	9	95	
	0	11	1	11	2	12	3	11	4	28	5	25	6	9	7	16	8	14	9	23	
	0	52	1	67	2	65	3	55	4	66	5	70	6	51	7	66	8	51	9	54	
	0	71	1	76	2	65	3	78	4	67	5	77	6	63	7	77	8	69	9	76	
	0	29	1	31	2	28	3	28	4	30	5	27	6	34	7	26	8	31	9	35	
	0	20	1	24	2	8	3	13	4	20	5	10	6	16	7	12	8	14	9	20	
	0	71	1	56	2	73	3	63	4	57	5	60	6	71	7	67	8	69	9	67	
	0	31	1	36	2	43	3	33	4	34	5	35	6	26	7	37	8	40	9	35	
	0	105	1	93	2	87	3	87	4	99	5	102	6	94	7	106	8	94	9	93	
	0	64	1	56	2	66	3	52	4	64	5	49	6	58	7	59	8	66	9	53	
	0	8	1	13	2	14	3	25	4	25	5	15	6	22	7	8	8	22	9	22	
	0	53	1	43	2	44	3	50	4	49	5	45	6	56	7	46	8	42	9	43	
	0	85	1	93	2	88	3	92	4	79	5	75	6	81	7	78	8	93	9	83	
	0	26	1	19	2	23	3	27	4	31	5	23	6	16	7	15	8	21	9	32	
	0	27	1	40	2	40	3	40	4	30	5	26	6	25	7	25	8	42	9	27	
	0	63	1	65	2	69	3	60	4	66	5	73	6	74	7	62	8	73	9	74	
	0	89	1	84	2	79	3	98	4	89	5	98	6	90	7	85	8	85	9	92	
	0	73	1	70	2	67	3	76	4	68	5	61	6	67	7	75	8	65	9	65	
	0	49	1	47	2	44	3	50	4	48	5	50	6	42	7	50	8	54	9	42	
	0	52	1	62	2	52	3	66	4	67	5	51	6	63	7	61	8	56	9	52	
	0	20	1	35	2	19	3	36	4	22	5	37	6	26	7	19	8	29	9	26	
	0	86	1	96	2	85	3	97	4	98	5	86	6	85	7	88	8	84	9	87	
	0	83	1	79	2	80	3	89	4	92	5	92	6	78	7	78	8	73	9	91	
	0	33	1	21	2	21	3	37	4	26	5	32	6	30	7	32	8	23	9	21	
	0	86	1	88	2	85	3	98	4	94	5	94	6	95	7	81	8	79	9	98	
	0	77	1	78	2	72	3	91	4	86	5	89	6	83	7	80	8	83	9	72	
	0	58	1	68	2	73	3	68	4	62	5	65	6	73	7	59	8	63	9	63	
	0	49	1	58	2	44	3	45	4	40	5	54	6	51	7	56	8	51	9	53	
	0	49	1	52	2	43	3	37	4	41	5	43	6	45	7	54	8	35	9	37	
	0	30	1	24	2	39	3	31	4	37	5	21	6	31	7	37	8	37	9	21	
	0	64	1	49	2	61	3	51	4	67	5	62	6	54	7	60	8	68	9	61	
	0	45	1	49	2	33	3	45	4	38	5	49	6	37	7	32	8	45	9	48	
	0	81	1	82	2	76	3	81	4	71	5	81	6	87	7	71	8	75	9	74	
	0	53	1	66	2	71	3	63	4	58	5	70	6	72	7	54	8	61	9	69	
	0	114	1	116	2	108	3	98	4	104	5	97	6	100	7	104	8	114	9	101	
	0	83	1	101	2	92	3	94	4	87	5	82	6	93	7	93	8	91	9	89	
	0	67	1	60	2	72	3	64	4	58	5	69	6	62	7	73	8	62	9	55	
	0	91	1	107	2	97	3	97	4	104	5	108	6	109	7	103	8	94	9	91	
	0	10	1	24	2	23	3	17	4	13	5	11	6	27	7	9	8	22	9	16	
	0	87	1	80	2	92	3	97	4	89	5	85	6	83	7	94	8	85	9	94	
	0	24	1	13	2	13	3	16	4	27	5	12	6	16	7	11	8	24	9	25	
	0	107	1	93	2	92	3	110	4	110	5	110	6	108	7	107	8	97	9	106	
	0	83	1	86	2	85	3	86	4	75	5	76	6	75	7	89	8	83	9	90	
	0	33	1	45	2	33	3	49	4	43	5	49	6	39	7	36	8	49	9	52	
	0	106	1	102	2	111	3	116	4	108	5	99	6	104	7	111	8	117	9	104	
	0	22	1	24	2	23	3	21	4	18	5	15	6	29	7	32	8	22	9	26	
	0	73	1	67	2	79	3	81	4	75	5	71	6	69	7	79	8	75	9	75	
	0	102	1	100	2	89	3	97	4	104	5	100	6	87	7	99	8	86	9	104	
	0	44	1	48	2	37	3	43	4	41	5	35	6	36	7	40	8	48	9	49	
	0	52	1	61	2	64	3	50	4	60	5	50	6	64	7	51	8	55	9	55	
	0	29	1	34	2	30	3	31	4	31	5	25	6	33	7	26	8	20	9	22	
	0	98	1	100	2	86	3	94	4	100	5	97	6	98	7	98	8	102	9	98	
	0	96	1	89	2	84	3	87	4	97	5	102	6	94	7	84	8	95	9	89	
	0	91	1	90	2	88	3	93	4	102	5	96	6	94	7	94	8	100	9	92	
	0	13	1	20	2	15	3	18	4	11	5	26	6	24	7	11	8	14	9	19	
	0	97	1	94	2	89	3	87	4	102	5	102	6	91	7	103	8	99	9	102	
	0	80	1	70	2	83	3	67	4	73	5	66	6	71	7	74	8	72	9	85	
	0	72	1	62	2	53	3	71	4	58	5	65	6	55	7	64	8	58	9	65	
	0	74	1	72	2	70	3	76	4	83	5	81	6	71	7	83	8	65	9	64	
	0	111	1	112	2	112	3	95	4	99	5	112	6	102	7	114	8	110	9	96	
	0	49	1	41	2	57	3	40	4	46	5	51	6	53	7	52	8	40	9	56	
	0	34	1	27	2	31	3	28	4	28	5	27	6	18	7	33	8	16	9	25	
	0	15	1	25	2	28	3	27	4	28	5	17	6	22	7	27	8	27	9	23	
	0	38	1	37	2	31	3	24	4	30	5	24	6	25	7	23	8	23	9	23	
	0	27	1	31	2	38	3	33	4	22	5	21	6	33	7	34	8	21	9	34	
	0	45	1	45	2	43	3	49	4	53	5	47	6	44	7	48	8	47	9	44	
	0	31	1	28	2	27	3	33	4	30	5	31	6	37	7	21	8	26	9	21	
	0	116	1	115	2	107	3	104	4	111	5	105	6	106	7	117	8	106	9	115	
	0	67	1	69	2	69	3	66	4	66	5	84	6	80	7	70	8	77	9	83	
	0	59	1	58	2	49	3	59	4	61	5	50	6	46	7	57	8	53	9	45	
	0	65	1	75	2	63	3	59	4	60	5	68	6	66	7	62	8	70	9	70	
	0	66	1	65	2	79	3	72	4	66	5	72	6	71	7	77	8	66	9	79	
	0	51	1	59	2	61	3	66	4	51	5	55	6	58	7	66	8	65	9	55	
	0	76	1	80	2	76	3	73	4	77	5	73	6	71	7	76	8	75	9	87	
	0	92	1	102	2	108	3	97	4	92	5	101	6	108	7	96	8	107	9	92	
	0	108	1	94	2	95	3	113	4	110	5	113	6	94	7	95	8	99	9	95	
	0	39	1	37	2	42	3	29	4	31	5	41	6	27	7	31	8	35	9	31	
	0	68	1	51	2	69	3	67	4	64	5	58	6	62	7	52	8	61	9	59	
	0	58	1	60	2	55	3	61	4	68	5	56	6	65	7	53	8	52	9	69	
	0	62	1	61	2	77	3	62	4	70	5	67	6	61	7	61	8	61	9	77	
	0	20	1	25	2	22	3	12	4	22	5	26	6	20	7	21	8	21	9	15	
	0	87	1	103	2	94	3	96	4	95	5	86	6	97	7	90	8	90	9	85	
	0	97	1	111	2	110	3	114	4	102	5	108	6	112	7	106	8	116	9	116	
	0	20	1	20	2	20	3	20	4	21	5	12	6	19	7	6	8	6	9	15	
	0	74	1	71	2	59	3	64	4	70	5	62	6	72	7	73	8	68	9	60	
	0	86	1	75	2	78	3	80	4	78	5	80	6	73	7	82	8	84	9	85	
	0	103	1	103	2	117	3	109	4	110	5	108	6	117	7	117	8	117	9	107	
	0	65	1	64	2	79	3	72	4	70	5	68	6	81	7	64	8	75	9	69	
	0	37	1	38	2	44	3	32	4	43	5	42	6	51	7	34	8	36	9	45	
	0	39	1	38	2	44	3	48	4	39	5	46	6	40	7	46	8	39	9	36	
	0	38	1	38	2	37	3	53	4	34	5	38	6	45	7	47	8	53	9	50	
	0	20	1	21	2	25	3	26	4	28	5	34	6	34	7	28	8	26	9	27	
	0	36	1	43	2	46	3	39	4	31	5	46	6	33	7	47	8	40	9	33	
	0	101	1	94	2	86	3	92	4	85	5	102	6	92	7	92	8	91	9	90	
	0	103	1	92	2	93	3	102	4	102	5	106	6	100	7	105	8	100	9	107	
	0	102	1	110	2	107	3	109	4	111	5	97	6	105	7	93	8	106	9	109	
	0	83	1	101	2	101	3	100	4	95	5	101	6	88	7	98	8	83	9	89	
	0	93	1	96	2	105	3	111	4	102	5	93	6	107	7	94	8	102	9	100	
	0	65	1	81	2	69	3	77	4	77	5	79	6	81	7	73	8	67	9	78	
	0	99	1	98	2	97	3	97	4	107	5	94	6	97	7	107	8	96	9	100	
	0	21	1	18	2	15	3	21	4	20	5	10	6	19	7	10	8	18	9	27	
	0	22	1	27	2	19	3	20	4	19	5	8	6	12	7	26	8	16	9	19	
	0	81	1	74	2	81	3	67	4	79	5	67	6	66	7	64	8	63	9	79	
	0	48	1	50	2	42	3	33	4	45	5	40	6	39	7	31	8	35	9	49	
	0	57	1	47	2	44	3	45	4	42	5	59	6	54	7	57	8	46	9	57	
	0	37	1	33	2	37	3	34	4	38	5	34	6	32	7	24	8	35	9	35	
	0	25	1	35	2	21	3	18	4	22	5	22	6	35	7	19	8	25	9	33	
	0	98	1	98	2	94	3	110	4	112	5	96	6	97	7	112	8	95	9	101	
	0	32	1	37	2	32	3	24	4	22	5	26	6	33	7	32	8	26	9	24	
	0	96	1	94	2	82	3	97	4	92	5	81	6	80	7	83	8	80	9	93	
	0	61	1	74	2	74	3	61	4	68	5	57	6	66	7	63	8	72	9	69	
	0	34	1	28	2	19	3	26	4	18	5	25	6	25	7	26	8	34	9	18	
	0	89	1	90	2	92	3	95	4	93	5	84	6	80	7	86	8	88	9	84	
	0	34	1	33	2	29	3	36	4	41	5	39	6	36	7	32	8	35	9	28	
	0	89	1	102	2	106	3	100	4	89	5	96	6	106	7	100	8	96	9	98	
	0	105	1	120	2	113	3	110	4	105	5	120	6	106	7	101	8	120	9	102	
	0	94	1	81	2	95	3	88	4	91	5	88	6	80	7	95	8	92	9	88	
	0	47	1	63	2	54	3	49	4	63	5	61	6	52	7	45	8	63	9	46	
	0	22	1	25	2	19	3	12	4	10	5	20	6	11	7	28	8	16	9	23	
	0	18	1	18	2	25	3	22	4	12	5	23	6	21	7	19	8	22	9	20	
	0	111	1	109	2	99	3	111	4	114	5	112	6	115	7	98	8	101	9	109	
	0	88	1	85	2	82	3	77	4	77	5	93	6	87	7	76	8	85	9	90	
	0	36	1	41	2	31	3	40	4	34	5	47	6	41	7	28	8	32	9	36	
	0	109	1	106	2	96	3	98	4	95	5	112	6	98	7	107	8	102	9	110	
	0	96	1	95	2	91	3	93	4	97	5	102	6	104	7	108	8	107	9	105	
	0	77	1	67	2	66	3	74	4	70	5	67	6	69	7	77	8	69	9	75	
	0	23	1	25	2	19	3	20	4	16	5	15	6	28	7	27	8	21	9	17	
	0	95	1	101	2	97	3	109	4	108	5	92	6	101	7	103	8	109	9	106	
	0	83	1	67	2	83	3	85	4	81	5	79	6	84	7	75	8	85	9	80	
	0	70	1	59	2	63	3	72	4	71	5	58	6	61	7	54	8	59	9	72	
	0	33	1	30	2	42	3	36	4	27	5	34	6	38	7	23	8	25	9	32	
	0	15	1	18	2	27	3	21	4	23	5	17	6	23	7	17	8	25	9	23	
	0	33	1	42	2	43	3	34	4	36	5	33	6	37	7	43	8	43	9	41	
	0	63	1	68	2	72	3	75	4	62	5	77	6	63	7	69	8	81	9	65	
	0	77	1	74	2	68	3	79	4	79	5	63	6	65	7	68	8	64	9	64	
	0	31	1	26	2	13	3	13	4	27	5	16	6	13	7	17	8	14	9	19	
	0	110	1	99	2	98	3	109	4	110	5	104	6	101	7	112	8	105	9	96	
	0	41	1	51	2	40	3	39	4	52	5	46	6	35	7	52	8	49	9	53	
	0	54	1	55	2	58	3	54	4	59	5	53	6	43	7	51	8	54	9	58	
	0	68	1	57	2	63	3	66	4	66	5	66	6	71	7	60	8	61	9	67	
	0	28	1	22	2	37	3	27	4	33	5	34	6	27	7	27	8	37	9	40	
	0	48	1	41	2	38	3	50	4	38	5	36	6	44	7	41	8	43	9	43	
	0	27	1	28	2	21	3	26	4	22	5	21	6	14	7	28	8	24	9	27	
	0	66	1	62	2	72	3	69	4	61	5	69	6	69	7	71	8	60	9	70	
	0	23	1	11	2	26	3	21	4	21	5	17	6	18	7	21	8	13	9	13	
	0	111	1	98	2	101	3	95	4	110	5	103	6	99	7	97	8	98	9	103	
	0	85	1	103	2	100	3	96	4	98	5	92	6	103	7	94	8	102	9	91	
	0	47	1	50	2	41	3	57	4	46	5	51	6	60	7	55	8	49	9	47	
	0	88	1	73	2	73	3	77	4	82	5	75	6	73	7	73	8	83	9	84	
	0	46	1	58	2	49	3	52	4	49	5	48	6	53	7	63	8	61	9	56	
	0	18	1	7	2	25	3	22	4	20	5	13	6	8	7	10	8	6	9	23	
	0	29	1	20	2	24	3	36	4	25	5	27	6	23	7	36	8	32	9	28	
	0	98	1	98	2	96	3	102	4	111	5	110	6	100	7	113	8	102	9	99	
	0	60	1	58	2	41	3	60	4	41	5	59	6	60	7	53	8	43	9	59	
	0	92	1	83	2	87	3	86	4	93	5	76	6	78	7	93	8	85	9	85	
	0	14	1	23	2	10	3	7	4	17	5	10	6	22	7	17	8	11	9	11	
	0	73	1	69	2	68	3	76	4	81	5	67	6	84	7	72	8	82	9	72	
	0	56	1	44	2	46	3	39	4	57	5	41	6	48	7	53	8	50	9	52	
	0	17	1	12	2	6	3	8	4	22	5	20	6	12	7	10	8	6	9	5	
	0	85	1	91	2	78	3	86	4	79	5	87	6	95	7	90	8	90	9	78	
	0	69	1	67	2	67	3	70	4	74	5	65	6	65	7	74	8	62	9	62	
	0	101	1	114	2	100	3	112	4	112	5	101	6	108	7	100	8	98	9	110	
	0	66	1	67	2	62	3	57	4	66	5	72	6	61	7	69	8	63	9	57	
	0	92	1	99	2	100	3	103	4	95	5	89	6	94	7	101	8	100	9	96	
	0	56	1	62	2	61	3	54	4	56	5	59	6	57	7	64	8	63	9	67	
	0	90	1	95	2	79	3	88	4	77	5	77	6	87	7	84	8	78	9	91	
	0	18	1	19	2	13	3	18	4	28	5	28	6	26	7	10	8	13	9	21	
	0	46	1	48	2	58	3	53	4	47	5	50	6	47	7	55	8	50	9	44	
	0	66	1	76	2	61	3	73	4	68	5	70	6	71	7	77	8	58	9	69	
	0	71	1	68	2	78	3	81	4	75	5	76	6	79	7	75	8	64	9	78	
	0	55	1	48	2	49	3	51	4	54	5	63	6	62	7	56	8	62	9	61	
	0	29	1	32	2	34	3	20	4	27	5	33	6	39	7	35	8	26	9	30	
	0	74	1	78	2	82	3	70	4	69	5	67	6	78	7	70	8	78	9	79	
	0	52	1	38	2	44	3	33	4	51	5	50	6	40	7	50	8	49	9	49	
	0	52	1	60	2	56	3	61	4	57	5	45	6	60	7	53	8	64	9	55	
	0	8	1	3	2	8	3	9	4	16	5	21	6	16	7	21	8	3	9	2	
	0	58	1	61	2	56	3	65	4	63	5	53	6	60	7	61	8	52	9	60	
	0	17	1	32	2	19	3	29	4	20	5	21	6	23	7	31	8	27	9	36	
	0	72	1	58	2	58	3	67	4	61	5	61	6	73	7	73	8	63	9	76	
	0	114	1	109	2	106	3	104	4	107	5	99	6	103	7	100	8	116	9	103	
	0	105	1	106	2	100	3	100	4	99	5	109	6	97	7	115	8	102	9	113	
	0	54	1	59	2	53	3	56	4	54	5	59	6	65	7	71	8	69	9	72	
	0	19	1	4	2	9	3	5	4	8	5	21	6	16	7	10	8	11	9	4	
	0	88	1	78	2	71	3	73	4	76	5	71	6	85	7	79	8	90	9	74	
	0	57	1	59	2	49	3	59	4	49	5	42	6	49	7	52	8	43	9	53	
	0	100	1	104	2	106	3	100	4	95	5	107	6	99	7	104	8	101	9	91	
	0	34	1	31	2	27	3	22	4	31	5	30	6	21	7	24	8	21	9	37	
	0	54	1	50	2	45	3	51	4	48	5	52	6	43	7	54	8	52	9	38	
	0	37	1	52	2	55	3	46	4	40	5	42	6	39	7	50	8	51	9	48	
	0	31	1	30	2	43	3	32	4	42	5	28	6	46	7	47	8	45	9	39	
	0	78	1	67	2	72	3	76	4	79	5	81	6	73	7	76	8	78	9	71	
	0	35	1	40	2	38	3	30	4	34	5	25	6	27	7	32	8	22	9	23	
	0	16	1	26	2	19	3	13	4	24	5	10	6	7	7	26	8	14	9	21	
	0	35	1	40	2	40	3	30	4	39	5	31	6	41	7	31	8	39	9	39	
	0	6	1	16	2	13	3	17	4	17	5	24	6	12	7	5	8	18	9	17	
	0	35	1	26	2	26	3	31	4	30	5	27	6	35	7	33	8	25	9	32	
	0	80	1	85	2	75	3	74	4	78	5	79	6	70	7	78	8	78	9	69	
	0	54	1	57	2	63	3	59	4	52	5	56	6	50	7	44	8	44	9	49	
	0	72	1	58	2	64	3	65	4	67	5	59	6	70	7	54	8	54	9	59	
	0	78	1	74	2	83	3	86	4	84	5	84	6	73	7	74	8	76	9	74	
	0	30	1	37	2	35	3	43	4	47	5	33	6	32	7	34	8	36	9	30	
	0	118	1	110	2	104	3	101	4	113	5	117	6	118	7	103	8	103	9	107	
	0	35	1	49	2	44	3	36	4	36	5	36	6	49	7	34	8	49	9	40	
	0	42	1	42	2	43	3	55	4	50	5	40	6	54	7	50	8	42	9	54	
	0	39	1	27	2	27	3	37	4	42	5	40	6	36	7	42	8	37	9	44	
	0	56	1	55	2	57	3	47	4	58	5	57	6	51	7	50	8	54	9	44	
	0	31	1	41	2	31	3	25	4	26	5	36	6	41	7	26	8	27	9	29	
	0	77	1	81	2	67	3	80	4	77	5	75	6	75	7	79	8	76	9	73	
	0	70	1	56	2	55	3	60	4	62	5	60	6	66	7	66	8	65	9	56	
	0	47	1	34	2	33	3	39	4	36	5	35	6	46	7	44	8	38	9	46	
	0	59	1	70	2	61	3	58	4	53	5	57	6	53	7	60	8	57	9	65	
	0	54	1	62	2	58	3	53	4	59	5	57	6	57	7	60	8	61	9	64	
	0	44	1	46	2	56	3	53	4	52	5	41	6	51	7	46	8	44	9	55	
	0	100	1	95	2	92	3	99	4	89	5	89	6	94	7	89	8	96	9	96	
	0	27	1	39	2	25	3	33	4	39	5	37	6	33	7	39	8	32	9	24	
	0	109	1	97	2	112	3	112	4	100	5	113	6	99	7	101	8	112	9	109	
	0	22	1	21	2	22	3	23	4	22	5	30	6	24	7	16	8	15	9	30	
	0	94	1	96	2	98	3	97	4	101	5	102	6	94	7	87	8	87	9	89	
	0	25	1	37	2	22	3	41	4	34	5	33	6	33	7	31	8	40	9	24	
	0	77	1	76	2	65	3	72	4	68	5	65	6	67	7	65	8	77	9	66	
	0	37	1	33	2	34	3	36	4	33	5	35	6	34	7	47	8	45	9	52	
	0	19	1	9	2	20	3	6	4	10	5	5	6	7	7	9	8	12	9	17	
	0	38	1	44	2	46	3	41	4	42	5	33	6	41	7	45	8	34	9	47	
	0	110	1	102	2	113	3	110	4	111	5	113	6	112	7	99	8	98	9	114	
	0	89	1	82	2	91	3	91	4	75	5	78	6	89	7	79	8	83	9	90	
	0	104	1	95	2	91	3	97	4	87	5	90	6	104	7	100	8	90	9	95	
	0	26	1	29	2	26	3	22	4	16	5	14	6	29	7	24	8	22	9	14	
	0	88	1	95	2	87	3	95	4	87	5	96	6	100	7	100	8	102	9	95	
	0	83	1	79	2	75	3	69	4	74	5	69	6	82	7	75	8	80	9	83	
	0	105	1	114	2	106	3	112	4	103	5	111	6	115	7	107	8	110	9	110	
	0	18	1	32	2	29	3	18	4	26	5	31	6	28	7	35	8	37	9	24	
	0	97	1	100	2	100	3	108	4	105	5	110	6	108	7	95	8	98	9	108	
	0	73	1	68	2	60	3	66	4	77	5	70	6	73	7	63	8	71	9	63	
	0	17	1	22	2	12	3	24	4	18	5	26	6	17	7	20	8	13	9	17	
	0	68	1	66	2	73	3	63	4	75	5	59	6	70	7	65	8	65	9	57	
	0	18	1	16	2	29	3	33	4	24	5	35	6	18	7	31	8	19	9	25	
	0	77	1	65	2	67	3	76	4	68	5	73	6	63	7	69	8	72	9	64	
	0	77	1	78	2	71	3	82	4	77	5	86	6	77	7	69	8	78	9	74	
	0	100	1	106	2	106	3	102	4	118	5	118	6	107	7	102	8	114	9	105	
	0	39	1	42	2	55	3	54	4	56	5	51	6	39	7	44	8	42	9	50	
	0	96	1	107	2	99	3	107	4	100	5	111	6	99	7	106	8	97	9	95	
	0	15	1	27	2	21	3	27	4	20	5	16	6	24	7	16	8	23	9	12	
	0	94	1	90	2	93	3	94	4	77	5	92	6	81	7	85	8	76	9	77	
	0	93	1	89	2	94	3	89	4	81	5	90	6	81	7	92	8	98	9	94	
	0	73	1	69	2	74	3	63	4	75	5	70	6	74	7	69	8	73	9	77	
	0	73	1	70	2	73	3	84	4	71	5	82	6	69	7	82	8	83	9	81	
	0	22	1	11	2	5	3	14	4	9	5	12	6	10	7	15	8	15	9	17	
	0	68	1	68	2	72	3	60	4	73	5	75	6	72	7	64	8	64	9	61	
	0	79	1	86	2	91	3	88	4	87	5	92	6	86	7	93	8	85	9	76	
	0	42	1	34	2	29	3	27	4	25	5	30	6	36	7	28	8	36	9	34	
	0	89	1	84	2	87	3	85	4	87	5	88	6	74	7	74	8	85	9	82	
	0	76	1	87	2	87	3	79	4	72	5	79	6	84	7	85	8	76	9	80	
	0	62	1	63	2	65	3	62	4	62	5	55	6	70	7	70	8	60	9	70	
	0	97	1	96	2	100	3	94	4	104	5	86	6	94	7	99	8	88	9	87	
	0	92	1	89	2	88	3	93	4	94	5	89	6	83	7	91	8	82	9	90	
	0	41	1	35	2	26	3	41	4	40	5	24	6	22	7	30	8	28	9	25	
	0	22	1	15	2	32	3	23	4	24	5	17	6	33	7	33	8	15	9	23	
	0	93	1	105	2	98	3	93	4	93	5	97	6	97	7	95	8	95	9	110	
	0	50	1	50	2	52	3	55	4	47	5	51	6	56	7	50	8	62	9	53	
	0	34	1	45	2	40	3	29	4	42	5	42	6	30	7	30	8	40	9	31	
	0	69	1	82	2	69	3	74	4	78	5	85	6	72	7	74	8	78	9	67	
	0	5	1	17	2	19	3	15	4	7	5	9	6	13	7	16	8	19	9	23	
	0	117	1	109	2	104	3	115	4	115	5	114	6	101	7	98	8	106	9	101	
	0	90	1	102	2	86	3	100	4	91	5	94	6	92	7	99	8	103	9	100	
	0	74	1	73	2	83	3	73	4	83	5	67	6	72	7	82	8	81	9	75	
	0	38	1	44	2	37	3	35	4	35	5	36	6	40	7	40	8	45	9	43	
	0	107	1	102	2	109	3	99	4	97	5	100	6	107	7	112	8	97	9	102	
	0	86	1	89	2	85	3	89	4	95	5	85	6	94	7	88	8	80	9	93	
	0	66	1	53	2	57	3	59	4	62	5	62	6	60	7	57	8	68	9	66	
	0	26	1	21	2	21	3	12	4	21	5	8	6	12	7	26	8	14	9	13	
	0	21	1	13	2	17	3	20	4	21	5	13	6	9	7	10	8	8	9	7	
	0	93	1	89	2	83	3	100	4	83	5	95	6	88	7	98	8	81	9	92	
	0	38	1	39	2	22	3	35	4	34	5	23	6	35	7	29	8	38	9	22	
	0	88	1	104	2	98	3	91	4	88	5	103	6	95	7	89	8	102	9	92	
	0	52	1	50	2	50	3	50	4	58	5	46	6	56	7	41	8	47	9	57	
	0	93	1	92	2	102	3	103	4	93	5	104	6	111	7	98	8	104	9	92	
	0	32	1	40	2	29	3	43	4	37	5	46	6	27	7	40	8	33	9	44	
	0	43	1	49	2	48	3	59	4	55	5	55	6	48	7	50	8	48	9	53	
	0	52	1	48	2	45	3	37	4	47	5	52	6	37	7	48	8	48	9	49	
	0	78	1	72	2	86	3	82	4	75	5	70	6	84	7	78	8	81	9	76	
	0	45	1	47	2	55	3	40	4	52	5	36	6	52	7	38	8	43	9	46	
	0	18	1	18	2	7	3	18	4	19	5	17	6	24	7	7	8	22	9	22	
	0	64	1	66	2	68	3	76	4	67	5	68	6	61	7	59	8	61	9	59	
	0	66	1	64	2	71	3	65	4	64	5	64	6	77	7	70	8	62	9	80	
	0	35	1	35	2	30	3	23	4	39	5	35	6	29	7	27	8	24	9	39	
	0	37	1	33	2	34	3	44	4	33	5	38	6	41	7	43	8	38	9	29	
	0	41	1	35	2	42	3	25	4	32	5	24	6	37	7	24	8	30	9	26	
	0	28	1	26	2	10	3	28	4	15	5	14	6	28	7	16	8	15	9	26	
	0	72	1	68	2	77	3	58	4	67	5	62	6	73	7	73	8	69	9	71	
	0	39	1	39	2	47	3	54	4	44	5	37	6	47	7	54	8	46	9	47	
	0	25	1	23	2	30	3	20	4	27	5	19	6	28	7	15	8	11	9	13	
	0	17	1	7	2	8	3	25	4	14	5	13	6	18	7	23	8	20	9	10	
	0	16	1	16	2	24	3	24	4	24	5	27	6	23	7	32	8	23	9	27	
	0	36	1	32	2	35	3	24	4	28	5	23	6	23	7	37	8	31	9	25	
	0	29	1	37	2	33	3	31	4	29	5	41	6	43	7	35	8	33	9	38	
	0	51	1	57	2	54	3	54	4	67	5	51	6	55	7	65	8	61	9	50	
	0	51	1	53	2	48	3	48	4	40	5	45	6	37	7	45	8	40	9	54	
	0	72	1	68	2	56	3	69	4	72	5	67	6	55	7	72	8	55	9	67	
	0	71	1	60	2	56	3	63	4	65	5	73	6	72	7	64	8	59	9	61	
	0	57	1	57	2	51	3	57	4	40	5	47	6	58	7	59	8	42	9	57	
	0	28	1	22	2	20	3	33	4	21	5	23	6	26	7	24	8	30	9	38	
	0	17	1	16	2	14	3	10	4	19	5	6	6	22	7	12	8	14	9	13	
	0	116	1	97	2	107	3	112	4	112	5	110	6	112	7	102	8	102	9	103	
	0	8	1	3	2	14	3	6	4	14	5	18	6	8	7	16	8	7	9	21	
	0	22	1	19	2	15	3	19	4	23	5	20	6	17	7	23	8	26	9	15	
	0	60	1	64	2	72	3	69	4	70	5	77	6	64	7	76	8	62	9	63	
	0	63	1	55	2	56	3	59	4	63	5	54	6	56	7	61	8	56	9	50	
	0	29	1	36	2	25	3	23	4	21	5	23	6	23	7	19	8	25	9	25	
	0	108	1	98	2	97	3	93	4	97	5	112	6	94	7	95	8	96	9	99	
	0	60	1	66	2	62	3	57	4	51	5	60	6	56	7	65	8	53	9	69	
	0	111	1	105	2	96	3	100	4	103	5	105	6	114	7	107	8	114	9	113	
	0	13	1	15	2	20	3	21	4	22	5	14	6	15	7	13	8	12	9	19	
	0	48	1	49	2	49	3	67	4	56	5	60	6	57	7	54	8	49	9	54	
	0	25	1	19	2	33	3	18	4	26	5	35	6	17	7	27	8	35	9	33	
	0	52	1	42	2	51	3	57	4	53	5	52	6	54	7	40	8	56	9	43	
	0	105	1	89	2	89	3	105	4	96	5	93	6	95	7	92	8	89	9	102	
	0	12	1	16	2	24	3	25	4	10	5	11	6	16	7	26	8	17	9	10	
	0	84	1	82	2	83	3	74	4	80	5	75	6	90	7	87	8	85	9	79	
	0	52	1	50	2	59	3	54	4	56	5	50	6	54	7	49	8	45	9	52	
	0	64	1	52	2	61	3	66	4	50	5	51	6	53	7	67	8	48	9	52	
	0	36	1	34	2	39	3	45	4	32	5	36	6	39	7	31	8	41	9	44	
	0	18	1	5	2	5	3	17	4	10	5	8	6	15	7	13	8	7	9	16	
	0	48	1	45	2	46	3	62	4	47	5	54	6	49	7	47	8	45	9	53	
	0	11	1	12	2	9	3	21	4	6	5	8	6	17	7	16	8	12	9	4	
	0	97	1	109	2	96	3	96	4	109	5	95	6	104	7	99	8	94	9	107	
	0	72	1	61	2	60	3	75	4	64	5	71	6	65	7	63	8	58	9	69	
	0	102	1	117	2	120	3	111	4	105	5	111	6	105	7	114	8	117	9	116	
	0	101	1	92	2	97	3	97	4	96	5	108	6	93	7	100	8	109	9	97	
	0	99	1	83	2	96	3	101	4	97	5	92	6	94	7	83	8	82	9	93	
	0	62	1	62	2	50	3	69	4	67	5	53	6	56	7	62	8	50	9	67	
	0	61	1	60	2	62	3	60	4	51	5	62	6	64	7	49	8	60	9	48	
	0	98	1	91	2	85	3	92	4	85	5	80	6	98	7	89	8	99	9	93	
	0	23	1	26	2	34	3	28	4	21	5	21	6	29	7	26	8	25	9	30	
	0	46	1	45	2	45	3	57	4	57	5	47	6	56	7	44	8	57	9	60	
	0	30	1	30	2	18	3	26	4	18	5	28	6	28	7	19	8	17	9	26	
	0	83	1	90	2	99	3	80	4	98	5	95	6	91	7	90	8	81	9	85	
	0	68	1	84	2	79	3	78	4	85	5	83	6	68	7	73	8	72	9	82	
	0	84	1	78	2	76	3	87	4	69	5	88	6	75	7	84	8	70	9	80	
	0	73	1	75	2	83	3	68	4	68	5	72	6	85	7	67	8	73	9	68	
	0	29	1	39	2	28	3	39	4	39	5	25	6	43	7	33	8	33	9	29	
	0	33	1	33	2	40	3	30	4	33	5	29	6	28	7	28	8	31	9	27	
	0	30	1	33	2	26	3	24	4	35	5	23	6	31	7	34	8	24	9	33	
	0	67	1	62	2	78	3	67	4	76	5	77	6	62	7	64	8	75	9	59	
	0	60	1	59	2	43	3	58	4	50	5	43	6	50	7	59	8	59	9	47	
	0	66	1	49	2	65	3	66	4	56	5	56	6	60	7	64	8	58	9	49	
	0	95	1	103	2	98	3	99	4	86	5	90	6	87	7	97	8	93	9	86	
	0	99	1	93	2	90	3	93	4	102	5	86	6	91	7	103	8	94	9	87	
	0	13	1	29	2	11	3	28	4	20	5	21	6	19	7	15	8	20	9	23	
	0	21	1	23	2	12	3	17	4	28	5	19	6	26	7	19	8	23	9	19	
	0	99	1	100	2	100	3	99	4	85	5	85	6	90	7	91	8	96	9	92	
	0	15	1	11	2	9	3	21	4	9	5	16	6	9	7	14	8	20	9	16	
	0	17	1	32	2	18	3	32	4	31	5	19	6	34	7	22	8	34	9	20	
	0	60	1	55	2	72	3	70	4	57	5	55	6	64	7	72	8	59	9	66	
	0	70	1	59	2	71	3	63	4	74	5	72	6	64	7	66	8	69	9	62	
	0	7	1	18	2	19	3	20	4	11	5	7	6	13	7	25	8	15	9	16	
	0	21	1	30	2	24	3	26	4	17	5	23	6	29	7	34	8	34	9	23	
	0	72	1	66	2	78	3	85	4	68	5	68	6	71	7	81	8	77	9	76	
	0	98	1	89	2	107	3	88	4	101	5	99	6	89	7	100	8	103	9	106	
	0	47	1	44	2	57	3	46	4	57	5	46	6	61	7	46	8	59	9	50	
	0	45	1	54	2	61	3	57	4	60	5	54	6	53	7	50	8	52	9	49	
	0	107	1	105	2	95	3	107	4	110	5	101	6	102	7	109	8	102	9	97	
	0	29	1	16	2	23	3	33	4	30	5	20	6	30	7	33	8	15	9	20	
	0	45	1	54	2	47	3	40	4	47	5	37	6	40	7	47	8	40	9	50	
	0	20	1	22	2	34	3	33	4	30	5	34	6	26	7	18	8	22	9	34	
	0	61	1	50	2	55	3	65	4	65	5	54	6	58	7	54	8	57	9	68	
	0	45	1	38	2	43	3	39	4	44	5	44	6	40	7	39	8	43	9	44	
	0	23	1	24	2	21	3	24	4	27	5	17	6	27	7	14	8	14	9	22	
	0	18	1	16	2	14	3	24	4	14	5	30	6	24	7	16	8	29	9	15	
	0	90	1	89	2	96	3	95	4	85	5	90	6	80	7	85	8	92	9	87	
	0	42	1	34	2	40	3	43	4	43	5	43	6	48	7	39	8	34	9	49	
	0	110	1	104	2	103	3	105	4	93	5	94	6	112	7	104	8	107	9	100	
	0	92	1	93	2	91	3	89	4	87	5	88	6	87	7	88	8	95	9	86	
	0	62	1	55	2	68	3	59	4	50	5	67	6	59	7	52	8	69	9	60	
	0	102	1	107	2	99	3	105	4	103	5	113	6	108	7	97	8	106	9	112	
	0	103	1	96	2	100	3	108	4	110	5	101	6	112	7	110	8	96	9	106	
	0	53	1	51	2	51	3	52	4	51	5	52	6	39	7	38	8	49	9	45	
	0	57	1	61	2	68	3	68	4	68	5	71	6	54	7	55	8	61	9	73	
	0	28	1	32	2	38	3	33	4	32	5	29	6	40	7	29	8	46	9	35	
	0	42	1	32	2	36	3	31	4	40	5	43	6	31	7	42	8	45	9	29	
	0	69	1	76	2	68	3	68	4	66	5	65	6	80	7	67	8	63	9	69	
	0	94	1	79	2	96	3	86	4	92	5	95	6	93	7	79	8	91	9	79	
	0	62	1	55	2	54	3	53	4	53	5	52	6	68	7	56	8	56	9	58	
	0	35	1	32	2	34	3	37	4	32	5	22	6	32	7	34	8	38	9	26	
	0	25	1	38	2	26	3	33	4	39	5	33	6	25	7	25	8	34	9	28	
	0	47	1	51	2	47	3	50	4	50	5	35	6	52	7	40	8	40	9	39	
	0	66	1	79	2	67	3	64	4	74	5	80	6	79	7	71	8	73	9	65	
	0	81	1	79	2	71	3	70	4	75	5	81	6	80	7	82	8	82	9	66	
	0	108	1	96	2	99	3	94	4	104	5	100	6	104	7	108	8	93	9	108	
	0	70	1	71	2	70	3	73	4	71	5	73	6	61	7	65	8	68	9	66	
	0	38	1	27	2	21	3	36	4	35	5	30	6	25	7	24	8	28	9	26	
	0	101	1	90	2	92	3	93	4	103	5	94	6	100	7	97	8	99	9	88	
	0	68	1	66	2	66	3	59	4	70	5	64	6	73	7	77	8	59	9	66	
	0	26	1	13	2	16	3	21	4	11	5	11	6	21	7	22	8	13	9	11	
	0	89	1	86	2	96	3	95	4	101	5	95	6	91	7	87	8	86	9	98	
	0	71	1	63	2	59	3	62	4	66	5	64	6	59	7	66	8	71	9	59	
	0	109	1	100	2	109	3	118	4	117	5	111	6	111	7	108	8	109	9	107	
	0	91	1	100	2	100	3	99	4	90	5	95	6	88	7	88	8	98	9	92	
	0	105	1	104	2	118	3	117	4	102	5	103	6	106	7	115	8	115	9	102	
	0	26	1	35	2	39	3	39	4	27	5	25	6	31	7	34	8	31	9	32	
	0	54	1	52	2	52	3	56	4	40	5	49	6	42	7	45	8	42	9	58	
	0	74	1	64	2	67	3	72	4	75	5	68	6	57	7	63	8	60	9	57	
	0	103	1	103	2	106	3	108	4	96	5	95	6	89	7	93	8	93	9	108	
	0	116	1	105	2	109	3	107	4	115	5	98	6	112	7	112	8	106	9	105	
	0	89	1	86	2	88	3	93	4	91	5	81	6	93	7	94	8	75	9	89	
	0	94	1	108	2	100	3	110	4	102	5	110	6	92	7	104	8	93	9	104	
	0	40	1	41	2	35	3	44	4	48	5	43	6	50	7	51	8	43	9	52	
	0	69	1	79	2	62	3	66	4	74	5	72	6	69	7	75	8	68	9	76	
	0	32	1	24	2	15	3	20	4	28	5	30	6	32	7	16	8	27	9	16	
	0	74	1	67	2	65	3	66	4	68	5	82	6	64	7	80	8	67	9	69	
	0	64	1	59	2	58	3	57	4	64	5	61	6	55	7	70	8	52	9	63	
	0	67	1	70	2	68	3	71	4	72	5	57	6	63	7	54	8	68	9	58	
	0	42	1	39	2	39	3	33	4	43	5	38	6	35	7	36	8	32	9	43	
	0	56	1	45	2	48	3	59	4	48	5	52	6	48	7	54	8	52	9	50	
	0	21	1	27	2	31	3	30	4	39	5	29	6	33	7	33	8	33	9	22	
	0	99	1	103	2	116	3	107	4	116	5	107	6	99	7	99	8	100	9	99	
	0	78	1	94	2	85	3	94	4	94	5	86	6	88	7	84	8	90	9	79	
	0	78	1	86	2	86	3	81	4	83	5	89	6	84	7	86	8	82	9	85	
	0	40	1	45	2	44	3	40	4	42	5	45	6	40	7	41	8	40	9	45	
	0	15	1	25	2	26	3	13	4	19	5	12	6	23	7	18	8	18	9	22	
	0	58	1	57	2	55	3	57	4	60	5	59	6	61	7	66	8	56	9	65	
	0	38	1	42	2	26	3	38	4	35	5	34	6	31	7	36	8	29	9	24	
	0	28	1	21	2	33	3	37	4	25	5	37	6	38	7	30	8	40	9	35	
	0	76	1	74	2	77	3	78	4	78	5	73	6	89	7	70	8	77	9	78	
	0	90	1	94	2	84	3	79	4	78	5	88	6	77	7	91	8	95	9	93	
	0	95	1	102	2	90	3	92	4	106	5	93	6	90	7	93	8	88	9	93	
	0	55	1	56	2	48	3	50	4	47	5	63	6	65	7	49	8	64	9	57	
	0	70	1	84	2	81	3	78	4	70	5	75	6	73	7	73	8	88	9	83	
	0	23	1	30	2	26	3	22	4	22	5	33	6	29	7	23	8	25	9	29	
	0	110	1	96	2	113	3	105	4	108	5	101	6	111	7	100	8	97	9	96	
	0	45	1	40	2	33	3	36	4	31	5	39	6	32	7	28	8	43	9	27	
	0	52	1	67	2	53	3	61	4	66	5	69	6	56	7	65	8	60	9	69	
	0	35	1	43	2	38	3	44	4	34	5	35	6	42	7	44	8	33	9	28	
	0	51	1	42	2	52	3	51	4	50	5	52	6	42	7	50	8	52	9	48	
	0	100	1	99	2	89	3	94	4	97	5	95	6	86	7	95	8	90	9	87	
	0	80	1	81	2	90	3	92	4	91	5	80	6	85	7	82	8	85	9	86	
	0	105	1	92	2	95	3	96	4	96	5	92	6	99	7	93	8	90	9	100	
	0	31	1	33	2	23	3	32	4	21	5	32	6	35	7	37	8	37	9	37	
	0	113	1	97	2	102	3	114	4	102	5	105	6	104	7	112	8	104	9	99	
	0	26	1	35	2	28	3	33	4	30	5	23	6	39	7	24	8	37	9	32	
	0	19	1	30	2	29	3	30	4	20	5	14	6	16	7	17	8	17	9	29	
	0	62	1	51	2	59	3	67	4	66	5	57	6	67	7	64	8	65	9	67	
	0	119	1	104	2	104	3	113	4	100	5	108	6	118	7	117	8	109	9	105	
	0	83	1	75	2	84	3	78	4	71	5	84	6	87	7	72	8	82	9	83	
	0	82	1	73	2	67	3	79	4	70	5	79	6	69	7	75	8	81	9	70	
	0	26	1	37	2	27	3	28	4	18	5	25	6	24	7	27	8	34	9	36	
	0	83	1	87	2	73	3	75	4	88	5	74	6	84	7	75	8	79	9	84	
	0	13	1	15	2	21	3	13	4	21	5	28	6	23	7	12	8	14	9	18	
	0	104	1	109	2	110	3	99	4	100	5	110	6	101	7	103	8	117	9	106	
	0	22	1	10	2	25	3	14	4	22	5	14	6	21	7	20	8	11	9	20	
	0	15	1	6	2	7	3	23	4	14	5	6	6	19	7	18	8	13	9	5	
	0	52	1	58	2	49	3	43	4	47	5	48	6	57	7	52	8	58	9	51	
	0	72	1	78	2	74	3	82	4	75	5	72	6	76	7	74	8	81	9	67	
	0	16	1	14	2	24	3	18	4	23	5	19	6	28	7	17	8	18	9	19	
	0	77	1	82	2	68	3	69	4	72	5	67	6	68	7	75	8	67	9	79	
	0	99	1	86	2	96	3	91	4	90	5	88	6	84	7	103	8	84	9	99	
	0	50	1	58	2	50	3	56	4	50	5	45	6	59	7	47	8	52	9	53	
	0	24	1	19	2	28	3	12	4	18	5	29	6	27	7	12	8	11	9	14	
	0	40	1	37	2	47	3	38	4	48	5	42	6	49	7	46	8	35	9	52	
	0	47	1	41	2	55	3	41	4	49	5	55	6	43	7	45	8	44	9	54	
	0	23	1	23	2	12	3	12	4	9	5	22	6	21	7	27	8	13	9	15	
	0	81	1	89	2	76	3	82	4	74	5	82	6	84	7	75	8	76	9	93	
	0	89	1	80	2	76	3	87	4	78	5	93	6	92	7	89	8	85	9	93	
	0	41	1	33	2	49	3	36	4	34	5	50	6	50	7	33	8	34	9	44	
	0	104	1	92	2	105	3	99	4	95	5	95	6	106	7	94	8	109	9	105	
	0	41	1	26	2	27	3	41	4	32	5	32	6	37	7	34	8	27	9	38	
	0	70	1	79	2	81	3	80	4	81	5	75	6	74	7	73	8	72	9	79	
	0	13	1	21	2	16	3	10	4	17	5	24	6	20	7	26	8	16	9	12	
	0	80	1	67	2	80	3	81	4	83	5	73	6	70	7	85	8	79	9	76	
	0	56	1	49	2	51	3	43	4	43	5	45	6	44	7	54	8	48	9	51	
	0	66	1	60	2	65	3	61	4	55	5	65	6	51	7	55	8	58	9	62	
	0	113	1	108	2	108	3	109	4	119	5	112	6	105	7	104	8	104	9	109	
	0	83	1	83	2	71	3	73	4	79	5	74	6	64	7	71	8	70	9	83	
	0	45	1	46	2	61	3	55	4	45	5	46	6	58	7	60	8	48	9	49	
	0	104	1	102	2	117	3	114	4	110	5	100	6	116	7	108	8	118	9	113	
	0	68	1	78	2	78	3	63	4	80	5	79	6	77	7	65	8	63	9	75	
	0	88	1	86	2	93	3	84	4	82	5	98	6	82	7	98	8	81	9	85	
	0	40	1	38	2	50	3	36	4	40	5	53	6	54	7	42	8	42	9	36	
	0	74	1	76	2	83	3	85	4	87	5	85	6	75	7	85	8	90	9	83	
	0	103	1	120	2	119	3	106	4	115	5	105	6	120	7	112	8	112	9	119	
	0	79	1	87	2	75	3	80	4	78	5	86	6	80	7	79	8	74	9	88	
	0	48	1	50	2	49	3	66	4	51	5	54	6	63	7	59	8	54	9	65	
	0	47	1	39	2	47	3	42	4	41	5	52	6	43	7	42	8	48	9	47	
	0	90	1	100	2	86	3	87	4	105	5	96	6	95	7	87	8	92	9	101	
	0	24	1	26	2	17	3	18	4	23	5	23	6	14	7	22	8	17	9	20	
	0	84	1	73	2	76	3	75	4	81	5	89	6	75	7	81	8	81	9	90	
	0	19	1	21	2	20	3	26	4	15	5	28	6	22	7	14	8	12	9	15	
	0	67	1	73	2	69	3	71	4	64	5	65	6	74	7	64	8	73	9	74	
	0	105	1	107	2	102	3	95	4	107	5	90	6	97	7	101	8	90	9	103	
	0	92	1	90	2	84	3	92	4	78	5	81	6	86	7	79	8	91	9	87	
	0	72	1	80	2	69	3	71	4	74	5	67	6	62	7	72	8	81	9	73	
	0	93	1	91	2	91	3	90	4	105	5	103	6	88	7	86	8	102	9	96	
	0	107	1	107	2	96	3	103	4	97	5	103	6	103	7	96	8	105	9	97	
	0	84	1	72	2	84	3	68	4	74	5	76	6	78	7	72	8	85	9	85	
	0	33	1	48	2	47	3	46	4	51	5	35	6	46	7	43	8	43	9	36	
	0	40	1	31	2	34	3	47	4	39	5	40	6	35	7	40	8	30	9	48	
	0	109	1	107	2	112	3	106	4	114	5	103	6	112	7	108	8	99	9	98	
	0	4	1	18	2	10	3	14	4	19	5	19	6	21	7	23	8	8	9	9	
	0	89	1	94	2	90	3	81	4	92	5	99	6	82	7	93	8	92	9	87	
	0	81	1	78	2	77	3	65	4	79	5	68	6	73	7	83	8	65	9	72	
	0	51	1	48	2	54	3	54	4	36	5	44	6	36	7	41	8	39	9	43	
	0	51	1	42	2	36	3	36	4	36	5	40	6	43	7	44	8	51	9	46	
	0	66	1	65	2	56	3	54	4	53	5	57	6	62	7	64	8	56	9	64	
	0	113	1	115	2	108	3	108	4	107	5	104	6	109	7	119	8	109	9	119	
	0	97	1	104	2	97	3	93	4	99	5	98	6	90	7	98	8	98	9	97	
	0	57	1	52	2	54	3	60	4	64	5	58	6	61	7	60	8	51	9	64	
	0	21	1	31	2	26	3	33	4	38	5	28	6	39	7	30	8	31	9	33	
	0	102	1	98	2	107	3	90	4	91	5	107	6	99	7	108	8	102	9	106	
	0	63	1	71	2	65	3	75	4	73	5	70	6	61	7	74	8	71	9	64	
	0	103	1	101	2	92	3	97	4	90	5	94	6	93	7	87	8	86	9	102	
	0	113	1	111	2	101	3	107	4	113	5	106	6	112	7	105	8	102	9	101	
	0	26	1	25	2	20	3	15	4	23	5	16	6	24	7	15	8	29	9	29	
	0	81	1	78	2	78	3	79	4	90	5	83	6	84	7	90	8	79	9	89	
	0	46	1	51	2	60	3	41	4	57	5	45	6	46	7	52	8	43	9	47	
	0	67	1	51	2	51	3	55	4	55	5	49	6	57	7	58	8	60	9	49	
	0	71	1	81	2	67	3	78	4	81	5	85	6	84	7	71	8	69	9	76	
	0	77	1	77	2	70	3	80	4	69	5	83	6	73	7	83	8	74	9	70	
	0	39	1	44	2	41	3	30	4	34	5	42	6	44	7	41	8	44	9	26	
	0	22	1	19	2	10	3	13	4	26	5	21	6	25	7	24	8	24	9	10	
	0	16	1	11	2	7	3	19	4	10	5	16	6	22	7	9	8	11	9	19	
	0	114	1	99	2	113	3	103	4	109	5	104	6	98	7	101	8	103	9	110	
	0	28	1	29	2	19	3	35	4	22	5	28	6	25	7	26	8	28	9	32	
	0	55	1	60	2	62	3	48	4	61	5	58	6	53	7	51	8	47	9	49	
	0	34	1	44	2	44	3	30	4	45	5	41	6	41	7	44	8	40	9	49	
	0	109	1	114	2	113	3	115	4	111	5	119	6	120	7	101	8	106	9	107	
	0	92	1	89	2	83	3	97	4	98	5	94	6	92	7	84	8	84	9	84	
	0	89	1	87	2	91	3	93	4	80	5	92	6	81	7	94	8	80	9	86	
	0	30	1	30	2	48	3	44	4	32	5	39	6	41	7	42	8	30	9	47	
	0	67	1	65	2	69	3	65	4	77	5	73	6	67	7	70	8	74	9	77	
	0	89	1	82	2	82	3	73	4	87	5	81	6	81	7	86	8	72	9	89	
	0	37	1	42	2	45	3	37	4	43	5	36	6	54	7	50	8	47	9	49	
	0	53	1	50	2	49	3	55	4	49	5	46	6	51	7	42	8	38	9	53	
	0	101	1	97	2	87	3	100	4	84	5	88	6	87	7	92	8	92	9	92	
	0	91	1	85	2	99	3	83	4	99	5	96	6	96	7	97	8	96	9	89	
	0	88	1	93	2	80	3	86	4	84	5	76	6	78	7	85	8	89	9	79	
	0	9	1	14	2	8	3	15	4	19	5	12	6	20	7	6	8	16	9	8	
	0	50	1	66	2	60	3	47	4	65	5	60	6	51	7	48	8	50	9	54	
	0	70	1	64	2	77	3	72	4	58	5	65	6	77	7	63	8	74	9	69	
	0	28	1	29	2	26	3	28	4	27	5	37	6	20	7	30	8	32	9	36	
	0	10	1	16	2	26	3	15	4	24	5	27	6	20	7	18	8	22	9	10	
	0	36	1	22	2	17	3	29	4	25	5	25	6	31	7	23	8	20	9	31	
	0	104	1	105	2	101	3	104	4	101	5	94	6	111	7	102	8	95	9	95	
	0	88	1	94	2	92	3	89	4	89	5	88	6	96	7	93	8	83	9	85	
	0	77	1	77	2	74	3	78	4	87	5	89	6	78	7	80	8	74	9	74	
	0	12	1	23	2	23	3	26	4	8	5	11	6	8	7	9	8	13	9	9	
	0	39	1	49	2	41	3	48	4	38	5	52	6	50	7	51	8	38	9	56	
	0	80	1	84	2	70	3	88	4	81	5	87	6	80	7	81	8	78	9	88	
	0	76	1	63	2	72	3	78	4	62	5	73	6	76	7	62	8	68	9	72	
	0	12	1	19	2	25	3	13	4	9	5	18	6	11	7	9	8	23	9	20	
	0	52	1	59	2	56	3	51	4	58	5	53	6	60	7	55	8	51	9	51	
	0	60	1	68	2	67	3	67	4	66	5	65	6	61	7	65	8	76	9	70	
	0	104	1	107	2	111	3	113	4	113	5	103	6	104	7	112	8	111	9	113	
	0	33	1	17	2	30	3	25	4	24	5	28	6	26	7	23	8	32	9	34	
	0	78	1	77	2	92	3	89	4	92	5	94	6	82	7	91	8	91	9	76	
	0	81	1	74	2	79	3	84	4	74	5	80	6	78	7	77	8	85	9	76	
	0	60	1	62	2	50	3	55	4	54	5	54	6	53	7	47	8	55	9	53	
	0	24	1	32	2	28	3	31	4	36	5	32	6	33	7	32	8	43	9	37	
	0	15	1	19	2	16	3	6	4	6	5	19	6	21	7	17	8	23	9	17	
	0	49	1	41	2	51	3	52	4	54	5	46	6	53	7	41	8	56	9	53	
	0	71	1	87	2	71	3	75	4	88	5	78	6	83	7	70	8	78	9	76	
	0	81	1	85	2	81	3	79	4	74	5	70	6	79	7	89	8	71	9	85	
	0	30	1	47	2	42	3	36	4	33	5	46	6	43	7	42	8	37	9	35	
	0	74	1	61	2	64	3	64	4	65	5	69	6	73	7	78	8	63	9	80	
	0	41	1	47	2	58	3	42	4	47	5	58	6	58	7	47	8	48	9	46	
	0	82	1	85	2	84	3	82	4	84	5	90	6	85	7	86	8	97	9	100	
	0	106	1	101	2	111	3	112	4	102	5	111	6	107	7	108	8	113	9	101	
	0	100	1	109	2	107	3	100	4	95	5	98	6	104	7	108	8	113	9	106	
	0	61	1	71	2	71	3	72	4	64	5	66	6	68	7	68	8	59	9	68	
	0	38	1	33	2	36	3	23	4	20	5	27	6	24	7	29	8	21	9	32	
	0	84	1	79	2	90	3	83	4	88	5	93	6	82	7	77	8	94	9	86	
	0	46	1	29	2	33	3	45	4	37	5	37	6	38	7	38	8	41	9	45	
	0	84	1	96	2	94	3	91	4	95	5	84	6	101	7	87	8	91	9	83	
	0	69	1	58	2	64	3	65	4	67	5	53	6	54	7	66	8	63	9	67	
	0	103	1	94	2	102	3	100	4	105	5	107	6	102	7	108	8	102	9	102	
	0	94	1	93	2	91	3	79	4	83	5	75	6	78	7	81	8	89	9	90	
	0	34	1	49	2	47	3	34	4	38	5	48	6	44	7	48	8	51	9	45	
	0	59	1	67	2	63	3	73	4	70	5	63	6	65	7	64	8	61	9	73	
	0	120	1	107	2	119	3	109	4	105	5	114	6	107	7	115	8	108	9	110	
	0	70	1	80	2	85	3	67	4	77	5	81	6	66	7	84	8	70	9	67	
	0	100	1	109	2	95	3	98	4	103	5	112	6	109	7	100	8	95	9	97	
	0	8	1	21	2	14	3	12	4	15	5	9	6	19	7	9	8	9	9	7	
	0	71	1	65	2	75	3	65	4	64	5	65	6	76	7	76	8	68	9	76	
	0	120	1	112	2	107	3	107	4	103	5	108	6	113	7	108	8	106	9	106	
	0	46	1	55	2	53	3	55	4	46	5	37	6	53	7	37	8	52	9	47	
	0	43	1	34	2	39	3	36	4	44	5	27	6	29	7	31	8	43	9	39	
	0	72	1	61	2	64	3	64	4	64	5	71	6	67	7	68	8	68	9	68	
	0	78	1	67	2	75	3	80	4	80	5	64	6	68	7	63	8	79	9	70	
	0	83	1	78	2	71	3	83	4	69	5	84	6	73	7	66	8	66	9	84	
	0	113	1	106	2	108	3	100	4	114	5	112	6	103	7	116	8	104	9	108	
	0	70	1	70	2	78	3	71	4	75	5	85	6	71	7	73	8	75	9	77	
	0	27	1	27	2	10	3	14	4	14	5	8	6	11	7	24	8	8	9	14	
	0	70	1	84	2	77	3	87	4	80	5	80	6	78	7	72	8	82	9	71	
	0	84	1	79	2	83	3	76	4	86	5	74	6	76	7	83	8	80	9	83	
	0	85	1	84	2	98	3	97	4	93	5	90	6	93	7	91	8	93	9	94	
	0	16	1	13	2	18	3	15	4	24	5	15	6	13	7	31	8	26	9	20	
	0	64	1	80	2	73	3	65	4	69	5	77	6	70	7	71	8	78	9	69	
	0	40	1	41	2	48	3	45	4	56	5	58	6	41	7	47	8	52	9	41	
	0	46	1	51	2	49	3	46	4	38	5	39	6	39	7	45	8	37	9	53	
	0	54	1	44	2	49	3	40	4	43	5	45	6	54	7	49	8	44	9	36	
	0	47	1	60	2	47	3	61	4	47	5	62	6	52	7	47	8	53	9	54	
	0	20	1	15	2	16	3	25	4	23	5	30	6	16	7	15	8	24	9	27	
	0	36	1	44	2	41	3	41	4	37	5	42	6	44	7	46	8	32	9	42	
	0	48	1	40	2	36	3	35	4	34	5	36	6	31	7	37	8	43	9	38	
	0	103	1	119	2	116	3	102	4	113	5	114	6	114	7	108	8	110	9	116	
	0	10	1	16	2	17	3	22	4	4	5	4	6	21	7	14	8	22	9	7	
	0	94	1	94	2	78	3	76	4	90	5	88	6	76	7	76	8	78	9	93	
	0	37	1	42	2	49	3	45	4	36	5	47	6	39	7	45	8	47	9	48	
	0	82	1	70	2	72	3	76	4	68	5	75	6	82	7	79	8	80	9	66	
	0	44	1	38	2	42	3	52	4	51	5	45	6	49	7	52	8	52	9	40	
	0	30	1	33	2	32	3	35	4	31	5	37	6	24	7	31	8	23	9	28	
	0	66	1	77	2	66	3	66	4	79	5	84	6	85	7	79	8	77	9	81	
	0	16	1	22	2	15	3	30	4	13	5	17	6	19	7	17	8	30	9	16	
	0	102	1	86	2	96	3	83	4	87	5	92	6	101	7	101	8	83	9	102	
	0	24	1	27	2	33	3	38	4	33	5	20	6	35	7	37	8	29	9	25	
	0	19	1	23	2	20	3	29	4	28	5	19	6	23	7	27	8	32	9	37	
	0	58	1	67	2	59	3	57	4	53	5	57	6	61	7	69	8	69	9	54	
	0	11	1	20	2	17	3	22	4	13	5	20	6	4	7	9	8	11	9	22	
	0	48	1	50	2	61	3	56	4	57	5	47	6	58	7	59	8	60	9	51	
	0	10	1	8	2	14	3	21	4	20	5	18	6	8	7	23	8	5	9	19	
	0	20	1	21	2	28	3	33	4	31	5	34	6	23	7	22	8	23	9	19	
	0	75	1	67	2	63	3	73	4	70	5	72	6	68	7	57	8	74	9	71	
	0	47	1	60	2	55	3	48	4	45	5	59	6	41	7	44	8	57	9	52	
	0	79	1	84	2	70	3	74	4	74	5	84	6	85	7	84	8	75	9	73	
	0	112	1	103	2	111	3	103	4	102	5	113	6	105	7	102	8	113	9	116	
	0	31	1	44	2	41	3	30	4	38	5	40	6	47	7	41	8	40	9	37	
	0	80	1	70	2	86	3	80	4	74	5	84	6	76	7	73	8	78	9	83	
	0	15	1	31	2	15	3	15	4	16	5	20	6	23	7	34	8	33	9	15	
	0	59	1	49	2	48	3	45	4	59	5	43	6	45	7	51	8	49	9	53	
	0	75	1	79	2	76	3	83	4	72	5	80	6	79	7	75	8	78	9	78	
	0	65	1	65	2	79	3	82	4	73	5	65	6	82	7	80	8	72	9	82	
	0	6	1	24	2	16	3	13	4	11	5	9	6	20	7	21	8	18	9	14	
	0	57	1	40	2	42	3	41	4	46	5	51	6	46	7	48	8	45	9	39	
	0	24	1	18	2	13	3	11	4	18	5	13	6	19	7	10	8	21	9	15	
	0	39	1	36	2	36	3	40	4	50	5	37	6	46	7	51	8	40	9	42	
	0	37	1	36	2	54	3	38	4	43	5	48	6	49	7	45	8	48	9	49	
	0	84	1	87	2	68	3	74	4	85	5	75	6	85	7	77	8	79	9	74	
	0	26	1	18	2	20	3	19	4	10	5	12	6	8	7	23	8	14	9	8	
	0	72	1	66	2	85	3	75	4	66	5	84	6	82	7	74	8	71	9	85	
	0	95	1	99	2	100	3	103	4	107	5	105	6	91	7	95	8	107	9	93	
	0	68	1	71	2	73	3	78	4	69	5	80	6	68	7	78	8	79	9	72	
	0	68	1	59	2	76	3	74	4	75	5	70	6	65	7	59	8	75	9	71	
	0	37	1	33	2	25	3	26	4	25	5	29	6	27	7	21	8	29	9	33	
	0	99	1	113	2	100	3	108	4	115	5	111	6	103	7	109	8	109	9	98	
	0	16	1	20	2	12	3	11	4	18	5	5	6	7	7	16	8	7	9	11	
	0	37	1	43	2	32	3	39	4	41	5	31	6	45	7	39	8	38	9	33	
	0	103	1	107	2	107	3	112	4	108	5	104	6	115	7	107	8	112	9	111	
	0	26	1	32	2	35	3	29	4	37	5	37	6	44	7	31	8	40	9	44	
	0	52	1	64	2	64	3	49	4	59	5	53	6	58	7	57	8	61	9	59	
	0	29	1	29	2	23	3	28	4	26	5	25	6	25	7	25	8	25	9	17	
	0	32	1	34	2	33	3	40	4	27	5	33	6	40	7	22	8	21	9	38	
	0	61	1	48	2	57	3	48	4	61	5	48	6	67	7	62	8	63	9	55	
	0	99	1	85	2	91	3	90	4	91	5	90	6	86	7	91	8	87	9	96	
	0	24	1	16	2	20	3	24	4	16	5	21	6	23	7	20	8	33	9	31	
	0	14	1	14	2	27	3	16	4	8	5	21	6	22	7	12	8	24	9	9	
	0	82	1	96	2	94	3	92	4	87	5	89	6	84	7	81	8	94	9	81	
	0	45	1	54	2	58	3	42	4	44	5	59	6	41	7	49	8	52	9	47	
	0	94	1	98	2	88	3	90	4	84	5	97	6	90	7	84	8	88	9	97	
	0	86	1	93	2	100	3	95	4	98	5	103	6	92	7	85	8	102	9	102	
	0	10	1	10	2	26	3	16	4	25	5	26	6	26	7	9	8	16	9	16	
	0	34	1	46	2	41	3	41	4	38	5	39	6	44	7	37	8	41	9	30	
	0	29	1	30	2	21	3	17	4	16	5	12	6	16	7	23	8	26	9	20	
	0	55	1	63	2	68	3	64	4	59	5	62	6	51	7	55	8	62	9	59	
	0	31	1	40	2	33	3	45	4	47	5	34	6	31	7	35	8	46	9	36	
	0	7	1	6	2	17	3	12	4	11	5	21	6	13	7	23	8	13	9	20	
	0	79	1	73	2	75	3	83	4	72	5	78	6	77	7	81	8	79	9	64	
	0	34	1	27	2	28	3	33	4	23	5	25	6	35	7	19	8	20	9	38	
	0	116	1	109	2	103	3	113	4	110	5	103	6	113	7	119	8	116	9	114	
	0	87	1	79	2	85	3	81	4	87	5	90	6	80	7	80	8	80	9	84	
	0	13	1	19	2	27	3	19	4	26	5	26	6	31	7	28	8	29	9	20	
	0	100	1	98	2	105	3	99	4	101	5	110	6	102	7	100	8	94	9	101	
	0	22	1	30	2	16	3	13	4	18	5	20	6	22	7	13	8	16	9	24	
	0	97	1	91	2	102	3	106	4	105	5	98	6	95	7	89	8	91	9	101	
	0	57	1	62	2	65	3	68	4	62	5	58	6	66	7	63	8	59	9	61	
	0	95	1	105	2	105	3	96	4	97	5	108	6	104	7	97	8	102	9	96	
	0	80	1	93	2	86	3	93	4	90	5	78	6	84	7	87	8	75	9	84	
	0	44	1	47	2	34	3	33	4	48	5	40	6	29	7	43	8	37	9	40	
	0	54	1	62	2	57	3	66	4	48	5	57	6	64	7	61	8	48	9	48	
	0	48	1	48	2	51	3	43	4	50	5	50	6	58	7	57	8	55	9	46	
	0	84	1	88	2	93	3	87	4	95	5	90	6	95	7	97	8	99	9	99	
	0	69	1	70	2	57	3	62	4	56	5	57	6	75	7	65	8	73	9	58	
	0	95	1	100	2	86	3	96	4	85	5	103	6	86	7	104	8	103	9	99	
	0	91	1	89	2	84	3	74	4	73	5	88	6	81	7	89	8	82	9	76	
	0	18	1	29	2	13	3	14	4	31	5	30	6	18	7	20	8	24	9	16	
	0	84	1	88	2	93	3	97	4	85	5	90	6	84	7	89	8	98	9	85	
	0	96	1	103	2	93	3	102	4	104	5	104	6	93	7	107	8	96	9	103	
	0	79	1	91	2	95	3	88	4	79	5	83	6	79	7	79	8	92	9	84	
	0	34	1	38	2	34	3	31	4	31	5	36	6	31	7	26	8	42	9	44	
	0	109	1	103	2	99	3	97	4	97	5	91	6	93	7	102	8	102	9	96	
	0	38	1	23	2	31	3	31	4	33	5	38	6	31	7	22	8	23	9	30	
	0	100	1	112	2	109	3	109	4	99	5	104	6	94	7	103	8	97	9	110	
	0	51	1	49	2	35	3	47	4	37	5	36	6	40	7	39	8	39	9	45	
	0	56	1	43	2	50	3	50	4	57	5	46	6	46	7	42	8	46	9	44	
	0	14	1	10	2	23	3	7	4	7	5	17	6	14	7	8	8	19	9	12	
	0	63	1	73	2	63	3	69	4	60	5	65	6	66	7	71	8	64	9	54	
	0	51	1	54	2	53	3	59	4	44	5	42	6	50	7	49	8	50	9	49	
	0	95	1	79	2	84	3	87	4	89	5	82	6	84	7	87	8	80	9	89	
	0	29	1	29	2	26	3	14	4	22	5	12	6	14	7	25	8	24	9	12	
	0	80	1	92	2	83	3	77	4	96	5	77	6	78	7	94	8	88	9	89	
	0	21	1	16	2	26	3	18	4	30	5	28	6	22	7	17	8	21	9	15	
	0	104	1	115	2	119	3	106	4	119	5	113	6	103	7	111	8	111	9	109	
	0	92	1	91	2	89	3	89	4	108	5	101	6	90	7	107	8	89	9	93	
	0	111	1	101	2	107	3	118	4	119	5	119	6	119	7	114	8	113	9	110	
	0	89	1	85	2	80	3	88	4	74	5	89	6	71	7	72	8	86	9	89	
	0	113	1	110	2	103	3	107	4	112	5	111	6	106	7	103	8	106	9	104	
	0	66	1	67	2	67	3	69	4	68	5	69	6	69	7	59	8	61	9	66	
	0	68	1	66	2	63	3	59	4	53	5	58	6	68	7	50	8	56	9	67	
	0	54	1	52	2	58	3	57	4	45	5	45	6	45	7	52	8	59	9	59	
	0	23	1	33	2	33	3	18	4	34	5	21	6	28	7	16	8	23	9	33	
	0	56	1	62	2	62	3	56	4	59	5	64	6	61	7	59	8	57	9	61	
	0	96	1	92	2	97	3	109	4	92	5	107	6	103	7	95	8	94	9	101	
	0	72	1	75	2	61	3	67	4	61	5	75	6	62	7	79	8	77	9	78	
	0	61	1	74	2	67	3	57	4	57	5	64	6	65	7	73	8	57	9	60	
	0	79	1	75	2	83	3	79	4	65	5	83	6	75	7	73	8	81	9	66	
	0	103	1	91	2	94	3	105	4	107	5	97	6	90	7	104	8	92	9	99	
	0	51	1	60	2	46	3	47	4	51	5	43	6	47	7	57	8	58	9	53	
	0	19	1	25	2	27	3	22	4	30	5	26	6	25	7	16	8	15	9	32	
	0	63	1	62	2	48	3	57	4	50	5	59	6	56	7	63	8	51	9	55	
	0	47	1	56	2	58	3	59	4	54	5	56	6	40	7	44	8	56	9	42	
	0	105	1	112	2	103	3	103	4	110	5	116	6	113	7	100	8	111	9	112	
	0	11	1	29	2	14	3	11	4	29	5	24	6	18	7	13	8	13	9	23	
	0	99	1	91	2	85	3	99	4	98	5	101	6	94	7	101	8	91	9	90	
	0	76	1	88	2	72	3	78	4	82	5	84	6	72	7	82	8	77	9	76	
	0	57	1	64	2	57	3	50	4	53	5	59	6	62	7	57	8	62	9	64	
	0	31	1	40	2	33	3	30	4	29	5	36	6	44	7	34	8	44	9	39	
	0	42	1	40	2	43	3	42	4	59	5	44	6	55	7	54	8	56	9	52	
	0	65	1	70	2	62	3	62	4	71	5	70	6	62	7	74	8	61	9	68	
	0	89	1	96	2	95	3	99	4	85	5	85	6	99	7	93	8	85	9	99	
	0	15	1	24	2	28	3	17	4	24	5	15	6	25	7	34	8	20	9	22	
	0	64	1	72	2	69	3	73	4	69	5	58	6	55	7	71	8	56	9	56	
	0	104	1	111	2	108	3	111	4	103	5	111	6	100	7	104	8	116	9	100	
	0	67	1	78	2	78	3	80	4	72	5	76	6	62	7	63	8	62	9	67	
	0	23	1	30	2	22	3	30	4	34	5	33	6	18	7	20	8	29	9	18	
	0	111	1	99	2	105	3	104	4	104	5	111	6	106	7	95	8	110	9	111	
	0	11	1	11	2	22	3	17	4	23	5	16	6	14	7	20	8	23	9	11	
	0	27	1	33	2	27	3	30	4	33	5	19	6	23	7	27	8	32	9	19	
	0	87	1	92	2	92	3	86	4	75	5	89	6	86	7	78	8	89	9	89	
	0	39	1	22	2	28	3	41	4	39	5	29	6	24	7	30	8	36	9	25	
	0	103	1	94	2	98	3	94	4	111	5	106	6	97	7	108	8	100	9	108	
	0	113	1	104	2	104	3	104	4	107	5	113	6	114	7	117	8	109	9	108	
	0	83	1	83	2	85	3	84	4	73	5	73	6	72	7	89	8	70	9	76	
	0	99	1	95	2	93	3	108	4	101	5	109	6	99	7	98	8	99	9	92	
	0	105	1	100	2	104	3	93	4	107	5	94	6	93	7	94	8	94	9	101	
	0	96	1	93	2	110	3	104	4	107	5	94	6	101	7	94	8	98	9	111	
	0	103	1	117	2	107	3	108	4	112	5	118	6	102	7	115	8	107	9	103	
	0	68	1	57	2	62	3	57	4	53	5	70	6	69	7	70	8	70	9	61	
	0	72	1	66	2	73	3	80	4	68	5	66	6	65	7	65	8	64	9	72	
	0	115	1	110	2	106	3	109	4	105	5	116	6	99	7	100	8	97	9	106	
	0	43	1	32	2	43	3	34	4	36	5	36	6	39	7	40	8	32	9	43	
	0	59	1	53	2	54	3	65	4	59	5	67	6	67	7	65	8	51	9	68	
	0	32	1	44	2	42	3	44	4	32	5	35	6	38	7	36	8	40	9	47	
	0	85	1	88	2	80	3	90	4	79	5	74	6	77	7	86	8	89	9	87	
	0	28	1	16	2	28	3	17	4	17	5	27	6	20	7	30	8	23	9	20	
	0	36	1	33	2	33	3	19	4	29	5	31	6	33	7	36	8	36	9	33	
	0	97	1	109	2	110	3	101	4	110	5	108	6	111	7	101	8	92	9	103	
	0	68	1	70	2	68	3	75	4	73	5	71	6	76	7	63	8	74	9	68	
	0	24	1	25	2	23	3	39	4	36	5	35	6	32	7	28	8	21	9	35	
	0	56	1	55	2	50	3	51	4	43	5	54	6	47	7	58	8	40	9	45	
	0	105	1	99	2	99	3	98	4	98	5	105	6	97	7	103	8	101	9	100	
	0	13	1	21	2	7	3	10	4	24	5	16	6	25	7	7	8	7	9	17	
	0	108	1	100	2	102	3	98	4	96	5	95	6	112	7	102	8	107	9	112	
	0	103	1	97	2	113	3	106	4	97	5	102	6	107	7	108	8	100	9	105	
	0	69	1	62	2	76	3	66	4	68	5	62	6	74	7	67	8	73	9	78	
	0	67	1	69	2	76	3	71	4	63	5	77	6	66	7	73	8	75	9	77	
	0	42	1	35	2	34	3	39	4	38	5	53	6	43	7	45	8	45	9	49	
	0	93	1	103	2	102	3	99	4	110	5	110	6	106	7	108	8	99	9	109	
	0	71	1	78	2	63	3	68	4	59	5	61	6	60	7	68	8	65	9	78	
	0	105	1	93	2	95	3	96	4	106	5	97	6	105	7	90	8	108	9	107	
	0	16	1	26	2	8	3	22	4	17	5	25	6	14	7	17	8	16	9	21	
	0	94	1	93	2	94	3	78	4	96	5	90	6	81	7	86	8	82	9	90	
	0	60	1	68	2	74	3	60	4	68	5	58	6	72	7	63	8	63	9	76	
	0	81	1	87	2	74	3	90	4	89	5	73	6	78	7	90	8	73	9	92	
	0	101	1	101	2	101	3	94	4	95	5	91	6	97	7	107	8	101	9	99	
	0	16	1	14	2	17	3	15	4	8	5	16	6	24	7	21	8	17	9	21	
	0	102	1	104	2	105	3	111	4	118	5	120	6	106	7	110	8	116	9	110	
	0	48	1	34	2	35	3	53	4	43	5	45	6	42	7	37	8	46	9	50	
	0	18	1	8	2	6	3	10	4	9	5	18	6	23	7	8	8	16	9	18	
	0	65	1	69	2	68	3	82	4	79	5	79	6	84	7	75	8	71	9	71	
	0	101	1	97	2	108	3	109	4	101	5	101	6	111	7	98	8	98	9	106	
	0	73	1	64	2	69	3	63	4	68	5	73	6	71	7	64	8	66	9	56	
	0	25	1	26	2	27	3	32	4	25	5	37	6	39	7	41	8	31	9	41	
	0	73	1	79	2	69	3	77	4	76	5	74	6	77	7	79	8	75	9	76	
	0	57	1	57	2	64	3	60	4	73	5	66	6	71	7	62	8	63	9	59	
	0	59	1	63	2	52	3	49	4	50	5	44	6	52	7	61	8	48	9	58	
	0	47	1	40	2	37	3	40	4	43	5	42	6	37	7	43	8	56	9	39	
	0	77	1	61	2	63	3	73	4	74	5	67	6	65	7	62	8	66	9	67	
	0	70	1	69	2	85	3	87	4	84	5	78	6	79	7	82	8	77	9	75	
	0	51	1	48	2	44	3	44	4	43	5	58	6	58	7	56	8	48	9	44	
	0	74	1	66	2	64	3	64	4	59	5	70	6	62	7	74	8	68	9	61	
	0	50	1	35	2	40	3	45	4	42	5	40	6	47	7	33	8	32	9	48	
	0	26	1	22	2	13	3	11	4	26	5	13	6	25	7	30	8	24	9	27	
	0	90	1	83	2	89	3	89	4	94	5	89	6	90	7	92	8	99	9	90	
	0	93	1	91	2	102	3	99	4	110	5	104	6	106	7	104	8	99	9	110	
	0	43	1	37	2	33	3	33	4	30	5	29	6	42	7	34	8	27	9	40	
	0	65	1	63	2	71	3	70	4	64	5	66	6	67	7	76	8	70	9	69	
	0	86	1	97	2	94	3	83	4	80	5	89	6	93	7	88	8	87	9	90	
	0	40	1	42	2	34	3	43	4	41	5	46	6	40	7	46	8	32	9	47	
	0	94	1	101	2	101	3	94	4	94	5	104	6	110	7	98	8	104	9	107	
	0	47	1	47	2	40	3	38	4	36	5	47	6	51	7	54	8	36	9	44	
	0	87	1	95	2	79	3	86	4	77	5	94	6	79	7	94	8	96	9	85	
	0	61	1	54	2	58	3	51	4	54	5	53	6	51	7	51	8	47	9	62	
	0	91	1	96	2	88	3	93	4	97	5	93	6	91	7	93	8	95	9	92	
	0	77	1	78	2	78	3	73	4	70	5	77	6	76	7	64	8	76	9	72	
	0	30	1	34	2	37	3	31	4	34	5	30	6	30	7	33	8	31	9	38	
	0	52	1	48	2	40	3	41	4	46	5	52	6	53	7	50	8	41	9	37	
	0	47	1	38	2	45	3	36	4	39	5	45	6	44	7	31	8	33	9	29	
	0	107	1	102	2	99	3	101	4	99	5	98	6	104	7	92	8	107	9	110	
	0	22	1	13	2	9	3	19	4	10	5	8	6	11	7	10	8	13	9	20	
	0	44	1	49	2	45	3	47	4	45	5	38	6	40	7	50	8	49	9	55	
	0	35	1	40	2	38	3	41	4	37	5	36	6	42	7	46	8	42	9	41	
	0	73	1	81	2	67	3	65	4	77	5	68	6	71	7	73	8	67	9	66	
	0	22	1	21	2	23	3	14	4	20	5	13	6	29	7	13	8	27	9	29	
	0	88	1	88	2	92	3	84	4	84	5	87	6	82	7	93	8	96	9	85	
	0	71	1	75	2	73	3	69	4	72	5	69	6	76	7	78	8	71	9	77	
	0	85	1	91	2	81	3	87	4	79	5	79	6	88	7	90	8	79	9	96	
	0	107	1	101	2	110	3	113	4	104	5	109	6	106	7	97	8	97	9	97	
	0	18	1	9	2	7	3	14	4	9	5	6	6	7	7	9	8	10	9	9	
	0	95	1	83	2	89	3	88	4	87	5	90	6	87	7	85	8	98	9	96	
	0	29	1	14	2	24	3	27	4	15	5	11	6	27	7	12	8	15	9	13	
	0	103	1	106	2	113	3	103	4	101	5	105	6	114	7	105	8	111	9	113	
	0	63	1	59	2	57	3	69	4	63	5	55	6	60	7	69	8	55	9	54	
	0	102	1	116	2	106	3	99	4	106	5	117	6	114	7	108	8	105	9	98	
	0	47	1	42	2	52	3	38	4	53	5	48	6	39	7	39	8	38	9	39	
	0	117	1	117	2	102	3	112	4	108	5	106	6	105	7	115	8	98	9	99	
	0	63	1	56	2	56	3	70	4	56	5	62	6	70	7	60	8	72	9	71	
	0	98	1	94	2	91	3	101	4	96	5	82	6	100	7	83	8	82	9	96	
	0	27	1	41	2	35	3	38	4	39	5	34	6	38	7	32	8	42	9	26	
	0	28	1	32	2	47	3	37	4	38	5	32	6	29	7	42	8	32	9	42	
	0	51	1	47	2	52	3	41	4	54	5	40	6	44	7	49	8	38	9	40	
	0	95	1	91	2	89	3	99	4	108	5	102	6	94	7	101	8	106	9	93	
	0	23	1	9	2	20	3	12	4	9	5	12	6	20	7	26	8	24	9	12	
	0	38	1	29	2	19	3	29	4	28	5	36	6	23	7	36	8	30	9	37	
	0	95	1	78	2	94	3	90	4	79	5	93	6	96	7	82	8	81	9	90	
	0	15	1	8	2	22	3	9	4	7	5	7	6	19	7	18	8	24	9	19	
	0	80	1	73	2	87	3	72	4	89	5	87	6	88	7	83	8	83	9	75	
	0	92	1	76	2	90	3	87	4	86	5	86	6	78	7	81	8	86	9	84	
	0	89	1	85	2	94	3	83	4	92	5	87	6	93	7	82	8	93	9	90	
	0	51	1	47	2	40	3	45	4	46	5	36	6	49	7	52	8	39	9	48	
	0	32	1	29	2	15	3	15	4	15	5	19	6	17	7	21	8	22	9	24	
	0	37	1	39	2	29	3	43	4	46	5	33	6	37	7	46	8	39	9	42	
	0	68	1	74	2	84	3	72	4	76	5	69	6	77	7	74	8	69	9	87	
	0	84	1	80	2	92	3	80	4	80	5	82	6	78	7	78	8	81	9	84	
	0	84	1	85	2	82	3	83	4	89	5	88	6	83	7	84	8	77	9	86	
	0	91	1	80	2	84	3	75	4	89	5	80	6	93	7	88	8	85	9	93	
	0	50	1	50	2	38	3	55	4	41	5	46	6	46	7	40	8	44	9	46	
	0	73	1	64	2	72	3	71	4	66	5	68	6	68	7	67	8	65	9	71	
	0	34	1	19	2	26	3	30	4	33	5	17	6	36	7	32	8	17	9	36	
	0	90	1	87	2	71	3	81	4	80	5	78	6	86	7	85	8	85	9	76	
	0	47	1	58	2	53	3	60	4	46	5	56	6	57	7	46	8	47	9	48	
	0	57	1	52	2	41	3	54	4	47	5	41	6	50	7	41	8	48	9	58	
	0	86	1	85	2	68	3	72	4	77	5	80	6	86	7	81	8	85	9	74	
	0	88	1	91	2	90	3	89	4	89	5	92	6	90	7	80	8	85	9	90	
	0	104	1	97	2	99	3	104	4	95	5	99	6	105	7	101	8	100	9	110	
	0	100	1	100	2	101	3	99	4	86	5	87	6	104	7	94	8	99	9	91	
	0	97	1	93	2	90	3	99	4	96	5	98	6	104	7	92	8	92	9	88	
	0	106	1	102	2	108	3	100	4	111	5	107	6	108	7	109	8	104	9	104	
	0	14	1	5	2	4	3	6	4	12	5	6	6	13	7	13	8	7	9	8	
	0	72	1	74	2	84	3	75	4	83	5	72	6	73	7	86	8	88	9	82	
	0	21	1	27	2	26	3	31	4	18	5	16	6	32	7	20	8	23	9	23	
	0	72	1	60	2	66	3	74	4	73	5	76	6	66	7	64	8	60	9	64	
	0	68	1	66	2	66	3	58	4	57	5	70	6	72	7	60	8	59	9	60	
	0	31	1	32	2	39	3	35	4	44	5	48	6	43	7	37	8	49	9	48	
	0	47	1	45	2	64	3	63	4	47	5	61	6	50	7	57	8	49	9	62	
	0	95	1	100	2	91	3	99	4	104	5	90	6	109	7	104	8	108	9	102	
	0	60	1	76	2	79	3	77	4	74	5	64	6	73	7	75	8	71	9	63	
	0	78	1	80	2	74	3	83	4	87	5	75	6	82	7	73	8	68	9	84	
	0	84	1	80	2	92	3	74	4	82	5	80	6	89	7	86	8	81	9	74	
	0	55	1	67	2	52	3	54	4	71	5	67	6	65	7	56	8	52	9	67	
	0	87	1	84	2	77	3	74	4	75	5	84	6	91	7	73	8	79	9	81	
	0	44	1	42	2	51	3	39	4	48	5	48	6	41	7	52	8	40	9	40	
	0	51	1	59	2	59	3	46	4	61	5	50	6	51	7	53	8	56	9	50	
	0	71	1	73	2	72	3	78	4	74	5	83	6	72	7	88	8	88	9	72	
	0	48	1	37	2	51	3	44	4	35	5	44	6	40	7	39	8	45	9	37	
	0	89	1	81	2	76	3	83	4	77	5	82	6	91	7	93	8	77	9	91	
	0	102	1	91	2	104	3	89	4	105	5	98	6	106	7	91	8	103	9	102	
	0	14	1	16	2	21	3	17	4	21	5	17	6	15	7	6	8	11	9	5	
	0	60	1	60	2	57	3	67	4	68	5	69	6	72	7	66	8	67	9	72	
	0	41	1	47	2	39	3	49	4	45	5	50	6	51	7	48	8	42	9	40	
	0	100	1	97	2	102	3	93	4	97	5	104	6	86	7	101	8	100	9	91	
	0	6	1	25	2	13	3	8	4	11	5	21	6	9	7	22	8	11	9	18	
	0	91	1	90	2	91	3	88	4	74	5	78	6	76	7	75	8	88	9	90	
	0	24	1	31	2	32	3	28	4	22	5	34	6	30	7	35	8	19	9	22	
	0	71	1	59	2	71	3	61	4	63	5	71	6	64	7	69	8	71	9	71	
	0	71	1	73	2	82	3	67	4	82	5	73	6	75	7	84	8	76	9	84	
	0	52	1	42	2	46	3	50	4	47	5	49	6	42	7	47	8	52	9	54	
	0	43	1	44	2	50	3	50	4	37	5	44	6	36	7	34	8	44	9	46	
	0	62	1	52	2	60	3	54	4	56	5	52	6	66	7	49	8	56	9	65	
	0	46	1	42	2	29	3	43	4	47	5	39	6	32	7	34	8	38	9	45	
	0	38	1	26	2	26	3	25	4	38	5	33	6	39	7	22	8	24	9	23	
	0	84	1	84	2	91	3	78	4	82	5	78	6	90	7	86	8	89	9	77	
	0	106	1	104	2	88	3	101	4	96	5	107	6	106	7	103	8	92	9	99	
	0	29	1	43	2	42	3	30	4	31	5	40	6	43	7	30	8	33	9	38	
	0	3	1	15	2	10	3	9	4	3	5	4	6	20	7	21	8	18	9	8	
	0	19	1	28	2	31	3	37	4	37	5	33	6	31	7	30	8	35	9	27	
	0	79	1	79	2	87	3	89	4	78	5	74	6	85	7	86	8	84	9	84	
	0	57	1	68	2	60	3	58	4	74	5	62	6	62	7	70	8	59	9	73	
	0	104	1	110	2	112	3	99	4	105	5	103	6	100	7	113	8	108	9	110	
	0	22	1	16	2	10	3	26	4	27	5	11	6	13	7	21	8	23	9	13	
	0	53	1	52	2	57	3	62	4	65	5	60	6	59	7	54	8	52	9	55	
	0	42	1	45	2	43	3	52	4	42	5	57	6	41	7	46	8	44	9	51	
	0	64	1	62	2	53	3	57	4	54	5	65	6	70	7	63	8	56	9	68	
	0	107	1	94	2	105	3	109	4	95	5	95	6	99	7	92	8	103	9	111	
	0	39	1	36	2	41	3	42	4	42	5	39	6	46	7	40	8	33	9	40	
	0	105	1	96	2	105	3	101	4	99	5	102	6	94	7	93	8	107	9	97	
	0	56	1	59	2	41	3	55	4	44	5	41	6	49	7	51	8	44	9	51	
	0	50	1	53	2	48	3	53	4	42	5	37	6	53	7	45	8	51	9	52	
	0	44	1	44	2	43	3	41	4	53	5	48	6	52	7	40	8	53	9	49	
	0	72	1	62	2	64	3	59	4	69	5	68	6	66	7	63	8	67	9	62	
	0	64	1	73	2	72	3	74	4	77	5	81	6	74	7	73	8	68	9	74	
	0	106	1	95	2	89	3	108	4	107	5	101	6	99	7	91	8	92	9	91	
	0	70	1	85	2	79	3	80	4	73	5	87	6	79	7	85	8	73	9	73	
	0	76	1	84	2	82	3	79	4	84	5	76	6	94	7	86	8	89	9	92	
	0	76	1	81	2	75	3	75	4	76	5	75	6	82	7	75	8	75	9	80	
	0	30	1	36	2	25	3	28	4	19	5	29	6	23	7	34	8	31	9	29	
	0	117	1	118	2	116	3	103	4	104	5	102	6	100	7	100	8	113	9	106	
	0	47	1	51	2	52	3	57	4	59	5	50	6	52	7	53	8	47	9	65	
	0	108	1	104	2	114	3	100	4	115	5	109	6	117	7	107	8	106	9	104	
	0	87	1	90	2	88	3	84	4	77	5	74	6	82	7	86	8	84	9	83	
	0	116	1	114	2	116	3	118	4	104	5	113	6	102	7	102	8	120	9	103	
	0	27	1	31	2	32	3	43	4	27	5	25	6	41	7	33	8	42	9	25	
	0	110	1	93	2	101	3	98	4	96	5	91	6	105	7	98	8	106	9	92	
	0	14	1	9	2	10	3	15	4	27	5	25	6	9	7	21	8	18	9	24	
	0	77	1	78	2	79	3	75	4	78	5	87	6	90	7	89	8	77	9	75	
	0	95	1	99	2	88	3	90	4	88	5	101	6	88	7	103	8	97	9	102	
	0	83	1	94	2	97	3	86	4	94	5	99	6	93	7	97	8	91	9	98	
	0	18	1	12	2	21	3	18	4	21	5	22	6	12	7	16	8	14	9	22	
	0	36	1	38	2	38	3	26	4	33	5	36	6	26	7	33	8	32	9	27	
	0	27	1	28	2	29	3	32	4	32	5	28	6	34	7	41	8	31	9	26	
	0	87	1	102	2	92	3	85	4	102	5	97	6	98	7	99	8	89	9	88	
	0	82	1	89	2	87	3	100	4	85	5	81	6	91	7	93	8	95	9	82	
	0	82	1	76	2	91	3	78	4	89	5	91	6	82	7	88	8	89	9	86	
	0	35	1	35	2	31	3	25	4	17	5	30	6	23	7	28	8	25	9	19	
	0	78	1	77	2	79	3	73	4	78	5	69	6	64	7	73	8	72	9	66	
	0	38	1	50	2	35	3	35	4	44	5	34	6	38	7	45	8	48	9	43	
	0	10	1	21	2	17	3	25	4	18	5	11	6	25	7	25	8	14	9	20	
	0	106	1	98	2	107	3	103	4	99	5	98	6	106	7	88	8	105	9	98	
	0	55	1	62	2	45	3	50	4	62	5	49	6	53	7	52	8	61	9	51	
	0	55	1	61	2	60	3	46	4	52	5	54	6	44	7	52	8	44	9	60	
	0	101	1	104	2	110	3	109	4	97	5	109	6	109	7	110	8	97	9	105	
	0	53	1	54	2	55	3	55	4	51	5	37	6	51	7	47	8	45	9	55	
	0	55	1	49	2	67	3	60	4	62	5	50	6	56	7	59	8	49	9	59	
	0	37	1	45	2	44	3	46	4	34	5	47	6	30	7	43	8	38	9	41	
	0	87	1	89	2	94	3	87	4	90	5	89	6	80	7	82	8	98	9	89	
	0	39	1	37	2	49	3	32	4	40	5	50	6	35	7	41	8	34	9	38	
	0	22	1	15	2	29	3	14	4	11	5	29	6	23	7	24	8	16	9	18	
	0	6	1	24	2	17	3	13	4	12	5	12	6	17	7	13	8	20	9	24	
	0	37	1	50	2	45	3	43	4	50	5	51	6	40	7	55	8	53	9	50	
	0	26	1	36	2	41	3	36	4	30	5	34	6	27	7	23	8	38	9	36	
	0	88	1	77	2	79	3	83	4	88	5	81	6	90	7	74	8	84	9	90	
	0	117	1	117	2	101	3	100	4	112	5	118	6	110	7	101	8	110	9	102	
	0	106	1	112	2	118	3	113	4	106	5	105	6	112	7	108	8	103	9	117	
	0	102	1	108	2	113	3	101	4	103	5	112	6	110	7	110	8	109	9	117	
	0	42	1	55	2	55	3	47	4	43	5	56	6	39	7	37	8	38	9	49	
	0	7	1	7	2	18	3	9	4	21	5	6	6	9	7	10	8	18	9	14	
	0	69	1	53	2	54	3	67	4	53	5	57	6	69	7	68	8	55	9	59	
	0	109	1	109	2	106	3	108	4	97	5	97	6	107	7	111	8	102	9	110	
	0	33	1	35	2	32	3	34	4	36	5	31	6	20	7	19	8	28	9	19	
	0	52	1	43	2	60	3	41	4	51	5	56	6	41	7	56	8	54	9	41	
	0	13	1	14	2	24	3	12	4	21	5	9	6	12	7	23	8	25	9	14	
	0	49	1	50	2	58	3	51	4	56	5	43	6	57	7	56	8	44	9	45	
	0	93	1	87	2	97	3	93	4	84	5	96	6	85	7	100	8	91	9	92	
	0	47	1	45	2	40	3	41	4	50	5	38	6	43	7	41	8	45	9	45	
	0	90	1	81	2	77	3	81	4	84	5	73	6	79	7	84	8	73	9	82	
	0	101	1	102	2	109	3	110	4	104	5	108	6	106	7	107	8	105	9	113	