100 20 1
20
	0	44	1	34	2	33	3	40	4	26	5	45	6	30	7	26	8	36	9	32	10	39	11	31	12	36	13	30	14	26	15	39	16	45	17	44	18	33	19	42	
	0	88	1	72	2	77	3	88	4	85	5	79	6	82	7	80	8	86	9	85	10	70	11	71	12	69	13	79	14	78	15	72	16	83	17	75	18	86	19	79	
	0	113	1	102	2	102	3	113	4	102	5	103	6	115	7	98	8	109	9	116	10	106	11	102	12	98	13	116	14	108	15	117	16	111	17	100	18	107	19	102	
	0	66	1	66	2	59	3	61	4	70	5	74	6	59	7	59	8	62	9	71	10	75	11	65	12	62	13	77	14	77	15	62	16	65	17	70	18	72	19	68	
	0	50	1	46	2	39	3	43	4	43	5	47	6	43	7	42	8	37	9	46	10	45	11	51	12	45	13	32	14	34	15	51	16	43	17	36	18	39	19	45	
	0	45	1	50	2	50	3	33	4	37	5	39	6	34	7	48	8	52	9	49	10	41	11	33	12	47	13	48	14	34	15	33	16	36	17	43	18	41	19	51	
	0	79	1	77	2	76	3	73	4	70	5	62	6	66	7	64	8	75	9	77	10	70	11	63	12	71	13	75	14	66	15	67	16	72	17	67	18	78	19	64	
	0	88	1	87	2	97	3	90	4	103	5	94	6	103	7	93	8	85	9	84	10	91	11	88	12	90	13	99	14	102	15	102	16	103	17	90	18	102	19	94	
	0	89	1	102	2	93	3	88	4	106	5	96	6	107	7	90	8	88	9	107	10	107	11	89	12	94	13	89	14	106	15	93	16	90	17	100	18	105	19	104	
	0	39	1	33	2	23	3	39	4	35	5	26	6	22	7	31	8	30	9	23	10	39	11	31	12	22	13	36	14	40	15	41	16	22	17	36	18	31	19	41	
	0	75	1	87	2	78	3	75	4	73	5	75	6	74	7	69	8	69	9	87	10	86	11	71	12	86	13	85	14	82	15	69	16	72	17	81	18	82	19	71	
	0	70	1	86	2	76	3	80	4	68	5	77	6	76	7	86	8	79	9	77	10	68	11	82	12	67	13	69	14	86	15	78	16	80	17	83	18	78	19	68	
	0	43	1	50	2	40	3	57	4	46	5	41	6	43	7	52	8	49	9	43	10	49	11	53	12	46	13	54	14	49	15	43	16	40	17	56	18	50	19	47	
	0	114	1	105	2	113	3	118	4	111	5	105	6	102	7	113	8	108	9	104	10	102	11	113	12	118	13	99	14	108	15	115	16	105	17	114	18	101	19	100	
	0	28	1	22	2	18	3	11	4	16	5	14	6	22	7	22	8	24	9	27	10	13	11	13	12	17	13	15	14	26	15	17	16	21	17	19	18	11	19	24	
	0	17	1	7	2	8	3	8	4	16	5	22	6	22	7	21	8	9	9	9	10	25	11	20	12	16	13	12	14	13	15	20	16	22	17	18	18	23	19	7	
	0	110	1	117	2	117	3	115	4	115	5	118	6	118	7	117	8	114	9	118	10	106	11	119	12	111	13	111	14	112	15	118	16	103	17	117	18	114	19	118	
	0	32	1	33	2	43	3	31	4	45	5	46	6	40	7	45	8	36	9	41	10	45	11	41	12	41	13	46	14	46	15	45	16	45	17	36	18	28	19	40	
	0	50	1	57	2	56	3	66	4	47	5	59	6	53	7	63	8	47	9	64	10	63	11	49	12	65	13	63	14	56	15	53	16	55	17	50	18	66	19	56	
	0	33	1	30	2	43	3	32	4	37	5	26	6	45	7	40	8	41	9	32	10	39	11	39	12	30	13	45	14	36	15	38	16	33	17	36	18	27	19	37	
	0	51	1	58	2	51	3	61	4	47	5	59	6	55	7	48	8	42	9	57	10	61	11	42	12	49	13	46	14	47	15	51	16	46	17	52	18	45	19	52	
	0	53	1	55	2	61	3	52	4	60	5	65	6	64	7	57	8	52	9	52	10	67	11	56	12	53	13	62	14	55	15	57	16	59	17	61	18	61	19	48	
	0	67	1	61	2	58	3	54	4	52	5	69	6	52	7	64	8	57	9	65	10	55	11	57	12	61	13	57	14	70	15	65	16	71	17	53	18	65	19	63	
	0	48	1	41	2	46	3	55	4	41	5	51	6	42	7	57	8	53	9	51	10	41	11	46	12	51	13	52	14	43	15	57	16	46	17	51	18	42	19	53	
	0	27	1	33	2	38	3	30	4	32	5	36	6	24	7	31	8	19	9	23	10	19	11	34	12	22	13	32	14	24	15	30	16	24	17	24	18	21	19	34	
	0	109	1	108	2	113	3	99	4	104	5	117	6	108	7	104	8	114	9	109	10	103	11	105	12	101	13	111	14	106	15	108	16	101	17	99	18	106	19	106	
	0	70	1	66	2	55	3	59	4	56	5	68	6	55	7	67	8	66	9	54	10	64	11	61	12	72	13	58	14	69	15	67	16	56	17	72	18	60	19	56	
	0	61	1	60	2	62	3	65	4	64	5	69	6	58	7	70	8	62	9	68	10	60	11	67	12	67	13	72	14	53	15	60	16	57	17	71	18	55	19	70	
	0	83	1	72	2	88	3	71	4	72	5	71	6	88	7	79	8	82	9	77	10	88	11	69	12	85	13	84	14	72	15	75	16	81	17	82	18	71	19	80	
	0	34	1	51	2	53	3	45	4	47	5	51	6	46	7	43	8	41	9	34	10	48	11	38	12	40	13	36	14	48	15	52	16	48	17	44	18	48	19	46	
	0	40	1	29	2	33	3	41	4	31	5	34	6	42	7	33	8	43	9	26	10	42	11	35	12	29	13	36	14	41	15	38	16	40	17	25	18	31	19	43	
	0	73	1	73	2	62	3	58	4	61	5	72	6	64	7	59	8	67	9	74	10	70	11	71	12	68	13	71	14	59	15	61	16	69	17	72	18	62	19	69	
	0	36	1	44	2	44	3	41	4	39	5	37	6	31	7	30	8	32	9	31	10	25	11	39	12	40	13	41	14	29	15	25	16	26	17	36	18	26	19	37	
	0	63	1	64	2	50	3	49	4	52	5	51	6	53	7	58	8	53	9	54	10	53	11	51	12	49	13	46	14	53	15	55	16	54	17	54	18	52	19	64	
	0	99	1	112	2	109	3	107	4	100	5	107	6	113	7	106	8	111	9	110	10	112	11	111	12	108	13	115	14	106	15	108	16	108	17	102	18	108	19	105	
	0	82	1	86	2	90	3	96	4	91	5	91	6	97	7	97	8	91	9	89	10	89	11	85	12	95	13	79	14	80	15	84	16	94	17	94	18	81	19	89	
	0	90	1	99	2	92	3	101	4	101	5	109	6	109	7	94	8	109	9	105	10	96	11	97	12	96	13	105	14	100	15	93	16	107	17	100	18	90	19	108	
	0	94	1	86	2	97	3	82	4	87	5	96	6	89	7	85	8	88	9	100	10	94	11	100	12	83	13	99	14	86	15	84	16	90	17	94	18	88	19	86	
	0	67	1	59	2	65	3	76	4	68	5	65	6	63	7	78	8	68	9	61	10	76	11	63	12	63	13	61	14	63	15	77	16	72	17	77	18	65	19	65	
	0	45	1	42	2	33	3	42	4	35	5	44	6	35	7	31	8	45	9	45	10	40	11	32	12	45	13	43	14	34	15	35	16	34	17	36	18	38	19	45	
	0	84	1	86	2	102	3	88	4	89	5	91	6	98	7	99	8	84	9	100	10	89	11	93	12	89	13	91	14	94	15	101	16	98	17	89	18	89	19	98	
	0	47	1	54	2	39	3	47	4	46	5	47	6	56	7	55	8	38	9	40	10	47	11	37	12	49	13	53	14	43	15	50	16	48	17	49	18	55	19	38	
	0	109	1	106	2	107	3	100	4	103	5	113	6	95	7	110	8	98	9	103	10	111	11	107	12	99	13	97	14	99	15	105	16	102	17	99	18	110	19	103	
	0	104	1	101	2	98	3	98	4	97	5	110	6	97	7	99	8	110	9	95	10	101	11	99	12	102	13	112	14	109	15	106	16	108	17	95	18	109	19	101	
	0	43	1	49	2	53	3	51	4	41	5	41	6	35	7	37	8	49	9	41	10	47	11	41	12	43	13	52	14	40	15	43	16	35	17	46	18	50	19	45	
	0	2	1	14	2	2	3	3	4	9	5	15	6	9	7	2	8	10	9	10	10	7	11	7	12	9	13	14	14	13	15	7	16	9	17	11	18	17	19	8	
	0	78	1	69	2	80	3	73	4	69	5	70	6	78	7	72	8	68	9	85	10	79	11	77	12	83	13	71	14	77	15	79	16	71	17	77	18	86	19	75	
	0	36	1	36	2	35	3	35	4	44	5	43	6	38	7	28	8	25	9	29	10	35	11	38	12	32	13	44	14	25	15	36	16	26	17	35	18	44	19	30	
	0	68	1	74	2	62	3	72	4	75	5	58	6	69	7	68	8	69	9	64	10	62	11	73	12	76	13	57	14	58	15	61	16	66	17	69	18	59	19	74	
	0	89	1	85	2	93	3	96	4	92	5	94	6	96	7	89	8	85	9	99	10	100	11	93	12	88	13	98	14	95	15	83	16	91	17	97	18	92	19	86	
	0	37	1	43	2	40	3	42	4	33	5	47	6	31	7	29	8	47	9	41	10	40	11	30	12	28	13	40	14	30	15	41	16	46	17	45	18	38	19	38	
	0	64	1	53	2	47	3	51	4	47	5	57	6	65	7	62	8	54	9	66	10	65	11	55	12	64	13	66	14	53	15	61	16	65	17	57	18	63	19	64	
	0	105	1	105	2	92	3	95	4	90	5	89	6	90	7	105	8	104	9	94	10	97	11	104	12	101	13	90	14	95	15	88	16	100	17	92	18	87	19	89	
	0	90	1	87	2	97	3	87	4	80	5	82	6	98	7	86	8	94	9	79	10	79	11	90	12	89	13	98	14	93	15	89	16	82	17	93	18	90	19	87	
	0	28	1	42	2	40	3	28	4	26	5	31	6	23	7	26	8	35	9	31	10	42	11	35	12	34	13	24	14	37	15	38	16	36	17	40	18	37	19	32	
	0	114	1	105	2	97	3	98	4	113	5	107	6	104	7	99	8	104	9	97	10	103	11	106	12	104	13	108	14	101	15	113	16	99	17	95	18	101	19	100	
	0	107	1	118	2	113	3	104	4	110	5	112	6	101	7	113	8	104	9	104	10	116	11	107	12	120	13	102	14	106	15	118	16	119	17	111	18	109	19	113	
	0	114	1	110	2	104	3	107	4	117	5	114	6	104	7	102	8	109	9	99	10	100	11	109	12	113	13	106	14	98	15	116	16	109	17	106	18	114	19	109	
	0	115	1	105	2	112	3	102	4	106	5	114	6	103	7	115	8	99	9	105	10	98	11	113	12	97	13	112	14	114	15	116	16	102	17	99	18	102	19	99	
	0	96	1	99	2	92	3	92	4	102	5	92	6	105	7	95	8	88	9	103	10	88	11	89	12	105	13	101	14	100	15	101	16	103	17	96	18	91	19	93	
	0	56	1	60	2	60	3	48	4	51	5	57	6	64	7	50	8	60	9	61	10	51	11	47	12	61	13	62	14	56	15	63	16	47	17	49	18	56	19	50	
	0	80	1	77	2	77	3	84	4	89	5	90	6	82	7	81	8	93	9	78	10	78	11	83	12	89	13	93	14	85	15	77	16	91	17	91	18	88	19	77	
	0	100	1	92	2	90	3	103	4	99	5	89	6	95	7	100	8	100	9	99	10	105	11	100	12	95	13	98	14	99	15	99	16	106	17	88	18	89	19	107	
	0	82	1	74	2	80	3	88	4	78	5	76	6	80	7	85	8	83	9	79	10	79	11	79	12	76	13	87	14	86	15	73	16	73	17	78	18	79	19	75	
	0	14	1	19	2	13	3	17	4	23	5	24	6	15	7	23	8	16	9	10	10	23	11	26	12	16	13	14	14	20	15	17	16	22	17	16	18	29	19	20	
	0	96	1	102	2	98	3	91	4	97	5	102	6	102	7	98	8	96	9	98	10	93	11	88	12	103	13	100	14	90	15	88	16	93	17	88	18	99	19	101	
	0	103	1	104	2	102	3	110	4	105	5	112	6	105	7	104	8	102	9	103	10	98	11	99	12	110	13	112	14	104	15	99	16	98	17	112	18	102	19	99	
	0	94	1	94	2	82	3	77	4	85	5	94	6	82	7	85	8	91	9	85	10	94	11	95	12	79	13	96	14	92	15	81	16	95	17	93	18	89	19	79	
	0	47	1	46	2	50	3	57	4	60	5	61	6	65	7	52	8	55	9	49	10	58	11	59	12	52	13	53	14	58	15	62	16	64	17	49	18	58	19	56	
	0	65	1	72	2	70	3	81	4	74	5	67	6	80	7	80	8	68	9	70	10	67	11	70	12	69	13	71	14	79	15	71	16	72	17	66	18	76	19	82	
	0	94	1	91	2	94	3	78	4	93	5	91	6	79	7	86	8	85	9	91	10	94	11	80	12	85	13	83	14	95	15	94	16	77	17	86	18	80	19	79	
	0	68	1	63	2	67	3	69	4	68	5	65	6	73	7	61	8	73	9	73	10	71	11	73	12	69	13	79	14	78	15	68	16	79	17	66	18	77	19	61	
	0	59	1	62	2	64	3	49	4	53	5	60	6	51	7	52	8	53	9	59	10	54	11	52	12	61	13	64	14	56	15	53	16	64	17	60	18	49	19	61	
	0	71	1	84	2	80	3	82	4	80	5	67	6	77	7	86	8	79	9	74	10	84	11	84	12	68	13	79	14	77	15	68	16	84	17	77	18	81	19	75	
	0	89	1	101	2	100	3	99	4	95	5	87	6	89	7	99	8	94	9	100	10	101	11	90	12	91	13	104	14	87	15	86	16	103	17	90	18	97	19	104	
	0	82	1	83	2	79	3	79	4	81	5	77	6	80	7	80	8	77	9	80	10	90	11	76	12	93	13	81	14	81	15	78	16	90	17	76	18	76	19	84	
	0	30	1	38	2	34	3	36	4	40	5	25	6	32	7	27	8	33	9	25	10	27	11	36	12	39	13	31	14	33	15	29	16	24	17	31	18	25	19	27	
	0	58	1	48	2	52	3	47	4	58	5	59	6	66	7	61	8	66	9	55	10	65	11	66	12	55	13	63	14	62	15	57	16	58	17	47	18	48	19	61	
	0	70	1	66	2	72	3	67	4	62	5	70	6	65	7	61	8	62	9	58	10	66	11	65	12	54	13	67	14	57	15	68	16	66	17	61	18	53	19	59	
	0	54	1	72	2	62	3	57	4	57	5	72	6	57	7	63	8	72	9	60	10	55	11	56	12	61	13	56	14	61	15	65	16	55	17	72	18	63	19	73	
	0	92	1	90	2	87	3	84	4	91	5	76	6	77	7	76	8	75	9	85	10	84	11	75	12	89	13	83	14	77	15	88	16	90	17	79	18	86	19	83	
	0	37	1	26	2	30	3	26	4	37	5	41	6	28	7	27	8	37	9	31	10	26	11	27	12	37	13	28	14	39	15	27	16	34	17	28	18	37	19	31	
	0	107	1	104	2	112	3	103	4	104	5	104	6	100	7	99	8	108	9	110	10	101	11	111	12	109	13	116	14	102	15	114	16	103	17	109	18	99	19	103	
	0	30	1	13	2	16	3	27	4	15	5	13	6	21	7	22	8	15	9	22	10	26	11	22	12	28	13	21	14	22	15	15	16	22	17	16	18	21	19	19	
	0	34	1	27	2	37	3	28	4	40	5	40	6	29	7	42	8	35	9	33	10	43	11	36	12	37	13	39	14	40	15	39	16	27	17	36	18	46	19	33	
	0	36	1	40	2	37	3	47	4	35	5	50	6	40	7	33	8	32	9	34	10	33	11	41	12	45	13	50	14	32	15	36	16	48	17	38	18	34	19	37	
	0	114	1	111	2	115	3	102	4	111	5	114	6	108	7	104	8	116	9	117	10	115	11	107	12	107	13	102	14	118	15	103	16	101	17	111	18	108	19	107	
	0	44	1	44	2	50	3	42	4	48	5	37	6	32	7	50	8	33	9	48	10	32	11	41	12	45	13	50	14	49	15	44	16	47	17	32	18	37	19	46	
	0	103	1	100	2	108	3	98	4	97	5	92	6	92	7	105	8	99	9	98	10	110	11	109	12	92	13	97	14	111	15	93	16	99	17	109	18	99	19	95	
	0	107	1	108	2	93	3	94	4	109	5	95	6	96	7	96	8	94	9	94	10	104	11	108	12	109	13	98	14	94	15	109	16	96	17	107	18	97	19	99	
	0	42	1	38	2	47	3	48	4	34	5	37	6	33	7	37	8	47	9	30	10	46	11	46	12	49	13	42	14	37	15	48	16	36	17	38	18	31	19	36	
	0	23	1	8	2	5	3	21	4	18	5	17	6	16	7	13	8	11	9	4	10	19	11	4	12	11	13	5	14	8	15	6	16	11	17	18	18	23	19	5	
	0	55	1	60	2	60	3	54	4	60	5	53	6	60	7	60	8	53	9	59	10	61	11	69	12	56	13	52	14	64	15	64	16	61	17	55	18	66	19	66	
	0	35	1	36	2	25	3	39	4	37	5	27	6	33	7	32	8	34	9	32	10	25	11	26	12	34	13	28	14	27	15	36	16	32	17	25	18	26	19	26	
	0	16	1	16	2	17	3	19	4	31	5	32	6	35	7	16	8	33	9	26	10	18	11	33	12	34	13	28	14	24	15	23	16	29	17	21	18	21	19	23	
	0	74	1	66	2	62	3	68	4	69	5	59	6	76	7	71	8	63	9	74	10	65	11	77	12	61	13	62	14	61	15	61	16	61	17	64	18	63	19	62	
	0	78	1	61	2	66	3	70	4	64	5	65	6	78	7	65	8	62	9	68	10	65	11	73	12	63	13	65	14	80	15	71	16	79	17	68	18	73	19	64	
	0	73	1	73	2	74	3	75	4	80	5	83	6	73	7	91	8	80	9	76	10	77	11	77	12	89	13	86	14	83	15	89	16	81	17	75	18	80	19	73	
	0	20	1	31	2	26	3	35	4	26	5	35	6	37	7	27	8	26	9	36	10	36	11	29	12	23	13	32	14	26	15	19	16	30	17	24	18	28	19	37	
	0	43	1	58	2	62	3	58	4	43	5	49	6	53	7	54	8	54	9	58	10	48	11	52	12	48	13	54	14	48	15	53	16	60	17	54	18	43	19	56	