100 30 1
30
	0	34	1	36	2	39	3	34	4	36	5	31	6	28	7	40	8	34	9	46	10	29	11	45	12	38	13	36	14	40	15	29	16	43	17	42	18	39	19	40	20	31	21	31	22	27	23	28	24	39	25	28	26	30	27	29	28	35	29	45	
	0	37	1	34	2	24	3	34	4	25	5	19	6	26	7	30	8	29	9	26	10	36	11	23	12	24	13	36	14	23	15	28	16	33	17	37	18	32	19	19	20	38	21	36	22	36	23	32	24	22	25	38	26	31	27	29	28	38	29	33	
	0	20	1	24	2	24	3	25	4	31	5	24	6	24	7	25	8	33	9	28	10	37	11	37	12	27	13	24	14	31	15	23	16	20	17	27	18	20	19	26	20	38	21	34	22	34	23	26	24	35	25	27	26	23	27	23	28	19	29	38	
	0	103	1	98	2	104	3	114	4	101	5	107	6	100	7	100	8	109	9	100	10	102	11	104	12	97	13	114	14	98	15	113	16	101	17	107	18	110	19	100	20	104	21	113	22	113	23	113	24	103	25	104	26	98	27	101	28	108	29	111	
	0	38	1	43	2	42	3	28	4	39	5	28	6	37	7	29	8	33	9	27	10	30	11	36	12	41	13	46	14	42	15	46	16	45	17	30	18	39	19	42	20	33	21	27	22	38	23	32	24	31	25	37	26	42	27	27	28	30	29	27	
	0	26	1	29	2	24	3	21	4	19	5	16	6	31	7	19	8	24	9	27	10	31	11	27	12	27	13	14	14	31	15	18	16	25	17	31	18	29	19	24	20	27	21	21	22	12	23	24	24	18	25	19	26	14	27	31	28	14	29	15	
	0	17	1	16	2	20	3	9	4	7	5	9	6	17	7	13	8	20	9	8	10	9	11	20	12	13	13	21	14	13	15	16	16	26	17	14	18	15	19	20	20	18	21	25	22	23	23	14	24	15	25	7	26	14	27	23	28	13	29	23	
	0	55	1	55	2	45	3	44	4	49	5	44	6	59	7	48	8	47	9	46	10	51	11	60	12	41	13	51	14	53	15	45	16	43	17	55	18	47	19	48	20	43	21	45	22	50	23	48	24	47	25	49	26	54	27	60	28	45	29	57	
	0	61	1	56	2	58	3	65	4	62	5	61	6	67	7	68	8	65	9	60	10	74	11	67	12	72	13	74	14	64	15	60	16	65	17	69	18	56	19	58	20	59	21	63	22	69	23	70	24	62	25	56	26	63	27	71	28	68	29	61	
	0	49	1	36	2	51	3	47	4	45	5	52	6	37	7	38	8	43	9	34	10	40	11	49	12	48	13	43	14	45	15	49	16	47	17	35	18	36	19	45	20	39	21	51	22	47	23	49	24	40	25	38	26	34	27	38	28	44	29	47	
	0	12	1	14	2	26	3	11	4	17	5	22	6	20	7	25	8	17	9	17	10	23	11	15	12	26	13	18	14	14	15	14	16	21	17	21	18	9	19	18	20	21	21	23	22	11	23	20	24	24	25	10	26	14	27	25	28	9	29	15	
	0	93	1	105	2	88	3	97	4	93	5	105	6	102	7	90	8	86	9	99	10	101	11	102	12	92	13	93	14	101	15	97	16	103	17	92	18	90	19	90	20	96	21	101	22	95	23	92	24	87	25	100	26	96	27	100	28	96	29	93	
	0	95	1	99	2	90	3	98	4	90	5	95	6	101	7	100	8	107	9	89	10	106	11	90	12	96	13	94	14	94	15	103	16	106	17	108	18	100	19	94	20	103	21	92	22	98	23	101	24	105	25	107	26	102	27	105	28	106	29	95	
	0	13	1	10	2	13	3	20	4	21	5	12	6	11	7	11	8	6	9	17	10	8	11	10	12	21	13	16	14	15	15	9	16	14	17	7	18	18	19	15	20	21	21	11	22	7	23	7	24	8	25	22	26	9	27	21	28	18	29	5	
	0	81	1	97	2	84	3	90	4	87	5	98	6	86	7	85	8	91	9	81	10	96	11	92	12	81	13	96	14	85	15	84	16	88	17	95	18	92	19	89	20	98	21	95	22	93	23	79	24	93	25	81	26	96	27	90	28	95	29	89	
	0	80	1	78	2	67	3	74	4	74	5	75	6	79	7	65	8	67	9	75	10	79	11	80	12	83	13	73	14	71	15	71	16	77	17	71	18	79	19	76	20	65	21	70	22	76	23	70	24	65	25	68	26	84	27	82	28	68	29	65	
	0	17	1	16	2	22	3	19	4	16	5	11	6	10	7	9	8	4	9	6	10	15	11	3	12	9	13	9	14	5	15	8	16	20	17	4	18	8	19	3	20	7	21	9	22	17	23	3	24	5	25	17	26	18	27	3	28	4	29	11	
	0	37	1	51	2	36	3	33	4	52	5	48	6	46	7	41	8	47	9	37	10	37	11	47	12	50	13	40	14	37	15	43	16	46	17	42	18	41	19	47	20	43	21	52	22	52	23	33	24	41	25	44	26	52	27	43	28	47	29	33	
	0	11	1	25	2	12	3	18	4	15	5	11	6	23	7	7	8	11	9	12	10	15	11	21	12	20	13	15	14	24	15	13	16	13	17	17	18	11	19	7	20	26	21	10	22	11	23	24	24	7	25	16	26	26	27	22	28	25	29	23	
	0	105	1	117	2	116	3	113	4	104	5	105	6	112	7	107	8	114	9	105	10	118	11	118	12	101	13	101	14	112	15	106	16	111	17	116	18	117	19	118	20	110	21	115	22	117	23	101	24	111	25	115	26	110	27	115	28	117	29	118	
	0	98	1	100	2	96	3	104	4	96	5	96	6	108	7	96	8	106	9	92	10	94	11	91	12	95	13	103	14	105	15	96	16	104	17	91	18	101	19	92	20	108	21	97	22	99	23	106	24	103	25	92	26	98	27	107	28	105	29	97	
	0	67	1	71	2	56	3	64	4	63	5	62	6	62	7	57	8	65	9	52	10	68	11	57	12	54	13	61	14	61	15	67	16	59	17	66	18	56	19	67	20	64	21	64	22	60	23	52	24	69	25	59	26	65	27	59	28	70	29	56	
	0	78	1	88	2	81	3	78	4	90	5	86	6	91	7	93	8	79	9	94	10	89	11	92	12	85	13	83	14	86	15	85	16	96	17	86	18	95	19	94	20	91	21	94	22	92	23	90	24	87	25	82	26	80	27	95	28	87	29	85	
	0	26	1	33	2	18	3	31	4	21	5	30	6	21	7	19	8	36	9	37	10	32	11	26	12	33	13	30	14	21	15	20	16	30	17	30	18	36	19	18	20	19	21	28	22	22	23	26	24	34	25	36	26	23	27	27	28	21	29	25	
	0	34	1	18	2	34	3	20	4	16	5	17	6	33	7	31	8	15	9	26	10	30	11	32	12	32	13	21	14	18	15	31	16	31	17	31	18	27	19	16	20	19	21	23	22	34	23	27	24	34	25	31	26	30	27	15	28	17	29	34	
	0	34	1	36	2	32	3	32	4	23	5	24	6	25	7	26	8	27	9	35	10	38	11	38	12	36	13	22	14	21	15	29	16	36	17	34	18	28	19	32	20	22	21	24	22	33	23	20	24	28	25	22	26	37	27	21	28	26	29	32	
	0	24	1	29	2	12	3	11	4	27	5	21	6	15	7	25	8	20	9	25	10	29	11	21	12	27	13	14	14	19	15	18	16	15	17	24	18	13	19	20	20	16	21	10	22	14	23	13	24	25	25	18	26	12	27	19	28	28	29	11	
	0	30	1	41	2	47	3	43	4	33	5	29	6	39	7	40	8	34	9	29	10	38	11	35	12	47	13	32	14	32	15	44	16	38	17	37	18	40	19	29	20	40	21	40	22	45	23	41	24	36	25	35	26	36	27	48	28	43	29	36	
	0	65	1	56	2	66	3	57	4	55	5	59	6	55	7	73	8	56	9	62	10	67	11	57	12	64	13	63	14	66	15	55	16	56	17	73	18	64	19	58	20	60	21	71	22	67	23	56	24	60	25	64	26	60	27	58	28	72	29	66	
	0	89	1	96	2	101	3	97	4	93	5	94	6	91	7	95	8	94	9	99	10	94	11	100	12	91	13	92	14	90	15	100	16	91	17	105	18	94	19	103	20	97	21	100	22	98	23	94	24	105	25	92	26	102	27	102	28	100	29	106	
	0	58	1	48	2	60	3	56	4	62	5	52	6	46	7	59	8	55	9	46	10	46	11	45	12	57	13	52	14	50	15	54	16	50	17	50	18	59	19	45	20	47	21	61	22	54	23	50	24	58	25	63	26	63	27	49	28	46	29	45	
	0	80	1	82	2	96	3	87	4	87	5	83	6	82	7	89	8	82	9	94	10	87	11	87	12	97	13	97	14	86	15	96	16	94	17	96	18	92	19	90	20	84	21	92	22	86	23	99	24	88	25	92	26	80	27	88	28	91	29	91	
	0	41	1	40	2	34	3	39	4	23	5	25	6	40	7	34	8	26	9	23	10	26	11	28	12	37	13	26	14	32	15	22	16	34	17	32	18	24	19	38	20	29	21	40	22	31	23	26	24	23	25	38	26	32	27	27	28	26	29	35	
	0	45	1	34	2	41	3	51	4	46	5	34	6	39	7	39	8	47	9	46	10	34	11	36	12	34	13	35	14	43	15	45	16	42	17	43	18	42	19	44	20	41	21	41	22	49	23	47	24	34	25	36	26	51	27	38	28	40	29	49	
	0	107	1	113	2	109	3	115	4	101	5	107	6	118	7	112	8	102	9	110	10	104	11	119	12	120	13	119	14	116	15	112	16	103	17	103	18	112	19	110	20	118	21	102	22	112	23	108	24	117	25	105	26	109	27	104	28	114	29	107	
	0	77	1	77	2	65	3	69	4	71	5	60	6	64	7	77	8	77	9	76	10	75	11	58	12	61	13	70	14	65	15	72	16	62	17	61	18	68	19	73	20	62	21	75	22	76	23	72	24	60	25	71	26	77	27	64	28	70	29	59	
	0	22	1	19	2	13	3	25	4	29	5	13	6	18	7	14	8	25	9	16	10	13	11	16	12	32	13	13	14	24	15	13	16	30	17	23	18	31	19	21	20	23	21	31	22	13	23	26	24	26	25	13	26	26	27	18	28	17	29	18	
	0	84	1	85	2	86	3	96	4	100	5	97	6	84	7	96	8	82	9	93	10	93	11	82	12	85	13	99	14	96	15	99	16	92	17	89	18	91	19	82	20	84	21	88	22	89	23	85	24	95	25	91	26	93	27	84	28	82	29	97	
	0	49	1	36	2	46	3	44	4	33	5	37	6	48	7	36	8	32	9	51	10	36	11	42	12	50	13	46	14	51	15	35	16	41	17	41	18	37	19	45	20	45	21	47	22	34	23	40	24	49	25	43	26	45	27	40	28	42	29	39	
	0	2	1	3	2	15	3	21	4	10	5	7	6	15	7	10	8	14	9	5	10	19	11	2	12	8	13	20	14	20	15	5	16	9	17	17	18	19	19	4	20	3	21	11	22	2	23	12	24	18	25	12	26	9	27	8	28	13	29	12	
	0	13	1	10	2	10	3	12	4	6	5	11	6	17	7	18	8	21	9	18	10	15	11	19	12	23	13	14	14	11	15	21	16	6	17	9	18	19	19	5	20	11	21	7	22	7	23	23	24	14	25	20	26	7	27	9	28	19	29	20	
	0	74	1	64	2	73	3	79	4	74	5	70	6	76	7	67	8	69	9	76	10	72	11	77	12	69	13	72	14	77	15	62	16	78	17	65	18	61	19	66	20	78	21	63	22	69	23	73	24	77	25	61	26	63	27	79	28	68	29	65	
	0	34	1	30	2	24	3	21	4	17	5	23	6	25	7	30	8	26	9	33	10	27	11	30	12	25	13	20	14	17	15	21	16	36	17	22	18	23	19	29	20	36	21	32	22	36	23	26	24	22	25	32	26	26	27	30	28	35	29	21	
	0	54	1	46	2	47	3	42	4	41	5	44	6	48	7	41	8	54	9	54	10	51	11	55	12	48	13	46	14	38	15	40	16	49	17	56	18	56	19	53	20	47	21	52	22	43	23	41	24	39	25	57	26	46	27	43	28	45	29	46	
	0	43	1	39	2	41	3	29	4	46	5	40	6	41	7	41	8	37	9	35	10	37	11	40	12	39	13	42	14	39	15	33	16	47	17	36	18	39	19	34	20	36	21	41	22	48	23	33	24	43	25	31	26	38	27	29	28	30	29	45	
	0	83	1	78	2	67	3	74	4	80	5	68	6	67	7	66	8	64	9	66	10	83	11	72	12	70	13	82	14	74	15	81	16	69	17	70	18	66	19	77	20	67	21	73	22	74	23	67	24	75	25	68	26	76	27	77	28	71	29	65	
	0	30	1	40	2	37	3	24	4	32	5	23	6	30	7	27	8	39	9	34	10	29	11	35	12	28	13	33	14	42	15	31	16	28	17	32	18	30	19	31	20	32	21	30	22	34	23	25	24	40	25	34	26	29	27	30	28	23	29	32	
	0	100	1	110	2	95	3	110	4	101	5	95	6	103	7	111	8	104	9	110	10	108	11	110	12	106	13	102	14	99	15	106	16	106	17	109	18	99	19	95	20	114	21	105	22	107	23	106	24	100	25	113	26	111	27	107	28	98	29	105	
	0	38	1	41	2	40	3	46	4	37	5	49	6	55	7	50	8	43	9	55	10	39	11	43	12	43	13	49	14	55	15	47	16	37	17	40	18	50	19	49	20	56	21	51	22	51	23	41	24	52	25	39	26	37	27	54	28	42	29	37	
	0	73	1	78	2	72	3	79	4	73	5	74	6	65	7	65	8	62	9	73	10	61	11	66	12	62	13	71	14	62	15	71	16	75	17	69	18	79	19	70	20	68	21	69	22	78	23	65	24	71	25	79	26	67	27	78	28	68	29	79	
	0	95	1	99	2	89	3	93	4	88	5	104	6	99	7	98	8	98	9	90	10	92	11	90	12	97	13	107	14	96	15	93	16	106	17	95	18	106	19	89	20	106	21	93	22	96	23	103	24	91	25	95	26	92	27	88	28	88	29	98	
	0	33	1	25	2	34	3	29	4	23	5	33	6	30	7	34	8	34	9	19	10	23	11	17	12	17	13	21	14	19	15	19	16	27	17	23	18	25	19	25	20	22	21	17	22	28	23	26	24	34	25	24	26	17	27	24	28	24	29	26	
	0	49	1	52	2	50	3	56	4	54	5	48	6	62	7	54	8	49	9	60	10	49	11	52	12	59	13	48	14	57	15	59	16	56	17	61	18	57	19	44	20	59	21	52	22	53	23	46	24	47	25	56	26	50	27	46	28	56	29	51	
	0	98	1	101	2	89	3	94	4	98	5	98	6	93	7	98	8	87	9	101	10	92	11	102	12	101	13	89	14	95	15	89	16	97	17	99	18	85	19	96	20	88	21	87	22	88	23	90	24	87	25	91	26	90	27	99	28	88	29	95	
	0	78	1	72	2	89	3	88	4	78	5	80	6	88	7	74	8	83	9	84	10	83	11	76	12	73	13	80	14	71	15	77	16	88	17	71	18	85	19	71	20	85	21	80	22	86	23	71	24	74	25	75	26	79	27	74	28	79	29	71	
	0	111	1	99	2	118	3	105	4	103	5	101	6	108	7	109	8	115	9	102	10	117	11	113	12	104	13	102	14	107	15	101	16	111	17	102	18	111	19	103	20	114	21	103	22	103	23	115	24	102	25	107	26	109	27	100	28	118	29	100	
	0	44	1	40	2	53	3	47	4	37	5	45	6	48	7	38	8	41	9	48	10	43	11	47	12	41	13	41	14	34	15	39	16	46	17	38	18	38	19	52	20	53	21	34	22	35	23	46	24	40	25	53	26	35	27	40	28	46	29	35	
	0	43	1	43	2	39	3	44	4	33	5	34	6	32	7	38	8	27	9	44	10	42	11	35	12	30	13	38	14	27	15	33	16	36	17	40	18	38	19	34	20	35	21	25	22	29	23	44	24	34	25	27	26	34	27	36	28	27	29	27	
	0	103	1	101	2	105	3	105	4	107	5	111	6	102	7	108	8	98	9	111	10	111	11	94	12	103	13	98	14	104	15	108	16	92	17	109	18	99	19	111	20	103	21	106	22	98	23	111	24	93	25	99	26	100	27	103	28	102	29	110	
	0	36	1	28	2	26	3	31	4	38	5	28	6	43	7	26	8	38	9	35	10	35	11	28	12	31	13	42	14	37	15	38	16	27	17	40	18	27	19	24	20	41	21	33	22	35	23	26	24	25	25	33	26	38	27	40	28	43	29	39	
	0	89	1	90	2	80	3	86	4	80	5	98	6	92	7	92	8	94	9	93	10	98	11	99	12	84	13	91	14	81	15	94	16	90	17	92	18	92	19	98	20	82	21	83	22	92	23	80	24	91	25	90	26	97	27	87	28	97	29	85	
	0	20	1	13	2	26	3	28	4	27	5	15	6	19	7	13	8	12	9	24	10	28	11	27	12	16	13	11	14	14	15	18	16	16	17	25	18	14	19	14	20	11	21	12	22	13	23	25	24	14	25	29	26	20	27	13	28	23	29	12	
	0	43	1	38	2	48	3	35	4	37	5	50	6	53	7	46	8	36	9	37	10	50	11	35	12	43	13	49	14	51	15	36	16	43	17	47	18	40	19	42	20	48	21	36	22	35	23	47	24	35	25	39	26	52	27	34	28	49	29	45	
	0	61	1	54	2	63	3	57	4	67	5	53	6	55	7	66	8	68	9	62	10	59	11	60	12	64	13	70	14	53	15	62	16	54	17	59	18	56	19	72	20	64	21	66	22	62	23	71	24	57	25	61	26	70	27	61	28	54	29	63	
	0	92	1	99	2	96	3	98	4	98	5	89	6	83	7	83	8	95	9	85	10	82	11	98	12	90	13	90	14	88	15	81	16	87	17	96	18	99	19	91	20	94	21	97	22	89	23	97	24	98	25	93	26	89	27	85	28	88	29	87	
	0	115	1	101	2	104	3	105	4	109	5	111	6	108	7	109	8	100	9	113	10	111	11	104	12	100	13	114	14	100	15	115	16	102	17	118	18	111	19	100	20	103	21	110	22	113	23	109	24	106	25	103	26	108	27	99	28	105	29	111	
	0	60	1	73	2	69	3	69	4	74	5	59	6	61	7	73	8	75	9	76	10	69	11	61	12	77	13	72	14	71	15	76	16	75	17	68	18	78	19	68	20	63	21	69	22	61	23	66	24	64	25	77	26	63	27	76	28	63	29	61	
	0	75	1	82	2	73	3	84	4	72	5	88	6	73	7	83	8	87	9	80	10	88	11	72	12	78	13	74	14	90	15	72	16	90	17	87	18	78	19	76	20	85	21	90	22	75	23	81	24	85	25	79	26	82	27	89	28	90	29	76	
	0	77	1	91	2	91	3	85	4	75	5	82	6	90	7	93	8	88	9	79	10	85	11	84	12	92	13	92	14	87	15	75	16	76	17	91	18	76	19	90	20	83	21	91	22	78	23	80	24	76	25	81	26	84	27	84	28	83	29	79	
	0	114	1	103	2	111	3	105	4	107	5	117	6	99	7	111	8	109	9	118	10	112	11	100	12	103	13	104	14	117	15	111	16	110	17	107	18	110	19	100	20	106	21	116	22	118	23	118	24	100	25	112	26	115	27	109	28	112	29	102	
	0	54	1	51	2	47	3	47	4	38	5	42	6	46	7	54	8	49	9	47	10	39	11	38	12	54	13	49	14	41	15	50	16	50	17	46	18	40	19	55	20	40	21	50	22	42	23	54	24	55	25	42	26	50	27	52	28	40	29	45	
	0	57	1	60	2	55	3	60	4	54	5	51	6	59	7	57	8	47	9	53	10	59	11	46	12	47	13	58	14	58	15	44	16	41	17	60	18	43	19	51	20	41	21	51	22	57	23	56	24	45	25	47	26	58	27	60	28	51	29	58	
	0	60	1	54	2	59	3	43	4	52	5	57	6	45	7	59	8	60	9	50	10	55	11	53	12	61	13	58	14	60	15	57	16	47	17	47	18	53	19	53	20	60	21	44	22	50	23	52	24	54	25	48	26	47	27	53	28	44	29	53	
	0	97	1	87	2	94	3	86	4	92	5	101	6	89	7	84	8	102	9	91	10	89	11	98	12	101	13	94	14	91	15	96	16	86	17	85	18	99	19	92	20	99	21	99	22	92	23	94	24	97	25	88	26	89	27	102	28	88	29	91	
	0	29	1	19	2	17	3	24	4	14	5	33	6	24	7	26	8	28	9	27	10	17	11	31	12	19	13	18	14	18	15	18	16	30	17	26	18	30	19	22	20	17	21	19	22	18	23	26	24	18	25	31	26	19	27	31	28	29	29	19	
	0	116	1	119	2	117	3	111	4	106	5	114	6	117	7	109	8	101	9	101	10	102	11	106	12	118	13	101	14	106	15	101	16	108	17	114	18	104	19	107	20	100	21	105	22	116	23	105	24	112	25	109	26	107	27	114	28	105	29	107	
	0	101	1	110	2	92	3	106	4	105	5	98	6	93	7	105	8	109	9	94	10	101	11	100	12	98	13	105	14	110	15	92	16	100	17	96	18	109	19	98	20	104	21	106	22	106	23	103	24	101	25	105	26	97	27	101	28	103	29	100	
	0	70	1	77	2	62	3	60	4	71	5	75	6	71	7	64	8	60	9	71	10	69	11	74	12	63	13	65	14	65	15	68	16	62	17	74	18	68	19	71	20	66	21	69	22	63	23	60	24	74	25	73	26	79	27	76	28	66	29	68	
	0	97	1	103	2	98	3	87	4	88	5	96	6	103	7	84	8	95	9	101	10	90	11	91	12	95	13	87	14	101	15	90	16	92	17	91	18	98	19	88	20	86	21	93	22	101	23	94	24	89	25	87	26	85	27	87	28	93	29	102	
	0	23	1	26	2	32	3	18	4	18	5	22	6	20	7	30	8	25	9	29	10	21	11	34	12	23	13	25	14	23	15	23	16	20	17	20	18	31	19	32	20	27	21	34	22	29	23	34	24	18	25	27	26	31	27	31	28	18	29	16	
	0	42	1	41	2	28	3	30	4	36	5	40	6	47	7	42	8	37	9	32	10	42	11	36	12	33	13	44	14	41	15	34	16	28	17	33	18	32	19	45	20	30	21	44	22	34	23	36	24	29	25	47	26	29	27	42	28	42	29	47	
	0	70	1	77	2	83	3	83	4	78	5	84	6	73	7	84	8	85	9	70	10	84	11	80	12	84	13	79	14	77	15	74	16	76	17	85	18	69	19	81	20	83	21	72	22	78	23	81	24	67	25	84	26	67	27	83	28	74	29	82	
	0	77	1	85	2	79	3	92	4	88	5	86	6	92	7	76	8	84	9	84	10	78	11	80	12	81	13	93	14	81	15	84	16	88	17	89	18	78	19	81	20	83	21	80	22	87	23	79	24	80	25	79	26	84	27	84	28	82	29	86	
	0	56	1	54	2	55	3	57	4	60	5	60	6	61	7	60	8	52	9	64	10	63	11	52	12	64	13	67	14	57	15	53	16	54	17	62	18	60	19	58	20	70	21	55	22	61	23	65	24	71	25	53	26	62	27	64	28	60	29	67	
	0	80	1	77	2	75	3	75	4	79	5	84	6	79	7	85	8	89	9	86	10	79	11	81	12	87	13	77	14	81	15	92	16	74	17	86	18	82	19	92	20	83	21	89	22	91	23	77	24	86	25	84	26	92	27	86	28	75	29	79	
	0	79	1	76	2	84	3	84	4	78	5	91	6	81	7	80	8	80	9	84	10	80	11	77	12	82	13	93	14	80	15	93	16	95	17	95	18	80	19	88	20	91	21	85	22	91	23	83	24	83	25	79	26	78	27	95	28	95	29	87	
	0	33	1	35	2	27	3	21	4	32	5	31	6	23	7	29	8	28	9	38	10	20	11	35	12	34	13	32	14	31	15	31	16	37	17	33	18	38	19	20	20	30	21	28	22	29	23	23	24	20	25	21	26	38	27	32	28	28	29	29	
	0	108	1	101	2	110	3	108	4	104	5	108	6	109	7	106	8	107	9	117	10	107	11	106	12	103	13	105	14	107	15	117	16	109	17	112	18	115	19	116	20	105	21	104	22	115	23	117	24	118	25	113	26	108	27	102	28	100	29	108	
	0	91	1	98	2	101	3	106	4	93	5	93	6	105	7	96	8	93	9	93	10	90	11	90	12	94	13	90	14	109	15	95	16	97	17	109	18	92	19	109	20	92	21	91	22	99	23	109	24	99	25	100	26	103	27	92	28	106	29	93	
	0	83	1	90	2	78	3	85	4	78	5	93	6	79	7	79	8	80	9	79	10	94	11	94	12	86	13	89	14	89	15	75	16	75	17	85	18	75	19	83	20	81	21	82	22	90	23	78	24	87	25	87	26	94	27	94	28	86	29	79	
	0	104	1	103	2	112	3	112	4	112	5	107	6	104	7	97	8	108	9	100	10	114	11	114	12	101	13	108	14	109	15	115	16	109	17	103	18	114	19	106	20	107	21	99	22	100	23	96	24	114	25	114	26	97	27	101	28	102	29	105	
	0	21	1	33	2	23	3	24	4	28	5	24	6	23	7	26	8	23	9	18	10	26	11	35	12	17	13	27	14	27	15	28	16	17	17	34	18	30	19	31	20	17	21	22	22	24	23	27	24	28	25	26	26	21	27	24	28	25	29	23	
	0	36	1	24	2	31	3	29	4	35	5	34	6	43	7	24	8	36	9	30	10	24	11	39	12	40	13	31	14	39	15	39	16	32	17	33	18	27	19	37	20	25	21	28	22	33	23	38	24	28	25	27	26	26	27	41	28	25	29	26	
	0	57	1	62	2	58	3	62	4	65	5	64	6	54	7	54	8	65	9	52	10	64	11	51	12	51	13	61	14	55	15	62	16	48	17	56	18	58	19	63	20	47	21	51	22	66	23	47	24	55	25	61	26	55	27	66	28	61	29	55	
	0	38	1	32	2	43	3	31	4	35	5	39	6	36	7	44	8	32	9	34	10	39	11	48	12	49	13	33	14	33	15	35	16	44	17	35	18	32	19	49	20	46	21	41	22	34	23	45	24	30	25	38	26	40	27	47	28	31	29	43	
	0	55	1	71	2	73	3	69	4	59	5	72	6	73	7	73	8	70	9	71	10	70	11	60	12	55	13	72	14	65	15	64	16	56	17	64	18	61	19	62	20	68	21	71	22	74	23	64	24	74	25	63	26	58	27	58	28	56	29	63	
	0	31	1	25	2	29	3	17	4	16	5	21	6	34	7	32	8	28	9	26	10	30	11	29	12	28	13	29	14	21	15	15	16	33	17	15	18	30	19	24	20	16	21	24	22	31	23	26	24	22	25	30	26	31	27	31	28	17	29	22	
	0	71	1	66	2	73	3	74	4	66	5	72	6	78	7	79	8	75	9	65	10	78	11	74	12	75	13	69	14	63	15	78	16	70	17	65	18	68	19	73	20	70	21	65	22	72	23	65	24	80	25	68	26	69	27	69	28	61	29	79	
	0	42	1	42	2	30	3	26	4	39	5	34	6	30	7	45	8	45	9	40	10	43	11	44	12	43	13	33	14	40	15	36	16	29	17	27	18	31	19	28	20	26	21	37	22	45	23	41	24	42	25	45	26	29	27	32	28	39	29	41	
	0	31	1	19	2	33	3	35	4	20	5	28	6	36	7	32	8	31	9	28	10	21	11	31	12	19	13	22	14	35	15	22	16	33	17	22	18	22	19	29	20	22	21	22	22	33	23	21	24	18	25	25	26	29	27	30	28	25	29	28	