100 30 1
30
	0	105	1	97	2	101	3	111	4	111	5	104	6	107	7	97	8	112	9	114	10	116	11	114	12	112	13	108	14	114	15	114	16	113	17	111	18	109	19	108	20	106	21	104	22	106	23	101	24	106	25	113	26	105	27	101	28	110	29	109	
	0	33	1	40	2	28	3	40	4	45	5	28	6	30	7	39	8	37	9	31	10	35	11	37	12	28	13	30	14	30	15	42	16	32	17	43	18	36	19	28	20	30	21	34	22	35	23	41	24	45	25	28	26	31	27	34	28	45	29	39	
	0	43	1	48	2	43	3	46	4	42	5	57	6	58	7	50	8	52	9	57	10	44	11	49	12	46	13	49	14	45	15	43	16	50	17	56	18	59	19	54	20	56	21	55	22	60	23	54	24	42	25	56	26	41	27	43	28	54	29	58	
	0	61	1	62	2	63	3	58	4	44	5	59	6	46	7	57	8	56	9	52	10	53	11	45	12	44	13	51	14	44	15	58	16	63	17	60	18	45	19	44	20	50	21	50	22	44	23	54	24	50	25	57	26	56	27	58	28	54	29	60	
	0	28	1	11	2	20	3	24	4	13	5	25	6	24	7	13	8	24	9	15	10	28	11	17	12	11	13	18	14	12	15	26	16	24	17	18	18	26	19	23	20	24	21	28	22	28	23	20	24	13	25	13	26	17	27	11	28	9	29	16	
	0	57	1	47	2	43	3	46	4	54	5	46	6	58	7	57	8	55	9	60	10	50	11	49	12	54	13	52	14	50	15	59	16	56	17	45	18	53	19	54	20	55	21	59	22	56	23	53	24	49	25	49	26	45	27	52	28	57	29	44	
	0	39	1	45	2	43	3	30	4	41	5	46	6	44	7	37	8	35	9	37	10	39	11	33	12	35	13	30	14	35	15	37	16	44	17	43	18	37	19	45	20	36	21	30	22	42	23	43	24	30	25	40	26	41	27	43	28	31	29	35	
	0	83	1	76	2	92	3	89	4	85	5	86	6	83	7	89	8	79	9	79	10	83	11	82	12	84	13	89	14	81	15	91	16	87	17	77	18	79	19	78	20	82	21	75	22	93	23	77	24	86	25	90	26	77	27	90	28	92	29	87	
	0	72	1	65	2	69	3	58	4	69	5	58	6	71	7	73	8	60	9	58	10	57	11	60	12	55	13	60	14	68	15	69	16	65	17	67	18	55	19	59	20	58	21	57	22	72	23	68	24	73	25	65	26	62	27	68	28	72	29	59	
	0	32	1	29	2	25	3	27	4	24	5	28	6	36	7	34	8	18	9	35	10	23	11	33	12	35	13	28	14	32	15	22	16	25	17	19	18	31	19	21	20	18	21	27	22	25	23	25	24	22	25	22	26	25	27	30	28	22	29	35	
	0	40	1	40	2	41	3	45	4	53	5	55	6	39	7	47	8	45	9	47	10	50	11	52	12	49	13	56	14	54	15	47	16	49	17	43	18	40	19	52	20	49	21	48	22	51	23	41	24	56	25	51	26	38	27	51	28	45	29	40	
	0	55	1	50	2	46	3	46	4	47	5	46	6	44	7	55	8	56	9	56	10	52	11	39	12	47	13	46	14	56	15	42	16	41	17	56	18	41	19	47	20	54	21	45	22	46	23	41	24	54	25	45	26	42	27	57	28	43	29	41	
	0	39	1	45	2	34	3	35	4	37	5	41	6	33	7	46	8	42	9	50	10	49	11	32	12	51	13	36	14	38	15	45	16	42	17	45	18	51	19	35	20	34	21	33	22	50	23	50	24	44	25	37	26	50	27	42	28	46	29	48	
	0	75	1	83	2	75	3	89	4	87	5	81	6	85	7	91	8	77	9	78	10	74	11	82	12	88	13	89	14	82	15	74	16	81	17	92	18	76	19	92	20	79	21	84	22	85	23	84	24	82	25	82	26	92	27	81	28	73	29	90	
	0	60	1	54	2	42	3	47	4	58	5	42	6	44	7	53	8	45	9	42	10	42	11	60	12	43	13	56	14	59	15	56	16	46	17	56	18	55	19	50	20	48	21	44	22	43	23	55	24	51	25	54	26	43	27	43	28	58	29	57	
	0	36	1	35	2	39	3	39	4	29	5	28	6	31	7	34	8	39	9	28	10	42	11	33	12	42	13	26	14	31	15	45	16	33	17	37	18	43	19	26	20	37	21	32	22	32	23	31	24	32	25	34	26	31	27	28	28	35	29	27	
	0	17	1	26	2	13	3	12	4	28	5	20	6	29	7	10	8	28	9	15	10	26	11	29	12	16	13	10	14	25	15	26	16	27	17	18	18	24	19	13	20	18	21	18	22	20	23	29	24	29	25	23	26	22	27	16	28	27	29	16	
	0	104	1	107	2	98	3	113	4	99	5	108	6	108	7	109	8	109	9	114	10	108	11	100	12	100	13	116	14	104	15	115	16	112	17	115	18	103	19	103	20	106	21	100	22	103	23	114	24	115	25	101	26	103	27	111	28	113	29	106	
	0	62	1	62	2	51	3	52	4	55	5	49	6	55	7	56	8	55	9	50	10	58	11	54	12	64	13	49	14	52	15	62	16	48	17	54	18	51	19	64	20	46	21	48	22	54	23	61	24	63	25	46	26	61	27	47	28	57	29	60	
	0	55	1	49	2	47	3	53	4	51	5	57	6	54	7	52	8	52	9	54	10	53	11	58	12	63	13	54	14	62	15	47	16	46	17	48	18	56	19	46	20	56	21	48	22	60	23	49	24	46	25	59	26	56	27	63	28	52	29	58	
	0	13	1	21	2	14	3	21	4	23	5	20	6	30	7	12	8	17	9	21	10	20	11	11	12	18	13	12	14	23	15	17	16	30	17	15	18	16	19	25	20	27	21	13	22	14	23	26	24	18	25	25	26	25	27	28	28	15	29	26	
	0	77	1	79	2	90	3	81	4	85	5	87	6	80	7	81	8	87	9	93	10	83	11	77	12	80	13	94	14	80	15	84	16	81	17	94	18	91	19	95	20	86	21	85	22	86	23	92	24	76	25	76	26	87	27	79	28	93	29	81	
	0	50	1	61	2	45	3	56	4	53	5	60	6	62	7	46	8	59	9	47	10	53	11	49	12	57	13	57	14	50	15	63	16	52	17	56	18	55	19	44	20	59	21	60	22	63	23	44	24	55	25	52	26	44	27	48	28	46	29	51	
	0	42	1	34	2	45	3	44	4	49	5	47	6	36	7	44	8	43	9	43	10	31	11	40	12	37	13	47	14	44	15	34	16	46	17	31	18	35	19	48	20	35	21	34	22	38	23	43	24	37	25	46	26	38	27	41	28	36	29	50	
	0	25	1	27	2	24	3	33	4	27	5	30	6	23	7	31	8	34	9	26	10	29	11	28	12	35	13	21	14	25	15	19	16	30	17	24	18	30	19	29	20	29	21	20	22	29	23	28	24	32	25	20	26	25	27	28	28	23	29	27	
	0	21	1	38	2	28	3	29	4	38	5	30	6	25	7	39	8	38	9	32	10	38	11	27	12	24	13	31	14	29	15	39	16	35	17	32	18	31	19	21	20	38	21	30	22	37	23	33	24	32	25	20	26	21	27	26	28	33	29	25	
	0	79	1	75	2	88	3	73	4	91	5	82	6	74	7	75	8	84	9	87	10	88	11	75	12	91	13	79	14	86	15	88	16	90	17	81	18	77	19	81	20	76	21	92	22	89	23	75	24	77	25	79	26	80	27	85	28	75	29	89	
	0	52	1	45	2	46	3	40	4	51	5	49	6	42	7	49	8	56	9	50	10	41	11	44	12	54	13	53	14	51	15	45	16	56	17	49	18	43	19	54	20	46	21	41	22	39	23	37	24	54	25	48	26	42	27	41	28	41	29	40	
	0	39	1	24	2	36	3	33	4	26	5	35	6	37	7	41	8	26	9	34	10	38	11	25	12	34	13	28	14	25	15	43	16	27	17	33	18	30	19	39	20	43	21	39	22	42	23	24	24	34	25	28	26	27	27	26	28	43	29	42	
	0	64	1	62	2	61	3	58	4	64	5	60	6	59	7	61	8	62	9	68	10	70	11	66	12	62	13	62	14	62	15	69	16	67	17	70	18	65	19	53	20	61	21	62	22	65	23	52	24	61	25	69	26	54	27	52	28	56	29	68	
	0	52	1	53	2	50	3	40	4	41	5	53	6	52	7	52	8	45	9	39	10	49	11	41	12	51	13	45	14	52	15	46	16	40	17	58	18	57	19	42	20	54	21	57	22	57	23	55	24	49	25	43	26	53	27	41	28	52	29	46	
	0	111	1	119	2	116	3	104	4	114	5	116	6	102	7	118	8	102	9	107	10	111	11	112	12	117	13	103	14	110	15	118	16	101	17	113	18	115	19	108	20	108	21	101	22	109	23	108	24	108	25	117	26	107	27	118	28	107	29	108	
	0	101	1	97	2	97	3	105	4	106	5	95	6	103	7	103	8	93	9	105	10	93	11	90	12	93	13	99	14	103	15	92	16	101	17	90	18	96	19	103	20	101	21	93	22	99	23	91	24	98	25	103	26	104	27	92	28	105	29	105	
	0	4	1	11	2	8	3	16	4	8	5	14	6	14	7	23	8	14	9	19	10	21	11	9	12	12	13	16	14	17	15	5	16	16	17	4	18	20	19	4	20	12	21	9	22	16	23	19	24	4	25	5	26	22	27	6	28	14	29	22	
	0	89	1	81	2	79	3	80	4	95	5	91	6	97	7	85	8	81	9	87	10	79	11	87	12	94	13	79	14	82	15	88	16	90	17	96	18	83	19	87	20	84	21	82	22	87	23	84	24	83	25	94	26	84	27	89	28	88	29	87	
	0	24	1	30	2	21	3	18	4	26	5	33	6	31	7	19	8	17	9	17	10	15	11	31	12	21	13	19	14	28	15	18	16	30	17	18	18	23	19	22	20	29	21	28	22	16	23	21	24	20	25	32	26	16	27	21	28	33	29	28	
	0	24	1	11	2	11	3	25	4	19	5	18	6	17	7	15	8	27	9	21	10	20	11	17	12	26	13	29	14	19	15	14	16	28	17	15	18	18	19	26	20	26	21	11	22	28	23	14	24	21	25	29	26	13	27	23	28	19	29	14	
	0	91	1	98	2	105	3	94	4	103	5	95	6	103	7	97	8	106	9	98	10	100	11	92	12	105	13	93	14	104	15	92	16	88	17	87	18	102	19	104	20	104	21	94	22	101	23	102	24	87	25	96	26	88	27	101	28	94	29	87	
	0	84	1	73	2	86	3	86	4	69	5	70	6	76	7	78	8	71	9	84	10	72	11	84	12	73	13	79	14	70	15	81	16	76	17	67	18	72	19	70	20	73	21	73	22	85	23	69	24	84	25	69	26	77	27	78	28	73	29	85	
	0	41	1	40	2	33	3	26	4	37	5	35	6	37	7	38	8	41	9	37	10	42	11	35	12	39	13	40	14	27	15	26	16	31	17	33	18	41	19	45	20	26	21	27	22	36	23	44	24	45	25	45	26	44	27	40	28	28	29	44	
	0	77	1	72	2	81	3	77	4	89	5	88	6	73	7	80	8	72	9	79	10	79	11	73	12	90	13	75	14	78	15	75	16	74	17	86	18	83	19	74	20	75	21	76	22	71	23	84	24	73	25	85	26	78	27	82	28	79	29	86	
	0	28	1	24	2	27	3	31	4	28	5	19	6	23	7	23	8	23	9	29	10	19	11	34	12	20	13	28	14	27	15	19	16	20	17	21	18	31	19	18	20	28	21	20	22	32	23	33	24	24	25	34	26	33	27	23	28	18	29	18	
	0	61	1	58	2	51	3	65	4	52	5	56	6	63	7	66	8	68	9	70	10	57	11	66	12	64	13	56	14	67	15	54	16	67	17	54	18	62	19	53	20	54	21	61	22	67	23	66	24	64	25	57	26	61	27	51	28	53	29	58	
	0	104	1	99	2	97	3	102	4	104	5	92	6	102	7	97	8	93	9	102	10	89	11	95	12	103	13	95	14	88	15	96	16	100	17	88	18	95	19	93	20	97	21	104	22	98	23	105	24	102	25	86	26	104	27	96	28	91	29	91	
	0	62	1	56	2	55	3	58	4	61	5	60	6	71	7	57	8	71	9	60	10	63	11	56	12	62	13	67	14	57	15	66	16	66	17	68	18	70	19	63	20	58	21	62	22	59	23	61	24	65	25	64	26	56	27	57	28	65	29	58	
	0	89	1	94	2	101	3	107	4	91	5	96	6	94	7	94	8	91	9	94	10	102	11	93	12	96	13	90	14	92	15	97	16	95	17	106	18	92	19	105	20	101	21	90	22	93	23	92	24	90	25	97	26	103	27	98	28	102	29	98	
	0	28	1	24	2	15	3	13	4	23	5	32	6	29	7	27	8	30	9	31	10	27	11	23	12	23	13	18	14	29	15	23	16	26	17	20	18	17	19	28	20	18	21	14	22	32	23	22	24	23	25	23	26	32	27	15	28	18	29	13	
	0	67	1	52	2	62	3	67	4	48	5	64	6	63	7	64	8	55	9	51	10	52	11	51	12	49	13	56	14	66	15	67	16	65	17	59	18	67	19	48	20	62	21	51	22	63	23	48	24	56	25	54	26	59	27	52	28	62	29	67	
	0	53	1	54	2	54	3	46	4	55	5	61	6	49	7	50	8	45	9	44	10	53	11	59	12	57	13	58	14	62	15	48	16	56	17	57	18	48	19	61	20	46	21	56	22	58	23	62	24	47	25	60	26	48	27	55	28	44	29	46	
	0	92	1	88	2	92	3	92	4	92	5	92	6	85	7	86	8	94	9	83	10	85	11	100	12	94	13	97	14	94	15	84	16	82	17	98	18	98	19	99	20	87	21	90	22	93	23	90	24	99	25	96	26	90	27	100	28	84	29	92	
	0	81	1	84	2	84	3	70	4	82	5	72	6	70	7	87	8	76	9	87	10	83	11	71	12	71	13	87	14	74	15	89	16	85	17	87	18	72	19	73	20	85	21	82	22	86	23	80	24	81	25	79	26	86	27	84	28	75	29	79	
	0	91	1	81	2	85	3	98	4	97	5	86	6	96	7	90	8	97	9	88	10	85	11	93	12	91	13	85	14	90	15	92	16	98	17	96	18	99	19	98	20	88	21	85	22	86	23	87	24	96	25	96	26	84	27	89	28	95	29	98	
	0	84	1	85	2	96	3	89	4	92	5	89	6	92	7	82	8	88	9	101	10	95	11	100	12	93	13	92	14	91	15	91	16	91	17	97	18	84	19	88	20	97	21	101	22	95	23	86	24	98	25	85	26	89	27	94	28	95	29	99	
	0	60	1	53	2	59	3	58	4	64	5	66	6	51	7	66	8	65	9	53	10	58	11	50	12	48	13	50	14	62	15	62	16	63	17	51	18	60	19	56	20	55	21	55	22	58	23	50	24	58	25	55	26	57	27	67	28	67	29	63	
	0	73	1	62	2	61	3	57	4	62	5	61	6	68	7	76	8	74	9	69	10	67	11	57	12	64	13	66	14	67	15	71	16	63	17	60	18	72	19	68	20	73	21	61	22	70	23	68	24	58	25	64	26	70	27	60	28	63	29	69	
	0	49	1	51	2	45	3	53	4	46	5	61	6	43	7	54	8	49	9	51	10	52	11	61	12	59	13	55	14	49	15	62	16	57	17	50	18	62	19	48	20	56	21	59	22	54	23	56	24	45	25	55	26	43	27	49	28	48	29	49	
	0	35	1	25	2	28	3	33	4	41	5	31	6	27	7	36	8	44	9	38	10	27	11	44	12	29	13	26	14	25	15	33	16	26	17	44	18	41	19	41	20	37	21	44	22	42	23	39	24	35	25	39	26	30	27	42	28	42	29	44	
	0	102	1	100	2	98	3	94	4	97	5	103	6	108	7	107	8	99	9	105	10	109	11	113	12	101	13	112	14	103	15	111	16	108	17	106	18	102	19	96	20	103	21	95	22	105	23	109	24	113	25	108	26	101	27	105	28	107	29	109	
	0	10	1	6	2	20	3	18	4	14	5	21	6	21	7	10	8	18	9	17	10	7	11	16	12	6	13	16	14	3	15	17	16	20	17	3	18	11	19	8	20	11	21	11	22	14	23	5	24	5	25	17	26	7	27	5	28	14	29	16	
	0	32	1	38	2	30	3	32	4	37	5	34	6	39	7	48	8	34	9	36	10	35	11	45	12	30	13	36	14	29	15	36	16	30	17	34	18	39	19	30	20	44	21	47	22	47	23	43	24	40	25	42	26	38	27	29	28	39	29	33	
	0	71	1	70	2	78	3	67	4	78	5	66	6	78	7	72	8	85	9	74	10	77	11	83	12	75	13	76	14	84	15	71	16	72	17	72	18	82	19	82	20	85	21	83	22	82	23	72	24	74	25	66	26	79	27	79	28	84	29	77	
	0	104	1	107	2	94	3	97	4	102	5	104	6	94	7	98	8	92	9	90	10	99	11	105	12	96	13	93	14	97	15	96	16	91	17	90	18	106	19	100	20	98	21	102	22	100	23	91	24	93	25	98	26	100	27	90	28	103	29	98	
	0	81	1	90	2	86	3	84	4	92	5	78	6	95	7	82	8	87	9	78	10	77	11	84	12	94	13	93	14	81	15	85	16	77	17	91	18	79	19	90	20	79	21	77	22	86	23	83	24	78	25	87	26	91	27	82	28	88	29	81	
	0	81	1	72	2	67	3	79	4	71	5	78	6	79	7	63	8	79	9	71	10	62	11	62	12	79	13	71	14	76	15	72	16	69	17	76	18	75	19	74	20	63	21	80	22	70	23	65	24	69	25	67	26	81	27	70	28	62	29	80	
	0	19	1	31	2	19	3	34	4	20	5	37	6	26	7	20	8	22	9	37	10	33	11	22	12	37	13	35	14	19	15	29	16	21	17	28	18	37	19	36	20	33	21	21	22	31	23	26	24	24	25	34	26	23	27	25	28	23	29	31	
	0	106	1	118	2	100	3	119	4	113	5	109	6	115	7	115	8	111	9	115	10	118	11	109	12	115	13	103	14	111	15	113	16	105	17	107	18	106	19	102	20	114	21	116	22	109	23	103	24	102	25	104	26	103	27	100	28	116	29	113	
	0	100	1	107	2	116	3	106	4	109	5	116	6	109	7	103	8	115	9	98	10	100	11	102	12	116	13	98	14	98	15	101	16	115	17	109	18	98	19	101	20	114	21	103	22	116	23	111	24	103	25	111	26	99	27	114	28	114	29	99	
	0	51	1	48	2	57	3	53	4	51	5	46	6	57	7	48	8	59	9	54	10	56	11	49	12	46	13	47	14	50	15	58	16	58	17	57	18	58	19	61	20	64	21	63	22	54	23	54	24	53	25	56	26	61	27	51	28	46	29	54	
	0	109	1	105	2	106	3	110	4	110	5	103	6	114	7	98	8	108	9	113	10	100	11	98	12	104	13	101	14	98	15	105	16	99	17	101	18	99	19	103	20	107	21	101	22	113	23	113	24	107	25	114	26	99	27	106	28	102	29	100	
	0	56	1	59	2	66	3	58	4	73	5	70	6	69	7	71	8	64	9	62	10	58	11	64	12	66	13	57	14	64	15	63	16	64	17	68	18	57	19	61	20	72	21	65	22	57	23	71	24	58	25	72	26	58	27	70	28	58	29	66	
	0	80	1	88	2	85	3	80	4	92	5	91	6	89	7	78	8	80	9	83	10	77	11	74	12	88	13	90	14	79	15	86	16	77	17	82	18	82	19	92	20	75	21	78	22	76	23	90	24	77	25	79	26	88	27	81	28	74	29	85	
	0	21	1	25	2	15	3	26	4	22	5	20	6	23	7	19	8	14	9	11	10	23	11	16	12	19	13	11	14	21	15	22	16	20	17	10	18	10	19	21	20	12	21	13	22	24	23	29	24	16	25	28	26	18	27	25	28	11	29	19	
	0	62	1	67	2	58	3	55	4	59	5	65	6	60	7	63	8	54	9	66	10	50	11	61	12	64	13	50	14	51	15	54	16	66	17	64	18	68	19	66	20	62	21	53	22	60	23	68	24	49	25	68	26	62	27	58	28	66	29	54	
	0	35	1	24	2	29	3	27	4	34	5	25	6	32	7	20	8	28	9	28	10	31	11	38	12	31	13	27	14	30	15	36	16	33	17	33	18	26	19	28	20	22	21	31	22	23	23	39	24	32	25	33	26	36	27	30	28	31	29	32	
	0	64	1	52	2	52	3	49	4	54	5	62	6	56	7	47	8	52	9	49	10	61	11	64	12	50	13	47	14	62	15	59	16	49	17	51	18	62	19	52	20	49	21	53	22	53	23	47	24	54	25	48	26	55	27	61	28	60	29	56	
	0	23	1	32	2	24	3	35	4	24	5	27	6	35	7	25	8	32	9	34	10	16	11	18	12	16	13	21	14	16	15	33	16	19	17	22	18	34	19	19	20	19	21	18	22	34	23	33	24	22	25	26	26	22	27	22	28	35	29	35	
	0	93	1	76	2	75	3	88	4	84	5	76	6	80	7	90	8	92	9	83	10	77	11	93	12	86	13	86	14	85	15	90	16	76	17	82	18	89	19	92	20	92	21	76	22	89	23	92	24	89	25	91	26	81	27	75	28	82	29	85	
	0	81	1	83	2	73	3	65	4	78	5	77	6	70	7	81	8	71	9	84	10	68	11	79	12	66	13	66	14	80	15	74	16	77	17	71	18	84	19	80	20	82	21	66	22	66	23	70	24	78	25	71	26	75	27	73	28	66	29	65	
	0	7	1	3	2	4	3	4	4	10	5	16	6	13	7	13	8	9	9	6	10	16	11	12	12	2	13	19	14	20	15	19	16	19	17	12	18	16	19	17	20	17	21	13	22	3	23	14	24	19	25	15	26	19	27	15	28	20	29	15	
	0	77	1	66	2	75	3	74	4	68	5	59	6	74	7	67	8	67	9	66	10	71	11	78	12	70	13	77	14	77	15	63	16	74	17	73	18	74	19	72	20	62	21	71	22	59	23	59	24	61	25	63	26	73	27	67	28	76	29	73	
	0	88	1	93	2	99	3	94	4	91	5	101	6	93	7	86	8	103	9	100	10	101	11	89	12	103	13	89	14	99	15	99	16	95	17	86	18	102	19	97	20	105	21	101	22	93	23	93	24	87	25	95	26	96	27	86	28	105	29	100	
	0	98	1	86	2	90	3	84	4	93	5	94	6	93	7	97	8	101	9	91	10	100	11	94	12	96	13	96	14	85	15	100	16	87	17	90	18	88	19	87	20	99	21	85	22	97	23	94	24	83	25	101	26	94	27	100	28	94	29	84	
	0	108	1	94	2	98	3	109	4	107	5	96	6	96	7	101	8	95	9	93	10	98	11	98	12	105	13	91	14	105	15	97	16	100	17	107	18	94	19	106	20	103	21	102	22	107	23	104	24	100	25	109	26	92	27	94	28	109	29	100	
	0	48	1	40	2	50	3	42	4	52	5	49	6	52	7	54	8	43	9	41	10	50	11	49	12	44	13	40	14	41	15	46	16	53	17	52	18	48	19	39	20	38	21	40	22	40	23	47	24	55	25	39	26	37	27	53	28	52	29	41	
	0	67	1	73	2	77	3	80	4	82	5	84	6	86	7	69	8	83	9	74	10	74	11	82	12	81	13	85	14	67	15	76	16	69	17	79	18	72	19	73	20	78	21	70	22	82	23	86	24	76	25	76	26	71	27	75	28	81	29	75	
	0	22	1	28	2	15	3	16	4	24	5	16	6	23	7	28	8	23	9	13	10	18	11	17	12	21	13	21	14	18	15	25	16	21	17	16	18	30	19	24	20	26	21	22	22	22	23	28	24	26	25	31	26	20	27	20	28	21	29	15	
	0	9	1	25	2	15	3	10	4	7	5	20	6	15	7	11	8	7	9	11	10	11	11	17	12	13	13	13	14	7	15	17	16	17	17	6	18	21	19	6	20	6	21	9	22	8	23	17	24	12	25	14	26	10	27	14	28	23	29	7	
	0	47	1	47	2	53	3	45	4	60	5	50	6	49	7	59	8	55	9	54	10	42	11	52	12	55	13	42	14	54	15	51	16	45	17	49	18	43	19	57	20	41	21	53	22	59	23	54	24	46	25	58	26	51	27	44	28	48	29	45	
	0	43	1	48	2	44	3	48	4	41	5	47	6	52	7	53	8	44	9	51	10	46	11	44	12	45	13	43	14	40	15	49	16	37	17	38	18	39	19	51	20	40	21	52	22	39	23	46	24	39	25	41	26	43	27	53	28	53	29	47	
	0	15	1	4	2	14	3	15	4	6	5	11	6	22	7	8	8	12	9	9	10	10	11	20	12	6	13	11	14	21	15	13	16	10	17	15	18	15	19	21	20	9	21	19	22	21	23	12	24	10	25	21	26	17	27	12	28	6	29	8	
	0	83	1	76	2	76	3	86	4	72	5	84	6	84	7	74	8	75	9	74	10	73	11	84	12	85	13	82	14	72	15	76	16	85	17	68	18	81	19	84	20	82	21	69	22	72	23	85	24	81	25	75	26	72	27	74	28	86	29	82	
	0	93	1	106	2	102	3	102	4	100	5	98	6	106	7	108	8	106	9	108	10	94	11	100	12	112	13	108	14	94	15	106	16	104	17	96	18	109	19	96	20	100	21	103	22	103	23	93	24	99	25	103	26	100	27	105	28	112	29	96	
	0	62	1	65	2	70	3	74	4	78	5	79	6	69	7	68	8	70	9	62	10	74	11	80	12	71	13	63	14	62	15	68	16	75	17	70	18	62	19	73	20	63	21	64	22	67	23	75	24	78	25	67	26	72	27	70	28	71	29	70	
	0	40	1	27	2	28	3	39	4	32	5	25	6	37	7	39	8	31	9	36	10	39	11	40	12	41	13	29	14	42	15	27	16	31	17	40	18	33	19	27	20	25	21	24	22	37	23	31	24	41	25	38	26	34	27	23	28	28	29	27	
	0	17	1	26	2	23	3	25	4	27	5	24	6	24	7	22	8	24	9	15	10	19	11	26	12	29	13	19	14	17	15	32	16	32	17	28	18	27	19	27	20	30	21	31	22	18	23	30	24	13	25	19	26	15	27	20	28	15	29	16	
	0	46	1	40	2	28	3	38	4	33	5	37	6	43	7	34	8	29	9	39	10	40	11	29	12	33	13	29	14	27	15	44	16	38	17	44	18	43	19	35	20	31	21	44	22	28	23	29	24	44	25	39	26	32	27	39	28	30	29	43	
	0	81	1	81	2	87	3	69	4	71	5	70	6	76	7	85	8	79	9	83	10	73	11	74	12	78	13	82	14	79	15	87	16	80	17	88	18	84	19	88	20	87	21	85	22	78	23	74	24	85	25	75	26	77	27	80	28	87	29	74	
	0	62	1	75	2	77	3	67	4	77	5	70	6	69	7	64	8	71	9	62	10	58	11	68	12	59	13	74	14	66	15	64	16	73	17	58	18	68	19	62	20	74	21	66	22	64	23	67	24	59	25	69	26	65	27	67	28	65	29	69	
	0	17	1	11	2	21	3	12	4	10	5	23	6	21	7	22	8	9	9	13	10	22	11	14	12	11	13	27	14	20	15	17	16	25	17	16	18	11	19	9	20	26	21	27	22	24	23	26	24	9	25	26	26	28	27	13	28	19	29	18	
	0	26	1	24	2	32	3	32	4	31	5	34	6	36	7	30	8	23	9	21	10	33	11	36	12	31	13	19	14	38	15	24	16	25	17	36	18	34	19	30	20	29	21	35	22	33	23	38	24	34	25	30	26	36	27	19	28	37	29	22	