100 30 1
30
	0	68	1	70	2	77	3	68	4	78	5	69	6	74	7	74	8	72	9	84	10	71	11	75	12	68	13	82	14	82	15	79	16	73	17	72	18	81	19	70	20	81	21	69	22	73	23	86	24	73	25	86	26	68	27	75	28	85	29	87	
	0	55	1	44	2	50	3	44	4	43	5	49	6	52	7	40	8	43	9	44	10	54	11	49	12	38	13	42	14	45	15	54	16	43	17	47	18	38	19	45	20	40	21	50	22	54	23	50	24	48	25	44	26	49	27	47	28	52	29	43	
	0	22	1	22	2	18	3	15	4	21	5	18	6	30	7	31	8	31	9	22	10	19	11	23	12	13	13	22	14	29	15	13	16	22	17	13	18	26	19	20	20	24	21	24	22	28	23	24	24	17	25	25	26	17	27	25	28	25	29	28	
	0	41	1	44	2	58	3	44	4	55	5	53	6	50	7	50	8	59	9	46	10	52	11	54	12	51	13	56	14	52	15	51	16	55	17	53	18	60	19	58	20	54	21	55	22	43	23	55	24	53	25	58	26	52	27	43	28	58	29	57	
	0	56	1	49	2	48	3	50	4	57	5	58	6	51	7	59	8	43	9	53	10	44	11	46	12	51	13	40	14	52	15	56	16	59	17	56	18	41	19	52	20	55	21	57	22	56	23	50	24	57	25	59	26	52	27	45	28	56	29	45	
	0	24	1	19	2	18	3	19	4	17	5	34	6	33	7	33	8	22	9	29	10	29	11	25	12	21	13	28	14	25	15	28	16	35	17	17	18	35	19	18	20	29	21	23	22	26	23	18	24	28	25	33	26	36	27	29	28	28	29	21	
	0	71	1	54	2	58	3	63	4	57	5	55	6	59	7	63	8	58	9	54	10	71	11	54	12	59	13	67	14	59	15	66	16	64	17	64	18	53	19	62	20	68	21	63	22	61	23	60	24	57	25	53	26	60	27	53	28	71	29	69	
	0	21	1	25	2	19	3	14	4	7	5	18	6	17	7	10	8	17	9	12	10	21	11	22	12	19	13	25	14	7	15	7	16	9	17	17	18	9	19	14	20	21	21	15	22	24	23	6	24	17	25	11	26	20	27	18	28	19	29	23	
	0	15	1	14	2	12	3	23	4	16	5	7	6	17	7	22	8	19	9	6	10	24	11	17	12	10	13	16	14	22	15	18	16	15	17	15	18	6	19	12	20	9	21	13	22	15	23	16	24	24	25	18	26	5	27	17	28	6	29	7	
	0	3	1	2	2	21	3	17	4	11	5	18	6	3	7	20	8	13	9	16	10	6	11	19	12	2	13	21	14	7	15	7	16	17	17	5	18	18	19	19	20	17	21	13	22	13	23	11	24	18	25	20	26	16	27	16	28	2	29	13	
	0	34	1	20	2	24	3	25	4	23	5	16	6	26	7	27	8	19	9	23	10	33	11	25	12	20	13	20	14	20	15	28	16	23	17	19	18	19	19	20	20	23	21	33	22	29	23	18	24	34	25	32	26	28	27	23	28	27	29	25	
	0	99	1	95	2	106	3	95	4	91	5	107	6	100	7	100	8	108	9	93	10	95	11	96	12	102	13	91	14	99	15	107	16	109	17	102	18	104	19	96	20	102	21	91	22	97	23	110	24	101	25	110	26	102	27	102	28	110	29	103	
	0	81	1	81	2	76	3	92	4	84	5	77	6	83	7	78	8	77	9	91	10	92	11	92	12	86	13	76	14	80	15	93	16	88	17	90	18	82	19	76	20	77	21	74	22	80	23	79	24	75	25	77	26	84	27	87	28	84	29	81	
	0	111	1	96	2	111	3	110	4	99	5	110	6	113	7	97	8	100	9	111	10	94	11	108	12	99	13	94	14	109	15	111	16	112	17	109	18	108	19	109	20	99	21	97	22	105	23	101	24	110	25	96	26	95	27	95	28	100	29	107	
	0	11	1	11	2	14	3	4	4	17	5	8	6	16	7	23	8	21	9	15	10	10	11	18	12	7	13	18	14	15	15	18	16	6	17	17	18	18	19	11	20	20	21	5	22	15	23	5	24	11	25	7	26	18	27	16	28	21	29	7	
	0	54	1	56	2	49	3	56	4	44	5	45	6	45	7	47	8	53	9	45	10	49	11	38	12	53	13	43	14	53	15	49	16	47	17	45	18	57	19	46	20	47	21	44	22	38	23	44	24	43	25	42	26	38	27	56	28	42	29	51	
	0	87	1	74	2	84	3	85	4	70	5	69	6	72	7	83	8	70	9	84	10	69	11	85	12	87	13	71	14	83	15	82	16	78	17	82	18	78	19	73	20	69	21	87	22	87	23	85	24	75	25	71	26	76	27	81	28	82	29	85	
	0	23	1	17	2	22	3	27	4	18	5	14	6	16	7	31	8	25	9	31	10	31	11	33	12	24	13	26	14	31	15	33	16	32	17	32	18	27	19	33	20	29	21	22	22	26	23	27	24	23	25	30	26	18	27	25	28	33	29	31	
	0	45	1	51	2	42	3	36	4	53	5	45	6	37	7	45	8	41	9	50	10	41	11	39	12	50	13	53	14	50	15	43	16	47	17	55	18	53	19	53	20	36	21	36	22	37	23	50	24	49	25	46	26	40	27	52	28	47	29	49	
	0	95	1	91	2	98	3	95	4	106	5	103	6	106	7	97	8	92	9	103	10	108	11	100	12	95	13	107	14	102	15	108	16	101	17	94	18	95	19	104	20	92	21	101	22	103	23	99	24	109	25	105	26	104	27	93	28	107	29	108	
	0	92	1	94	2	86	3	90	4	102	5	98	6	86	7	102	8	100	9	94	10	100	11	93	12	105	13	93	14	103	15	102	16	98	17	105	18	103	19	98	20	90	21	103	22	101	23	100	24	97	25	90	26	104	27	89	28	91	29	99	
	0	109	1	101	2	118	3	106	4	109	5	104	6	120	7	107	8	111	9	102	10	118	11	119	12	120	13	107	14	107	15	113	16	113	17	112	18	106	19	105	20	102	21	114	22	114	23	102	24	111	25	113	26	111	27	101	28	116	29	106	
	0	20	1	26	2	15	3	24	4	24	5	20	6	25	7	11	8	25	9	12	10	23	11	26	12	15	13	21	14	12	15	11	16	14	17	24	18	21	19	12	20	13	21	16	22	14	23	24	24	21	25	20	26	26	27	13	28	25	29	15	
	0	108	1	107	2	104	3	109	4	107	5	96	6	103	7	101	8	114	9	111	10	102	11	112	12	111	13	104	14	111	15	98	16	112	17	104	18	114	19	108	20	101	21	98	22	96	23	100	24	100	25	106	26	105	27	105	28	103	29	107	
	0	36	1	24	2	36	3	26	4	38	5	35	6	35	7	33	8	33	9	28	10	20	11	26	12	38	13	31	14	32	15	29	16	29	17	37	18	33	19	34	20	21	21	37	22	36	23	29	24	20	25	29	26	20	27	29	28	39	29	28	
	0	28	1	38	2	22	3	26	4	21	5	26	6	31	7	24	8	29	9	29	10	24	11	36	12	38	13	28	14	35	15	39	16	22	17	36	18	22	19	22	20	32	21	34	22	27	23	26	24	22	25	36	26	23	27	39	28	32	29	26	
	0	106	1	103	2	106	3	105	4	93	5	95	6	93	7	87	8	98	9	91	10	91	11	91	12	97	13	104	14	97	15	88	16	97	17	90	18	91	19	94	20	94	21	92	22	104	23	87	24	87	25	92	26	90	27	101	28	94	29	105	
	0	56	1	63	2	57	3	57	4	59	5	63	6	65	7	58	8	48	9	63	10	64	11	65	12	61	13	54	14	58	15	46	16	56	17	63	18	46	19	59	20	54	21	62	22	47	23	47	24	46	25	61	26	50	27	54	28	53	29	58	
	0	95	1	102	2	108	3	111	4	105	5	113	6	101	7	111	8	110	9	96	10	101	11	103	12	106	13	113	14	96	15	105	16	98	17	107	18	106	19	100	20	98	21	97	22	97	23	106	24	110	25	106	26	102	27	96	28	102	29	100	
	0	79	1	66	2	75	3	75	4	71	5	64	6	73	7	73	8	64	9	73	10	80	11	70	12	73	13	78	14	80	15	66	16	69	17	75	18	72	19	77	20	71	21	70	22	80	23	76	24	83	25	66	26	80	27	80	28	66	29	68	
	0	40	1	38	2	42	3	46	4	48	5	34	6	52	7	45	8	49	9	52	10	40	11	39	12	39	13	50	14	36	15	52	16	40	17	40	18	45	19	39	20	41	21	35	22	40	23	48	24	40	25	45	26	45	27	47	28	40	29	39	
	0	34	1	28	2	22	3	33	4	21	5	21	6	40	7	27	8	40	9	40	10	25	11	37	12	27	13	27	14	32	15	38	16	28	17	30	18	38	19	24	20	38	21	30	22	40	23	37	24	38	25	22	26	26	27	34	28	33	29	25	
	0	23	1	14	2	12	3	13	4	13	5	7	6	26	7	24	8	12	9	9	10	24	11	22	12	19	13	24	14	14	15	12	16	12	17	18	18	26	19	8	20	15	21	18	22	17	23	20	24	17	25	20	26	26	27	9	28	16	29	25	
	0	95	1	96	2	95	3	81	4	80	5	96	6	89	7	89	8	93	9	92	10	88	11	94	12	80	13	89	14	85	15	87	16	80	17	93	18	88	19	94	20	83	21	87	22	83	23	85	24	96	25	82	26	93	27	96	28	78	29	95	
	0	21	1	19	2	7	3	13	4	19	5	13	6	16	7	6	8	20	9	12	10	22	11	13	12	6	13	21	14	18	15	14	16	17	17	9	18	14	19	20	20	12	21	12	22	10	23	10	24	7	25	23	26	15	27	14	28	12	29	9	
	0	83	1	75	2	83	3	75	4	89	5	86	6	78	7	71	8	83	9	86	10	85	11	84	12	71	13	80	14	71	15	74	16	88	17	75	18	78	19	79	20	76	21	81	22	82	23	90	24	78	25	85	26	83	27	78	28	76	29	77	
	0	20	1	13	2	11	3	27	4	19	5	23	6	28	7	28	8	23	9	26	10	27	11	18	12	22	13	15	14	22	15	27	16	28	17	29	18	25	19	11	20	29	21	21	22	23	23	16	24	16	25	27	26	12	27	16	28	23	29	12	
	0	62	1	51	2	56	3	62	4	58	5	51	6	54	7	50	8	60	9	47	10	59	11	52	12	55	13	57	14	54	15	57	16	46	17	55	18	53	19	44	20	62	21	58	22	43	23	43	24	57	25	45	26	55	27	62	28	56	29	59	
	0	67	1	58	2	52	3	54	4	63	5	63	6	62	7	54	8	58	9	65	10	54	11	60	12	64	13	60	14	49	15	65	16	67	17	59	18	63	19	63	20	59	21	53	22	64	23	66	24	67	25	61	26	55	27	62	28	52	29	49	
	0	60	1	57	2	65	3	51	4	52	5	53	6	61	7	68	8	56	9	51	10	53	11	68	12	62	13	54	14	54	15	67	16	63	17	59	18	57	19	58	20	57	21	65	22	52	23	58	24	64	25	66	26	51	27	62	28	63	29	58	
	0	95	1	100	2	88	3	98	4	100	5	85	6	95	7	88	8	91	9	88	10	101	11	93	12	97	13	104	14	93	15	103	16	88	17	103	18	93	19	99	20	85	21	101	22	101	23	85	24	100	25	90	26	97	27	95	28	97	29	86	
	0	40	1	34	2	31	3	25	4	24	5	36	6	38	7	29	8	39	9	22	10	26	11	39	12	39	13	22	14	35	15	24	16	24	17	27	18	39	19	28	20	28	21	37	22	23	23	23	24	31	25	23	26	21	27	37	28	38	29	27	
	0	36	1	44	2	46	3	39	4	43	5	37	6	51	7	40	8	40	9	47	10	37	11	44	12	39	13	34	14	47	15	47	16	46	17	44	18	49	19	35	20	34	21	46	22	38	23	36	24	36	25	50	26	36	27	40	28	41	29	43	
	0	44	1	40	2	49	3	52	4	35	5	42	6	38	7	35	8	40	9	52	10	49	11	37	12	50	13	44	14	52	15	42	16	39	17	54	18	42	19	35	20	49	21	38	22	45	23	39	24	37	25	35	26	44	27	41	28	47	29	36	
	0	41	1	37	2	43	3	39	4	40	5	46	6	35	7	35	8	47	9	37	10	35	11	38	12	37	13	44	14	49	15	51	16	45	17	34	18	41	19	44	20	34	21	43	22	42	23	43	24	49	25	41	26	36	27	39	28	52	29	35	
	0	17	1	32	2	29	3	28	4	30	5	26	6	21	7	32	8	30	9	16	10	13	11	14	12	24	13	20	14	32	15	15	16	23	17	16	18	28	19	23	20	17	21	15	22	32	23	17	24	25	25	18	26	30	27	19	28	25	29	31	
	0	56	1	66	2	63	3	62	4	70	5	69	6	56	7	69	8	61	9	64	10	55	11	61	12	58	13	59	14	52	15	53	16	54	17	58	18	60	19	65	20	54	21	60	22	60	23	67	24	54	25	68	26	55	27	68	28	61	29	70	
	0	114	1	112	2	109	3	104	4	115	5	105	6	109	7	117	8	114	9	100	10	106	11	112	12	112	13	100	14	101	15	108	16	104	17	107	18	113	19	109	20	116	21	115	22	117	23	100	24	110	25	115	26	117	27	117	28	116	29	107	
	0	20	1	19	2	2	3	20	4	7	5	7	6	5	7	4	8	9	9	5	10	13	11	9	12	13	13	19	14	13	15	13	16	15	17	14	18	12	19	7	20	2	21	13	22	17	23	3	24	14	25	5	26	3	27	16	28	20	29	15	
	0	71	1	56	2	62	3	57	4	63	5	68	6	63	7	59	8	56	9	71	10	59	11	64	12	64	13	73	14	56	15	57	16	61	17	59	18	69	19	60	20	58	21	63	22	60	23	67	24	65	25	73	26	73	27	72	28	62	29	69	
	0	105	1	105	2	119	3	115	4	106	5	110	6	109	7	104	8	104	9	112	10	114	11	120	12	115	13	117	14	114	15	107	16	112	17	109	18	108	19	107	20	112	21	119	22	118	23	105	24	113	25	113	26	118	27	110	28	110	29	108	
	0	111	1	111	2	108	3	99	4	97	5	103	6	116	7	112	8	100	9	97	10	113	11	103	12	99	13	103	14	113	15	109	16	109	17	101	18	115	19	103	20	100	21	99	22	98	23	108	24	112	25	102	26	115	27	106	28	110	29	116	
	0	83	1	82	2	84	3	82	4	92	5	82	6	76	7	92	8	91	9	82	10	83	11	82	12	73	13	82	14	87	15	77	16	78	17	79	18	75	19	74	20	81	21	82	22	91	23	80	24	73	25	86	26	80	27	84	28	78	29	81	
	0	24	1	15	2	23	3	16	4	20	5	16	6	31	7	28	8	13	9	27	10	26	11	28	12	15	13	31	14	29	15	27	16	31	17	17	18	27	19	30	20	30	21	13	22	18	23	20	24	17	25	21	26	24	27	29	28	14	29	25	
	0	112	1	110	2	103	3	98	4	108	5	102	6	110	7	108	8	109	9	106	10	101	11	98	12	95	13	114	14	113	15	95	16	110	17	101	18	99	19	97	20	111	21	114	22	112	23	109	24	100	25	105	26	105	27	108	28	109	29	97	
	0	53	1	57	2	52	3	55	4	53	5	55	6	50	7	59	8	57	9	40	10	59	11	51	12	54	13	52	14	53	15	43	16	49	17	52	18	45	19	45	20	44	21	49	22	45	23	49	24	52	25	57	26	51	27	50	28	52	29	50	
	0	26	1	18	2	23	3	17	4	31	5	15	6	26	7	32	8	19	9	26	10	29	11	21	12	15	13	23	14	24	15	33	16	16	17	28	18	24	19	18	20	31	21	24	22	21	23	32	24	30	25	23	26	33	27	22	28	24	29	33	
	0	29	1	25	2	25	3	10	4	15	5	28	6	10	7	24	8	17	9	14	10	16	11	29	12	20	13	12	14	13	15	15	16	26	17	10	18	20	19	24	20	17	21	19	22	15	23	22	24	20	25	17	26	28	27	22	28	13	29	25	
	0	17	1	19	2	27	3	23	4	21	5	17	6	20	7	22	8	16	9	21	10	21	11	28	12	29	13	20	14	30	15	14	16	14	17	27	18	21	19	17	20	25	21	24	22	16	23	25	24	23	25	13	26	14	27	13	28	24	29	28	
	0	34	1	34	2	52	3	41	4	44	5	38	6	45	7	48	8	40	9	45	10	41	11	42	12	49	13	36	14	39	15	52	16	41	17	46	18	49	19	34	20	47	21	47	22	49	23	48	24	35	25	51	26	36	27	50	28	41	29	45	
	0	15	1	24	2	10	3	12	4	18	5	8	6	6	7	6	8	16	9	7	10	8	11	21	12	18	13	13	14	19	15	20	16	8	17	14	18	6	19	20	20	8	21	17	22	14	23	6	24	9	25	24	26	15	27	17	28	23	29	11	
	0	26	1	19	2	32	3	26	4	17	5	17	6	21	7	35	8	34	9	18	10	22	11	25	12	26	13	17	14	20	15	16	16	30	17	19	18	28	19	16	20	25	21	34	22	19	23	27	24	24	25	31	26	30	27	19	28	21	29	26	
	0	33	1	32	2	34	3	25	4	27	5	28	6	27	7	20	8	38	9	27	10	32	11	33	12	25	13	19	14	33	15	26	16	33	17	37	18	38	19	20	20	22	21	30	22	37	23	29	24	33	25	29	26	22	27	32	28	27	29	19	
	0	79	1	88	2	89	3	79	4	73	5	83	6	73	7	88	8	70	9	80	10	85	11	82	12	86	13	80	14	71	15	88	16	72	17	81	18	86	19	74	20	82	21	80	22	88	23	85	24	87	25	79	26	84	27	79	28	88	29	85	
	0	6	1	21	2	10	3	12	4	24	5	15	6	17	7	25	8	9	9	11	10	24	11	16	12	12	13	8	14	10	15	15	16	13	17	10	18	17	19	9	20	20	21	15	22	23	23	23	24	12	25	11	26	7	27	7	28	6	29	25	
	0	65	1	63	2	50	3	51	4	63	5	53	6	58	7	67	8	58	9	55	10	53	11	62	12	66	13	60	14	50	15	57	16	64	17	64	18	61	19	58	20	53	21	56	22	63	23	63	24	56	25	61	26	66	27	61	28	55	29	61	
	0	38	1	39	2	43	3	51	4	44	5	41	6	55	7	43	8	45	9	38	10	51	11	51	12	55	13	42	14	45	15	46	16	53	17	38	18	48	19	46	20	45	21	55	22	51	23	48	24	42	25	43	26	41	27	50	28	45	29	55	
	0	69	1	84	2	83	3	82	4	70	5	86	6	79	7	73	8	73	9	78	10	74	11	86	12	72	13	72	14	88	15	82	16	88	17	77	18	88	19	78	20	75	21	88	22	73	23	79	24	83	25	85	26	72	27	71	28	72	29	82	
	0	27	1	37	2	29	3	23	4	25	5	32	6	24	7	23	8	26	9	37	10	35	11	30	12	34	13	22	14	21	15	33	16	30	17	29	18	30	19	36	20	21	21	21	22	20	23	38	24	26	25	39	26	22	27	26	28	33	29	21	
	0	80	1	69	2	65	3	71	4	65	5	83	6	81	7	77	8	79	9	68	10	78	11	82	12	81	13	74	14	83	15	81	16	72	17	81	18	76	19	66	20	80	21	78	22	68	23	76	24	78	25	66	26	65	27	83	28	66	29	64	
	0	20	1	13	2	13	3	21	4	28	5	20	6	32	7	24	8	19	9	29	10	17	11	24	12	24	13	31	14	27	15	24	16	24	17	20	18	14	19	17	20	18	21	16	22	20	23	28	24	13	25	16	26	28	27	18	28	22	29	27	
	0	39	1	38	2	41	3	30	4	28	5	45	6	45	7	39	8	29	9	35	10	41	11	40	12	29	13	32	14	40	15	26	16	35	17	26	18	37	19	29	20	39	21	41	22	39	23	42	24	35	25	37	26	44	27	26	28	37	29	28	
	0	6	1	16	2	17	3	17	4	6	5	15	6	23	7	9	8	18	9	12	10	5	11	11	12	23	13	20	14	22	15	19	16	13	17	9	18	19	19	7	20	22	21	10	22	20	23	14	24	20	25	6	26	5	27	23	28	10	29	15	
	0	11	1	9	2	12	3	16	4	18	5	19	6	23	7	14	8	24	9	13	10	15	11	8	12	23	13	8	14	9	15	6	16	8	17	11	18	9	19	6	20	21	21	13	22	22	23	24	24	23	25	6	26	19	27	8	28	22	29	21	
	0	39	1	33	2	35	3	34	4	40	5	27	6	42	7	28	8	42	9	37	10	39	11	37	12	29	13	24	14	32	15	28	16	28	17	24	18	32	19	36	20	27	21	33	22	28	23	36	24	36	25	41	26	29	27	29	28	31	29	33	
	0	50	1	33	2	51	3	41	4	44	5	52	6	35	7	43	8	51	9	47	10	44	11	40	12	36	13	43	14	48	15	35	16	50	17	40	18	46	19	41	20	50	21	39	22	34	23	43	24	34	25	43	26	37	27	52	28	35	29	33	
	0	63	1	60	2	66	3	68	4	63	5	60	6	59	7	75	8	63	9	60	10	59	11	58	12	60	13	67	14	68	15	66	16	70	17	66	18	59	19	72	20	70	21	64	22	64	23	61	24	63	25	75	26	63	27	75	28	61	29	70	
	0	72	1	75	2	84	3	70	4	73	5	85	6	77	7	86	8	82	9	77	10	87	11	84	12	77	13	79	14	83	15	70	16	72	17	88	18	70	19	77	20	76	21	75	22	81	23	86	24	80	25	79	26	77	27	82	28	76	29	74	
	0	87	1	73	2	72	3	69	4	82	5	78	6	73	7	78	8	73	9	71	10	72	11	73	12	77	13	69	14	79	15	76	16	86	17	81	18	72	19	86	20	84	21	83	22	75	23	72	24	79	25	73	26	83	27	73	28	75	29	84	
	0	65	1	68	2	70	3	56	4	72	5	68	6	62	7	64	8	63	9	75	10	75	11	56	12	69	13	63	14	65	15	65	16	70	17	70	18	57	19	58	20	69	21	72	22	63	23	56	24	56	25	73	26	69	27	57	28	56	29	70	
	0	48	1	55	2	50	3	60	4	46	5	50	6	61	7	52	8	63	9	58	10	60	11	62	12	47	13	62	14	47	15	64	16	54	17	59	18	62	19	59	20	48	21	46	22	60	23	58	24	47	25	53	26	63	27	64	28	48	29	53	
	0	112	1	103	2	105	3	117	4	116	5	110	6	111	7	118	8	107	9	100	10	102	11	106	12	118	13	113	14	111	15	116	16	118	17	115	18	115	19	111	20	105	21	118	22	108	23	99	24	105	25	110	26	101	27	117	28	112	29	116	
	0	67	1	59	2	53	3	54	4	62	5	60	6	58	7	54	8	66	9	70	10	56	11	62	12	55	13	55	14	55	15	66	16	70	17	59	18	68	19	59	20	69	21	70	22	53	23	57	24	66	25	65	26	58	27	70	28	64	29	60	
	0	86	1	72	2	85	3	75	4	78	5	78	6	71	7	86	8	74	9	86	10	85	11	82	12	82	13	73	14	71	15	87	16	88	17	88	18	82	19	80	20	84	21	73	22	87	23	75	24	73	25	83	26	80	27	70	28	70	29	69	
	0	66	1	63	2	81	3	73	4	65	5	74	6	81	7	63	8	67	9	72	10	69	11	75	12	65	13	75	14	75	15	62	16	64	17	72	18	72	19	66	20	65	21	63	22	73	23	67	24	76	25	62	26	78	27	64	28	69	29	73	
	0	65	1	50	2	58	3	50	4	52	5	61	6	55	7	66	8	58	9	62	10	66	11	59	12	52	13	59	14	66	15	59	16	49	17	65	18	50	19	54	20	53	21	59	22	65	23	53	24	49	25	65	26	56	27	57	28	61	29	57	
	0	47	1	57	2	53	3	51	4	46	5	61	6	57	7	63	8	46	9	44	10	54	11	61	12	44	13	58	14	45	15	61	16	47	17	63	18	56	19	62	20	44	21	50	22	51	23	53	24	62	25	59	26	60	27	46	28	50	29	55	
	0	94	1	83	2	96	3	94	4	94	5	90	6	99	7	84	8	93	9	99	10	97	11	96	12	93	13	99	14	81	15	83	16	87	17	94	18	97	19	98	20	87	21	90	22	81	23	91	24	92	25	83	26	86	27	84	28	82	29	82	
	0	85	1	96	2	99	3	100	4	87	5	87	6	91	7	102	8	95	9	99	10	88	11	96	12	88	13	84	14	83	15	89	16	95	17	87	18	94	19	91	20	86	21	93	22	85	23	83	24	97	25	102	26	101	27	102	28	100	29	87	
	0	97	1	100	2	100	3	95	4	84	5	87	6	97	7	89	8	102	9	89	10	84	11	96	12	88	13	103	14	91	15	101	16	85	17	95	18	93	19	89	20	95	21	96	22	92	23	96	24	97	25	85	26	84	27	92	28	84	29	97	
	0	102	1	97	2	98	3	94	4	86	5	101	6	98	7	91	8	98	9	94	10	92	11	100	12	87	13	102	14	103	15	97	16	95	17	93	18	96	19	88	20	93	21	93	22	102	23	90	24	96	25	104	26	103	27	95	28	96	29	87	
	0	23	1	23	2	33	3	30	4	22	5	34	6	33	7	40	8	21	9	36	10	40	11	37	12	27	13	21	14	25	15	22	16	23	17	28	18	40	19	33	20	35	21	36	22	22	23	37	24	34	25	40	26	31	27	38	28	23	29	21	
	0	62	1	58	2	53	3	59	4	61	5	64	6	69	7	66	8	66	9	68	10	70	11	65	12	62	13	69	14	69	15	61	16	62	17	59	18	69	19	71	20	63	21	54	22	55	23	56	24	54	25	61	26	72	27	71	28	71	29	68	
	0	103	1	112	2	100	3	108	4	119	5	106	6	100	7	112	8	119	9	102	10	114	11	117	12	113	13	119	14	109	15	112	16	114	17	118	18	100	19	101	20	117	21	109	22	108	23	105	24	101	25	103	26	101	27	100	28	107	29	101	
	0	60	1	50	2	53	3	57	4	61	5	61	6	50	7	62	8	58	9	48	10	61	11	62	12	47	13	47	14	63	15	61	16	62	17	53	18	54	19	55	20	64	21	51	22	52	23	55	24	48	25	64	26	62	27	65	28	49	29	53	
	0	109	1	109	2	103	3	115	4	109	5	110	6	115	7	103	8	100	9	109	10	104	11	118	12	101	13	118	14	119	15	118	16	102	17	106	18	107	19	108	20	102	21	117	22	104	23	114	24	116	25	117	26	108	27	100	28	106	29	117	
	0	73	1	75	2	75	3	79	4	74	5	87	6	76	7	74	8	78	9	88	10	84	11	87	12	86	13	75	14	87	15	77	16	75	17	89	18	80	19	90	20	86	21	74	22	85	23	80	24	84	25	88	26	73	27	77	28	87	29	84	
	0	13	1	24	2	11	3	12	4	12	5	18	6	12	7	21	8	17	9	23	10	20	11	20	12	21	13	19	14	9	15	12	16	20	17	23	18	10	19	15	20	8	21	19	22	6	23	19	24	18	25	14	26	11	27	7	28	11	29	17	
	0	104	1	100	2	92	3	96	4	101	5	92	6	100	7	107	8	91	9	106	10	93	11	110	12	105	13	91	14	98	15	110	16	107	17	93	18	97	19	110	20	92	21	95	22	91	23	103	24	96	25	95	26	107	27	94	28	97	29	107	
	0	69	1	77	2	79	3	69	4	70	5	86	6	82	7	74	8	73	9	70	10	71	11	81	12	69	13	76	14	69	15	72	16	75	17	84	18	84	19	71	20	76	21	76	22	79	23	83	24	76	25	71	26	79	27	76	28	67	29	82	