100 40 1
40
	0	79	1	71	2	83	3	81	4	73	5	86	6	85	7	75	8	70	9	76	10	86	11	72	12	78	13	78	14	76	15	80	16	71	17	85	18	75	19	82	20	76	21	86	22	68	23	71	24	80	25	79	26	75	27	87	28	84	29	87	30	73	31	72	32	87	33	87	34	87	35	68	36	79	37	77	38	78	39	68	
	0	98	1	96	2	107	3	97	4	97	5	89	6	103	7	98	8	103	9	107	10	97	11	93	12	106	13	92	14	92	15	107	16	98	17	97	18	88	19	98	20	94	21	97	22	90	23	93	24	104	25	96	26	103	27	100	28	96	29	94	30	107	31	98	32	99	33	100	34	95	35	107	36	101	37	96	38	106	39	97	
	0	84	1	83	2	80	3	74	4	66	5	76	6	77	7	83	8	70	9	66	10	75	11	82	12	79	13	68	14	75	15	81	16	76	17	83	18	82	19	85	20	69	21	78	22	78	23	85	24	72	25	73	26	75	27	80	28	77	29	78	30	81	31	79	32	79	33	73	34	79	35	67	36	70	37	73	38	79	39	67	
	0	87	1	83	2	82	3	87	4	83	5	96	6	100	7	87	8	100	9	95	10	98	11	99	12	88	13	94	14	89	15	95	16	81	17	99	18	85	19	89	20	98	21	87	22	83	23	87	24	91	25	92	26	92	27	92	28	86	29	100	30	83	31	87	32	84	33	98	34	94	35	93	36	81	37	97	38	93	39	88	
	0	65	1	75	2	70	3	71	4	69	5	79	6	80	7	81	8	78	9	66	10	71	11	68	12	64	13	69	14	70	15	66	16	70	17	66	18	81	19	78	20	77	21	73	22	68	23	82	24	80	25	71	26	82	27	67	28	73	29	66	30	80	31	82	32	64	33	78	34	72	35	67	36	64	37	82	38	81	39	64	
	0	64	1	75	2	61	3	69	4	66	5	61	6	63	7	68	8	62	9	70	10	62	11	72	12	61	13	66	14	78	15	75	16	71	17	76	18	73	19	67	20	61	21	61	22	65	23	72	24	62	25	63	26	67	27	69	28	65	29	63	30	77	31	68	32	76	33	77	34	67	35	75	36	68	37	76	38	67	39	76	
	0	83	1	71	2	71	3	76	4	80	5	85	6	72	7	69	8	74	9	80	10	67	11	81	12	72	13	67	14	82	15	75	16	67	17	84	18	84	19	82	20	70	21	86	22	81	23	80	24	67	25	79	26	80	27	76	28	77	29	79	30	71	31	86	32	81	33	85	34	74	35	70	36	80	37	81	38	69	39	77	
	0	106	1	115	2	99	3	101	4	99	5	112	6	112	7	102	8	113	9	111	10	115	11	101	12	98	13	107	14	109	15	113	16	102	17	110	18	117	19	110	20	98	21	107	22	105	23	107	24	103	25	100	26	112	27	108	28	110	29	110	30	98	31	112	32	106	33	109	34	103	35	104	36	111	37	117	38	98	39	112	
	0	39	1	51	2	48	3	35	4	42	5	48	6	35	7	46	8	49	9	42	10	48	11	39	12	53	13	46	14	37	15	45	16	41	17	34	18	37	19	35	20	50	21	39	22	47	23	51	24	46	25	50	26	37	27	47	28	53	29	44	30	35	31	52	32	34	33	41	34	52	35	53	36	52	37	37	38	44	39	45	
	0	36	1	34	2	41	3	34	4	28	5	33	6	26	7	32	8	28	9	28	10	25	11	37	12	41	13	40	14	27	15	26	16	27	17	25	18	36	19	33	20	24	21	42	22	30	23	33	24	32	25	41	26	33	27	31	28	32	29	25	30	41	31	41	32	39	33	34	34	25	35	25	36	25	37	27	38	25	39	35	
	0	30	1	40	2	29	3	33	4	21	5	35	6	32	7	37	8	21	9	24	10	27	11	39	12	23	13	34	14	31	15	24	16	23	17	29	18	37	19	27	20	40	21	40	22	21	23	35	24	35	25	37	26	21	27	38	28	33	29	33	30	23	31	40	32	40	33	33	34	37	35	35	36	26	37	31	38	34	39	35	
	0	104	1	103	2	102	3	104	4	96	5	87	6	95	7	99	8	90	9	99	10	99	11	94	12	89	13	101	14	99	15	90	16	86	17	102	18	100	19	95	20	94	21	101	22	90	23	103	24	101	25	104	26	101	27	89	28	98	29	88	30	100	31	104	32	98	33	93	34	92	35	103	36	91	37	94	38	99	39	97	
	0	35	1	34	2	30	3	45	4	40	5	37	6	32	7	47	8	47	9	39	10	40	11	33	12	31	13	46	14	41	15	36	16	35	17	33	18	36	19	41	20	42	21	33	22	39	23	48	24	37	25	37	26	47	27	48	28	36	29	34	30	45	31	35	32	34	33	43	34	40	35	36	36	35	37	42	38	49	39	39	
	0	118	1	119	2	119	3	112	4	118	5	106	6	110	7	114	8	114	9	101	10	102	11	113	12	113	13	101	14	100	15	110	16	109	17	112	18	101	19	115	20	101	21	109	22	111	23	116	24	103	25	111	26	115	27	100	28	105	29	104	30	102	31	112	32	117	33	108	34	103	35	115	36	115	37	109	38	110	39	101	
	0	78	1	84	2	81	3	82	4	72	5	74	6	76	7	87	8	85	9	72	10	83	11	73	12	71	13	82	14	87	15	74	16	88	17	78	18	80	19	82	20	84	21	85	22	87	23	83	24	77	25	80	26	69	27	82	28	69	29	73	30	78	31	73	32	79	33	87	34	81	35	75	36	83	37	71	38	76	39	73	
	0	73	1	64	2	61	3	71	4	59	5	68	6	72	7	57	8	56	9	66	10	59	11	69	12	63	13	64	14	68	15	67	16	62	17	73	18	55	19	62	20	68	21	65	22	70	23	55	24	72	25	66	26	64	27	73	28	61	29	65	30	64	31	56	32	63	33	58	34	57	35	56	36	67	37	65	38	64	39	71	
	0	12	1	17	2	14	3	12	4	14	5	4	6	14	7	21	8	19	9	17	10	13	11	6	12	11	13	16	14	16	15	11	16	2	17	3	18	13	19	9	20	21	21	8	22	16	23	18	24	2	25	19	26	3	27	6	28	18	29	13	30	10	31	13	32	19	33	15	34	8	35	20	36	10	37	10	38	18	39	18	
	0	33	1	38	2	42	3	37	4	38	5	29	6	38	7	29	8	42	9	33	10	46	11	34	12	38	13	32	14	33	15	39	16	41	17	41	18	28	19	31	20	40	21	42	22	27	23	35	24	30	25	46	26	34	27	27	28	40	29	38	30	31	31	41	32	45	33	42	34	38	35	39	36	46	37	33	38	29	39	46	
	0	73	1	65	2	64	3	55	4	61	5	69	6	66	7	56	8	57	9	62	10	68	11	71	12	56	13	60	14	71	15	67	16	62	17	69	18	56	19	74	20	58	21	56	22	59	23	57	24	59	25	66	26	70	27	65	28	58	29	69	30	61	31	61	32	58	33	73	34	72	35	68	36	72	37	71	38	72	39	58	
	0	67	1	75	2	74	3	72	4	71	5	77	6	75	7	68	8	69	9	68	10	62	11	76	12	80	13	77	14	80	15	74	16	67	17	79	18	70	19	70	20	65	21	81	22	62	23	79	24	78	25	62	26	76	27	71	28	67	29	68	30	65	31	75	32	78	33	78	34	75	35	68	36	75	37	72	38	79	39	71	
	0	47	1	57	2	39	3	46	4	42	5	58	6	45	7	53	8	50	9	56	10	58	11	56	12	41	13	46	14	56	15	50	16	53	17	49	18	54	19	43	20	57	21	56	22	50	23	51	24	42	25	45	26	43	27	50	28	41	29	51	30	46	31	40	32	54	33	45	34	50	35	56	36	43	37	39	38	46	39	40	
	0	77	1	75	2	77	3	64	4	64	5	79	6	70	7	63	8	68	9	68	10	77	11	62	12	71	13	61	14	77	15	70	16	70	17	62	18	77	19	66	20	68	21	61	22	79	23	63	24	69	25	62	26	79	27	67	28	79	29	74	30	68	31	70	32	64	33	79	34	70	35	75	36	66	37	62	38	64	39	74	
	0	59	1	61	2	61	3	60	4	62	5	63	6	57	7	55	8	55	9	67	10	67	11	59	12	66	13	68	14	55	15	54	16	62	17	50	18	59	19	54	20	53	21	54	22	58	23	63	24	53	25	57	26	61	27	50	28	62	29	55	30	64	31	58	32	63	33	67	34	58	35	54	36	51	37	69	38	63	39	51	
	0	38	1	45	2	39	3	45	4	35	5	50	6	51	7	35	8	38	9	50	10	36	11	42	12	36	13	46	14	34	15	33	16	39	17	35	18	38	19	46	20	39	21	35	22	33	23	35	24	49	25	33	26	37	27	34	28	34	29	47	30	36	31	42	32	41	33	33	34	52	35	48	36	34	37	43	38	43	39	52	
	0	39	1	23	2	36	3	30	4	37	5	34	6	35	7	27	8	32	9	36	10	40	11	36	12	29	13	38	14	38	15	30	16	24	17	24	18	40	19	29	20	36	21	30	22	26	23	35	24	36	25	25	26	31	27	38	28	28	29	40	30	34	31	34	32	25	33	38	34	39	35	23	36	36	37	32	38	26	39	28	
	0	79	1	87	2	79	3	69	4	81	5	78	6	77	7	74	8	72	9	76	10	75	11	79	12	80	13	72	14	83	15	71	16	87	17	75	18	79	19	68	20	83	21	70	22	87	23	68	24	85	25	81	26	85	27	81	28	80	29	77	30	77	31	87	32	72	33	71	34	71	35	81	36	77	37	73	38	87	39	71	
	0	47	1	56	2	55	3	49	4	55	5	57	6	56	7	60	8	53	9	43	10	52	11	49	12	48	13	55	14	45	15	46	16	49	17	52	18	53	19	49	20	51	21	54	22	55	23	47	24	58	25	48	26	56	27	50	28	42	29	60	30	56	31	42	32	44	33	45	34	43	35	55	36	47	37	48	38	55	39	46	
	0	86	1	95	2	86	3	86	4	86	5	91	6	87	7	90	8	94	9	86	10	97	11	89	12	99	13	105	14	92	15	91	16	89	17	89	18	95	19	94	20	103	21	92	22	95	23	101	24	104	25	98	26	93	27	104	28	96	29	88	30	93	31	102	32	88	33	99	34	95	35	99	36	101	37	89	38	100	39	86	
	0	43	1	42	2	31	3	40	4	40	5	32	6	42	7	27	8	43	9	25	10	37	11	26	12	42	13	33	14	29	15	25	16	32	17	35	18	37	19	33	20	39	21	42	22	31	23	44	24	41	25	41	26	30	27	39	28	40	29	41	30	25	31	34	32	39	33	27	34	30	35	35	36	25	37	43	38	36	39	41	
	0	106	1	91	2	105	3	100	4	91	5	94	6	105	7	98	8	92	9	91	10	95	11	107	12	91	13	98	14	103	15	95	16	96	17	107	18	107	19	105	20	104	21	107	22	108	23	97	24	100	25	106	26	104	27	109	28	104	29	92	30	97	31	98	32	106	33	107	34	90	35	109	36	102	37	104	38	96	39	92	
	0	69	1	70	2	66	3	63	4	71	5	74	6	62	7	58	8	66	9	57	10	66	11	69	12	70	13	58	14	66	15	65	16	70	17	61	18	69	19	68	20	72	21	70	22	75	23	68	24	67	25	72	26	63	27	75	28	60	29	59	30	72	31	73	32	68	33	65	34	58	35	58	36	63	37	67	38	64	39	59	
	0	54	1	54	2	61	3	65	4	58	5	65	6	65	7	57	8	61	9	63	10	57	11	48	12	50	13	66	14	49	15	65	16	66	17	59	18	57	19	52	20	58	21	50	22	54	23	51	24	58	25	64	26	47	27	65	28	48	29	60	30	63	31	52	32	61	33	62	34	52	35	47	36	63	37	54	38	49	39	47	
	0	57	1	66	2	64	3	64	4	55	5	66	6	59	7	70	8	66	9	61	10	70	11	53	12	55	13	54	14	68	15	53	16	61	17	59	18	61	19	54	20	59	21	61	22	64	23	70	24	59	25	53	26	61	27	63	28	66	29	62	30	71	31	70	32	64	33	52	34	60	35	65	36	53	37	57	38	53	39	68	
	0	86	1	89	2	95	3	94	4	91	5	91	6	85	7	93	8	84	9	76	10	76	11	78	12	80	13	87	14	86	15	89	16	88	17	95	18	85	19	87	20	84	21	83	22	76	23	94	24	91	25	85	26	94	27	86	28	76	29	94	30	87	31	78	32	86	33	79	34	81	35	89	36	76	37	92	38	85	39	93	
	0	81	1	92	2	93	3	92	4	98	5	86	6	83	7	81	8	97	9	94	10	89	11	93	12	92	13	91	14	81	15	91	16	96	17	94	18	85	19	83	20	88	21	88	22	93	23	80	24	87	25	97	26	84	27	82	28	81	29	93	30	89	31	94	32	82	33	90	34	93	35	95	36	97	37	82	38	91	39	89	
	0	11	1	27	2	27	3	27	4	26	5	17	6	27	7	14	8	28	9	29	10	20	11	14	12	26	13	12	14	26	15	11	16	15	17	12	18	19	19	22	20	17	21	11	22	24	23	17	24	23	25	20	26	25	27	17	28	28	29	25	30	24	31	16	32	21	33	24	34	26	35	21	36	11	37	24	38	18	39	12	
	0	75	1	57	2	66	3	66	4	63	5	67	6	69	7	62	8	75	9	69	10	58	11	64	12	57	13	74	14	58	15	70	16	75	17	65	18	69	19	70	20	69	21	72	22	61	23	75	24	69	25	74	26	74	27	72	28	56	29	57	30	68	31	73	32	66	33	72	34	62	35	66	36	63	37	60	38	64	39	59	
	0	68	1	61	2	67	3	59	4	59	5	55	6	63	7	51	8	64	9	57	10	57	11	62	12	52	13	63	14	65	15	52	16	57	17	59	18	57	19	61	20	57	21	50	22	62	23	69	24	64	25	65	26	54	27	55	28	57	29	55	30	51	31	63	32	69	33	52	34	63	35	55	36	69	37	57	38	59	39	53	
	0	63	1	50	2	54	3	54	4	54	5	50	6	69	7	60	8	52	9	50	10	55	11	52	12	68	13	69	14	53	15	59	16	52	17	58	18	61	19	67	20	58	21	58	22	67	23	60	24	62	25	50	26	51	27	54	28	55	29	61	30	51	31	50	32	65	33	58	34	62	35	52	36	54	37	67	38	61	39	55	
	0	83	1	94	2	100	3	93	4	86	5	83	6	100	7	100	8	92	9	81	10	95	11	94	12	88	13	94	14	95	15	90	16	95	17	98	18	83	19	82	20	96	21	98	22	99	23	89	24	94	25	95	26	98	27	97	28	97	29	93	30	87	31	82	32	90	33	91	34	95	35	97	36	92	37	100	38	95	39	83	
	0	101	1	109	2	118	3	104	4	101	5	119	6	118	7	112	8	102	9	111	10	102	11	101	12	113	13	106	14	114	15	108	16	102	17	110	18	106	19	111	20	103	21	112	22	116	23	119	24	119	25	106	26	118	27	114	28	119	29	105	30	103	31	103	32	107	33	119	34	104	35	117	36	104	37	112	38	109	39	116	
	0	26	1	16	2	19	3	13	4	19	5	18	6	12	7	13	8	21	9	21	10	10	11	26	12	22	13	27	14	11	15	16	16	10	17	20	18	22	19	8	20	10	21	25	22	23	23	12	24	9	25	15	26	17	27	13	28	10	29	25	30	11	31	26	32	25	33	27	34	24	35	13	36	19	37	27	38	9	39	18	
	0	65	1	81	2	75	3	71	4	74	5	77	6	75	7	76	8	82	9	78	10	68	11	67	12	76	13	69	14	80	15	66	16	73	17	66	18	70	19	80	20	64	21	73	22	73	23	79	24	68	25	69	26	74	27	63	28	66	29	82	30	79	31	65	32	82	33	66	34	70	35	81	36	67	37	76	38	68	39	76	
	0	82	1	86	2	96	3	85	4	81	5	83	6	93	7	93	8	80	9	82	10	79	11	94	12	86	13	92	14	80	15	96	16	80	17	91	18	78	19	78	20	79	21	85	22	89	23	79	24	78	25	86	26	84	27	84	28	88	29	95	30	84	31	88	32	78	33	96	34	82	35	88	36	84	37	86	38	96	39	80	
	0	24	1	29	2	29	3	24	4	26	5	15	6	25	7	19	8	34	9	32	10	19	11	30	12	34	13	23	14	26	15	18	16	33	17	16	18	28	19	24	20	26	21	24	22	17	23	19	24	17	25	29	26	23	27	31	28	33	29	18	30	19	31	24	32	33	33	23	34	33	35	32	36	22	37	31	38	17	39	30	
	0	84	1	68	2	81	3	84	4	86	5	69	6	81	7	73	8	86	9	80	10	68	11	79	12	73	13	83	14	75	15	72	16	79	17	87	18	84	19	79	20	71	21	71	22	73	23	82	24	75	25	86	26	68	27	72	28	69	29	85	30	72	31	73	32	85	33	87	34	75	35	70	36	80	37	75	38	69	39	79	
	0	65	1	61	2	62	3	59	4	62	5	60	6	55	7	50	8	65	9	54	10	60	11	66	12	50	13	52	14	50	15	55	16	65	17	52	18	57	19	49	20	60	21	51	22	58	23	50	24	60	25	58	26	66	27	64	28	59	29	61	30	50	31	56	32	54	33	67	34	54	35	50	36	61	37	62	38	50	39	64	
	0	74	1	67	2	74	3	71	4	66	5	61	6	76	7	62	8	77	9	69	10	73	11	61	12	71	13	67	14	62	15	71	16	69	17	78	18	67	19	74	20	67	21	63	22	78	23	76	24	73	25	68	26	79	27	78	28	69	29	65	30	77	31	76	32	61	33	77	34	73	35	61	36	68	37	76	38	77	39	77	
	0	108	1	109	2	100	3	107	4	98	5	95	6	100	7	110	8	97	9	105	10	107	11	105	12	94	13	106	14	92	15	99	16	106	17	106	18	98	19	105	20	107	21	100	22	97	23	103	24	105	25	104	26	96	27	97	28	104	29	106	30	98	31	100	32	96	33	103	34	108	35	99	36	100	37	92	38	106	39	101	
	0	96	1	101	2	95	3	101	4	105	5	95	6	99	7	107	8	101	9	108	10	102	11	106	12	108	13	92	14	92	15	108	16	103	17	90	18	92	19	104	20	100	21	98	22	94	23	104	24	99	25	95	26	99	27	105	28	102	29	100	30	107	31	109	32	100	33	97	34	109	35	106	36	109	37	91	38	102	39	99	
	0	91	1	82	2	87	3	77	4	89	5	80	6	82	7	76	8	90	9	88	10	84	11	83	12	85	13	83	14	80	15	87	16	80	17	89	18	82	19	73	20	89	21	89	22	77	23	76	24	88	25	81	26	75	27	82	28	83	29	92	30	76	31	78	32	85	33	80	34	75	35	74	36	81	37	87	38	88	39	73	
	0	99	1	99	2	107	3	102	4	95	5	110	6	93	7	92	8	99	9	95	10	102	11	97	12	102	13	104	14	107	15	91	16	98	17	97	18	93	19	98	20	94	21	106	22	107	23	102	24	110	25	108	26	105	27	104	28	102	29	100	30	109	31	94	32	105	33	103	34	93	35	99	36	107	37	103	38	101	39	97	
	0	84	1	79	2	80	3	83	4	95	5	93	6	76	7	80	8	79	9	78	10	86	11	93	12	90	13	81	14	91	15	80	16	94	17	82	18	84	19	86	20	81	21	76	22	87	23	88	24	84	25	81	26	81	27	92	28	81	29	93	30	83	31	90	32	84	33	78	34	78	35	94	36	86	37	91	38	77	39	93	
	0	29	1	45	2	36	3	30	4	43	5	41	6	44	7	38	8	47	9	33	10	47	11	44	12	31	13	42	14	31	15	43	16	45	17	40	18	35	19	41	20	43	21	46	22	44	23	45	24	42	25	39	26	34	27	43	28	38	29	30	30	28	31	31	32	39	33	41	34	36	35	40	36	31	37	40	38	36	39	29	
	0	38	1	40	2	33	3	35	4	37	5	41	6	32	7	23	8	28	9	31	10	24	11	23	12	27	13	29	14	24	15	26	16	34	17	40	18	22	19	23	20	22	21	35	22	39	23	29	24	36	25	35	26	22	27	26	28	30	29	33	30	40	31	30	32	39	33	38	34	34	35	28	36	36	37	22	38	38	39	41	
	0	110	1	115	2	106	3	104	4	116	5	116	6	116	7	101	8	106	9	119	10	112	11	110	12	113	13	100	14	119	15	107	16	119	17	111	18	110	19	101	20	102	21	114	22	101	23	119	24	104	25	108	26	105	27	115	28	113	29	118	30	110	31	110	32	119	33	100	34	119	35	105	36	114	37	107	38	110	39	110	
	0	106	1	95	2	92	3	96	4	98	5	105	6	102	7	107	8	111	9	94	10	108	11	93	12	100	13	109	14	103	15	101	16	108	17	94	18	111	19	103	20	99	21	97	22	104	23	102	24	97	25	103	26	98	27	110	28	93	29	110	30	99	31	95	32	94	33	107	34	106	35	102	36	96	37	107	38	93	39	107	
	0	50	1	59	2	58	3	63	4	57	5	52	6	48	7	53	8	49	9	52	10	60	11	47	12	52	13	56	14	60	15	52	16	57	17	61	18	63	19	48	20	47	21	66	22	51	23	47	24	59	25	59	26	65	27	63	28	58	29	64	30	56	31	49	32	61	33	52	34	61	35	51	36	57	37	48	38	47	39	55	
	0	7	1	14	2	19	3	5	4	7	5	21	6	16	7	19	8	20	9	5	10	15	11	17	12	5	13	18	14	13	15	10	16	17	17	7	18	20	19	8	20	7	21	10	22	18	23	4	24	6	25	17	26	15	27	12	28	16	29	2	30	2	31	18	32	6	33	14	34	19	35	7	36	21	37	18	38	21	39	9	
	0	70	1	71	2	63	3	73	4	79	5	68	6	64	7	68	8	65	9	63	10	75	11	65	12	62	13	71	14	74	15	74	16	79	17	63	18	76	19	64	20	68	21	62	22	65	23	70	24	66	25	70	26	78	27	71	28	66	29	66	30	63	31	64	32	69	33	64	34	70	35	69	36	80	37	81	38	65	39	76	
	0	107	1	103	2	110	3	106	4	116	5	103	6	114	7	115	8	101	9	103	10	104	11	108	12	120	13	110	14	108	15	110	16	108	17	117	18	102	19	116	20	110	21	119	22	105	23	112	24	105	25	115	26	111	27	108	28	105	29	118	30	119	31	115	32	109	33	111	34	109	35	117	36	109	37	112	38	104	39	103	
	0	54	1	42	2	46	3	40	4	52	5	41	6	39	7	50	8	37	9	36	10	50	11	38	12	50	13	36	14	49	15	42	16	41	17	37	18	41	19	55	20	36	21	50	22	52	23	52	24	41	25	36	26	55	27	38	28	48	29	39	30	39	31	37	32	53	33	46	34	51	35	37	36	50	37	48	38	42	39	48	
	0	78	1	72	2	76	3	67	4	81	5	82	6	70	7	71	8	77	9	67	10	80	11	80	12	83	13	73	14	83	15	83	16	78	17	69	18	68	19	68	20	65	21	80	22	77	23	70	24	78	25	79	26	66	27	84	28	79	29	66	30	75	31	83	32	79	33	77	34	73	35	75	36	68	37	75	38	69	39	74	
	0	101	1	96	2	111	3	107	4	112	5	109	6	108	7	107	8	99	9	110	10	105	11	99	12	103	13	102	14	98	15	94	16	96	17	100	18	99	19	100	20	97	21	100	22	94	23	102	24	101	25	99	26	101	27	111	28	94	29	104	30	99	31	99	32	107	33	94	34	98	35	100	36	105	37	110	38	108	39	101	
	0	29	1	29	2	21	3	37	4	31	5	35	6	22	7	26	8	20	9	30	10	20	11	28	12	38	13	29	14	30	15	34	16	26	17	25	18	34	19	25	20	35	21	24	22	35	23	19	24	31	25	32	26	35	27	23	28	26	29	28	30	38	31	36	32	20	33	32	34	26	35	36	36	21	37	30	38	34	39	19	
	0	67	1	74	2	62	3	60	4	71	5	68	6	69	7	76	8	72	9	60	10	64	11	72	12	78	13	66	14	70	15	76	16	74	17	66	18	67	19	74	20	63	21	67	22	62	23	65	24	66	25	65	26	79	27	75	28	67	29	68	30	64	31	70	32	61	33	77	34	67	35	67	36	70	37	64	38	67	39	77	
	0	95	1	91	2	89	3	88	4	87	5	79	6	84	7	94	8	86	9	84	10	98	11	82	12	98	13	84	14	87	15	83	16	79	17	80	18	97	19	81	20	94	21	97	22	96	23	81	24	81	25	93	26	86	27	80	28	93	29	82	30	81	31	92	32	91	33	93	34	82	35	80	36	93	37	90	38	90	39	79	
	0	56	1	49	2	57	3	40	4	55	5	48	6	58	7	40	8	46	9	46	10	44	11	40	12	53	13	54	14	40	15	45	16	56	17	49	18	56	19	46	20	46	21	39	22	56	23	46	24	56	25	49	26	55	27	39	28	44	29	45	30	57	31	47	32	39	33	49	34	55	35	42	36	40	37	43	38	43	39	42	
	0	106	1	99	2	90	3	95	4	95	5	93	6	87	7	87	8	99	9	97	10	98	11	89	12	88	13	91	14	88	15	105	16	87	17	103	18	104	19	103	20	88	21	99	22	105	23	96	24	91	25	88	26	100	27	94	28	99	29	89	30	105	31	101	32	97	33	94	34	103	35	87	36	99	37	101	38	87	39	87	
	0	72	1	62	2	60	3	62	4	70	5	58	6	68	7	60	8	62	9	58	10	59	11	66	12	66	13	61	14	65	15	59	16	69	17	69	18	62	19	75	20	62	21	66	22	71	23	71	24	74	25	75	26	75	27	75	28	68	29	66	30	65	31	75	32	63	33	67	34	57	35	60	36	56	37	67	38	61	39	60	
	0	44	1	39	2	37	3	38	4	37	5	33	6	36	7	29	8	30	9	48	10	37	11	44	12	33	13	29	14	36	15	45	16	40	17	29	18	34	19	30	20	32	21	40	22	41	23	36	24	33	25	42	26	38	27	39	28	32	29	40	30	45	31	38	32	40	33	46	34	45	35	38	36	32	37	46	38	35	39	31	
	0	101	1	108	2	91	3	96	4	93	5	90	6	96	7	90	8	95	9	107	10	97	11	99	12	90	13	106	14	93	15	108	16	94	17	100	18	107	19	95	20	91	21	102	22	98	23	97	24	98	25	97	26	89	27	96	28	90	29	90	30	95	31	98	32	103	33	101	34	103	35	101	36	101	37	103	38	90	39	94	
	0	51	1	58	2	68	3	57	4	58	5	54	6	62	7	56	8	65	9	51	10	53	11	52	12	56	13	64	14	57	15	65	16	62	17	49	18	60	19	65	20	60	21	59	22	56	23	67	24	68	25	64	26	50	27	60	28	66	29	57	30	59	31	64	32	66	33	58	34	64	35	61	36	53	37	53	38	58	39	54	
	0	46	1	50	2	46	3	53	4	43	5	40	6	36	7	43	8	41	9	47	10	54	11	41	12	48	13	51	14	55	15	40	16	50	17	52	18	42	19	51	20	46	21	49	22	48	23	47	24	39	25	45	26	52	27	47	28	47	29	49	30	38	31	39	32	37	33	47	34	55	35	47	36	49	37	44	38	44	39	38	
	0	24	1	10	2	18	3	18	4	19	5	9	6	23	7	18	8	20	9	17	10	15	11	20	12	23	13	11	14	12	15	12	16	9	17	17	18	26	19	27	20	23	21	18	22	13	23	27	24	8	25	25	26	14	27	24	28	27	29	12	30	10	31	23	32	25	33	24	34	24	35	14	36	24	37	12	38	8	39	11	
	0	96	1	98	2	83	3	81	4	89	5	92	6	83	7	99	8	94	9	88	10	85	11	96	12	86	13	90	14	93	15	91	16	93	17	90	18	82	19	94	20	84	21	83	22	85	23	98	24	82	25	91	26	81	27	98	28	97	29	91	30	98	31	88	32	86	33	95	34	89	35	82	36	81	37	80	38	96	39	80	
	0	41	1	50	2	43	3	39	4	43	5	45	6	41	7	49	8	41	9	36	10	48	11	48	12	49	13	42	14	50	15	41	16	47	17	54	18	48	19	49	20	40	21	54	22	43	23	35	24	46	25	38	26	40	27	50	28	37	29	51	30	42	31	50	32	54	33	49	34	37	35	37	36	45	37	38	38	47	39	36	
	0	8	1	9	2	10	3	14	4	19	5	14	6	9	7	11	8	9	9	17	10	14	11	9	12	18	13	23	14	18	15	15	16	5	17	18	18	24	19	16	20	11	21	13	22	24	23	16	24	15	25	20	26	19	27	20	28	24	29	15	30	11	31	5	32	11	33	12	34	15	35	14	36	9	37	7	38	15	39	15	
	0	82	1	87	2	91	3	82	4	82	5	84	6	93	7	92	8	77	9	91	10	86	11	89	12	82	13	85	14	82	15	93	16	82	17	84	18	75	19	92	20	80	21	75	22	92	23	85	24	91	25	85	26	81	27	78	28	87	29	92	30	74	31	93	32	91	33	92	34	78	35	90	36	82	37	89	38	92	39	82	
	0	30	1	24	2	31	3	19	4	25	5	20	6	21	7	31	8	26	9	28	10	26	11	19	12	14	13	29	14	23	15	21	16	17	17	22	18	21	19	24	20	25	21	24	22	26	23	28	24	13	25	18	26	15	27	22	28	21	29	17	30	14	31	25	32	13	33	22	34	16	35	15	36	22	37	28	38	20	39	29	
	0	43	1	53	2	48	3	52	4	49	5	57	6	56	7	55	8	59	9	50	10	48	11	48	12	46	13	44	14	52	15	45	16	51	17	52	18	58	19	54	20	47	21	49	22	46	23	55	24	53	25	49	26	58	27	53	28	52	29	49	30	51	31	51	32	56	33	47	34	54	35	60	36	60	37	56	38	57	39	44	
	0	27	1	32	2	33	3	21	4	20	5	32	6	19	7	29	8	34	9	23	10	30	11	31	12	31	13	32	14	26	15	34	16	33	17	32	18	29	19	27	20	30	21	31	22	20	23	23	24	37	25	29	26	38	27	21	28	34	29	28	30	26	31	21	32	32	33	23	34	31	35	24	36	27	37	32	38	32	39	20	
	0	40	1	34	2	41	3	37	4	35	5	35	6	38	7	49	8	43	9	41	10	49	11	48	12	49	13	48	14	41	15	45	16	50	17	41	18	50	19	49	20	49	21	32	22	32	23	50	24	47	25	44	26	45	27	40	28	45	29	35	30	50	31	47	32	34	33	37	34	49	35	42	36	36	37	43	38	48	39	48	
	0	21	1	26	2	26	3	18	4	11	5	19	6	21	7	23	8	9	9	23	10	26	11	26	12	14	13	24	14	8	15	15	16	24	17	8	18	12	19	11	20	15	21	25	22	12	23	13	24	20	25	16	26	19	27	10	28	16	29	14	30	14	31	7	32	10	33	15	34	25	35	9	36	17	37	13	38	8	39	10	
	0	75	1	79	2	70	3	87	4	75	5	81	6	74	7	86	8	79	9	86	10	80	11	87	12	70	13	82	14	73	15	89	16	84	17	87	18	85	19	74	20	78	21	89	22	76	23	78	24	83	25	84	26	87	27	81	28	82	29	82	30	80	31	86	32	89	33	88	34	87	35	73	36	73	37	83	38	86	39	79	
	0	67	1	79	2	72	3	68	4	65	5	78	6	66	7	67	8	63	9	78	10	67	11	80	12	66	13	71	14	71	15	70	16	68	17	75	18	64	19	67	20	63	21	78	22	70	23	71	24	61	25	66	26	70	27	66	28	61	29	74	30	70	31	75	32	68	33	79	34	75	35	74	36	74	37	62	38	64	39	61	
	0	102	1	99	2	95	3	91	4	94	5	102	6	93	7	86	8	87	9	100	10	85	11	96	12	87	13	93	14	102	15	93	16	91	17	104	18	86	19	89	20	103	21	101	22	92	23	104	24	87	25	96	26	97	27	85	28	99	29	93	30	98	31	104	32	92	33	89	34	100	35	90	36	90	37	93	38	93	39	93	
	0	39	1	48	2	54	3	53	4	51	5	42	6	40	7	56	8	56	9	56	10	50	11	49	12	51	13	44	14	56	15	42	16	39	17	52	18	54	19	41	20	43	21	42	22	50	23	40	24	38	25	54	26	56	27	50	28	38	29	44	30	42	31	48	32	49	33	42	34	38	35	53	36	53	37	42	38	53	39	55	
	0	66	1	63	2	76	3	68	4	77	5	63	6	73	7	59	8	76	9	76	10	66	11	65	12	65	13	76	14	66	15	69	16	63	17	69	18	76	19	60	20	71	21	59	22	65	23	63	24	69	25	59	26	70	27	62	28	68	29	64	30	76	31	62	32	61	33	75	34	70	35	66	36	70	37	75	38	60	39	67	
	0	93	1	96	2	91	3	95	4	102	5	95	6	88	7	96	8	94	9	90	10	95	11	99	12	95	13	102	14	85	15	97	16	92	17	90	18	86	19	91	20	101	21	97	22	91	23	87	24	99	25	86	26	101	27	103	28	97	29	86	30	86	31	88	32	85	33	90	34	103	35	102	36	102	37	92	38	86	39	90	
	0	86	1	79	2	90	3	91	4	86	5	82	6	90	7	93	8	86	9	75	10	91	11	93	12	83	13	81	14	82	15	82	16	82	17	91	18	89	19	85	20	81	21	90	22	92	23	93	24	75	25	81	26	82	27	81	28	77	29	93	30	84	31	84	32	78	33	94	34	75	35	75	36	75	37	93	38	80	39	78	
	0	7	1	20	2	20	3	4	4	3	5	19	6	19	7	16	8	21	9	14	10	18	11	2	12	21	13	18	14	3	15	7	16	3	17	17	18	4	19	20	20	15	21	19	22	4	23	3	24	20	25	10	26	6	27	5	28	9	29	9	30	3	31	19	32	6	33	3	34	2	35	7	36	14	37	14	38	9	39	15	
	0	102	1	98	2	104	3	109	4	96	5	99	6	96	7	106	8	103	9	100	10	98	11	104	12	102	13	104	14	100	15	100	16	102	17	95	18	111	19	110	20	95	21	95	22	99	23	110	24	94	25	101	26	102	27	106	28	109	29	104	30	94	31	102	32	95	33	105	34	107	35	95	36	96	37	101	38	107	39	100	
	0	99	1	97	2	114	3	115	4	114	5	109	6	112	7	116	8	104	9	107	10	105	11	105	12	107	13	113	14	111	15	101	16	98	17	99	18	109	19	97	20	114	21	100	22	99	23	105	24	106	25	114	26	101	27	101	28	108	29	114	30	110	31	111	32	107	33	107	34	115	35	108	36	98	37	103	38	113	39	111	
	0	18	1	31	2	26	3	29	4	30	5	33	6	21	7	20	8	28	9	20	10	30	11	32	12	35	13	35	14	28	15	18	16	21	17	20	18	24	19	23	20	35	21	30	22	16	23	18	24	17	25	18	26	19	27	28	28	29	29	18	30	29	31	26	32	32	33	33	34	32	35	28	36	28	37	19	38	18	39	21	
	0	36	1	45	2	36	3	43	4	43	5	46	6	34	7	51	8	41	9	45	10	37	11	34	12	32	13	49	14	45	15	46	16	32	17	46	18	46	19	39	20	45	21	43	22	43	23	34	24	39	25	43	26	34	27	45	28	45	29	39	30	32	31	39	32	40	33	41	34	45	35	32	36	41	37	49	38	36	39	37	
	0	19	1	23	2	28	3	27	4	26	5	19	6	27	7	13	8	22	9	16	10	13	11	18	12	10	13	23	14	12	15	17	16	27	17	10	18	19	19	28	20	19	21	19	22	15	23	18	24	29	25	11	26	26	27	12	28	23	29	20	30	14	31	21	32	17	33	20	34	17	35	12	36	24	37	22	38	20	39	19	
	0	67	1	76	2	75	3	76	4	78	5	71	6	62	7	63	8	64	9	75	10	67	11	71	12	59	13	77	14	64	15	72	16	77	17	76	18	61	19	63	20	74	21	67	22	67	23	66	24	75	25	73	26	62	27	61	28	63	29	60	30	69	31	68	32	64	33	69	34	63	35	77	36	66	37	61	38	76	39	69	
	0	51	1	48	2	59	3	53	4	51	5	50	6	44	7	48	8	47	9	61	10	52	11	58	12	52	13	54	14	45	15	60	16	62	17	51	18	61	19	63	20	61	21	56	22	45	23	49	24	52	25	50	26	50	27	51	28	63	29	47	30	49	31	62	32	61	33	54	34	58	35	48	36	56	37	63	38	56	39	54	
	0	96	1	99	2	99	3	92	4	91	5	95	6	87	7	101	8	89	9	92	10	88	11	101	12	82	13	97	14	88	15	92	16	89	17	91	18	95	19	96	20	91	21	93	22	95	23	93	24	91	25	92	26	95	27	90	28	82	29	87	30	94	31	88	32	99	33	90	34	88	35	82	36	95	37	93	38	90	39	91	