100 40 1
40
	0	96	1	98	2	85	3	92	4	98	5	89	6	98	7	86	8	96	9	92	10	91	11	91	12	84	13	86	14	86	15	83	16	93	17	92	18	89	19	82	20	81	21	97	22	89	23	82	24	93	25	98	26	88	27	99	28	97	29	87	30	98	31	87	32	88	33	82	34	88	35	83	36	97	37	92	38	84	39	83	
	0	56	1	59	2	64	3	48	4	59	5	60	6	57	7	65	8	52	9	55	10	54	11	64	12	56	13	52	14	46	15	54	16	59	17	53	18	62	19	65	20	48	21	52	22	56	23	48	24	57	25	59	26	64	27	52	28	57	29	53	30	60	31	49	32	53	33	55	34	52	35	63	36	55	37	64	38	55	39	64	
	0	30	1	34	2	34	3	22	4	27	5	35	6	31	7	35	8	31	9	30	10	25	11	22	12	33	13	39	14	25	15	40	16	30	17	31	18	31	19	24	20	31	21	41	22	39	23	40	24	41	25	29	26	28	27	28	28	38	29	37	30	35	31	39	32	40	33	36	34	36	35	34	36	31	37	37	38	40	39	35	
	0	4	1	6	2	3	3	6	4	20	5	3	6	12	7	13	8	13	9	9	10	19	11	14	12	4	13	13	14	10	15	2	16	18	17	5	18	14	19	3	20	6	21	17	22	19	23	2	24	16	25	7	26	9	27	14	28	3	29	10	30	15	31	21	32	9	33	8	34	11	35	4	36	2	37	3	38	10	39	18	
	0	51	1	55	2	59	3	63	4	50	5	63	6	54	7	53	8	47	9	65	10	52	11	47	12	65	13	48	14	52	15	58	16	63	17	50	18	59	19	66	20	51	21	53	22	50	23	57	24	61	25	62	26	56	27	50	28	58	29	58	30	49	31	61	32	54	33	57	34	58	35	58	36	50	37	57	38	63	39	51	
	0	101	1	95	2	102	3	100	4	87	5	96	6	88	7	91	8	92	9	94	10	92	11	87	12	94	13	94	14	88	15	87	16	92	17	87	18	94	19	87	20	98	21	101	22	102	23	103	24	104	25	102	26	88	27	96	28	102	29	94	30	98	31	91	32	102	33	104	34	93	35	91	36	98	37	88	38	105	39	91	
	0	44	1	34	2	33	3	40	4	34	5	33	6	38	7	49	8	43	9	36	10	33	11	48	12	42	13	47	14	40	15	50	16	44	17	36	18	41	19	33	20	48	21	50	22	47	23	47	24	45	25	38	26	38	27	44	28	39	29	39	30	48	31	37	32	39	33	32	34	43	35	46	36	42	37	32	38	43	39	40	
	0	55	1	50	2	52	3	61	4	52	5	55	6	61	7	57	8	59	9	59	10	56	11	53	12	59	13	47	14	59	15	53	16	48	17	50	18	54	19	54	20	48	21	55	22	58	23	62	24	48	25	60	26	57	27	51	28	44	29	50	30	59	31	55	32	55	33	61	34	57	35	48	36	56	37	48	38	52	39	47	
	0	40	1	41	2	48	3	50	4	50	5	35	6	47	7	49	8	37	9	52	10	48	11	34	12	38	13	37	14	33	15	52	16	49	17	49	18	33	19	38	20	38	21	34	22	47	23	45	24	50	25	36	26	41	27	37	28	49	29	43	30	52	31	46	32	38	33	36	34	37	35	39	36	48	37	47	38	48	39	44	
	0	112	1	101	2	113	3	100	4	100	5	99	6	115	7	107	8	112	9	98	10	101	11	116	12	98	13	103	14	115	15	105	16	103	17	99	18	100	19	115	20	105	21	101	22	111	23	116	24	109	25	107	26	98	27	98	28	104	29	99	30	114	31	107	32	112	33	105	34	102	35	99	36	114	37	101	38	106	39	105	
	0	88	1	87	2	74	3	77	4	75	5	82	6	73	7	88	8	78	9	79	10	84	11	79	12	72	13	82	14	88	15	84	16	80	17	77	18	83	19	74	20	74	21	75	22	70	23	71	24	76	25	88	26	83	27	81	28	74	29	69	30	85	31	76	32	86	33	80	34	79	35	71	36	76	37	87	38	80	39	75	
	0	109	1	106	2	99	3	100	4	109	5	103	6	113	7	111	8	99	9	110	10	100	11	113	12	107	13	96	14	104	15	102	16	103	17	106	18	102	19	99	20	99	21	101	22	115	23	115	24	99	25	100	26	107	27	101	28	107	29	115	30	109	31	111	32	115	33	96	34	101	35	102	36	104	37	114	38	101	39	112	
	0	8	1	10	2	19	3	24	4	21	5	8	6	18	7	11	8	8	9	19	10	6	11	13	12	12	13	18	14	11	15	15	16	25	17	21	18	25	19	24	20	12	21	16	22	16	23	23	24	23	25	17	26	17	27	7	28	25	29	9	30	22	31	11	32	20	33	19	34	6	35	19	36	21	37	18	38	7	39	14	
	0	112	1	107	2	97	3	107	4	111	5	101	6	112	7	98	8	111	9	113	10	104	11	104	12	111	13	105	14	113	15	110	16	94	17	103	18	95	19	106	20	106	21	109	22	101	23	95	24	104	25	103	26	105	27	96	28	102	29	107	30	95	31	111	32	111	33	99	34	104	35	111	36	113	37	108	38	99	39	100	
	0	72	1	72	2	82	3	70	4	73	5	81	6	78	7	83	8	82	9	83	10	77	11	69	12	76	13	86	14	81	15	74	16	82	17	77	18	70	19	85	20	70	21	81	22	88	23	87	24	70	25	71	26	87	27	74	28	74	29	73	30	87	31	84	32	77	33	70	34	83	35	79	36	80	37	74	38	70	39	88	
	0	91	1	96	2	102	3	99	4	93	5	99	6	89	7	97	8	101	9	101	10	97	11	93	12	97	13	99	14	89	15	99	16	96	17	88	18	104	19	90	20	97	21	97	22	100	23	102	24	89	25	97	26	98	27	92	28	87	29	96	30	97	31	99	32	92	33	98	34	90	35	100	36	97	37	85	38	86	39	86	
	0	21	1	37	2	24	3	32	4	19	5	23	6	20	7	29	8	20	9	32	10	30	11	18	12	29	13	31	14	34	15	27	16	23	17	35	18	19	19	36	20	26	21	20	22	34	23	29	24	19	25	22	26	32	27	26	28	31	29	24	30	32	31	36	32	33	33	31	34	21	35	20	36	19	37	18	38	35	39	25	
	0	65	1	60	2	66	3	71	4	74	5	67	6	62	7	72	8	58	9	75	10	70	11	72	12	71	13	67	14	65	15	57	16	57	17	56	18	61	19	62	20	72	21	57	22	72	23	62	24	63	25	68	26	63	27	65	28	60	29	69	30	64	31	71	32	69	33	57	34	75	35	57	36	62	37	67	38	69	39	65	
	0	42	1	53	2	53	3	43	4	39	5	49	6	51	7	51	8	47	9	41	10	45	11	46	12	54	13	44	14	40	15	43	16	35	17	41	18	37	19	38	20	51	21	48	22	48	23	48	24	40	25	41	26	36	27	48	28	47	29	44	30	47	31	52	32	35	33	52	34	54	35	35	36	41	37	47	38	41	39	41	
	0	69	1	74	2	71	3	64	4	73	5	81	6	68	7	76	8	78	9	72	10	75	11	67	12	66	13	64	14	66	15	66	16	64	17	82	18	67	19	70	20	82	21	72	22	71	23	71	24	72	25	78	26	69	27	71	28	80	29	79	30	82	31	74	32	76	33	70	34	76	35	71	36	64	37	76	38	72	39	78	
	0	61	1	60	2	73	3	66	4	67	5	70	6	66	7	60	8	60	9	59	10	55	11	68	12	74	13	69	14	66	15	65	16	63	17	69	18	72	19	62	20	70	21	60	22	56	23	70	24	59	25	69	26	68	27	69	28	74	29	74	30	67	31	63	32	59	33	73	34	60	35	67	36	68	37	59	38	59	39	60	
	0	43	1	38	2	31	3	39	4	38	5	43	6	44	7	35	8	34	9	32	10	47	11	33	12	41	13	49	14	43	15	42	16	36	17	45	18	39	19	38	20	49	21	48	22	49	23	42	24	43	25	50	26	32	27	50	28	41	29	45	30	46	31	46	32	50	33	46	34	36	35	34	36	44	37	33	38	50	39	41	
	0	88	1	96	2	97	3	98	4	94	5	85	6	90	7	93	8	91	9	82	10	91	11	89	12	83	13	82	14	100	15	93	16	82	17	88	18	99	19	81	20	89	21	96	22	91	23	89	24	81	25	83	26	93	27	93	28	87	29	85	30	97	31	89	32	83	33	89	34	83	35	100	36	84	37	95	38	95	39	90	
	0	111	1	117	2	105	3	109	4	109	5	106	6	112	7	110	8	112	9	109	10	101	11	105	12	102	13	110	14	108	15	109	16	108	17	102	18	100	19	114	20	116	21	115	22	107	23	103	24	110	25	117	26	110	27	118	28	111	29	115	30	109	31	113	32	114	33	100	34	110	35	116	36	108	37	110	38	116	39	112	
	0	109	1	106	2	98	3	106	4	114	5	97	6	101	7	98	8	97	9	100	10	106	11	99	12	107	13	113	14	100	15	114	16	114	17	107	18	102	19	108	20	109	21	106	22	104	23	110	24	110	25	112	26	108	27	106	28	101	29	104	30	103	31	102	32	107	33	102	34	104	35	103	36	98	37	115	38	108	39	107	
	0	71	1	73	2	68	3	72	4	57	5	57	6	69	7	64	8	72	9	62	10	60	11	65	12	57	13	67	14	68	15	61	16	64	17	58	18	63	19	75	20	63	21	73	22	60	23	62	24	69	25	60	26	58	27	71	28	73	29	72	30	70	31	62	32	64	33	58	34	68	35	71	36	69	37	67	38	71	39	69	
	0	29	1	36	2	17	3	29	4	36	5	32	6	21	7	27	8	27	9	19	10	17	11	21	12	26	13	26	14	26	15	25	16	35	17	20	18	30	19	29	20	21	21	33	22	29	23	27	24	24	25	24	26	17	27	29	28	20	29	35	30	22	31	21	32	18	33	33	34	28	35	26	36	33	37	20	38	25	39	34	
	0	51	1	43	2	55	3	42	4	52	5	43	6	37	7	50	8	40	9	54	10	47	11	41	12	41	13	41	14	41	15	54	16	38	17	49	18	52	19	49	20	40	21	52	22	45	23	36	24	45	25	50	26	55	27	39	28	45	29	39	30	47	31	41	32	54	33	50	34	53	35	38	36	38	37	53	38	46	39	53	
	0	77	1	78	2	80	3	76	4	81	5	80	6	72	7	74	8	77	9	73	10	70	11	81	12	67	13	84	14	75	15	68	16	69	17	75	18	74	19	72	20	76	21	73	22	73	23	79	24	75	25	73	26	72	27	66	28	77	29	80	30	67	31	70	32	72	33	66	34	67	35	83	36	74	37	70	38	82	39	77	
	0	30	1	30	2	22	3	11	4	15	5	13	6	17	7	17	8	13	9	13	10	15	11	18	12	28	13	29	14	15	15	13	16	16	17	18	18	11	19	20	20	28	21	25	22	25	23	11	24	16	25	25	26	21	27	24	28	20	29	19	30	29	31	24	32	18	33	18	34	30	35	19	36	27	37	19	38	17	39	14	
	0	86	1	85	2	83	3	73	4	83	5	80	6	75	7	80	8	71	9	83	10	74	11	83	12	75	13	81	14	87	15	72	16	86	17	75	18	86	19	75	20	76	21	72	22	80	23	83	24	80	25	78	26	75	27	82	28	80	29	86	30	72	31	80	32	80	33	84	34	75	35	77	36	68	37	82	38	84	39	73	
	0	32	1	14	2	23	3	21	4	24	5	20	6	22	7	25	8	27	9	30	10	14	11	15	12	31	13	30	14	15	15	32	16	24	17	19	18	31	19	24	20	28	21	21	22	19	23	31	24	19	25	15	26	25	27	17	28	18	29	23	30	29	31	15	32	15	33	17	34	18	35	22	36	24	37	22	38	19	39	19	
	0	86	1	85	2	72	3	75	4	72	5	76	6	79	7	73	8	90	9	88	10	87	11	71	12	87	13	81	14	73	15	75	16	85	17	77	18	74	19	80	20	84	21	76	22	72	23	77	24	84	25	83	26	82	27	90	28	71	29	88	30	72	31	81	32	81	33	82	34	76	35	84	36	82	37	71	38	90	39	74	
	0	112	1	101	2	96	3	106	4	104	5	110	6	95	7	100	8	94	9	111	10	106	11	109	12	113	13	103	14	103	15	104	16	94	17	95	18	103	19	99	20	97	21	107	22	110	23	101	24	104	25	101	26	111	27	109	28	102	29	113	30	112	31	106	32	95	33	102	34	99	35	113	36	109	37	112	38	103	39	104	
	0	78	1	63	2	74	3	71	4	66	5	76	6	80	7	71	8	82	9	76	10	78	11	63	12	72	13	70	14	70	15	66	16	77	17	65	18	78	19	82	20	73	21	75	22	81	23	66	24	71	25	63	26	72	27	72	28	73	29	79	30	77	31	65	32	63	33	73	34	82	35	65	36	69	37	80	38	71	39	76	
	0	19	1	6	2	4	3	9	4	10	5	15	6	4	7	13	8	5	9	19	10	16	11	9	12	15	13	3	14	6	15	9	16	11	17	6	18	7	19	20	20	17	21	21	22	21	23	15	24	20	25	7	26	22	27	4	28	16	29	20	30	13	31	3	32	17	33	3	34	11	35	19	36	16	37	15	38	11	39	14	
	0	76	1	67	2	86	3	76	4	71	5	73	6	74	7	72	8	72	9	83	10	86	11	67	12	73	13	72	14	75	15	77	16	84	17	76	18	74	19	85	20	86	21	70	22	70	23	86	24	74	25	80	26	70	27	78	28	80	29	67	30	77	31	84	32	67	33	78	34	74	35	68	36	79	37	78	38	72	39	81	
	0	69	1	84	2	69	3	70	4	72	5	71	6	69	7	74	8	73	9	77	10	86	11	69	12	77	13	78	14	70	15	83	16	86	17	83	18	83	19	77	20	71	21	86	22	84	23	77	24	78	25	77	26	79	27	79	28	79	29	82	30	84	31	71	32	83	33	72	34	76	35	82	36	82	37	85	38	77	39	68	
	0	52	1	52	2	62	3	68	4	59	5	65	6	50	7	55	8	60	9	53	10	56	11	51	12	56	13	55	14	62	15	61	16	61	17	57	18	62	19	58	20	58	21	52	22	64	23	59	24	51	25	56	26	51	27	57	28	51	29	68	30	60	31	52	32	53	33	57	34	51	35	51	36	63	37	65	38	57	39	49	
	0	104	1	96	2	97	3	88	4	95	5	97	6	101	7	91	8	96	9	87	10	95	11	97	12	93	13	104	14	95	15	89	16	87	17	93	18	95	19	101	20	101	21	96	22	99	23	96	24	103	25	102	26	95	27	92	28	86	29	99	30	92	31	104	32	103	33	94	34	91	35	104	36	97	37	86	38	99	39	101	
	0	26	1	21	2	24	3	32	4	35	5	31	6	32	7	24	8	36	9	27	10	28	11	33	12	31	13	34	14	24	15	27	16	31	17	37	18	27	19	27	20	33	21	35	22	30	23	34	24	21	25	34	26	24	27	29	28	21	29	32	30	29	31	34	32	21	33	30	34	34	35	32	36	29	37	40	38	30	39	28	
	0	90	1	103	2	96	3	91	4	100	5	93	6	108	7	91	8	93	9	96	10	99	11	105	12	95	13	89	14	96	15	106	16	95	17	98	18	91	19	107	20	90	21	91	22	103	23	99	24	106	25	90	26	93	27	96	28	90	29	96	30	103	31	104	32	98	33	89	34	108	35	104	36	107	37	97	38	102	39	96	
	0	19	1	20	2	16	3	7	4	12	5	4	6	4	7	7	8	8	9	10	10	21	11	7	12	21	13	20	14	10	15	18	16	7	17	17	18	7	19	11	20	10	21	12	22	3	23	6	24	5	25	17	26	3	27	7	28	12	29	9	30	16	31	16	32	20	33	22	34	11	35	20	36	9	37	16	38	22	39	11	
	0	75	1	77	2	82	3	76	4	75	5	79	6	83	7	84	8	81	9	70	10	76	11	86	12	83	13	68	14	70	15	75	16	78	17	74	18	83	19	85	20	76	21	68	22	70	23	86	24	83	25	85	26	73	27	76	28	78	29	83	30	74	31	68	32	79	33	71	34	83	35	80	36	86	37	70	38	78	39	72	
	0	53	1	43	2	57	3	38	4	42	5	53	6	38	7	49	8	43	9	39	10	55	11	44	12	38	13	50	14	46	15	53	16	53	17	54	18	40	19	54	20	47	21	46	22	49	23	53	24	41	25	43	26	47	27	57	28	46	29	53	30	55	31	42	32	45	33	53	34	50	35	46	36	55	37	46	38	41	39	40	
	0	57	1	74	2	61	3	66	4	71	5	59	6	61	7	76	8	59	9	75	10	60	11	74	12	69	13	57	14	76	15	67	16	72	17	66	18	68	19	62	20	76	21	62	22	58	23	68	24	67	25	64	26	73	27	62	28	61	29	75	30	60	31	60	32	66	33	58	34	60	35	64	36	73	37	74	38	66	39	69	
	0	35	1	33	2	23	3	31	4	31	5	35	6	36	7	29	8	19	9	34	10	30	11	18	12	32	13	19	14	27	15	35	16	18	17	35	18	30	19	25	20	33	21	27	22	24	23	29	24	21	25	26	26	23	27	32	28	20	29	17	30	28	31	31	32	24	33	26	34	19	35	26	36	23	37	30	38	36	39	35	
	0	99	1	102	2	91	3	101	4	102	5	95	6	100	7	104	8	102	9	92	10	89	11	96	12	96	13	89	14	87	15	93	16	101	17	96	18	104	19	104	20	104	21	93	22	95	23	102	24	102	25	98	26	103	27	96	28	97	29	99	30	93	31	103	32	101	33	104	34	86	35	88	36	97	37	98	38	86	39	96	
	0	105	1	105	2	102	3	111	4	115	5	115	6	117	7	117	8	114	9	116	10	112	11	105	12	116	13	109	14	114	15	107	16	99	17	106	18	111	19	101	20	113	21	108	22	118	23	118	24	102	25	100	26	105	27	117	28	109	29	113	30	115	31	108	32	102	33	111	34	102	35	106	36	109	37	112	38	108	39	100	
	0	21	1	21	2	25	3	28	4	35	5	22	6	21	7	27	8	30	9	27	10	31	11	33	12	34	13	35	14	30	15	35	16	25	17	34	18	22	19	28	20	38	21	25	22	28	23	20	24	37	25	30	26	33	27	24	28	27	29	39	30	32	31	37	32	22	33	29	34	23	35	25	36	26	37	30	38	23	39	35	
	0	85	1	78	2	96	3	96	4	86	5	91	6	96	7	96	8	84	9	91	10	94	11	87	12	90	13	91	14	77	15	87	16	90	17	88	18	96	19	81	20	95	21	88	22	78	23	83	24	82	25	88	26	88	27	85	28	84	29	79	30	78	31	78	32	94	33	79	34	85	35	85	36	94	37	90	38	82	39	96	
	0	88	1	86	2	96	3	85	4	100	5	102	6	99	7	88	8	97	9	91	10	103	11	93	12	104	13	91	14	88	15	90	16	87	17	104	18	98	19	86	20	104	21	98	22	93	23	85	24	92	25	91	26	102	27	104	28	95	29	91	30	95	31	90	32	86	33	99	34	86	35	103	36	93	37	102	38	98	39	101	
	0	42	1	59	2	46	3	42	4	41	5	53	6	54	7	40	8	45	9	41	10	59	11	41	12	59	13	57	14	53	15	47	16	48	17	58	18	42	19	57	20	46	21	51	22	41	23	48	24	49	25	56	26	50	27	56	28	58	29	44	30	48	31	58	32	54	33	57	34	55	35	58	36	44	37	51	38	59	39	48	
	0	14	1	13	2	25	3	21	4	13	5	24	6	18	7	18	8	25	9	21	10	12	11	20	12	25	13	25	14	17	15	11	16	18	17	23	18	21	19	17	20	25	21	22	22	25	23	25	24	19	25	11	26	20	27	14	28	7	29	6	30	17	31	22	32	16	33	17	34	21	35	7	36	25	37	23	38	17	39	24	
	0	63	1	71	2	69	3	54	4	69	5	60	6	56	7	70	8	64	9	66	10	61	11	70	12	56	13	59	14	65	15	68	16	63	17	67	18	55	19	61	20	62	21	54	22	63	23	72	24	72	25	58	26	71	27	69	28	58	29	72	30	56	31	69	32	67	33	68	34	54	35	58	36	68	37	64	38	55	39	59	
	0	36	1	50	2	40	3	35	4	49	5	36	6	37	7	41	8	36	9	34	10	41	11	45	12	43	13	48	14	52	15	39	16	53	17	38	18	40	19	37	20	52	21	37	22	34	23	35	24	37	25	52	26	38	27	51	28	42	29	50	30	47	31	53	32	36	33	47	34	48	35	49	36	39	37	34	38	43	39	38	
	0	56	1	51	2	65	3	56	4	51	5	57	6	55	7	54	8	60	9	50	10	54	11	53	12	49	13	57	14	57	15	53	16	57	17	53	18	48	19	54	20	53	21	65	22	53	23	58	24	58	25	66	26	60	27	50	28	67	29	65	30	60	31	62	32	56	33	63	34	63	35	54	36	54	37	62	38	58	39	51	
	0	24	1	19	2	20	3	15	4	26	5	24	6	26	7	17	8	14	9	15	10	22	11	31	12	14	13	31	14	21	15	28	16	23	17	21	18	24	19	19	20	32	21	14	22	32	23	23	24	16	25	15	26	27	27	19	28	32	29	23	30	26	31	16	32	15	33	32	34	30	35	14	36	30	37	27	38	20	39	26	
	0	72	1	61	2	79	3	71	4	75	5	79	6	73	7	66	8	80	9	64	10	71	11	76	12	74	13	73	14	65	15	61	16	70	17	66	18	73	19	79	20	76	21	61	22	79	23	63	24	62	25	68	26	64	27	66	28	65	29	72	30	79	31	65	32	66	33	76	34	67	35	73	36	70	37	64	38	70	39	72	
	0	56	1	47	2	44	3	57	4	49	5	44	6	41	7	56	8	46	9	59	10	44	11	48	12	40	13	54	14	55	15	49	16	44	17	51	18	57	19	55	20	54	21	54	22	51	23	58	24	44	25	50	26	48	27	54	28	55	29	42	30	53	31	40	32	42	33	40	34	48	35	56	36	50	37	56	38	43	39	51	
	0	49	1	66	2	64	3	58	4	62	5	51	6	51	7	54	8	63	9	50	10	53	11	56	12	57	13	53	14	54	15	54	16	66	17	65	18	55	19	60	20	68	21	67	22	58	23	52	24	62	25	66	26	65	27	64	28	63	29	62	30	68	31	58	32	59	33	54	34	67	35	56	36	66	37	51	38	66	39	51	
	0	74	1	68	2	66	3	71	4	81	5	67	6	80	7	80	8	69	9	82	10	78	11	73	12	67	13	75	14	70	15	84	16	69	17	84	18	77	19	74	20	76	21	80	22	68	23	83	24	81	25	74	26	68	27	65	28	81	29	73	30	67	31	76	32	74	33	69	34	71	35	72	36	71	37	71	38	78	39	82	
	0	63	1	71	2	65	3	70	4	70	5	68	6	66	7	70	8	66	9	58	10	64	11	54	12	67	13	59	14	55	15	62	16	66	17	71	18	60	19	59	20	65	21	58	22	65	23	57	24	66	25	69	26	62	27	54	28	64	29	68	30	63	31	57	32	55	33	68	34	62	35	57	36	61	37	70	38	53	39	53	
	0	47	1	40	2	44	3	35	4	45	5	41	6	46	7	38	8	32	9	42	10	42	11	39	12	45	13	49	14	39	15	37	16	46	17	32	18	36	19	31	20	31	21	47	22	44	23	34	24	38	25	42	26	35	27	34	28	44	29	40	30	37	31	46	32	40	33	42	34	40	35	36	36	47	37	41	38	41	39	37	
	0	13	1	23	2	29	3	11	4	20	5	14	6	22	7	12	8	29	9	17	10	21	11	18	12	27	13	27	14	19	15	17	16	22	17	16	18	11	19	19	20	11	21	11	22	12	23	29	24	24	25	19	26	28	27	26	28	10	29	11	30	23	31	26	32	20	33	18	34	22	35	18	36	10	37	13	38	14	39	14	
	0	20	1	29	2	15	3	23	4	33	5	20	6	31	7	23	8	29	9	28	10	14	11	20	12	19	13	30	14	20	15	27	16	19	17	17	18	25	19	18	20	32	21	18	22	28	23	21	24	23	25	28	26	33	27	30	28	24	29	28	30	29	31	33	32	19	33	16	34	21	35	23	36	19	37	19	38	20	39	21	
	0	64	1	58	2	65	3	66	4	68	5	50	6	52	7	56	8	51	9	62	10	59	11	68	12	51	13	54	14	56	15	61	16	52	17	63	18	69	19	51	20	67	21	67	22	60	23	55	24	54	25	59	26	58	27	54	28	58	29	57	30	66	31	66	32	63	33	63	34	51	35	51	36	50	37	64	38	66	39	62	
	0	85	1	80	2	91	3	83	4	77	5	83	6	80	7	95	8	96	9	86	10	89	11	87	12	78	13	89	14	77	15	96	16	81	17	88	18	78	19	86	20	79	21	90	22	81	23	85	24	89	25	84	26	96	27	82	28	86	29	84	30	82	31	82	32	80	33	81	34	77	35	93	36	94	37	82	38	77	39	77	
	0	63	1	65	2	55	3	62	4	71	5	63	6	55	7	66	8	59	9	56	10	71	11	71	12	73	13	69	14	64	15	59	16	64	17	54	18	72	19	58	20	73	21	65	22	54	23	58	24	63	25	67	26	69	27	73	28	56	29	56	30	57	31	68	32	57	33	60	34	72	35	70	36	55	37	71	38	67	39	58	
	0	73	1	80	2	80	3	81	4	87	5	85	6	69	7	70	8	79	9	84	10	72	11	73	12	71	13	88	14	82	15	73	16	70	17	80	18	87	19	82	20	79	21	77	22	72	23	82	24	82	25	73	26	75	27	69	28	80	29	77	30	86	31	74	32	80	33	70	34	81	35	74	36	85	37	85	38	77	39	78	
	0	64	1	54	2	70	3	65	4	70	5	55	6	69	7	60	8	59	9	62	10	66	11	55	12	66	13	59	14	56	15	64	16	64	17	71	18	70	19	52	20	60	21	55	22	70	23	66	24	69	25	57	26	59	27	61	28	60	29	54	30	66	31	60	32	57	33	53	34	69	35	64	36	69	37	53	38	59	39	69	
	0	77	1	79	2	63	3	71	4	65	5	64	6	76	7	80	8	76	9	69	10	69	11	81	12	67	13	68	14	65	15	78	16	66	17	78	18	64	19	77	20	68	21	65	22	74	23	71	24	70	25	71	26	78	27	79	28	71	29	81	30	68	31	72	32	80	33	64	34	63	35	71	36	69	37	73	38	71	39	80	
	0	88	1	97	2	94	3	93	4	103	5	86	6	91	7	100	8	99	9	87	10	103	11	92	12	101	13	99	14	94	15	97	16	103	17	101	18	90	19	97	20	89	21	95	22	102	23	95	24	86	25	104	26	88	27	96	28	103	29	96	30	97	31	103	32	99	33	93	34	85	35	100	36	87	37	88	38	88	39	102	
	0	98	1	93	2	103	3	99	4	111	5	98	6	105	7	101	8	101	9	102	10	94	11	108	12	109	13	101	14	96	15	103	16	94	17	107	18	107	19	109	20	107	21	100	22	100	23	98	24	107	25	107	26	96	27	98	28	112	29	95	30	99	31	98	32	93	33	94	34	103	35	106	36	97	37	106	38	105	39	109	
	0	80	1	76	2	66	3	80	4	76	5	64	6	64	7	80	8	81	9	80	10	72	11	67	12	79	13	66	14	81	15	82	16	73	17	67	18	70	19	82	20	63	21	69	22	73	23	66	24	80	25	79	26	75	27	79	28	68	29	63	30	67	31	74	32	69	33	67	34	68	35	65	36	81	37	63	38	77	39	66	
	0	72	1	76	2	79	3	68	4	61	5	71	6	75	7	74	8	63	9	62	10	69	11	62	12	70	13	77	14	66	15	70	16	69	17	73	18	66	19	69	20	61	21	62	22	69	23	76	24	70	25	78	26	66	27	65	28	61	29	78	30	63	31	71	32	62	33	70	34	61	35	69	36	73	37	66	38	69	39	78	
	0	25	1	16	2	15	3	18	4	19	5	28	6	30	7	32	8	18	9	27	10	21	11	18	12	33	13	28	14	26	15	27	16	15	17	21	18	32	19	20	20	28	21	32	22	32	23	33	24	19	25	32	26	16	27	20	28	29	29	25	30	26	31	21	32	26	33	19	34	18	35	27	36	33	37	28	38	28	39	19	
	0	8	1	24	2	11	3	17	4	23	5	20	6	22	7	22	8	14	9	8	10	22	11	11	12	6	13	25	14	23	15	25	16	6	17	24	18	12	19	15	20	24	21	8	22	24	23	15	24	19	25	7	26	8	27	7	28	16	29	13	30	24	31	20	32	8	33	10	34	7	35	13	36	14	37	18	38	19	39	10	
	0	60	1	58	2	56	3	57	4	64	5	68	6	66	7	64	8	70	9	58	10	63	11	72	12	59	13	73	14	71	15	60	16	71	17	72	18	69	19	56	20	66	21	70	22	69	23	61	24	73	25	68	26	58	27	61	28	60	29	63	30	55	31	65	32	73	33	59	34	68	35	66	36	68	37	69	38	54	39	65	
	0	35	1	31	2	39	3	41	4	29	5	35	6	22	7	22	8	39	9	34	10	26	11	30	12	34	13	32	14	32	15	31	16	25	17	25	18	37	19	31	20	34	21	38	22	38	23	39	24	41	25	29	26	36	27	25	28	29	29	24	30	31	31	36	32	41	33	29	34	37	35	37	36	31	37	38	38	29	39	36	
	0	55	1	64	2	60	3	59	4	58	5	52	6	52	7	61	8	59	9	52	10	60	11	50	12	50	13	62	14	48	15	56	16	59	17	62	18	58	19	64	20	59	21	63	22	50	23	57	24	45	25	56	26	63	27	64	28	56	29	63	30	55	31	61	32	45	33	49	34	55	35	46	36	53	37	59	38	54	39	58	
	0	20	1	22	2	5	3	15	4	13	5	19	6	23	7	20	8	18	9	21	10	23	11	10	12	20	13	18	14	11	15	5	16	9	17	18	18	18	19	6	20	23	21	21	22	21	23	6	24	21	25	20	26	6	27	16	28	19	29	22	30	23	31	20	32	5	33	10	34	4	35	19	36	11	37	7	38	13	39	7	
	0	104	1	100	2	97	3	107	4	95	5	90	6	90	7	108	8	95	9	103	10	101	11	98	12	93	13	91	14	90	15	100	16	107	17	99	18	98	19	95	20	98	21	106	22	108	23	104	24	95	25	107	26	102	27	94	28	106	29	105	30	94	31	90	32	94	33	95	34	101	35	92	36	100	37	97	38	101	39	91	
	0	17	1	25	2	22	3	28	4	23	5	26	6	33	7	29	8	34	9	25	10	26	11	17	12	34	13	22	14	32	15	29	16	17	17	19	18	33	19	21	20	27	21	16	22	29	23	28	24	32	25	34	26	27	27	29	28	24	29	16	30	22	31	18	32	18	33	22	34	26	35	16	36	29	37	31	38	25	39	29	
	0	45	1	43	2	44	3	30	4	45	5	36	6	31	7	29	8	37	9	26	10	30	11	34	12	43	13	29	14	39	15	36	16	41	17	38	18	35	19	42	20	27	21	28	22	34	23	29	24	44	25	32	26	28	27	29	28	27	29	41	30	34	31	41	32	35	33	35	34	28	35	32	36	42	37	43	38	44	39	39	
	0	77	1	62	2	66	3	60	4	62	5	78	6	67	7	70	8	64	9	70	10	69	11	68	12	64	13	75	14	61	15	69	16	62	17	66	18	74	19	78	20	72	21	65	22	72	23	66	24	78	25	62	26	71	27	74	28	67	29	65	30	76	31	63	32	70	33	66	34	69	35	73	36	63	37	69	38	61	39	76	
	0	103	1	109	2	115	3	101	4	102	5	108	6	106	7	101	8	119	9	114	10	106	11	107	12	116	13	108	14	114	15	104	16	115	17	107	18	114	19	111	20	111	21	111	22	105	23	119	24	104	25	103	26	110	27	103	28	103	29	112	30	110	31	103	32	116	33	111	34	117	35	108	36	111	37	112	38	105	39	111	
	0	49	1	56	2	56	3	45	4	52	5	42	6	50	7	51	8	45	9	55	10	55	11	41	12	52	13	47	14	45	15	41	16	56	17	47	18	47	19	45	20	49	21	50	22	47	23	40	24	55	25	50	26	46	27	42	28	44	29	52	30	51	31	55	32	47	33	46	34	48	35	57	36	43	37	42	38	46	39	51	
	0	95	1	97	2	96	3	78	4	97	5	97	6	86	7	89	8	97	9	83	10	86	11	79	12	81	13	86	14	87	15	96	16	95	17	84	18	85	19	94	20	84	21	82	22	82	23	90	24	82	25	78	26	94	27	89	28	97	29	94	30	85	31	81	32	94	33	78	34	90	35	89	36	78	37	90	38	97	39	97	
	0	102	1	100	2	88	3	103	4	95	5	87	6	89	7	103	8	87	9	105	10	93	11	99	12	92	13	94	14	95	15	101	16	102	17	98	18	95	19	103	20	87	21	93	22	97	23	90	24	88	25	101	26	87	27	94	28	94	29	98	30	91	31	99	32	91	33	90	34	96	35	102	36	104	37	100	38	92	39	97	
	0	107	1	95	2	112	3	95	4	99	5	114	6	99	7	108	8	96	9	99	10	105	11	105	12	100	13	96	14	99	15	113	16	100	17	111	18	111	19	113	20	103	21	110	22	105	23	100	24	101	25	96	26	103	27	112	28	110	29	104	30	102	31	103	32	111	33	109	34	104	35	106	36	104	37	104	38	97	39	114	
	0	32	1	32	2	33	3	44	4	40	5	34	6	32	7	39	8	38	9	38	10	43	11	41	12	34	13	42	14	40	15	42	16	32	17	48	18	37	19	40	20	40	21	39	22	46	23	38	24	50	25	46	26	48	27	44	28	43	29	41	30	32	31	46	32	35	33	43	34	35	35	39	36	44	37	41	38	47	39	42	
	0	70	1	72	2	84	3	84	4	77	5	66	6	73	7	68	8	84	9	78	10	71	11	66	12	79	13	79	14	84	15	71	16	71	17	70	18	76	19	65	20	80	21	70	22	83	23	76	24	79	25	76	26	70	27	76	28	66	29	70	30	78	31	68	32	68	33	79	34	83	35	81	36	68	37	84	38	80	39	79	
	0	91	1	96	2	99	3	98	4	102	5	92	6	108	7	103	8	101	9	94	10	94	11	91	12	99	13	103	14	107	15	92	16	106	17	105	18	101	19	96	20	98	21	103	22	104	23	99	24	90	25	104	26	109	27	107	28	108	29	109	30	90	31	106	32	107	33	97	34	96	35	99	36	91	37	101	38	106	39	98	
	0	59	1	55	2	48	3	45	4	56	5	57	6	54	7	51	8	45	9	59	10	44	11	52	12	61	13	63	14	49	15	49	16	55	17	59	18	57	19	55	20	56	21	50	22	62	23	45	24	47	25	45	26	49	27	60	28	63	29	46	30	54	31	46	32	54	33	61	34	58	35	56	36	49	37	62	38	59	39	61	
	0	64	1	52	2	61	3	54	4	55	5	60	6	50	7	53	8	50	9	68	10	54	11	60	12	65	13	56	14	62	15	65	16	52	17	65	18	51	19	65	20	57	21	61	22	63	23	64	24	55	25	61	26	55	27	51	28	54	29	54	30	65	31	66	32	52	33	64	34	65	35	62	36	54	37	55	38	61	39	63	
	0	112	1	98	2	108	3	110	4	103	5	101	6	96	7	104	8	99	9	111	10	105	11	100	12	99	13	105	14	104	15	100	16	96	17	97	18	107	19	94	20	108	21	102	22	103	23	93	24	97	25	94	26	107	27	111	28	96	29	95	30	110	31	108	32	94	33	110	34	98	35	111	36	96	37	109	38	109	39	102	
	0	113	1	100	2	104	3	112	4	104	5	99	6	99	7	110	8	110	9	111	10	105	11	98	12	109	13	112	14	105	15	115	16	99	17	116	18	111	19	102	20	111	21	114	22	104	23	102	24	105	25	108	26	115	27	101	28	112	29	103	30	114	31	116	32	110	33	112	34	105	35	108	36	111	37	105	38	102	39	105	
	0	60	1	55	2	59	3	64	4	59	5	64	6	64	7	66	8	67	9	51	10	56	11	53	12	65	13	52	14	54	15	51	16	54	17	57	18	66	19	70	20	58	21	54	22	69	23	55	24	61	25	68	26	66	27	58	28	63	29	54	30	69	31	56	32	70	33	64	34	55	35	70	36	64	37	53	38	60	39	56	
	0	48	1	61	2	59	3	54	4	63	5	62	6	64	7	47	8	65	9	51	10	65	11	60	12	55	13	59	14	61	15	58	16	66	17	54	18	51	19	54	20	63	21	52	22	56	23	51	24	55	25	63	26	47	27	65	28	50	29	50	30	63	31	62	32	56	33	56	34	52	35	56	36	56	37	60	38	54	39	54	