100 40 1
40
	0	30	1	32	2	23	3	26	4	40	5	27	6	36	7	28	8	22	9	30	10	33	11	21	12	22	13	40	14	36	15	21	16	35	17	30	18	31	19	40	20	31	21	35	22	35	23	40	24	39	25	24	26	26	27	25	28	35	29	21	30	36	31	29	32	22	33	32	34	22	35	25	36	31	37	30	38	38	39	21	
	0	78	1	69	2	70	3	86	4	85	5	70	6	71	7	67	8	82	9	77	10	80	11	70	12	78	13	82	14	76	15	84	16	73	17	67	18	80	19	79	20	82	21	74	22	82	23	82	24	83	25	85	26	78	27	86	28	71	29	79	30	74	31	79	32	79	33	69	34	78	35	69	36	73	37	74	38	69	39	70	
	0	56	1	52	2	56	3	56	4	57	5	61	6	61	7	45	8	45	9	48	10	43	11	56	12	55	13	49	14	51	15	50	16	52	17	57	18	45	19	50	20	45	21	47	22	53	23	50	24	59	25	59	26	50	27	58	28	60	29	55	30	57	31	45	32	46	33	62	34	54	35	60	36	53	37	55	38	58	39	49	
	0	90	1	92	2	97	3	88	4	90	5	97	6	90	7	95	8	83	9	87	10	93	11	96	12	90	13	91	14	92	15	100	16	96	17	87	18	96	19	85	20	84	21	87	22	97	23	100	24	94	25	101	26	99	27	92	28	89	29	92	30	89	31	99	32	83	33	94	34	89	35	98	36	96	37	89	38	100	39	88	
	0	21	1	33	2	25	3	33	4	32	5	25	6	32	7	31	8	29	9	27	10	34	11	25	12	35	13	30	14	34	15	36	16	37	17	20	18	33	19	28	20	33	21	31	22	32	23	35	24	27	25	24	26	34	27	24	28	20	29	36	30	35	31	35	32	24	33	27	34	32	35	32	36	24	37	23	38	37	39	21	
	0	23	1	33	2	20	3	26	4	29	5	26	6	22	7	25	8	30	9	20	10	26	11	37	12	36	13	32	14	30	15	33	16	38	17	37	18	32	19	37	20	36	21	27	22	32	23	33	24	30	25	24	26	30	27	26	28	36	29	32	30	28	31	37	32	28	33	22	34	35	35	37	36	36	37	38	38	27	39	29	
	0	54	1	44	2	59	3	58	4	48	5	51	6	52	7	55	8	41	9	50	10	55	11	54	12	52	13	57	14	58	15	44	16	42	17	42	18	43	19	59	20	58	21	44	22	45	23	57	24	51	25	44	26	40	27	46	28	41	29	53	30	46	31	55	32	57	33	54	34	41	35	56	36	44	37	58	38	49	39	46	
	0	69	1	76	2	74	3	75	4	58	5	57	6	67	7	59	8	73	9	73	10	74	11	59	12	61	13	73	14	61	15	67	16	70	17	76	18	60	19	68	20	70	21	65	22	68	23	68	24	70	25	74	26	75	27	61	28	62	29	60	30	65	31	69	32	65	33	75	34	71	35	66	36	70	37	58	38	58	39	65	
	0	90	1	91	2	82	3	88	4	96	5	101	6	97	7	91	8	91	9	90	10	86	11	84	12	92	13	87	14	95	15	82	16	91	17	91	18	91	19	88	20	84	21	88	22	85	23	83	24	100	25	82	26	95	27	87	28	83	29	93	30	94	31	84	32	96	33	86	34	99	35	85	36	90	37	85	38	82	39	86	
	0	98	1	95	2	95	3	98	4	102	5	97	6	101	7	101	8	98	9	112	10	99	11	98	12	112	13	109	14	109	15	107	16	105	17	97	18	110	19	109	20	107	21	95	22	105	23	102	24	111	25	101	26	108	27	100	28	94	29	113	30	108	31	97	32	110	33	111	34	108	35	113	36	100	37	111	38	100	39	111	
	0	18	1	5	2	20	3	7	4	9	5	4	6	3	7	6	8	4	9	9	10	10	11	13	12	10	13	4	14	18	15	18	16	18	17	3	18	13	19	4	20	20	21	21	22	8	23	9	24	14	25	18	26	21	27	3	28	12	29	15	30	15	31	2	32	12	33	2	34	21	35	17	36	10	37	17	38	10	39	17	
	0	79	1	80	2	81	3	70	4	79	5	73	6	87	7	77	8	73	9	80	10	82	11	87	12	73	13	82	14	86	15	80	16	85	17	76	18	72	19	81	20	77	21	83	22	81	23	77	24	69	25	86	26	77	27	71	28	77	29	73	30	79	31	85	32	73	33	86	34	83	35	84	36	86	37	88	38	79	39	86	
	0	10	1	24	2	13	3	22	4	7	5	14	6	16	7	13	8	10	9	13	10	24	11	11	12	14	13	24	14	21	15	21	16	7	17	19	18	11	19	14	20	14	21	18	22	22	23	9	24	21	25	11	26	23	27	13	28	11	29	19	30	8	31	25	32	14	33	9	34	8	35	17	36	7	37	12	38	21	39	20	
	0	98	1	93	2	91	3	97	4	109	5	91	6	102	7	100	8	101	9	107	10	106	11	98	12	93	13	107	14	95	15	96	16	96	17	101	18	93	19	96	20	108	21	107	22	103	23	97	24	110	25	105	26	99	27	94	28	100	29	93	30	105	31	101	32	97	33	109	34	102	35	97	36	99	37	106	38	105	39	106	
	0	78	1	70	2	76	3	80	4	75	5	79	6	76	7	81	8	76	9	85	10	75	11	71	12	82	13	84	14	71	15	76	16	88	17	71	18	76	19	79	20	88	21	87	22	70	23	89	24	80	25	73	26	81	27	80	28	72	29	87	30	81	31	86	32	87	33	88	34	81	35	73	36	78	37	72	38	88	39	78	
	0	57	1	62	2	60	3	61	4	59	5	65	6	67	7	59	8	59	9	59	10	71	11	63	12	55	13	65	14	71	15	65	16	70	17	70	18	66	19	60	20	55	21	63	22	66	23	56	24	67	25	59	26	56	27	66	28	61	29	62	30	67	31	57	32	54	33	56	34	64	35	58	36	71	37	55	38	56	39	68	
	0	111	1	95	2	102	3	106	4	97	5	101	6	110	7	103	8	102	9	106	10	96	11	100	12	103	13	97	14	100	15	105	16	109	17	97	18	97	19	106	20	100	21	106	22	96	23	103	24	97	25	112	26	98	27	108	28	101	29	114	30	98	31	114	32	103	33	101	34	111	35	102	36	97	37	96	38	101	39	107	
	0	19	1	26	2	24	3	17	4	20	5	9	6	24	7	22	8	12	9	9	10	28	11	26	12	9	13	25	14	15	15	27	16	15	17	26	18	23	19	16	20	14	21	19	22	10	23	20	24	17	25	10	26	9	27	19	28	26	29	11	30	10	31	25	32	27	33	19	34	21	35	11	36	20	37	25	38	11	39	15	
	0	16	1	7	2	11	3	17	4	5	5	15	6	9	7	21	8	13	9	19	10	23	11	20	12	12	13	10	14	22	15	9	16	9	17	19	18	7	19	12	20	9	21	10	22	10	23	18	24	10	25	23	26	22	27	6	28	13	29	10	30	17	31	14	32	17	33	10	34	20	35	21	36	11	37	9	38	11	39	19	
	0	99	1	108	2	109	3	114	4	107	5	99	6	106	7	106	8	112	9	110	10	101	11	97	12	104	13	98	14	100	15	100	16	106	17	104	18	113	19	108	20	108	21	98	22	101	23	101	24	98	25	112	26	111	27	109	28	110	29	109	30	112	31	116	32	114	33	104	34	114	35	97	36	106	37	114	38	106	39	116	
	0	107	1	106	2	103	3	100	4	101	5	112	6	112	7	110	8	106	9	113	10	105	11	118	12	100	13	119	14	100	15	115	16	105	17	103	18	114	19	108	20	104	21	114	22	118	23	104	24	105	25	119	26	110	27	103	28	104	29	116	30	105	31	117	32	109	33	111	34	106	35	113	36	106	37	101	38	109	39	102	
	0	65	1	64	2	77	3	77	4	60	5	77	6	74	7	73	8	68	9	62	10	69	11	71	12	63	13	63	14	69	15	64	16	78	17	75	18	73	19	60	20	75	21	66	22	67	23	72	24	65	25	72	26	62	27	68	28	75	29	71	30	64	31	64	32	68	33	68	34	70	35	60	36	66	37	79	38	72	39	63	
	0	26	1	34	2	27	3	28	4	32	5	35	6	24	7	31	8	21	9	36	10	37	11	19	12	29	13	20	14	18	15	19	16	36	17	22	18	37	19	31	20	31	21	34	22	25	23	35	24	19	25	37	26	35	27	19	28	37	29	23	30	19	31	35	32	37	33	19	34	29	35	26	36	26	37	29	38	37	39	24	
	0	93	1	107	2	99	3	103	4	103	5	96	6	110	7	108	8	102	9	99	10	103	11	111	12	96	13	96	14	102	15	107	16	106	17	96	18	98	19	92	20	94	21	105	22	93	23	105	24	92	25	107	26	100	27	96	28	101	29	105	30	99	31	95	32	104	33	94	34	96	35	102	36	106	37	108	38	102	39	110	
	0	39	1	48	2	40	3	44	4	40	5	31	6	47	7	36	8	47	9	42	10	32	11	41	12	33	13	43	14	34	15	32	16	40	17	41	18	40	19	30	20	39	21	32	22	34	23	40	24	36	25	46	26	38	27	32	28	35	29	38	30	37	31	36	32	49	33	32	34	34	35	33	36	44	37	41	38	46	39	37	
	0	49	1	35	2	34	3	46	4	47	5	51	6	35	7	50	8	38	9	52	10	46	11	43	12	51	13	41	14	50	15	43	16	42	17	40	18	37	19	53	20	49	21	43	22	34	23	40	24	43	25	50	26	48	27	49	28	35	29	38	30	40	31	52	32	34	33	48	34	34	35	49	36	43	37	37	38	45	39	51	
	0	47	1	50	2	51	3	43	4	42	5	50	6	35	7	49	8	53	9	41	10	39	11	47	12	36	13	36	14	44	15	47	16	45	17	46	18	40	19	47	20	43	21	47	22	39	23	49	24	34	25	42	26	35	27	47	28	34	29	37	30	52	31	35	32	52	33	43	34	34	35	36	36	51	37	42	38	35	39	52	
	0	77	1	81	2	73	3	76	4	78	5	85	6	75	7	80	8	70	9	80	10	77	11	75	12	79	13	87	14	87	15	80	16	76	17	83	18	78	19	87	20	86	21	78	22	83	23	78	24	75	25	76	26	77	27	77	28	79	29	81	30	73	31	87	32	88	33	88	34	83	35	80	36	72	37	75	38	76	39	87	
	0	59	1	44	2	42	3	50	4	51	5	58	6	50	7	60	8	55	9	47	10	56	11	59	12	53	13	58	14	57	15	46	16	51	17	53	18	52	19	46	20	42	21	43	22	47	23	45	24	53	25	51	26	46	27	56	28	47	29	54	30	45	31	52	32	58	33	48	34	57	35	49	36	48	37	60	38	48	39	51	
	0	92	1	100	2	100	3	93	4	109	5	103	6	99	7	95	8	103	9	111	10	97	11	92	12	98	13	111	14	97	15	107	16	102	17	92	18	105	19	102	20	98	21	111	22	107	23	105	24	102	25	111	26	111	27	106	28	94	29	97	30	103	31	102	32	104	33	104	34	96	35	93	36	93	37	93	38	107	39	108	
	0	104	1	111	2	105	3	103	4	93	5	98	6	105	7	94	8	93	9	109	10	100	11	109	12	97	13	111	14	105	15	110	16	108	17	109	18	100	19	101	20	106	21	110	22	98	23	97	24	106	25	112	26	101	27	100	28	110	29	104	30	102	31	98	32	98	33	110	34	93	35	111	36	102	37	112	38	106	39	95	
	0	78	1	76	2	81	3	87	4	74	5	86	6	84	7	87	8	77	9	84	10	88	11	77	12	81	13	80	14	93	15	74	16	90	17	93	18	77	19	86	20	78	21	75	22	93	23	93	24	93	25	77	26	75	27	75	28	88	29	85	30	87	31	81	32	93	33	83	34	88	35	92	36	82	37	92	38	81	39	77	
	0	76	1	79	2	74	3	81	4	70	5	82	6	69	7	75	8	68	9	74	10	77	11	85	12	69	13	71	14	87	15	73	16	75	17	87	18	80	19	82	20	70	21	86	22	86	23	79	24	86	25	77	26	80	27	68	28	77	29	82	30	70	31	79	32	83	33	84	34	74	35	86	36	84	37	81	38	80	39	80	
	0	54	1	43	2	46	3	52	4	58	5	48	6	41	7	58	8	52	9	49	10	56	11	55	12	43	13	45	14	53	15	58	16	52	17	57	18	57	19	49	20	39	21	45	22	48	23	51	24	58	25	51	26	57	27	47	28	40	29	47	30	42	31	52	32	49	33	56	34	41	35	39	36	51	37	50	38	53	39	46	
	0	72	1	81	2	84	3	69	4	68	5	82	6	74	7	73	8	84	9	86	10	84	11	81	12	70	13	80	14	76	15	80	16	87	17	87	18	68	19	72	20	75	21	81	22	71	23	80	24	77	25	69	26	78	27	82	28	71	29	69	30	79	31	87	32	77	33	75	34	84	35	79	36	83	37	82	38	85	39	82	
	0	33	1	28	2	34	3	35	4	32	5	29	6	30	7	23	8	35	9	25	10	22	11	35	12	29	13	25	14	32	15	27	16	29	17	28	18	29	19	22	20	19	21	19	22	31	23	17	24	22	25	21	26	32	27	34	28	30	29	22	30	31	31	21	32	23	33	33	34	25	35	25	36	26	37	17	38	29	39	20	
	0	94	1	93	2	80	3	90	4	89	5	87	6	88	7	82	8	86	9	85	10	92	11	81	12	79	13	94	14	81	15	95	16	90	17	78	18	88	19	83	20	84	21	84	22	88	23	76	24	80	25	94	26	92	27	88	28	82	29	85	30	91	31	86	32	77	33	84	34	84	35	94	36	85	37	88	38	82	39	79	
	0	83	1	90	2	87	3	96	4	82	5	89	6	99	7	96	8	91	9	91	10	100	11	95	12	87	13	96	14	100	15	97	16	100	17	89	18	89	19	87	20	81	21	96	22	82	23	99	24	92	25	99	26	85	27	93	28	85	29	84	30	86	31	81	32	89	33	82	34	82	35	92	36	96	37	83	38	91	39	98	
	0	98	1	82	2	96	3	98	4	85	5	95	6	88	7	97	8	86	9	87	10	86	11	89	12	94	13	101	14	84	15	95	16	83	17	95	18	88	19	88	20	88	21	82	22	90	23	89	24	101	25	82	26	93	27	83	28	85	29	86	30	90	31	90	32	83	33	91	34	89	35	85	36	85	37	91	38	99	39	91	
	0	90	1	94	2	83	3	90	4	93	5	87	6	87	7	77	8	90	9	77	10	89	11	75	12	91	13	90	14	93	15	83	16	93	17	91	18	77	19	75	20	79	21	78	22	81	23	90	24	93	25	84	26	89	27	94	28	76	29	93	30	90	31	82	32	93	33	88	34	81	35	82	36	91	37	92	38	89	39	91	
	0	8	1	3	2	6	3	10	4	21	5	17	6	6	7	18	8	14	9	17	10	10	11	11	12	21	13	20	14	14	15	13	16	17	17	3	18	9	19	13	20	3	21	9	22	8	23	20	24	19	25	8	26	18	27	11	28	11	29	18	30	11	31	12	32	3	33	16	34	4	35	18	36	19	37	14	38	4	39	6	
	0	80	1	93	2	82	3	81	4	86	5	79	6	86	7	97	8	95	9	90	10	85	11	83	12	85	13	79	14	94	15	96	16	97	17	96	18	85	19	97	20	88	21	97	22	93	23	97	24	88	25	84	26	83	27	94	28	80	29	86	30	93	31	82	32	96	33	87	34	90	35	90	36	85	37	95	38	96	39	94	
	0	33	1	38	2	34	3	41	4	42	5	30	6	42	7	41	8	42	9	36	10	35	11	45	12	35	13	46	14	44	15	40	16	41	17	31	18	45	19	33	20	32	21	30	22	45	23	28	24	43	25	43	26	41	27	33	28	46	29	47	30	30	31	30	32	30	33	32	34	33	35	34	36	39	37	46	38	36	39	45	
	0	53	1	51	2	64	3	58	4	53	5	53	6	61	7	62	8	55	9	64	10	54	11	64	12	45	13	58	14	56	15	61	16	60	17	60	18	61	19	59	20	58	21	50	22	56	23	60	24	45	25	51	26	51	27	46	28	56	29	53	30	52	31	54	32	49	33	53	34	61	35	62	36	60	37	48	38	52	39	62	
	0	67	1	61	2	71	3	64	4	68	5	71	6	60	7	67	8	57	9	69	10	61	11	70	12	56	13	60	14	64	15	59	16	67	17	64	18	58	19	72	20	57	21	72	22	67	23	67	24	55	25	69	26	61	27	59	28	64	29	59	30	65	31	72	32	55	33	55	34	68	35	60	36	69	37	60	38	55	39	58	
	0	87	1	88	2	91	3	92	4	85	5	89	6	91	7	86	8	85	9	89	10	86	11	88	12	83	13	99	14	86	15	101	16	86	17	88	18	94	19	100	20	86	21	88	22	92	23	98	24	93	25	86	26	87	27	96	28	83	29	93	30	86	31	98	32	100	33	100	34	82	35	82	36	87	37	88	38	92	39	99	
	0	57	1	59	2	65	3	61	4	65	5	57	6	54	7	59	8	49	9	56	10	56	11	64	12	58	13	53	14	65	15	53	16	60	17	49	18	60	19	55	20	55	21	57	22	50	23	55	24	47	25	56	26	49	27	62	28	54	29	51	30	54	31	65	32	54	33	56	34	57	35	60	36	49	37	48	38	54	39	49	
	0	77	1	76	2	85	3	71	4	72	5	77	6	78	7	78	8	84	9	74	10	87	11	86	12	86	13	75	14	85	15	87	16	75	17	86	18	74	19	74	20	74	21	83	22	73	23	72	24	76	25	88	26	77	27	78	28	79	29	89	30	87	31	81	32	87	33	74	34	76	35	82	36	71	37	76	38	88	39	74	
	0	35	1	27	2	28	3	25	4	21	5	37	6	35	7	27	8	24	9	38	10	34	11	35	12	30	13	39	14	20	15	33	16	29	17	36	18	21	19	31	20	35	21	30	22	20	23	36	24	32	25	22	26	23	27	31	28	27	29	27	30	21	31	38	32	24	33	21	34	36	35	20	36	31	37	26	38	26	39	22	
	0	55	1	55	2	43	3	42	4	41	5	52	6	43	7	41	8	48	9	53	10	57	11	47	12	56	13	45	14	48	15	41	16	51	17	56	18	48	19	46	20	60	21	47	22	42	23	46	24	59	25	60	26	55	27	50	28	49	29	45	30	54	31	55	32	52	33	43	34	45	35	47	36	44	37	60	38	53	39	53	
	0	19	1	16	2	26	3	22	4	12	5	29	6	14	7	22	8	26	9	25	10	24	11	13	12	16	13	17	14	23	15	29	16	16	17	22	18	22	19	19	20	17	21	22	22	12	23	21	24	20	25	26	26	18	27	15	28	14	29	25	30	12	31	12	32	28	33	21	34	11	35	27	36	16	37	12	38	12	39	14	
	0	50	1	48	2	46	3	59	4	54	5	48	6	65	7	50	8	59	9	53	10	65	11	51	12	46	13	49	14	54	15	52	16	53	17	50	18	60	19	60	20	58	21	64	22	47	23	63	24	50	25	53	26	56	27	58	28	57	29	61	30	61	31	52	32	60	33	61	34	60	35	53	36	55	37	48	38	64	39	59	
	0	52	1	33	2	40	3	40	4	39	5	35	6	52	7	46	8	47	9	35	10	45	11	35	12	33	13	47	14	39	15	45	16	46	17	52	18	40	19	43	20	52	21	45	22	39	23	38	24	51	25	50	26	52	27	38	28	40	29	42	30	34	31	36	32	48	33	35	34	49	35	40	36	34	37	41	38	49	39	46	
	0	88	1	75	2	75	3	79	4	75	5	86	6	92	7	80	8	83	9	83	10	94	11	86	12	79	13	91	14	75	15	77	16	84	17	93	18	79	19	75	20	91	21	84	22	91	23	75	24	77	25	77	26	94	27	80	28	93	29	76	30	79	31	76	32	94	33	83	34	83	35	85	36	91	37	89	38	75	39	82	
	0	109	1	105	2	103	3	100	4	107	5	106	6	106	7	100	8	106	9	108	10	99	11	92	12	98	13	105	14	95	15	94	16	105	17	105	18	109	19	99	20	96	21	104	22	101	23	106	24	98	25	104	26	97	27	99	28	104	29	106	30	94	31	99	32	105	33	106	34	96	35	96	36	90	37	106	38	93	39	93	
	0	34	1	24	2	26	3	41	4	27	5	30	6	35	7	31	8	30	9	24	10	27	11	31	12	37	13	42	14	34	15	37	16	23	17	28	18	34	19	23	20	42	21	39	22	28	23	41	24	27	25	26	26	28	27	33	28	40	29	32	30	25	31	23	32	30	33	41	34	26	35	23	36	33	37	40	38	41	39	28	
	0	70	1	69	2	67	3	66	4	53	5	55	6	65	7	60	8	66	9	64	10	60	11	55	12	67	13	63	14	71	15	59	16	55	17	63	18	66	19	64	20	71	21	71	22	55	23	56	24	64	25	68	26	58	27	72	28	65	29	71	30	66	31	68	32	58	33	65	34	61	35	72	36	60	37	64	38	68	39	65	
	0	78	1	89	2	82	3	85	4	76	5	78	6	84	7	79	8	92	9	77	10	88	11	77	12	84	13	93	14	87	15	86	16	81	17	83	18	90	19	77	20	78	21	84	22	90	23	89	24	74	25	89	26	93	27	89	28	74	29	85	30	80	31	74	32	93	33	86	34	80	35	80	36	84	37	93	38	90	39	88	
	0	38	1	35	2	49	3	49	4	37	5	53	6	39	7	44	8	42	9	50	10	53	11	42	12	48	13	51	14	47	15	51	16	36	17	40	18	43	19	41	20	50	21	51	22	37	23	45	24	40	25	42	26	34	27	52	28	35	29	46	30	49	31	35	32	36	33	34	34	37	35	35	36	48	37	38	38	40	39	50	
	0	26	1	41	2	34	3	43	4	31	5	34	6	27	7	34	8	28	9	33	10	38	11	30	12	34	13	32	14	41	15	31	16	26	17	25	18	35	19	33	20	44	21	28	22	29	23	40	24	30	25	28	26	34	27	36	28	29	29	28	30	31	31	26	32	44	33	42	34	26	35	38	36	36	37	34	38	25	39	33	
	0	83	1	92	2	94	3	84	4	96	5	93	6	93	7	100	8	101	9	84	10	83	11	90	12	91	13	91	14	92	15	96	16	84	17	83	18	101	19	90	20	90	21	97	22	84	23	98	24	88	25	92	26	95	27	90	28	85	29	84	30	82	31	92	32	89	33	96	34	89	35	82	36	88	37	101	38	100	39	101	
	0	80	1	70	2	72	3	73	4	71	5	77	6	74	7	70	8	79	9	76	10	80	11	79	12	77	13	77	14	76	15	78	16	75	17	78	18	67	19	72	20	70	21	74	22	70	23	85	24	83	25	76	26	78	27	83	28	83	29	71	30	77	31	70	32	72	33	75	34	77	35	78	36	73	37	73	38	72	39	84	
	0	41	1	45	2	31	3	32	4	44	5	42	6	44	7	40	8	40	9	44	10	42	11	36	12	41	13	41	14	41	15	32	16	48	17	41	18	38	19	29	20	31	21	40	22	39	23	35	24	40	25	35	26	44	27	40	28	46	29	42	30	29	31	47	32	33	33	38	34	48	35	47	36	47	37	40	38	39	39	43	
	0	65	1	70	2	70	3	69	4	59	5	63	6	68	7	72	8	62	9	72	10	64	11	65	12	59	13	59	14	61	15	75	16	72	17	58	18	74	19	61	20	65	21	57	22	66	23	64	24	72	25	64	26	61	27	72	28	58	29	74	30	67	31	60	32	70	33	68	34	74	35	66	36	73	37	59	38	75	39	75	
	0	19	1	13	2	15	3	5	4	14	5	16	6	12	7	14	8	7	9	15	10	19	11	4	12	21	13	21	14	5	15	11	16	12	17	10	18	17	19	17	20	9	21	17	22	14	23	19	24	10	25	5	26	6	27	12	28	20	29	21	30	17	31	20	32	14	33	12	34	12	35	16	36	4	37	11	38	4	39	20	
	0	42	1	35	2	49	3	41	4	35	5	46	6	33	7	41	8	35	9	38	10	40	11	46	12	37	13	32	14	38	15	33	16	49	17	39	18	39	19	36	20	46	21	44	22	42	23	35	24	45	25	50	26	43	27	44	28	50	29	42	30	47	31	31	32	41	33	34	34	43	35	45	36	37	37	49	38	46	39	35	
	0	30	1	24	2	31	3	20	4	34	5	28	6	34	7	18	8	17	9	28	10	25	11	34	12	33	13	24	14	34	15	19	16	26	17	25	18	15	19	17	20	17	21	17	22	26	23	33	24	24	25	25	26	24	27	20	28	16	29	23	30	28	31	24	32	33	33	21	34	17	35	17	36	24	37	30	38	24	39	32	
	0	91	1	102	2	101	3	105	4	87	5	89	6	98	7	89	8	102	9	96	10	91	11	105	12	92	13	91	14	99	15	86	16	99	17	102	18	96	19	96	20	101	21	100	22	91	23	87	24	103	25	86	26	98	27	88	28	96	29	94	30	100	31	88	32	94	33	95	34	91	35	99	36	104	37	100	38	87	39	95	
	0	49	1	31	2	41	3	36	4	45	5	33	6	49	7	36	8	41	9	46	10	49	11	33	12	47	13	43	14	38	15	41	16	46	17	32	18	46	19	48	20	31	21	43	22	48	23	40	24	33	25	37	26	39	27	39	28	38	29	38	30	47	31	46	32	39	33	42	34	42	35	40	36	33	37	37	38	49	39	40	
	0	83	1	82	2	86	3	95	4	81	5	83	6	91	7	96	8	89	9	82	10	86	11	79	12	93	13	86	14	84	15	87	16	80	17	86	18	81	19	80	20	81	21	79	22	90	23	88	24	96	25	95	26	97	27	87	28	90	29	83	30	96	31	84	32	78	33	96	34	87	35	84	36	83	37	83	38	79	39	88	
	0	74	1	84	2	76	3	79	4	72	5	73	6	83	7	82	8	73	9	88	10	88	11	85	12	88	13	77	14	70	15	82	16	74	17	69	18	84	19	82	20	74	21	73	22	84	23	80	24	87	25	83	26	69	27	79	28	74	29	84	30	84	31	86	32	79	33	87	34	71	35	70	36	71	37	83	38	77	39	79	
	0	111	1	105	2	113	3	97	4	107	5	102	6	106	7	102	8	114	9	99	10	95	11	103	12	105	13	106	14	95	15	104	16	96	17	112	18	106	19	111	20	114	21	95	22	104	23	113	24	96	25	97	26	96	27	101	28	101	29	111	30	102	31	98	32	106	33	102	34	105	35	97	36	107	37	107	38	109	39	114	
	0	50	1	59	2	44	3	47	4	53	5	52	6	49	7	46	8	57	9	53	10	57	11	50	12	47	13	57	14	52	15	59	16	45	17	55	18	56	19	59	20	43	21	57	22	48	23	49	24	48	25	42	26	42	27	58	28	61	29	42	30	59	31	57	32	49	33	55	34	59	35	58	36	45	37	54	38	54	39	56	
	0	100	1	111	2	109	3	117	4	109	5	100	6	99	7	111	8	99	9	112	10	108	11	106	12	99	13	103	14	110	15	109	16	100	17	105	18	113	19	115	20	101	21	110	22	110	23	116	24	101	25	113	26	102	27	108	28	98	29	109	30	101	31	116	32	115	33	104	34	101	35	100	36	111	37	100	38	103	39	103	
	0	110	1	118	2	116	3	102	4	110	5	114	6	110	7	102	8	115	9	118	10	114	11	109	12	117	13	112	14	115	15	100	16	107	17	109	18	100	19	108	20	113	21	107	22	111	23	100	24	118	25	109	26	101	27	113	28	114	29	105	30	117	31	108	32	107	33	117	34	114	35	111	36	115	37	117	38	119	39	104	
	0	58	1	58	2	69	3	62	4	51	5	61	6	65	7	60	8	57	9	52	10	51	11	64	12	52	13	59	14	68	15	64	16	55	17	67	18	64	19	55	20	59	21	60	22	51	23	50	24	52	25	60	26	52	27	59	28	59	29	56	30	57	31	57	32	64	33	68	34	51	35	67	36	59	37	64	38	67	39	52	
	0	23	1	30	2	37	3	20	4	29	5	34	6	32	7	34	8	20	9	21	10	27	11	28	12	35	13	26	14	24	15	37	16	29	17	35	18	30	19	34	20	26	21	30	22	30	23	19	24	33	25	22	26	26	27	30	28	27	29	35	30	28	31	27	32	28	33	29	34	28	35	37	36	27	37	38	38	26	39	29	
	0	94	1	94	2	93	3	91	4	81	5	90	6	92	7	80	8	84	9	94	10	76	11	85	12	88	13	83	14	85	15	75	16	76	17	82	18	82	19	89	20	82	21	86	22	82	23	85	24	85	25	85	26	86	27	77	28	78	29	79	30	90	31	94	32	78	33	76	34	77	35	91	36	88	37	88	38	85	39	92	
	0	42	1	40	2	38	3	23	4	26	5	30	6	32	7	38	8	40	9	24	10	29	11	42	12	37	13	27	14	25	15	34	16	37	17	42	18	35	19	30	20	24	21	36	22	27	23	23	24	39	25	38	26	24	27	23	28	38	29	37	30	37	31	27	32	35	33	41	34	42	35	36	36	30	37	27	38	32	39	39	
	0	113	1	105	2	109	3	99	4	111	5	101	6	96	7	104	8	105	9	108	10	104	11	96	12	108	13	98	14	106	15	101	16	99	17	103	18	111	19	109	20	96	21	104	22	112	23	105	24	103	25	107	26	110	27	107	28	107	29	106	30	105	31	102	32	99	33	99	34	107	35	99	36	113	37	96	38	111	39	110	
	0	61	1	46	2	54	3	49	4	48	5	50	6	58	7	63	8	57	9	54	10	54	11	64	12	60	13	64	14	62	15	46	16	61	17	56	18	48	19	50	20	65	21	49	22	60	23	59	24	47	25	54	26	65	27	62	28	54	29	61	30	49	31	63	32	47	33	51	34	61	35	64	36	63	37	49	38	64	39	48	
	0	78	1	92	2	87	3	81	4	91	5	81	6	85	7	90	8	84	9	91	10	77	11	84	12	90	13	92	14	81	15	91	16	91	17	84	18	80	19	96	20	89	21	87	22	87	23	84	24	79	25	86	26	84	27	82	28	93	29	80	30	77	31	78	32	79	33	88	34	94	35	77	36	93	37	81	38	91	39	77	
	0	66	1	82	2	63	3	69	4	77	5	72	6	76	7	66	8	69	9	69	10	75	11	72	12	75	13	65	14	76	15	70	16	69	17	69	18	76	19	73	20	64	21	64	22	70	23	82	24	77	25	81	26	68	27	80	28	76	29	71	30	64	31	64	32	80	33	69	34	63	35	70	36	66	37	67	38	71	39	77	
	0	15	1	15	2	16	3	10	4	13	5	20	6	23	7	7	8	8	9	7	10	24	11	19	12	20	13	16	14	22	15	23	16	7	17	17	18	19	19	19	20	21	21	18	22	19	23	10	24	10	25	16	26	21	27	7	28	10	29	14	30	12	31	12	32	24	33	12	34	20	35	14	36	7	37	9	38	15	39	23	
	0	95	1	97	2	98	3	96	4	111	5	106	6	105	7	99	8	95	9	96	10	112	11	112	12	97	13	103	14	97	15	98	16	107	17	100	18	97	19	100	20	101	21	110	22	96	23	107	24	106	25	110	26	106	27	99	28	105	29	111	30	100	31	111	32	97	33	97	34	98	35	110	36	96	37	105	38	98	39	97	
	0	15	1	24	2	20	3	26	4	16	5	16	6	13	7	12	8	10	9	16	10	11	11	18	12	14	13	21	14	11	15	11	16	8	17	8	18	20	19	24	20	22	21	27	22	14	23	20	24	12	25	20	26	17	27	8	28	13	29	27	30	18	31	21	32	16	33	12	34	15	35	11	36	13	37	27	38	15	39	14	
	0	57	1	47	2	45	3	63	4	48	5	50	6	60	7	55	8	49	9	56	10	64	11	53	12	62	13	54	14	56	15	54	16	49	17	45	18	48	19	57	20	53	21	53	22	47	23	49	24	58	25	53	26	56	27	53	28	45	29	62	30	52	31	45	32	46	33	57	34	63	35	46	36	61	37	50	38	55	39	49	
	0	67	1	58	2	70	3	63	4	58	5	68	6	72	7	57	8	75	9	57	10	65	11	75	12	58	13	61	14	67	15	75	16	62	17	69	18	61	19	71	20	67	21	76	22	65	23	58	24	57	25	68	26	60	27	60	28	66	29	74	30	73	31	73	32	69	33	72	34	62	35	63	36	73	37	68	38	64	39	65	
	0	33	1	23	2	34	3	36	4	31	5	35	6	40	7	39	8	31	9	25	10	28	11	37	12	27	13	24	14	33	15	26	16	37	17	30	18	23	19	32	20	26	21	40	22	40	23	32	24	36	25	36	26	40	27	23	28	31	29	24	30	23	31	31	32	28	33	28	34	40	35	31	36	28	37	40	38	31	39	39	
	0	80	1	74	2	90	3	73	4	81	5	73	6	87	7	89	8	77	9	91	10	75	11	77	12	86	13	76	14	89	15	75	16	72	17	80	18	73	19	73	20	73	21	83	22	79	23	88	24	90	25	79	26	81	27	72	28	84	29	80	30	73	31	77	32	77	33	80	34	82	35	76	36	78	37	86	38	74	39	87	
	0	37	1	33	2	34	3	25	4	41	5	24	6	33	7	42	8	34	9	33	10	43	11	39	12	34	13	34	14	37	15	43	16	34	17	41	18	29	19	43	20	25	21	36	22	31	23	38	24	39	25	38	26	41	27	26	28	36	29	26	30	32	31	41	32	33	33	35	34	38	35	36	36	38	37	26	38	43	39	28	
	0	34	1	34	2	23	3	26	4	18	5	36	6	34	7	25	8	36	9	28	10	17	11	19	12	20	13	28	14	18	15	20	16	34	17	18	18	19	19	22	20	22	21	25	22	28	23	28	24	24	25	32	26	26	27	18	28	33	29	27	30	18	31	36	32	17	33	25	34	21	35	25	36	18	37	19	38	17	39	20	
	0	24	1	14	2	18	3	14	4	23	5	24	6	31	7	18	8	18	9	20	10	25	11	24	12	33	13	29	14	18	15	29	16	33	17	24	18	18	19	19	20	18	21	28	22	29	23	26	24	33	25	18	26	16	27	14	28	24	29	28	30	24	31	18	32	22	33	25	34	25	35	23	36	22	37	14	38	18	39	29	
	0	97	1	86	2	93	3	96	4	92	5	94	6	94	7	85	8	95	9	84	10	84	11	89	12	89	13	93	14	97	15	86	16	88	17	83	18	87	19	94	20	84	21	101	22	98	23	101	24	100	25	102	26	99	27	85	28	90	29	87	30	84	31	100	32	93	33	87	34	98	35	93	36	97	37	91	38	96	39	100	
	0	89	1	77	2	78	3	91	4	94	5	79	6	84	7	89	8	87	9	89	10	94	11	86	12	87	13	89	14	87	15	83	16	77	17	81	18	83	19	93	20	82	21	80	22	88	23	79	24	77	25	87	26	87	27	90	28	89	29	80	30	92	31	96	32	88	33	83	34	92	35	86	36	91	37	92	38	77	39	87	
	0	106	1	98	2	99	3	100	4	101	5	106	6	112	7	95	8	104	9	102	10	104	11	94	12	95	13	102	14	100	15	103	16	106	17	103	18	109	19	103	20	95	21	111	22	97	23	106	24	101	25	99	26	109	27	101	28	100	29	104	30	99	31	104	32	110	33	94	34	95	35	108	36	108	37	109	38	103	39	101	
	0	106	1	116	2	114	3	100	4	101	5	111	6	110	7	114	8	109	9	109	10	103	11	102	12	109	13	111	14	106	15	106	16	98	17	115	18	117	19	108	20	106	21	112	22	113	23	111	24	103	25	104	26	101	27	101	28	98	29	113	30	100	31	114	32	100	33	116	34	100	35	101	36	106	37	111	38	99	39	116	
	0	39	1	50	2	38	3	38	4	46	5	57	6	45	7	56	8	52	9	41	10	47	11	56	12	55	13	46	14	39	15	45	16	45	17	46	18	41	19	52	20	49	21	52	22	38	23	56	24	39	25	46	26	45	27	43	28	54	29	53	30	48	31	38	32	48	33	38	34	43	35	54	36	49	37	39	38	56	39	39	
	0	102	1	101	2	97	3	94	4	105	5	102	6	98	7	104	8	89	9	105	10	90	11	103	12	91	13	98	14	88	15	93	16	104	17	107	18	88	19	88	20	92	21	96	22	103	23	89	24	103	25	94	26	92	27	88	28	101	29	104	30	107	31	94	32	100	33	98	34	105	35	96	36	102	37	107	38	102	39	90	
	0	34	1	43	2	41	3	40	4	33	5	28	6	34	7	29	8	27	9	29	10	35	11	26	12	33	13	25	14	27	15	28	16	36	17	36	18	33	19	24	20	29	21	38	22	38	23	37	24	29	25	33	26	33	27	35	28	24	29	24	30	33	31	28	32	42	33	34	34	30	35	30	36	26	37	30	38	36	39	24	