100 40 1
40
	0	76	1	78	2	81	3	80	4	70	5	65	6	62	7	62	8	68	9	68	10	63	11	79	12	72	13	74	14	78	15	71	16	65	17	80	18	73	19	70	20	73	21	73	22	69	23	78	24	65	25	70	26	72	27	71	28	73	29	75	30	62	31	79	32	76	33	62	34	76	35	67	36	65	37	80	38	72	39	79	
	0	52	1	51	2	40	3	48	4	43	5	44	6	57	7	53	8	44	9	59	10	50	11	40	12	40	13	56	14	58	15	46	16	59	17	41	18	50	19	45	20	56	21	56	22	40	23	56	24	53	25	55	26	52	27	40	28	57	29	57	30	48	31	41	32	57	33	43	34	48	35	47	36	43	37	56	38	47	39	56	
	0	70	1	70	2	70	3	82	4	79	5	67	6	83	7	83	8	71	9	66	10	69	11	78	12	77	13	67	14	77	15	80	16	74	17	83	18	71	19	76	20	67	21	81	22	67	23	80	24	77	25	69	26	72	27	68	28	82	29	73	30	71	31	71	32	64	33	80	34	64	35	66	36	75	37	65	38	76	39	83	
	0	64	1	78	2	71	3	70	4	80	5	71	6	80	7	65	8	81	9	73	10	67	11	66	12	68	13	69	14	82	15	78	16	74	17	69	18	78	19	75	20	74	21	77	22	75	23	66	24	80	25	75	26	69	27	82	28	75	29	66	30	75	31	65	32	77	33	68	34	79	35	72	36	78	37	83	38	78	39	78	
	0	51	1	47	2	59	3	43	4	50	5	55	6	50	7	45	8	51	9	49	10	44	11	43	12	53	13	52	14	44	15	42	16	47	17	46	18	47	19	58	20	55	21	57	22	42	23	41	24	53	25	54	26	60	27	58	28	58	29	42	30	41	31	57	32	42	33	45	34	54	35	54	36	46	37	49	38	51	39	47	
	0	17	1	23	2	18	3	12	4	15	5	16	6	8	7	11	8	12	9	6	10	12	11	19	12	22	13	22	14	24	15	11	16	16	17	19	18	10	19	19	20	18	21	13	22	22	23	15	24	8	25	10	26	16	27	8	28	22	29	14	30	10	31	23	32	6	33	12	34	21	35	15	36	6	37	20	38	13	39	7	
	0	64	1	62	2	53	3	68	4	54	5	57	6	54	7	49	8	51	9	52	10	49	11	60	12	62	13	59	14	56	15	66	16	60	17	60	18	53	19	65	20	68	21	58	22	55	23	55	24	49	25	50	26	50	27	68	28	55	29	59	30	64	31	53	32	55	33	68	34	67	35	58	36	54	37	52	38	55	39	52	
	0	75	1	82	2	84	3	81	4	76	5	87	6	73	7	81	8	79	9	75	10	72	11	85	12	75	13	79	14	71	15	73	16	84	17	82	18	86	19	70	20	72	21	75	22	70	23	74	24	80	25	76	26	73	27	79	28	80	29	70	30	71	31	75	32	75	33	89	34	73	35	84	36	84	37	88	38	76	39	83	
	0	40	1	41	2	44	3	38	4	34	5	47	6	47	7	33	8	45	9	48	10	44	11	34	12	46	13	49	14	49	15	32	16	45	17	33	18	37	19	38	20	50	21	34	22	31	23	49	24	50	25	36	26	49	27	49	28	37	29	35	30	48	31	50	32	46	33	36	34	41	35	31	36	40	37	43	38	36	39	36	
	0	56	1	49	2	61	3	48	4	48	5	59	6	59	7	59	8	44	9	50	10	61	11	60	12	58	13	59	14	55	15	61	16	51	17	47	18	52	19	55	20	53	21	61	22	51	23	60	24	57	25	47	26	62	27	54	28	48	29	59	30	62	31	51	32	48	33	61	34	58	35	59	36	50	37	53	38	58	39	49	
	0	48	1	43	2	38	3	37	4	43	5	38	6	45	7	44	8	50	9	51	10	44	11	47	12	36	13	38	14	36	15	52	16	44	17	49	18	51	19	42	20	46	21	47	22	54	23	47	24	52	25	40	26	51	27	37	28	50	29	53	30	45	31	36	32	50	33	44	34	51	35	51	36	44	37	39	38	48	39	51	
	0	101	1	106	2	95	3	112	4	109	5	95	6	105	7	107	8	107	9	94	10	108	11	113	12	99	13	100	14	112	15	110	16	99	17	98	18	106	19	103	20	95	21	97	22	99	23	99	24	99	25	104	26	99	27	105	28	111	29	111	30	109	31	103	32	103	33	96	34	105	35	110	36	112	37	94	38	101	39	112	
	0	12	1	26	2	27	3	8	4	21	5	8	6	22	7	15	8	20	9	27	10	22	11	21	12	16	13	18	14	19	15	19	16	21	17	17	18	25	19	12	20	8	21	12	22	8	23	15	24	27	25	25	26	9	27	11	28	17	29	21	30	14	31	19	32	8	33	19	34	10	35	23	36	13	37	18	38	27	39	18	
	0	52	1	47	2	41	3	43	4	47	5	41	6	48	7	50	8	39	9	41	10	36	11	52	12	43	13	37	14	53	15	50	16	46	17	39	18	39	19	46	20	38	21	53	22	53	23	47	24	36	25	55	26	49	27	52	28	54	29	47	30	43	31	51	32	43	33	47	34	36	35	39	36	53	37	52	38	39	39	48	
	0	76	1	80	2	78	3	90	4	77	5	89	6	74	7	79	8	90	9	87	10	81	11	73	12	76	13	90	14	81	15	90	16	74	17	85	18	90	19	73	20	86	21	85	22	80	23	79	24	90	25	75	26	75	27	86	28	90	29	81	30	83	31	88	32	77	33	78	34	79	35	75	36	76	37	78	38	78	39	76	
	0	31	1	28	2	30	3	31	4	37	5	31	6	25	7	41	8	29	9	29	10	25	11	25	12	33	13	31	14	25	15	23	16	24	17	32	18	28	19	42	20	33	21	41	22	32	23	38	24	33	25	33	26	34	27	40	28	27	29	28	30	29	31	35	32	28	33	26	34	30	35	28	36	33	37	37	38	38	39	42	
	0	81	1	81	2	72	3	88	4	87	5	91	6	72	7	77	8	76	9	72	10	90	11	74	12	77	13	83	14	86	15	91	16	87	17	87	18	87	19	76	20	82	21	80	22	86	23	77	24	75	25	90	26	72	27	90	28	79	29	84	30	76	31	84	32	81	33	91	34	73	35	84	36	83	37	86	38	75	39	89	
	0	65	1	64	2	70	3	63	4	66	5	71	6	74	7	72	8	66	9	75	10	74	11	72	12	67	13	63	14	73	15	77	16	81	17	76	18	65	19	78	20	76	21	73	22	68	23	78	24	79	25	72	26	75	27	73	28	80	29	81	30	76	31	79	32	65	33	81	34	67	35	65	36	66	37	71	38	81	39	73	
	0	78	1	89	2	89	3	91	4	79	5	89	6	75	7	91	8	91	9	89	10	89	11	82	12	90	13	76	14	84	15	87	16	83	17	85	18	77	19	78	20	75	21	92	22	92	23	88	24	88	25	85	26	88	27	92	28	87	29	76	30	87	31	88	32	91	33	80	34	86	35	79	36	89	37	79	38	89	39	77	
	0	37	1	30	2	39	3	44	4	49	5	37	6	44	7	44	8	46	9	48	10	39	11	39	12	30	13	32	14	46	15	42	16	48	17	46	18	39	19	46	20	34	21	44	22	39	23	31	24	36	25	38	26	41	27	47	28	40	29	39	30	34	31	38	32	32	33	30	34	40	35	31	36	48	37	32	38	40	39	42	
	0	101	1	100	2	101	3	94	4	95	5	102	6	98	7	100	8	100	9	103	10	103	11	108	12	94	13	97	14	102	15	105	16	103	17	105	18	112	19	94	20	94	21	104	22	96	23	106	24	99	25	109	26	100	27	105	28	110	29	98	30	111	31	99	32	107	33	105	34	108	35	95	36	112	37	111	38	107	39	100	
	0	107	1	90	2	103	3	107	4	102	5	91	6	96	7	91	8	94	9	92	10	91	11	101	12	93	13	97	14	95	15	94	16	92	17	97	18	99	19	90	20	93	21	96	22	105	23	90	24	107	25	102	26	92	27	106	28	89	29	89	30	102	31	102	32	106	33	98	34	96	35	98	36	108	37	105	38	94	39	97	
	0	64	1	60	2	69	3	70	4	70	5	73	6	58	7	57	8	71	9	58	10	63	11	69	12	55	13	58	14	68	15	57	16	70	17	56	18	67	19	73	20	73	21	72	22	59	23	73	24	57	25	63	26	57	27	73	28	67	29	69	30	69	31	61	32	71	33	61	34	63	35	60	36	68	37	71	38	67	39	66	
	0	87	1	97	2	101	3	97	4	85	5	86	6	88	7	98	8	100	9	97	10	97	11	97	12	102	13	102	14	104	15	85	16	96	17	90	18	104	19	90	20	92	21	103	22	87	23	95	24	94	25	97	26	90	27	102	28	91	29	87	30	101	31	97	32	102	33	100	34	102	35	100	36	104	37	94	38	100	39	100	
	0	69	1	70	2	74	3	70	4	66	5	77	6	81	7	66	8	77	9	64	10	70	11	63	12	79	13	73	14	68	15	70	16	74	17	67	18	78	19	72	20	69	21	78	22	64	23	70	24	74	25	68	26	68	27	70	28	81	29	72	30	71	31	78	32	79	33	82	34	76	35	71	36	70	37	79	38	72	39	75	
	0	63	1	65	2	60	3	68	4	77	5	73	6	69	7	76	8	72	9	62	10	72	11	77	12	61	13	63	14	60	15	61	16	68	17	70	18	71	19	71	20	71	21	69	22	76	23	66	24	73	25	68	26	66	27	75	28	65	29	72	30	78	31	70	32	64	33	66	34	60	35	75	36	77	37	67	38	59	39	69	
	0	53	1	56	2	65	3	65	4	56	5	60	6	69	7	59	8	59	9	55	10	61	11	61	12	58	13	66	14	70	15	69	16	55	17	60	18	70	19	57	20	65	21	69	22	61	23	51	24	64	25	68	26	61	27	57	28	68	29	51	30	62	31	61	32	54	33	65	34	60	35	66	36	69	37	56	38	65	39	58	
	0	55	1	59	2	63	3	62	4	68	5	71	6	65	7	70	8	72	9	58	10	59	11	61	12	61	13	65	14	65	15	58	16	58	17	61	18	56	19	69	20	64	21	68	22	61	23	72	24	57	25	62	26	59	27	59	28	57	29	55	30	71	31	57	32	66	33	66	34	65	35	66	36	58	37	69	38	58	39	73	
	0	69	1	78	2	84	3	72	4	69	5	72	6	68	7	82	8	73	9	77	10	70	11	85	12	75	13	80	14	79	15	84	16	81	17	71	18	78	19	68	20	76	21	73	22	69	23	79	24	71	25	77	26	68	27	74	28	73	29	76	30	71	31	82	32	72	33	86	34	67	35	83	36	78	37	86	38	82	39	81	
	0	82	1	90	2	78	3	87	4	83	5	81	6	81	7	85	8	85	9	81	10	87	11	86	12	80	13	73	14	79	15	89	16	88	17	78	18	79	19	92	20	88	21	77	22	89	23	87	24	76	25	89	26	89	27	76	28	88	29	75	30	89	31	80	32	78	33	78	34	74	35	87	36	91	37	87	38	77	39	74	
	0	34	1	37	2	27	3	33	4	23	5	36	6	35	7	28	8	35	9	35	10	26	11	35	12	31	13	21	14	23	15	28	16	30	17	23	18	26	19	35	20	28	21	28	22	36	23	31	24	32	25	18	26	27	27	30	28	28	29	22	30	20	31	28	32	28	33	28	34	31	35	25	36	36	37	34	38	36	39	25	
	0	44	1	46	2	51	3	41	4	44	5	52	6	54	7	49	8	47	9	50	10	50	11	51	12	43	13	50	14	51	15	48	16	36	17	35	18	43	19	40	20	40	21	49	22	47	23	43	24	39	25	47	26	53	27	53	28	38	29	47	30	53	31	47	32	39	33	49	34	50	35	54	36	40	37	50	38	35	39	35	
	0	66	1	73	2	68	3	67	4	80	5	80	6	71	7	77	8	66	9	80	10	75	11	79	12	71	13	69	14	73	15	71	16	73	17	77	18	66	19	84	20	84	21	68	22	80	23	81	24	76	25	71	26	78	27	78	28	71	29	68	30	68	31	77	32	65	33	66	34	80	35	80	36	74	37	71	38	70	39	66	
	0	36	1	49	2	48	3	38	4	36	5	46	6	47	7	36	8	54	9	47	10	38	11	53	12	53	13	39	14	55	15	44	16	50	17	51	18	43	19	43	20	45	21	55	22	38	23	41	24	52	25	53	26	47	27	37	28	50	29	41	30	52	31	42	32	43	33	42	34	43	35	37	36	53	37	48	38	47	39	48	
	0	86	1	91	2	86	3	87	4	78	5	88	6	76	7	83	8	86	9	88	10	90	11	79	12	88	13	78	14	90	15	74	16	89	17	77	18	90	19	90	20	77	21	87	22	89	23	82	24	83	25	75	26	84	27	92	28	81	29	91	30	81	31	81	32	91	33	77	34	86	35	73	36	77	37	84	38	79	39	80	
	0	47	1	38	2	32	3	29	4	42	5	43	6	44	7	33	8	45	9	39	10	40	11	41	12	43	13	35	14	46	15	33	16	47	17	38	18	31	19	44	20	41	21	37	22	33	23	47	24	36	25	43	26	34	27	32	28	44	29	44	30	41	31	39	32	37	33	43	34	39	35	31	36	48	37	47	38	35	39	38	
	0	40	1	35	2	34	3	52	4	35	5	37	6	42	7	40	8	48	9	35	10	38	11	43	12	33	13	52	14	35	15	33	16	52	17	48	18	42	19	41	20	42	21	46	22	42	23	34	24	34	25	36	26	42	27	46	28	40	29	51	30	33	31	36	32	47	33	50	34	50	35	40	36	39	37	46	38	48	39	33	
	0	109	1	108	2	97	3	94	4	112	5	95	6	101	7	110	8	97	9	105	10	94	11	113	12	105	13	94	14	102	15	99	16	94	17	103	18	103	19	109	20	111	21	98	22	112	23	113	24	106	25	101	26	111	27	107	28	111	29	106	30	100	31	103	32	95	33	104	34	108	35	102	36	98	37	101	38	97	39	108	
	0	32	1	24	2	30	3	20	4	23	5	25	6	26	7	31	8	32	9	21	10	28	11	19	12	20	13	15	14	26	15	17	16	17	17	25	18	22	19	30	20	18	21	32	22	16	23	19	24	31	25	16	26	23	27	29	28	27	29	24	30	20	31	16	32	21	33	25	34	19	35	19	36	19	37	25	38	21	39	33	
	0	16	1	28	2	17	3	28	4	31	5	17	6	21	7	31	8	24	9	23	10	23	11	29	12	17	13	12	14	31	15	25	16	15	17	17	18	19	19	25	20	25	21	28	22	31	23	12	24	23	25	26	26	31	27	24	28	22	29	15	30	28	31	28	32	31	33	18	34	19	35	16	36	25	37	26	38	15	39	21	
	0	50	1	33	2	36	3	36	4	35	5	31	6	36	7	48	8	32	9	35	10	48	11	49	12	47	13	34	14	40	15	39	16	39	17	37	18	47	19	47	20	41	21	31	22	42	23	42	24	45	25	50	26	48	27	41	28	41	29	32	30	49	31	38	32	41	33	38	34	42	35	40	36	49	37	48	38	38	39	32	
	0	78	1	71	2	68	3	71	4	72	5	77	6	72	7	75	8	77	9	76	10	79	11	69	12	83	13	69	14	72	15	78	16	71	17	86	18	71	19	79	20	86	21	71	22	83	23	67	24	78	25	70	26	85	27	72	28	78	29	68	30	83	31	80	32	86	33	73	34	80	35	84	36	83	37	73	38	70	39	84	
	0	67	1	56	2	60	3	63	4	72	5	68	6	60	7	67	8	56	9	62	10	61	11	63	12	69	13	60	14	58	15	62	16	55	17	65	18	55	19	55	20	54	21	68	22	67	23	70	24	53	25	61	26	59	27	67	28	68	29	57	30	64	31	72	32	60	33	54	34	67	35	60	36	61	37	68	38	58	39	71	
	0	23	1	25	2	38	3	40	4	31	5	27	6	39	7	40	8	37	9	30	10	24	11	22	12	27	13	40	14	22	15	27	16	30	17	26	18	39	19	33	20	40	21	40	22	30	23	34	24	39	25	37	26	41	27	28	28	22	29	35	30	38	31	32	32	27	33	35	34	39	35	24	36	26	37	34	38	26	39	24	
	0	29	1	39	2	21	3	26	4	22	5	29	6	22	7	33	8	39	9	39	10	35	11	32	12	22	13	30	14	30	15	21	16	37	17	22	18	32	19	30	20	35	21	26	22	33	23	29	24	29	25	35	26	31	27	29	28	22	29	33	30	31	31	30	32	33	33	33	34	34	35	22	36	31	37	34	38	25	39	36	
	0	61	1	62	2	61	3	62	4	59	5	71	6	73	7	76	8	75	9	67	10	64	11	66	12	69	13	73	14	68	15	59	16	60	17	70	18	72	19	70	20	76	21	66	22	78	23	72	24	59	25	68	26	61	27	62	28	77	29	63	30	72	31	68	32	74	33	66	34	76	35	60	36	73	37	62	38	70	39	61	
	0	91	1	93	2	75	3	79	4	91	5	87	6	92	7	89	8	91	9	90	10	94	11	90	12	84	13	79	14	83	15	91	16	82	17	83	18	90	19	85	20	89	21	75	22	88	23	81	24	93	25	94	26	75	27	92	28	88	29	77	30	80	31	91	32	84	33	86	34	83	35	94	36	83	37	86	38	84	39	83	
	0	67	1	70	2	59	3	73	4	62	5	59	6	56	7	60	8	66	9	68	10	57	11	68	12	56	13	61	14	71	15	61	16	69	17	68	18	56	19	72	20	64	21	73	22	71	23	70	24	70	25	70	26	71	27	68	28	61	29	71	30	61	31	59	32	61	33	64	34	66	35	68	36	65	37	66	38	58	39	72	
	0	45	1	49	2	54	3	51	4	47	5	59	6	53	7	57	8	42	9	52	10	56	11	53	12	52	13	57	14	54	15	47	16	47	17	54	18	51	19	41	20	49	21	52	22	50	23	54	24	42	25	44	26	41	27	57	28	57	29	41	30	47	31	60	32	46	33	59	34	50	35	54	36	45	37	60	38	56	39	52	
	0	69	1	69	2	81	3	76	4	75	5	62	6	65	7	75	8	66	9	71	10	75	11	69	12	78	13	75	14	66	15	75	16	77	17	66	18	66	19	64	20	70	21	81	22	76	23	64	24	81	25	78	26	69	27	68	28	71	29	71	30	76	31	65	32	62	33	65	34	67	35	69	36	62	37	70	38	71	39	71	
	0	97	1	114	2	108	3	100	4	110	5	111	6	104	7	100	8	100	9	103	10	106	11	99	12	102	13	95	14	109	15	95	16	114	17	96	18	100	19	109	20	103	21	108	22	98	23	111	24	102	25	96	26	100	27	97	28	104	29	111	30	98	31	106	32	114	33	95	34	109	35	101	36	110	37	114	38	114	39	96	
	0	64	1	74	2	60	3	65	4	72	5	66	6	63	7	64	8	61	9	67	10	59	11	73	12	60	13	67	14	72	15	66	16	59	17	68	18	74	19	66	20	64	21	62	22	73	23	65	24	68	25	59	26	62	27	76	28	71	29	71	30	59	31	66	32	74	33	63	34	66	35	75	36	77	37	66	38	62	39	69	
	0	42	1	39	2	26	3	30	4	45	5	45	6	30	7	40	8	29	9	37	10	31	11	41	12	35	13	37	14	45	15	35	16	32	17	26	18	30	19	29	20	30	21	39	22	45	23	28	24	41	25	44	26	34	27	40	28	30	29	28	30	32	31	42	32	30	33	45	34	31	35	42	36	32	37	31	38	31	39	32	
	0	110	1	105	2	93	3	105	4	105	5	96	6	106	7	98	8	109	9	93	10	96	11	100	12	93	13	105	14	109	15	111	16	106	17	111	18	93	19	93	20	93	21	102	22	105	23	93	24	103	25	111	26	96	27	102	28	95	29	106	30	97	31	98	32	92	33	109	34	101	35	99	36	105	37	103	38	101	39	108	
	0	91	1	87	2	93	3	94	4	85	5	80	6	92	7	78	8	76	9	78	10	85	11	82	12	80	13	79	14	81	15	80	16	75	17	91	18	79	19	77	20	86	21	90	22	79	23	88	24	80	25	78	26	79	27	85	28	78	29	76	30	80	31	77	32	91	33	92	34	86	35	82	36	92	37	76	38	79	39	83	
	0	76	1	82	2	72	3	79	4	77	5	68	6	77	7	65	8	64	9	78	10	77	11	81	12	75	13	68	14	68	15	67	16	65	17	70	18	72	19	73	20	72	21	81	22	66	23	79	24	69	25	72	26	78	27	75	28	82	29	74	30	75	31	73	32	76	33	79	34	64	35	69	36	79	37	70	38	83	39	78	
	0	12	1	15	2	17	3	16	4	15	5	21	6	23	7	22	8	20	9	14	10	14	11	25	12	25	13	17	14	13	15	13	16	21	17	21	18	20	19	22	20	17	21	25	22	17	23	22	24	18	25	10	26	24	27	10	28	19	29	13	30	20	31	22	32	8	33	23	34	19	35	10	36	14	37	22	38	14	39	7	
	0	44	1	39	2	44	3	47	4	46	5	52	6	54	7	41	8	38	9	51	10	54	11	43	12	46	13	43	14	45	15	52	16	39	17	37	18	36	19	35	20	36	21	46	22	48	23	43	24	52	25	51	26	47	27	51	28	36	29	39	30	54	31	52	32	43	33	48	34	50	35	46	36	50	37	51	38	40	39	50	
	0	24	1	9	2	19	3	19	4	19	5	7	6	25	7	22	8	24	9	16	10	15	11	8	12	22	13	9	14	21	15	21	16	22	17	26	18	13	19	11	20	24	21	9	22	23	23	7	24	18	25	8	26	12	27	18	28	13	29	20	30	7	31	17	32	26	33	24	34	7	35	25	36	18	37	12	38	18	39	8	
	0	68	1	67	2	68	3	81	4	65	5	76	6	73	7	64	8	62	9	67	10	72	11	64	12	68	13	74	14	71	15	77	16	68	17	71	18	73	19	71	20	78	21	66	22	71	23	74	24	68	25	70	26	72	27	78	28	63	29	78	30	69	31	76	32	78	33	64	34	76	35	80	36	74	37	76	38	71	39	75	
	0	29	1	18	2	32	3	30	4	30	5	15	6	15	7	18	8	19	9	26	10	33	11	16	12	33	13	21	14	30	15	26	16	34	17	33	18	15	19	20	20	32	21	27	22	30	23	16	24	34	25	18	26	17	27	16	28	27	29	34	30	16	31	34	32	19	33	18	34	31	35	20	36	30	37	31	38	26	39	31	
	0	38	1	32	2	38	3	27	4	33	5	19	6	32	7	20	8	21	9	22	10	34	11	25	12	19	13	23	14	34	15	32	16	33	17	24	18	29	19	22	20	28	21	32	22	24	23	19	24	25	25	30	26	20	27	25	28	29	29	21	30	19	31	36	32	34	33	25	34	35	35	36	36	27	37	19	38	30	39	26	
	0	67	1	59	2	65	3	62	4	54	5	64	6	58	7	66	8	70	9	58	10	60	11	58	12	63	13	63	14	63	15	70	16	58	17	59	18	56	19	67	20	65	21	70	22	73	23	69	24	62	25	57	26	66	27	54	28	56	29	64	30	71	31	73	32	67	33	56	34	54	35	73	36	73	37	66	38	73	39	73	
	0	95	1	88	2	96	3	95	4	81	5	93	6	98	7	98	8	92	9	82	10	86	11	83	12	93	13	97	14	91	15	93	16	98	17	92	18	92	19	99	20	91	21	99	22	88	23	86	24	86	25	86	26	95	27	90	28	84	29	88	30	89	31	86	32	92	33	82	34	88	35	96	36	99	37	85	38	97	39	81	
	0	57	1	63	2	53	3	59	4	52	5	58	6	54	7	60	8	57	9	53	10	57	11	62	12	67	13	59	14	63	15	57	16	54	17	48	18	55	19	67	20	59	21	67	22	60	23	61	24	56	25	63	26	56	27	58	28	54	29	55	30	55	31	66	32	48	33	58	34	54	35	54	36	50	37	49	38	58	39	50	
	0	104	1	105	2	107	3	111	4	101	5	104	6	119	7	119	8	113	9	100	10	110	11	104	12	107	13	118	14	116	15	119	16	103	17	113	18	113	19	118	20	104	21	102	22	108	23	113	24	119	25	116	26	105	27	102	28	100	29	108	30	117	31	101	32	107	33	112	34	117	35	119	36	115	37	119	38	104	39	101	
	0	36	1	38	2	33	3	30	4	40	5	34	6	32	7	28	8	39	9	42	10	39	11	28	12	31	13	34	14	28	15	45	16	36	17	35	18	29	19	43	20	43	21	35	22	28	23	31	24	42	25	39	26	38	27	34	28	42	29	29	30	30	31	30	32	39	33	47	34	31	35	43	36	38	37	32	38	30	39	42	
	0	109	1	104	2	111	3	107	4	109	5	103	6	96	7	103	8	108	9	106	10	101	11	103	12	106	13	101	14	113	15	108	16	105	17	96	18	114	19	106	20	103	21	110	22	101	23	109	24	97	25	100	26	100	27	114	28	114	29	104	30	98	31	114	32	108	33	109	34	113	35	97	36	106	37	98	38	97	39	101	
	0	23	1	17	2	27	3	18	4	27	5	23	6	11	7	18	8	23	9	8	10	27	11	15	12	13	13	25	14	12	15	23	16	8	17	22	18	20	19	26	20	21	21	13	22	14	23	14	24	23	25	19	26	9	27	17	28	20	29	20	30	17	31	16	32	13	33	24	34	24	35	10	36	11	37	23	38	19	39	14	
	0	45	1	56	2	56	3	53	4	47	5	53	6	45	7	54	8	43	9	44	10	44	11	45	12	39	13	56	14	58	15	53	16	54	17	56	18	39	19	50	20	55	21	41	22	40	23	58	24	42	25	49	26	51	27	45	28	44	29	53	30	58	31	54	32	48	33	42	34	45	35	58	36	45	37	45	38	41	39	50	
	0	40	1	34	2	50	3	49	4	50	5	47	6	45	7	52	8	35	9	34	10	50	11	51	12	38	13	35	14	52	15	48	16	40	17	43	18	46	19	40	20	44	21	39	22	34	23	42	24	45	25	45	26	39	27	45	28	36	29	34	30	38	31	52	32	49	33	41	34	41	35	52	36	41	37	41	38	43	39	49	
	0	37	1	39	2	31	3	43	4	41	5	28	6	28	7	44	8	32	9	29	10	41	11	45	12	35	13	32	14	45	15	38	16	34	17	38	18	28	19	37	20	28	21	33	22	46	23	47	24	42	25	31	26	42	27	43	28	43	29	29	30	44	31	32	32	44	33	32	34	47	35	43	36	33	37	41	38	39	39	40	
	0	112	1	101	2	102	3	113	4	103	5	110	6	115	7	112	8	103	9	111	10	99	11	100	12	113	13	103	14	110	15	101	16	115	17	101	18	102	19	109	20	105	21	111	22	114	23	115	24	110	25	100	26	116	27	108	28	99	29	108	30	109	31	111	32	107	33	117	34	113	35	108	36	115	37	112	38	112	39	118	
	0	70	1	57	2	51	3	63	4	67	5	62	6	69	7	69	8	65	9	70	10	62	11	52	12	57	13	61	14	52	15	55	16	54	17	51	18	59	19	61	20	55	21	60	22	60	23	62	24	51	25	67	26	68	27	66	28	52	29	51	30	59	31	54	32	65	33	62	34	59	35	70	36	53	37	62	38	69	39	57	
	0	48	1	48	2	46	3	44	4	56	5	44	6	44	7	44	8	49	9	56	10	56	11	43	12	55	13	50	14	49	15	46	16	41	17	39	18	50	19	46	20	43	21	45	22	49	23	42	24	48	25	39	26	39	27	47	28	40	29	39	30	39	31	42	32	37	33	55	34	52	35	37	36	49	37	51	38	53	39	42	
	0	92	1	96	2	99	3	92	4	89	5	99	6	91	7	102	8	99	9	90	10	101	11	94	12	102	13	89	14	90	15	106	16	97	17	97	18	90	19	101	20	97	21	94	22	89	23	92	24	94	25	90	26	106	27	89	28	105	29	90	30	91	31	99	32	106	33	94	34	89	35	105	36	93	37	102	38	101	39	94	
	0	89	1	72	2	75	3	90	4	87	5	76	6	82	7	84	8	82	9	75	10	81	11	86	12	85	13	72	14	82	15	75	16	91	17	85	18	76	19	76	20	72	21	76	22	76	23	81	24	75	25	80	26	84	27	76	28	73	29	81	30	78	31	81	32	90	33	79	34	86	35	87	36	89	37	88	38	72	39	87	
	0	96	1	92	2	103	3	93	4	107	5	96	6	110	7	106	8	94	9	108	10	98	11	95	12	106	13	101	14	95	15	101	16	94	17	100	18	100	19	111	20	100	21	92	22	96	23	103	24	111	25	111	26	92	27	95	28	96	29	105	30	104	31	96	32	108	33	102	34	95	35	97	36	110	37	106	38	111	39	102	
	0	92	1	102	2	100	3	109	4	96	5	92	6	106	7	92	8	102	9	110	10	107	11	100	12	95	13	101	14	107	15	108	16	103	17	92	18	109	19	92	20	94	21	102	22	105	23	97	24	93	25	108	26	98	27	97	28	96	29	111	30	99	31	101	32	109	33	111	34	96	35	106	36	92	37	97	38	102	39	93	
	0	71	1	79	2	79	3	69	4	81	5	87	6	70	7	74	8	79	9	74	10	82	11	74	12	74	13	72	14	72	15	79	16	85	17	73	18	85	19	75	20	78	21	70	22	74	23	79	24	85	25	85	26	72	27	69	28	77	29	68	30	71	31	68	32	77	33	81	34	77	35	81	36	87	37	74	38	73	39	76	
	0	111	1	100	2	100	3	99	4	118	5	100	6	116	7	109	8	107	9	100	10	112	11	110	12	102	13	118	14	108	15	108	16	103	17	110	18	110	19	108	20	115	21	107	22	102	23	101	24	109	25	116	26	99	27	104	28	104	29	103	30	107	31	117	32	101	33	105	34	99	35	102	36	105	37	111	38	114	39	118	
	0	68	1	62	2	57	3	67	4	69	5	55	6	67	7	60	8	50	9	53	10	51	11	50	12	68	13	66	14	59	15	57	16	61	17	50	18	54	19	58	20	63	21	53	22	65	23	62	24	65	25	52	26	62	27	56	28	67	29	50	30	51	31	68	32	61	33	66	34	64	35	67	36	55	37	67	38	61	39	55	
	0	40	1	36	2	37	3	51	4	47	5	54	6	50	7	36	8	55	9	55	10	49	11	38	12	37	13	51	14	42	15	48	16	51	17	39	18	54	19	51	20	42	21	50	22	40	23	48	24	51	25	47	26	46	27	38	28	54	29	45	30	54	31	38	32	46	33	51	34	37	35	40	36	52	37	37	38	49	39	43	
	0	53	1	49	2	62	3	56	4	55	5	46	6	57	7	57	8	62	9	53	10	62	11	53	12	50	13	54	14	64	15	57	16	49	17	47	18	57	19	61	20	47	21	52	22	61	23	52	24	48	25	50	26	59	27	57	28	56	29	64	30	54	31	58	32	50	33	62	34	54	35	52	36	57	37	59	38	49	39	49	
	0	17	1	23	2	24	3	26	4	29	5	20	6	31	7	33	8	25	9	18	10	18	11	30	12	23	13	29	14	27	15	24	16	25	17	34	18	31	19	30	20	27	21	24	22	30	23	17	24	20	25	32	26	24	27	21	28	27	29	21	30	30	31	33	32	23	33	23	34	32	35	20	36	22	37	19	38	32	39	27	
	0	65	1	66	2	74	3	64	4	62	5	66	6	71	7	74	8	76	9	70	10	73	11	60	12	76	13	67	14	73	15	61	16	74	17	70	18	66	19	58	20	72	21	69	22	64	23	74	24	74	25	66	26	75	27	70	28	59	29	69	30	72	31	59	32	62	33	66	34	73	35	57	36	63	37	65	38	57	39	72	
	0	91	1	105	2	103	3	105	4	106	5	92	6	102	7	109	8	99	9	98	10	102	11	99	12	100	13	92	14	90	15	92	16	103	17	103	18	102	19	103	20	103	21	95	22	109	23	91	24	104	25	91	26	102	27	95	28	107	29	100	30	94	31	99	32	108	33	95	34	109	35	92	36	99	37	108	38	105	39	107	
	0	77	1	80	2	84	3	93	4	84	5	82	6	74	7	83	8	93	9	79	10	75	11	89	12	76	13	75	14	89	15	81	16	80	17	91	18	87	19	77	20	85	21	74	22	83	23	84	24	87	25	78	26	74	27	90	28	88	29	88	30	83	31	91	32	79	33	86	34	88	35	77	36	75	37	74	38	82	39	91	
	0	71	1	69	2	80	3	86	4	85	5	81	6	74	7	69	8	77	9	87	10	70	11	75	12	73	13	82	14	79	15	76	16	71	17	68	18	81	19	70	20	76	21	78	22	78	23	86	24	70	25	74	26	86	27	77	28	85	29	74	30	81	31	73	32	70	33	78	34	82	35	81	36	70	37	70	38	73	39	69	
	0	70	1	60	2	72	3	63	4	59	5	59	6	65	7	75	8	67	9	65	10	57	11	75	12	68	13	66	14	71	15	69	16	62	17	62	18	63	19	63	20	59	21	73	22	69	23	58	24	64	25	65	26	67	27	62	28	62	29	62	30	75	31	67	32	63	33	58	34	68	35	70	36	72	37	72	38	64	39	57	
	0	19	1	11	2	16	3	15	4	15	5	6	6	7	7	16	8	12	9	19	10	21	11	5	12	20	13	16	14	7	15	5	16	12	17	15	18	7	19	5	20	11	21	14	22	17	23	16	24	9	25	24	26	11	27	24	28	6	29	12	30	14	31	11	32	15	33	13	34	24	35	6	36	16	37	20	38	21	39	22	
	0	60	1	60	2	57	3	60	4	56	5	62	6	60	7	71	8	54	9	70	10	63	11	57	12	66	13	54	14	56	15	70	16	68	17	72	18	73	19	64	20	56	21	71	22	54	23	70	24	70	25	70	26	68	27	56	28	55	29	65	30	56	31	58	32	59	33	67	34	71	35	71	36	64	37	57	38	59	39	62	
	0	26	1	24	2	28	3	20	4	25	5	18	6	17	7	28	8	12	9	18	10	15	11	30	12	15	13	19	14	12	15	15	16	11	17	26	18	16	19	13	20	16	21	14	22	23	23	24	24	15	25	28	26	18	27	12	28	30	29	22	30	26	31	16	32	24	33	27	34	27	35	13	36	16	37	12	38	12	39	19	
	0	47	1	40	2	47	3	38	4	46	5	40	6	32	7	39	8	29	9	38	10	34	11	39	12	31	13	47	14	31	15	32	16	34	17	33	18	33	19	44	20	42	21	31	22	44	23	35	24	30	25	32	26	41	27	35	28	36	29	37	30	42	31	46	32	39	33	41	34	32	35	39	36	35	37	33	38	38	39	34	
	0	63	1	63	2	80	3	69	4	76	5	65	6	78	7	71	8	73	9	63	10	64	11	64	12	73	13	67	14	77	15	77	16	79	17	75	18	73	19	63	20	80	21	62	22	74	23	73	24	67	25	81	26	65	27	64	28	79	29	74	30	70	31	78	32	62	33	69	34	66	35	68	36	73	37	74	38	75	39	65	
	0	48	1	44	2	45	3	54	4	47	5	52	6	54	7	57	8	46	9	48	10	46	11	48	12	57	13	56	14	58	15	49	16	48	17	41	18	39	19	41	20	53	21	41	22	51	23	56	24	47	25	49	26	43	27	39	28	58	29	54	30	41	31	42	32	40	33	52	34	45	35	42	36	54	37	43	38	45	39	39	
	0	12	1	14	2	20	3	22	4	19	5	13	6	4	7	16	8	19	9	15	10	21	11	4	12	7	13	5	14	8	15	20	16	12	17	13	18	15	19	10	20	4	21	14	22	11	23	17	24	17	25	14	26	15	27	3	28	20	29	11	30	10	31	12	32	6	33	22	34	14	35	3	36	8	37	13	38	9	39	22	
	0	85	1	92	2	92	3	96	4	88	5	87	6	79	7	90	8	94	9	91	10	81	11	94	12	81	13	88	14	85	15	83	16	91	17	88	18	91	19	82	20	87	21	82	22	92	23	98	24	93	25	84	26	83	27	85	28	96	29	95	30	90	31	88	32	98	33	84	34	89	35	80	36	87	37	85	38	98	39	93	
	0	84	1	79	2	95	3	96	4	83	5	92	6	84	7	94	8	83	9	79	10	84	11	85	12	89	13	88	14	82	15	87	16	78	17	89	18	82	19	86	20	78	21	90	22	77	23	95	24	77	25	84	26	90	27	90	28	79	29	78	30	85	31	84	32	90	33	96	34	87	35	86	36	92	37	85	38	84	39	96	
	0	120	1	105	2	103	3	106	4	111	5	106	6	104	7	103	8	109	9	119	10	105	11	112	12	111	13	111	14	101	15	110	16	114	17	110	18	103	19	102	20	107	21	112	22	112	23	103	24	103	25	103	26	107	27	117	28	106	29	106	30	103	31	114	32	108	33	120	34	108	35	104	36	116	37	108	38	118	39	102	