100 50 1
50
	0	21	1	33	2	21	3	39	4	35	5	24	6	35	7	21	8	40	9	22	10	28	11	38	12	32	13	28	14	22	15	22	16	33	17	35	18	33	19	24	20	26	21	24	22	38	23	37	24	26	25	37	26	33	27	29	28	34	29	21	30	27	31	22	32	33	33	25	34	25	35	38	36	29	37	23	38	36	39	34	40	36	41	32	42	38	43	21	44	23	45	27	46	39	47	33	48	32	49	29	
	0	40	1	36	2	33	3	39	4	23	5	38	6	25	7	40	8	39	9	37	10	33	11	36	12	41	13	36	14	31	15	31	16	30	17	35	18	35	19	41	20	26	21	25	22	34	23	35	24	30	25	34	26	40	27	27	28	41	29	40	30	39	31	29	32	24	33	33	34	31	35	31	36	29	37	38	38	28	39	35	40	31	41	32	42	31	43	32	44	33	45	28	46	22	47	29	48	24	49	23	
	0	78	1	83	2	87	3	94	4	85	5	90	6	84	7	93	8	94	9	91	10	82	11	88	12	92	13	82	14	80	15	92	16	95	17	86	18	96	19	88	20	82	21	93	22	93	23	96	24	81	25	97	26	90	27	86	28	85	29	86	30	93	31	80	32	85	33	78	34	88	35	95	36	97	37	83	38	89	39	79	40	95	41	84	42	81	43	85	44	93	45	97	46	90	47	86	48	86	49	84	
	0	97	1	101	2	110	3	100	4	104	5	111	6	107	7	99	8	95	9	110	10	96	11	105	12	107	13	98	14	103	15	101	16	107	17	112	18	105	19	110	20	106	21	95	22	112	23	104	24	101	25	94	26	102	27	102	28	98	29	113	30	106	31	97	32	105	33	112	34	106	35	112	36	107	37	102	38	99	39	105	40	102	41	100	42	106	43	100	44	94	45	108	46	95	47	100	48	102	49	109	
	0	60	1	56	2	63	3	61	4	57	5	58	6	53	7	55	8	56	9	62	10	62	11	62	12	56	13	65	14	70	15	54	16	63	17	67	18	64	19	53	20	71	21	57	22	53	23	61	24	68	25	70	26	71	27	67	28	65	29	69	30	55	31	53	32	68	33	60	34	53	35	55	36	71	37	64	38	60	39	71	40	64	41	62	42	65	43	65	44	65	45	70	46	66	47	63	48	58	49	67	
	0	64	1	59	2	73	3	76	4	63	5	58	6	67	7	63	8	76	9	76	10	70	11	70	12	66	13	73	14	60	15	59	16	75	17	72	18	72	19	69	20	63	21	75	22	70	23	69	24	61	25	74	26	58	27	60	28	61	29	73	30	73	31	59	32	67	33	68	34	60	35	62	36	72	37	73	38	77	39	59	40	74	41	64	42	76	43	58	44	67	45	72	46	62	47	74	48	71	49	63	
	0	27	1	15	2	24	3	26	4	24	5	12	6	29	7	13	8	17	9	27	10	15	11	27	12	13	13	19	14	22	15	20	16	21	17	24	18	14	19	11	20	13	21	19	22	20	23	12	24	25	25	12	26	11	27	13	28	28	29	15	30	22	31	19	32	17	33	28	34	10	35	19	36	14	37	18	38	14	39	27	40	14	41	20	42	19	43	16	44	24	45	24	46	15	47	15	48	14	49	20	
	0	49	1	48	2	53	3	55	4	46	5	61	6	62	7	53	8	62	9	57	10	50	11	49	12	55	13	65	14	52	15	65	16	51	17	56	18	57	19	63	20	59	21	59	22	48	23	60	24	64	25	51	26	46	27	49	28	58	29	52	30	55	31	48	32	63	33	57	34	61	35	60	36	63	37	64	38	64	39	58	40	51	41	64	42	64	43	56	44	50	45	61	46	64	47	64	48	56	49	58	
	0	48	1	44	2	46	3	60	4	45	5	61	6	57	7	47	8	56	9	57	10	49	11	48	12	63	13	59	14	47	15	46	16	55	17	52	18	55	19	57	20	57	21	51	22	60	23	56	24	45	25	63	26	63	27	61	28	53	29	62	30	61	31	57	32	47	33	52	34	56	35	53	36	53	37	59	38	62	39	55	40	54	41	59	42	45	43	59	44	58	45	53	46	47	47	63	48	50	49	62	
	0	49	1	54	2	58	3	53	4	48	5	56	6	58	7	61	8	49	9	49	10	47	11	46	12	53	13	44	14	45	15	62	16	48	17	59	18	44	19	56	20	61	21	59	22	59	23	51	24	61	25	60	26	55	27	50	28	46	29	45	30	62	31	60	32	45	33	46	34	61	35	57	36	48	37	55	38	60	39	47	40	58	41	62	42	58	43	47	44	48	45	58	46	49	47	48	48	59	49	50	
	0	65	1	74	2	63	3	74	4	76	5	77	6	70	7	74	8	76	9	69	10	65	11	75	12	70	13	72	14	71	15	72	16	73	17	77	18	64	19	71	20	62	21	72	22	69	23	77	24	66	25	62	26	71	27	73	28	69	29	81	30	73	31	69	32	72	33	69	34	76	35	72	36	80	37	71	38	69	39	64	40	71	41	76	42	78	43	76	44	76	45	66	46	67	47	70	48	78	49	70	
	0	61	1	68	2	66	3	60	4	65	5	68	6	59	7	63	8	59	9	69	10	66	11	69	12	67	13	65	14	75	15	60	16	65	17	67	18	73	19	71	20	74	21	68	22	67	23	74	24	76	25	70	26	73	27	62	28	65	29	75	30	61	31	59	32	65	33	59	34	76	35	70	36	70	37	72	38	67	39	60	40	77	41	64	42	76	43	61	44	68	45	62	46	70	47	76	48	66	49	70	
	0	61	1	54	2	63	3	68	4	59	5	60	6	58	7	58	8	71	9	63	10	60	11	55	12	53	13	62	14	56	15	54	16	67	17	67	18	54	19	57	20	68	21	58	22	69	23	63	24	60	25	61	26	66	27	71	28	65	29	67	30	68	31	72	32	60	33	71	34	67	35	58	36	65	37	64	38	71	39	62	40	64	41	59	42	58	43	58	44	56	45	57	46	66	47	64	48	66	49	56	
	0	99	1	101	2	91	3	91	4	108	5	97	6	102	7	106	8	109	9	92	10	101	11	103	12	99	13	91	14	106	15	106	16	100	17	108	18	97	19	105	20	92	21	108	22	99	23	108	24	91	25	109	26	109	27	98	28	94	29	108	30	96	31	96	32	100	33	101	34	98	35	95	36	107	37	106	38	91	39	110	40	99	41	94	42	103	43	106	44	99	45	91	46	99	47	97	48	98	49	108	
	0	68	1	55	2	66	3	67	4	53	5	62	6	62	7	61	8	53	9	49	10	50	11	51	12	61	13	58	14	68	15	68	16	65	17	53	18	62	19	61	20	56	21	60	22	49	23	67	24	56	25	52	26	55	27	62	28	52	29	64	30	49	31	63	32	64	33	65	34	63	35	54	36	63	37	55	38	50	39	58	40	61	41	64	42	55	43	57	44	65	45	67	46	58	47	68	48	66	49	57	
	0	85	1	98	2	101	3	101	4	89	5	98	6	89	7	96	8	96	9	88	10	95	11	88	12	98	13	91	14	88	15	100	16	95	17	85	18	92	19	90	20	88	21	101	22	86	23	93	24	83	25	89	26	85	27	90	28	101	29	83	30	84	31	100	32	87	33	95	34	82	35	86	36	91	37	84	38	99	39	83	40	85	41	96	42	84	43	93	44	82	45	88	46	87	47	99	48	92	49	85	
	0	35	1	34	2	38	3	38	4	25	5	35	6	25	7	24	8	32	9	24	10	31	11	39	12	20	13	38	14	32	15	30	16	39	17	32	18	22	19	20	20	35	21	23	22	20	23	33	24	39	25	38	26	32	27	37	28	28	29	23	30	29	31	36	32	35	33	33	34	24	35	34	36	24	37	35	38	28	39	38	40	29	41	33	42	32	43	22	44	36	45	33	46	35	47	29	48	32	49	28	
	0	15	1	20	2	13	3	21	4	14	5	7	6	8	7	10	8	6	9	23	10	23	11	7	12	6	13	7	14	21	15	10	16	20	17	16	18	6	19	7	20	20	21	24	22	16	23	7	24	5	25	23	26	17	27	12	28	15	29	24	30	11	31	23	32	5	33	19	34	18	35	11	36	13	37	5	38	8	39	22	40	15	41	17	42	15	43	7	44	11	45	7	46	11	47	10	48	20	49	11	
	0	88	1	80	2	73	3	84	4	75	5	80	6	84	7	85	8	71	9	75	10	75	11	80	12	76	13	85	14	86	15	76	16	89	17	89	18	72	19	72	20	77	21	83	22	85	23	81	24	87	25	81	26	88	27	86	28	88	29	78	30	81	31	82	32	82	33	73	34	77	35	71	36	73	37	87	38	77	39	89	40	80	41	86	42	78	43	77	44	77	45	90	46	74	47	72	48	74	49	76	
	0	72	1	85	2	89	3	74	4	75	5	77	6	88	7	88	8	87	9	87	10	89	11	82	12	74	13	79	14	87	15	90	16	86	17	75	18	89	19	76	20	73	21	78	22	78	23	75	24	79	25	87	26	71	27	76	28	81	29	73	30	73	31	87	32	83	33	71	34	84	35	83	36	73	37	73	38	78	39	87	40	88	41	78	42	89	43	87	44	87	45	81	46	77	47	84	48	77	49	74	
	0	85	1	89	2	91	3	101	4	104	5	93	6	101	7	93	8	87	9	99	10	88	11	91	12	104	13	102	14	94	15	93	16	101	17	86	18	86	19	101	20	89	21	89	22	89	23	93	24	94	25	101	26	88	27	85	28	98	29	95	30	95	31	95	32	103	33	102	34	103	35	87	36	89	37	94	38	89	39	93	40	103	41	95	42	99	43	101	44	97	45	89	46	104	47	101	48	104	49	94	
	0	102	1	93	2	93	3	98	4	96	5	93	6	98	7	101	8	104	9	98	10	103	11	106	12	93	13	102	14	102	15	108	16	95	17	108	18	96	19	95	20	101	21	109	22	103	23	99	24	101	25	93	26	95	27	105	28	106	29	112	30	104	31	112	32	93	33	100	34	111	35	94	36	110	37	95	38	110	39	106	40	102	41	99	42	103	43	110	44	94	45	94	46	97	47	101	48	99	49	109	
	0	71	1	57	2	57	3	63	4	62	5	71	6	56	7	71	8	57	9	68	10	62	11	69	12	64	13	64	14	56	15	53	16	66	17	60	18	67	19	59	20	55	21	65	22	61	23	72	24	70	25	57	26	68	27	59	28	60	29	61	30	69	31	65	32	71	33	56	34	72	35	62	36	70	37	67	38	67	39	66	40	70	41	54	42	65	43	64	44	62	45	66	46	60	47	71	48	64	49	61	
	0	28	1	29	2	42	3	31	4	36	5	32	6	37	7	46	8	38	9	33	10	30	11	28	12	46	13	35	14	36	15	40	16	32	17	41	18	39	19	38	20	41	21	32	22	39	23	36	24	38	25	37	26	33	27	29	28	37	29	36	30	33	31	41	32	30	33	41	34	37	35	31	36	46	37	37	38	38	39	35	40	46	41	40	42	38	43	43	44	38	45	34	46	35	47	40	48	44	49	33	
	0	79	1	64	2	82	3	66	4	74	5	71	6	64	7	73	8	77	9	78	10	82	11	77	12	69	13	65	14	65	15	76	16	69	17	76	18	77	19	77	20	69	21	68	22	81	23	72	24	64	25	67	26	67	27	65	28	74	29	71	30	78	31	79	32	74	33	70	34	63	35	82	36	75	37	68	38	63	39	80	40	69	41	77	42	74	43	82	44	71	45	66	46	81	47	63	48	79	49	74	
	0	77	1	76	2	80	3	84	4	80	5	74	6	88	7	87	8	81	9	73	10	84	11	84	12	81	13	82	14	84	15	79	16	77	17	77	18	73	19	70	20	69	21	87	22	70	23	72	24	87	25	87	26	86	27	79	28	72	29	81	30	83	31	78	32	78	33	77	34	72	35	86	36	72	37	79	38	76	39	82	40	82	41	81	42	84	43	77	44	72	45	76	46	71	47	76	48	83	49	69	
	0	18	1	15	2	19	3	17	4	19	5	12	6	9	7	23	8	10	9	8	10	21	11	23	12	7	13	5	14	16	15	24	16	9	17	8	18	22	19	18	20	10	21	19	22	15	23	7	24	7	25	6	26	16	27	24	28	19	29	21	30	20	31	9	32	9	33	7	34	15	35	14	36	14	37	10	38	16	39	10	40	5	41	24	42	11	43	6	44	21	45	11	46	13	47	10	48	9	49	10	
	0	29	1	31	2	28	3	24	4	18	5	36	6	21	7	32	8	28	9	29	10	23	11	35	12	30	13	22	14	27	15	23	16	20	17	31	18	30	19	27	20	34	21	28	22	20	23	33	24	35	25	31	26	32	27	19	28	23	29	30	30	29	31	19	32	21	33	30	34	28	35	31	36	29	37	22	38	34	39	31	40	30	41	29	42	23	43	26	44	36	45	35	46	19	47	31	48	32	49	32	
	0	11	1	13	2	19	3	24	4	9	5	23	6	18	7	11	8	19	9	11	10	15	11	10	12	5	13	23	14	14	15	16	16	13	17	20	18	6	19	6	20	8	21	10	22	15	23	7	24	16	25	11	26	6	27	5	28	23	29	12	30	9	31	15	32	24	33	21	34	13	35	16	36	21	37	20	38	16	39	17	40	24	41	18	42	13	43	15	44	12	45	10	46	24	47	20	48	21	49	7	
	0	20	1	13	2	25	3	15	4	28	5	13	6	19	7	24	8	26	9	19	10	32	11	20	12	28	13	29	14	27	15	15	16	24	17	27	18	14	19	19	20	25	21	27	22	32	23	16	24	22	25	14	26	31	27	30	28	15	29	16	30	26	31	32	32	32	33	25	34	14	35	26	36	25	37	22	38	20	39	21	40	19	41	27	42	15	43	31	44	15	45	15	46	28	47	25	48	17	49	22	
	0	71	1	57	2	72	3	57	4	67	5	61	6	65	7	65	8	62	9	54	10	61	11	72	12	53	13	58	14	71	15	65	16	55	17	63	18	71	19	69	20	72	21	63	22	71	23	53	24	57	25	63	26	65	27	58	28	59	29	54	30	58	31	54	32	66	33	58	34	57	35	64	36	68	37	62	38	67	39	56	40	60	41	53	42	53	43	59	44	64	45	62	46	53	47	59	48	58	49	66	
	0	43	1	45	2	49	3	50	4	57	5	42	6	56	7	54	8	45	9	56	10	41	11	53	12	43	13	53	14	50	15	56	16	42	17	56	18	59	19	54	20	56	21	45	22	42	23	43	24	56	25	44	26	40	27	53	28	55	29	54	30	44	31	46	32	55	33	46	34	43	35	54	36	55	37	58	38	40	39	42	40	43	41	41	42	42	43	55	44	42	45	41	46	53	47	45	48	55	49	46	
	0	59	1	67	2	61	3	68	4	72	5	71	6	67	7	64	8	69	9	57	10	66	11	56	12	73	13	59	14	74	15	56	16	58	17	63	18	70	19	65	20	61	21	74	22	74	23	72	24	74	25	70	26	74	27	67	28	75	29	60	30	60	31	75	32	59	33	62	34	70	35	74	36	75	37	65	38	71	39	75	40	59	41	75	42	56	43	73	44	68	45	68	46	73	47	68	48	63	49	71	
	0	47	1	33	2	47	3	42	4	44	5	37	6	41	7	33	8	42	9	50	10	38	11	43	12	31	13	40	14	38	15	48	16	42	17	40	18	50	19	41	20	39	21	36	22	37	23	47	24	45	25	37	26	42	27	41	28	39	29	34	30	41	31	39	32	48	33	37	34	35	35	47	36	45	37	34	38	41	39	46	40	46	41	32	42	48	43	47	44	34	45	48	46	45	47	47	48	43	49	33	
	0	53	1	70	2	65	3	51	4	66	5	55	6	59	7	65	8	57	9	66	10	66	11	56	12	69	13	66	14	67	15	68	16	63	17	51	18	60	19	62	20	55	21	55	22	67	23	58	24	60	25	65	26	69	27	53	28	60	29	56	30	64	31	62	32	51	33	63	34	69	35	67	36	51	37	58	38	56	39	61	40	52	41	52	42	54	43	58	44	66	45	66	46	69	47	64	48	60	49	57	
	0	74	1	84	2	87	3	79	4	81	5	89	6	85	7	84	8	89	9	93	10	83	11	93	12	75	13	77	14	89	15	91	16	89	17	85	18	76	19	88	20	85	21	81	22	92	23	90	24	87	25	85	26	83	27	86	28	76	29	83	30	78	31	86	32	75	33	82	34	78	35	81	36	92	37	88	38	92	39	86	40	88	41	77	42	83	43	85	44	81	45	87	46	87	47	93	48	78	49	91	
	0	11	1	9	2	27	3	22	4	8	5	13	6	15	7	12	8	15	9	13	10	9	11	22	12	13	13	15	14	22	15	14	16	10	17	27	18	9	19	17	20	8	21	26	22	8	23	8	24	21	25	12	26	8	27	9	28	24	29	12	30	24	31	22	32	19	33	12	34	27	35	25	36	13	37	22	38	22	39	21	40	26	41	14	42	16	43	20	44	15	45	25	46	20	47	26	48	12	49	20	
	0	48	1	61	2	54	3	65	4	59	5	58	6	65	7	48	8	53	9	47	10	65	11	61	12	59	13	65	14	54	15	60	16	63	17	48	18	52	19	47	20	54	21	57	22	65	23	59	24	57	25	49	26	55	27	54	28	56	29	53	30	51	31	65	32	50	33	53	34	65	35	48	36	57	37	53	38	59	39	47	40	57	41	50	42	53	43	58	44	65	45	60	46	55	47	49	48	56	49	64	
	0	12	1	10	2	6	3	17	4	18	5	4	6	9	7	14	8	5	9	22	10	14	11	9	12	19	13	20	14	11	15	18	16	9	17	12	18	16	19	20	20	15	21	16	22	4	23	20	24	16	25	15	26	11	27	8	28	12	29	9	30	5	31	6	32	9	33	8	34	7	35	12	36	5	37	19	38	6	39	18	40	4	41	18	42	7	43	7	44	9	45	20	46	7	47	7	48	7	49	22	
	0	97	1	102	2	88	3	90	4	97	5	97	6	94	7	101	8	87	9	103	10	105	11	89	12	96	13	101	14	100	15	93	16	97	17	103	18	90	19	96	20	90	21	103	22	105	23	99	24	91	25	105	26	101	27	89	28	103	29	106	30	100	31	104	32	90	33	102	34	98	35	98	36	93	37	96	38	90	39	94	40	94	41	104	42	104	43	102	44	101	45	101	46	97	47	103	48	92	49	106	
	0	24	1	35	2	40	3	40	4	33	5	32	6	42	7	37	8	38	9	40	10	43	11	34	12	43	13	33	14	33	15	28	16	42	17	24	18	38	19	40	20	40	21	27	22	33	23	27	24	32	25	39	26	28	27	41	28	38	29	41	30	41	31	33	32	25	33	24	34	40	35	29	36	27	37	38	38	43	39	24	40	24	41	30	42	29	43	32	44	43	45	38	46	29	47	35	48	24	49	25	
	0	53	1	69	2	69	3	68	4	65	5	64	6	67	7	58	8	57	9	53	10	68	11	67	12	60	13	54	14	53	15	65	16	68	17	55	18	59	19	64	20	52	21	60	22	57	23	68	24	60	25	62	26	71	27	54	28	64	29	62	30	63	31	68	32	67	33	57	34	59	35	65	36	61	37	65	38	59	39	71	40	59	41	61	42	68	43	53	44	60	45	64	46	58	47	69	48	61	49	56	
	0	88	1	91	2	88	3	75	4	81	5	74	6	80	7	84	8	90	9	76	10	79	11	86	12	73	13	90	14	82	15	83	16	87	17	86	18	91	19	83	20	89	21	84	22	82	23	76	24	92	25	76	26	84	27	73	28	75	29	91	30	80	31	79	32	75	33	86	34	88	35	85	36	91	37	90	38	92	39	89	40	83	41	85	42	86	43	89	44	92	45	77	46	81	47	83	48	78	49	81	
	0	56	1	47	2	49	3	42	4	51	5	52	6	59	7	44	8	55	9	51	10	49	11	40	12	40	13	42	14	57	15	57	16	56	17	57	18	53	19	54	20	45	21	49	22	59	23	44	24	54	25	52	26	44	27	51	28	58	29	47	30	54	31	47	32	54	33	42	34	44	35	55	36	57	37	57	38	51	39	45	40	58	41	53	42	54	43	46	44	52	45	51	46	42	47	41	48	53	49	41	
	0	33	1	31	2	36	3	39	4	31	5	29	6	41	7	35	8	23	9	38	10	37	11	25	12	22	13	29	14	23	15	35	16	39	17	31	18	28	19	37	20	38	21	31	22	41	23	28	24	39	25	26	26	22	27	22	28	30	29	33	30	32	31	25	32	29	33	24	34	38	35	27	36	27	37	36	38	26	39	36	40	41	41	37	42	33	43	38	44	31	45	30	46	24	47	29	48	22	49	29	
	0	52	1	60	2	57	3	50	4	54	5	48	6	51	7	44	8	49	9	49	10	60	11	58	12	55	13	54	14	43	15	45	16	43	17	50	18	60	19	49	20	53	21	49	22	51	23	54	24	56	25	51	26	53	27	44	28	48	29	43	30	48	31	41	32	41	33	60	34	57	35	56	36	60	37	42	38	49	39	51	40	49	41	59	42	57	43	58	44	45	45	46	46	56	47	43	48	51	49	44	
	0	67	1	71	2	78	3	71	4	83	5	79	6	71	7	80	8	80	9	82	10	71	11	66	12	65	13	74	14	82	15	82	16	70	17	84	18	70	19	73	20	71	21	79	22	72	23	68	24	71	25	76	26	82	27	68	28	75	29	66	30	66	31	70	32	67	33	74	34	79	35	65	36	67	37	65	38	80	39	79	40	84	41	73	42	71	43	65	44	69	45	74	46	73	47	70	48	73	49	83	
	0	116	1	119	2	106	3	118	4	120	5	110	6	113	7	115	8	108	9	116	10	106	11	110	12	118	13	110	14	102	15	103	16	107	17	101	18	114	19	101	20	105	21	118	22	106	23	103	24	111	25	105	26	115	27	112	28	104	29	112	30	105	31	115	32	103	33	109	34	118	35	119	36	102	37	114	38	107	39	119	40	108	41	104	42	104	43	118	44	105	45	102	46	106	47	118	48	102	49	103	
	0	88	1	93	2	86	3	87	4	94	5	88	6	83	7	78	8	75	9	91	10	78	11	75	12	90	13	94	14	77	15	93	16	75	17	94	18	85	19	78	20	92	21	86	22	83	23	75	24	83	25	85	26	87	27	93	28	83	29	92	30	81	31	75	32	89	33	78	34	76	35	87	36	84	37	82	38	82	39	83	40	84	41	81	42	78	43	90	44	80	45	94	46	88	47	92	48	80	49	83	
	0	73	1	81	2	77	3	69	4	69	5	75	6	79	7	84	8	70	9	81	10	72	11	79	12	81	13	77	14	73	15	79	16	72	17	73	18	68	19	80	20	84	21	78	22	67	23	81	24	67	25	79	26	84	27	67	28	70	29	69	30	79	31	74	32	74	33	72	34	80	35	85	36	74	37	68	38	85	39	67	40	85	41	79	42	66	43	76	44	82	45	78	46	69	47	67	48	68	49	80	
	0	102	1	92	2	89	3	97	4	92	5	94	6	100	7	92	8	91	9	94	10	93	11	101	12	90	13	93	14	86	15	91	16	95	17	92	18	95	19	89	20	96	21	91	22	96	23	104	24	100	25	90	26	86	27	92	28	89	29	104	30	102	31	103	32	93	33	86	34	97	35	96	36	88	37	93	38	90	39	101	40	96	41	104	42	87	43	90	44	88	45	100	46	91	47	99	48	91	49	93	
	0	109	1	110	2	111	3	114	4	108	5	116	6	111	7	109	8	99	9	113	10	100	11	102	12	105	13	113	14	113	15	108	16	108	17	110	18	107	19	116	20	110	21	115	22	104	23	101	24	117	25	101	26	113	27	107	28	107	29	114	30	114	31	116	32	98	33	116	34	112	35	114	36	117	37	110	38	98	39	102	40	105	41	110	42	109	43	107	44	112	45	115	46	111	47	107	48	116	49	107	
	0	23	1	21	2	23	3	33	4	25	5	21	6	27	7	25	8	34	9	27	10	15	11	20	12	34	13	19	14	30	15	22	16	16	17	23	18	16	19	21	20	28	21	32	22	20	23	20	24	32	25	30	26	22	27	18	28	32	29	30	30	26	31	31	32	22	33	15	34	15	35	22	36	17	37	26	38	21	39	19	40	27	41	19	42	28	43	24	44	26	45	33	46	33	47	19	48	15	49	26	
	0	67	1	73	2	81	3	68	4	68	5	74	6	73	7	64	8	76	9	65	10	63	11	79	12	65	13	75	14	79	15	79	16	69	17	80	18	80	19	72	20	69	21	78	22	66	23	79	24	70	25	69	26	70	27	78	28	70	29	75	30	73	31	82	32	67	33	78	34	69	35	68	36	82	37	63	38	65	39	78	40	63	41	71	42	76	43	73	44	69	45	66	46	74	47	81	48	80	49	81	
	0	32	1	30	2	26	3	32	4	44	5	45	6	30	7	44	8	41	9	44	10	29	11	40	12	38	13	30	14	35	15	28	16	42	17	36	18	29	19	27	20	31	21	40	22	37	23	29	24	31	25	43	26	33	27	27	28	30	29	32	30	43	31	43	32	30	33	40	34	30	35	35	36	42	37	35	38	35	39	45	40	31	41	27	42	35	43	37	44	42	45	29	46	28	47	35	48	32	49	29	
	0	76	1	61	2	64	3	69	4	72	5	66	6	69	7	68	8	61	9	61	10	67	11	60	12	78	13	62	14	66	15	78	16	75	17	76	18	76	19	72	20	78	21	64	22	68	23	70	24	60	25	62	26	72	27	78	28	78	29	66	30	60	31	72	32	66	33	78	34	71	35	78	36	70	37	77	38	73	39	67	40	61	41	61	42	78	43	63	44	78	45	70	46	67	47	63	48	70	49	75	
	0	10	1	15	2	21	3	8	4	2	5	14	6	14	7	20	8	3	9	11	10	2	11	20	12	19	13	10	14	6	15	21	16	15	17	12	18	19	19	7	20	2	21	7	22	8	23	14	24	11	25	18	26	7	27	19	28	18	29	11	30	10	31	11	32	8	33	8	34	18	35	18	36	7	37	6	38	7	39	4	40	4	41	13	42	18	43	14	44	3	45	20	46	10	47	20	48	11	49	4	
	0	32	1	33	2	33	3	22	4	23	5	30	6	37	7	38	8	35	9	24	10	30	11	36	12	33	13	33	14	35	15	29	16	32	17	36	18	31	19	30	20	28	21	26	22	25	23	29	24	25	25	36	26	24	27	31	28	28	29	27	30	23	31	26	32	24	33	32	34	37	35	40	36	41	37	23	38	29	39	27	40	23	41	33	42	40	43	36	44	22	45	37	46	28	47	34	48	23	49	24	
	0	30	1	40	2	29	3	39	4	41	5	32	6	32	7	44	8	29	9	45	10	42	11	45	12	44	13	33	14	40	15	47	16	32	17	43	18	32	19	32	20	46	21	28	22	30	23	41	24	39	25	36	26	34	27	34	28	36	29	41	30	41	31	41	32	34	33	30	34	35	35	43	36	47	37	39	38	30	39	44	40	41	41	29	42	28	43	46	44	44	45	43	46	38	47	37	48	44	49	32	
	0	102	1	108	2	106	3	103	4	98	5	93	6	104	7	95	8	103	9	101	10	96	11	107	12	99	13	101	14	102	15	95	16	105	17	91	18	91	19	91	20	97	21	108	22	92	23	110	24	102	25	96	26	106	27	94	28	106	29	99	30	97	31	103	32	106	33	108	34	97	35	91	36	108	37	103	38	103	39	96	40	96	41	105	42	109	43	94	44	99	45	103	46	94	47	109	48	91	49	108	
	0	19	1	21	2	20	3	17	4	15	5	12	6	22	7	17	8	17	9	27	10	25	11	21	12	29	13	16	14	19	15	13	16	31	17	20	18	22	19	26	20	21	21	28	22	20	23	19	24	17	25	30	26	13	27	23	28	27	29	26	30	28	31	18	32	23	33	19	34	27	35	25	36	16	37	18	38	15	39	15	40	28	41	14	42	31	43	14	44	12	45	19	46	25	47	27	48	12	49	26	
	0	31	1	26	2	30	3	30	4	27	5	28	6	33	7	42	8	42	9	38	10	44	11	44	12	40	13	40	14	39	15	35	16	31	17	36	18	25	19	41	20	28	21	42	22	37	23	35	24	40	25	35	26	37	27	26	28	26	29	41	30	41	31	27	32	41	33	32	34	42	35	25	36	25	37	37	38	44	39	40	40	32	41	40	42	33	43	34	44	43	45	37	46	29	47	38	48	27	49	27	
	0	43	1	42	2	36	3	38	4	38	5	47	6	38	7	35	8	44	9	39	10	52	11	34	12	47	13	49	14	49	15	40	16	46	17	49	18	41	19	44	20	37	21	52	22	33	23	41	24	52	25	44	26	50	27	44	28	41	29	48	30	47	31	34	32	48	33	36	34	36	35	42	36	42	37	35	38	47	39	34	40	50	41	36	42	33	43	44	44	45	45	39	46	46	47	45	48	34	49	49	
	0	83	1	80	2	86	3	89	4	94	5	94	6	97	7	90	8	79	9	93	10	79	11	83	12	96	13	97	14	90	15	88	16	79	17	97	18	86	19	92	20	80	21	84	22	91	23	98	24	84	25	95	26	97	27	95	28	90	29	94	30	88	31	83	32	80	33	86	34	93	35	83	36	85	37	86	38	97	39	88	40	82	41	84	42	96	43	97	44	92	45	83	46	88	47	87	48	89	49	83	
	0	17	1	22	2	21	3	24	4	16	5	17	6	8	7	16	8	17	9	15	10	22	11	25	12	15	13	11	14	12	15	8	16	9	17	15	18	18	19	10	20	11	21	19	22	18	23	9	24	21	25	8	26	10	27	10	28	24	29	22	30	22	31	15	32	9	33	18	34	16	35	24	36	13	37	19	38	24	39	9	40	7	41	15	42	8	43	19	44	14	45	23	46	25	47	13	48	26	49	21	
	0	38	1	34	2	38	3	27	4	30	5	33	6	24	7	37	8	34	9	26	10	25	11	33	12	24	13	34	14	19	15	24	16	27	17	32	18	32	19	25	20	27	21	31	22	34	23	29	24	26	25	20	26	31	27	28	28	29	29	28	30	34	31	26	32	23	33	34	34	35	35	37	36	23	37	38	38	29	39	36	40	32	41	25	42	24	43	25	44	25	45	25	46	33	47	29	48	27	49	38	
	0	114	1	114	2	109	3	120	4	102	5	116	6	120	7	115	8	116	9	119	10	116	11	108	12	113	13	104	14	109	15	104	16	116	17	111	18	115	19	101	20	106	21	115	22	116	23	107	24	120	25	114	26	117	27	106	28	101	29	108	30	116	31	117	32	103	33	106	34	107	35	103	36	115	37	116	38	101	39	105	40	113	41	114	42	118	43	104	44	110	45	112	46	102	47	109	48	117	49	117	
	0	34	1	37	2	34	3	42	4	38	5	33	6	41	7	43	8	30	9	39	10	34	11	42	12	29	13	28	14	38	15	40	16	28	17	33	18	32	19	41	20	47	21	31	22	43	23	31	24	38	25	28	26	37	27	30	28	42	29	41	30	46	31	34	32	32	33	45	34	41	35	38	36	33	37	31	38	46	39	33	40	33	41	36	42	36	43	47	44	30	45	36	46	33	47	33	48	40	49	31	
	0	29	1	34	2	33	3	35	4	20	5	20	6	30	7	28	8	35	9	38	10	29	11	27	12	19	13	37	14	36	15	33	16	31	17	26	18	34	19	31	20	19	21	24	22	37	23	37	24	22	25	22	26	25	27	30	28	19	29	37	30	34	31	26	32	25	33	31	34	38	35	27	36	34	37	26	38	21	39	29	40	34	41	28	42	25	43	29	44	21	45	36	46	37	47	29	48	38	49	19	
	0	32	1	35	2	39	3	39	4	33	5	26	6	37	7	27	8	40	9	40	10	32	11	31	12	35	13	22	14	39	15	28	16	29	17	26	18	25	19	32	20	30	21	39	22	38	23	32	24	21	25	27	26	30	27	40	28	34	29	25	30	21	31	24	32	33	33	22	34	30	35	40	36	26	37	23	38	33	39	37	40	34	41	33	42	27	43	35	44	22	45	22	46	22	47	22	48	31	49	32	
	0	39	1	33	2	28	3	30	4	26	5	30	6	38	7	28	8	27	9	33	10	26	11	26	12	28	13	25	14	34	15	28	16	39	17	25	18	28	19	40	20	30	21	32	22	28	23	38	24	36	25	28	26	30	27	40	28	26	29	35	30	28	31	24	32	39	33	31	34	40	35	23	36	33	37	29	38	35	39	32	40	29	41	33	42	42	43	24	44	42	45	28	46	41	47	29	48	35	49	26	
	0	71	1	77	2	72	3	82	4	80	5	67	6	83	7	66	8	70	9	72	10	70	11	80	12	82	13	69	14	81	15	71	16	71	17	67	18	69	19	80	20	78	21	81	22	81	23	77	24	82	25	67	26	78	27	73	28	74	29	69	30	68	31	68	32	79	33	68	34	65	35	69	36	67	37	79	38	80	39	80	40	72	41	75	42	66	43	78	44	65	45	75	46	67	47	80	48	82	49	74	
	0	60	1	64	2	51	3	62	4	64	5	50	6	55	7	63	8	49	9	50	10	67	11	52	12	51	13	63	14	49	15	51	16	55	17	59	18	65	19	62	20	53	21	62	22	53	23	61	24	61	25	56	26	65	27	66	28	58	29	52	30	62	31	64	32	49	33	61	34	53	35	58	36	64	37	56	38	64	39	57	40	55	41	68	42	58	43	64	44	49	45	60	46	52	47	56	48	55	49	55	
	0	30	1	43	2	39	3	27	4	33	5	40	6	38	7	27	8	28	9	33	10	33	11	41	12	36	13	40	14	36	15	29	16	26	17	43	18	39	19	39	20	42	21	39	22	28	23	28	24	40	25	26	26	29	27	45	28	44	29	32	30	37	31	28	32	41	33	27	34	31	35	38	36	30	37	38	38	28	39	28	40	31	41	28	42	27	43	44	44	35	45	27	46	38	47	32	48	39	49	27	
	0	118	1	103	2	102	3	101	4	110	5	108	6	117	7	106	8	104	9	110	10	100	11	118	12	114	13	110	14	116	15	117	16	109	17	104	18	117	19	105	20	105	21	108	22	104	23	111	24	116	25	100	26	103	27	118	28	108	29	100	30	113	31	99	32	101	33	117	34	114	35	111	36	113	37	114	38	107	39	118	40	116	41	109	42	118	43	113	44	100	45	107	46	103	47	115	48	110	49	100	
	0	110	1	112	2	110	3	104	4	97	5	114	6	100	7	96	8	101	9	95	10	102	11	104	12	109	13	109	14	104	15	104	16	111	17	97	18	97	19	106	20	114	21	106	22	98	23	103	24	101	25	98	26	104	27	114	28	110	29	98	30	99	31	98	32	101	33	106	34	101	35	97	36	96	37	96	38	108	39	102	40	108	41	103	42	111	43	104	44	114	45	109	46	112	47	112	48	99	49	107	
	0	6	1	8	2	11	3	24	4	9	5	10	6	7	7	16	8	11	9	12	10	18	11	11	12	18	13	10	14	10	15	21	16	24	17	7	18	20	19	6	20	19	21	18	22	13	23	21	24	16	25	20	26	17	27	23	28	19	29	19	30	24	31	18	32	11	33	15	34	16	35	18	36	16	37	20	38	17	39	15	40	9	41	21	42	8	43	5	44	5	45	12	46	15	47	15	48	17	49	14	
	0	83	1	84	2	76	3	75	4	76	5	80	6	67	7	76	8	79	9	84	10	68	11	81	12	84	13	75	14	76	15	80	16	66	17	83	18	81	19	74	20	67	21	67	22	68	23	73	24	82	25	80	26	79	27	84	28	77	29	72	30	84	31	80	32	71	33	78	34	76	35	75	36	81	37	72	38	73	39	67	40	78	41	70	42	73	43	74	44	81	45	81	46	79	47	77	48	84	49	68	
	0	21	1	28	2	29	3	31	4	32	5	27	6	28	7	25	8	16	9	16	10	20	11	28	12	34	13	25	14	25	15	30	16	25	17	30	18	20	19	23	20	28	21	28	22	31	23	28	24	18	25	27	26	22	27	24	28	17	29	34	30	33	31	21	32	26	33	20	34	30	35	31	36	26	37	21	38	18	39	18	40	23	41	16	42	19	43	17	44	15	45	18	46	16	47	32	48	23	49	21	
	0	102	1	104	2	90	3	105	4	100	5	94	6	99	7	89	8	95	9	97	10	92	11	105	12	105	13	88	14	94	15	98	16	99	17	95	18	87	19	101	20	90	21	101	22	98	23	106	24	92	25	104	26	99	27	92	28	102	29	92	30	94	31	89	32	105	33	90	34	105	35	101	36	89	37	99	38	87	39	106	40	102	41	91	42	104	43	95	44	94	45	106	46	103	47	93	48	101	49	102	
	0	100	1	102	2	100	3	98	4	103	5	110	6	101	7	105	8	98	9	101	10	99	11	114	12	97	13	103	14	101	15	106	16	96	17	113	18	114	19	99	20	103	21	98	22	100	23	104	24	101	25	107	26	102	27	103	28	109	29	100	30	97	31	114	32	99	33	113	34	104	35	103	36	112	37	104	38	109	39	106	40	100	41	104	42	113	43	97	44	109	45	115	46	112	47	115	48	105	49	113	
	0	6	1	18	2	13	3	14	4	21	5	17	6	22	7	16	8	6	9	8	10	15	11	13	12	21	13	10	14	23	15	8	16	17	17	5	18	9	19	6	20	7	21	4	22	15	23	7	24	18	25	19	26	10	27	11	28	6	29	15	30	22	31	19	32	17	33	15	34	16	35	17	36	8	37	20	38	14	39	4	40	14	41	10	42	15	43	17	44	20	45	16	46	17	47	11	48	17	49	19	
	0	22	1	34	2	17	3	28	4	27	5	30	6	27	7	29	8	21	9	27	10	24	11	18	12	34	13	17	14	19	15	20	16	20	17	26	18	32	19	23	20	27	21	32	22	29	23	17	24	24	25	19	26	36	27	19	28	35	29	28	30	34	31	32	32	30	33	27	34	18	35	32	36	26	37	21	38	36	39	26	40	26	41	27	42	34	43	22	44	30	45	27	46	25	47	35	48	19	49	21	
	0	85	1	84	2	86	3	83	4	92	5	82	6	96	7	100	8	96	9	89	10	96	11	94	12	96	13	91	14	86	15	98	16	97	17	94	18	87	19	88	20	95	21	85	22	94	23	83	24	101	25	96	26	82	27	83	28	83	29	88	30	99	31	90	32	85	33	91	34	83	35	84	36	87	37	94	38	97	39	98	40	92	41	86	42	82	43	93	44	100	45	82	46	88	47	85	48	90	49	101	
	0	32	1	18	2	20	3	14	4	30	5	28	6	22	7	15	8	18	9	25	10	27	11	19	12	22	13	16	14	20	15	30	16	20	17	30	18	21	19	28	20	33	21	27	22	27	23	24	24	33	25	26	26	29	27	18	28	25	29	27	30	29	31	29	32	30	33	27	34	19	35	22	36	22	37	20	38	21	39	16	40	31	41	20	42	31	43	21	44	16	45	21	46	16	47	25	48	16	49	15	
	0	78	1	92	2	89	3	86	4	81	5	89	6	86	7	83	8	76	9	87	10	92	11	93	12	74	13	89	14	80	15	91	16	91	17	92	18	82	19	78	20	85	21	79	22	82	23	78	24	76	25	78	26	88	27	81	28	81	29	84	30	76	31	75	32	92	33	87	34	83	35	89	36	91	37	82	38	76	39	78	40	87	41	89	42	86	43	77	44	81	45	93	46	83	47	81	48	90	49	77	
	0	59	1	48	2	61	3	51	4	48	5	53	6	53	7	49	8	60	9	60	10	46	11	46	12	53	13	51	14	53	15	64	16	62	17	61	18	59	19	50	20	63	21	64	22	48	23	60	24	61	25	47	26	47	27	61	28	62	29	61	30	50	31	61	32	54	33	64	34	62	35	50	36	46	37	62	38	53	39	45	40	63	41	53	42	60	43	45	44	50	45	47	46	60	47	57	48	60	49	55	
	0	60	1	61	2	67	3	52	4	55	5	62	6	59	7	58	8	62	9	56	10	66	11	54	12	59	13	63	14	60	15	54	16	68	17	58	18	68	19	51	20	59	21	51	22	55	23	54	24	53	25	51	26	66	27	67	28	61	29	52	30	54	31	55	32	60	33	55	34	66	35	66	36	54	37	55	38	63	39	55	40	62	41	52	42	64	43	53	44	50	45	53	46	55	47	56	48	50	49	67	
	0	101	1	88	2	86	3	86	4	87	5	94	6	90	7	104	8	86	9	85	10	92	11	103	12	102	13	85	14	93	15	97	16	97	17	101	18	104	19	89	20	86	21	101	22	96	23	95	24	89	25	103	26	100	27	94	28	85	29	104	30	102	31	99	32	98	33	96	34	95	35	85	36	100	37	96	38	97	39	102	40	101	41	92	42	88	43	101	44	89	45	88	46	98	47	88	48	100	49	101	
	0	56	1	65	2	73	3	59	4	61	5	62	6	71	7	62	8	67	9	66	10	56	11	57	12	66	13	55	14	59	15	72	16	66	17	67	18	73	19	55	20	56	21	70	22	72	23	64	24	67	25	72	26	64	27	62	28	62	29	67	30	68	31	66	32	60	33	70	34	74	35	57	36	67	37	66	38	71	39	56	40	57	41	68	42	57	43	60	44	57	45	70	46	71	47	66	48	71	49	63	
	0	24	1	37	2	26	3	39	4	27	5	30	6	33	7	36	8	28	9	30	10	22	11	30	12	25	13	23	14	39	15	23	16	32	17	26	18	30	19	33	20	36	21	20	22	25	23	24	24	29	25	27	26	25	27	35	28	23	29	33	30	32	31	23	32	35	33	27	34	29	35	20	36	24	37	33	38	22	39	29	40	25	41	30	42	24	43	27	44	20	45	20	46	36	47	29	48	32	49	30	
	0	8	1	17	2	23	3	9	4	18	5	24	6	11	7	18	8	5	9	18	10	15	11	24	12	14	13	17	14	22	15	21	16	10	17	10	18	11	19	9	20	5	21	6	22	15	23	13	24	18	25	20	26	20	27	23	28	8	29	21	30	8	31	14	32	12	33	11	34	12	35	11	36	16	37	16	38	9	39	6	40	20	41	7	42	14	43	7	44	16	45	5	46	11	47	8	48	18	49	13	
	0	77	1	76	2	73	3	65	4	64	5	66	6	73	7	72	8	73	9	78	10	76	11	68	12	69	13	67	14	64	15	79	16	81	17	71	18	68	19	66	20	67	21	72	22	75	23	79	24	75	25	74	26	70	27	74	28	77	29	79	30	82	31	72	32	80	33	75	34	69	35	73	36	70	37	76	38	76	39	73	40	82	41	74	42	73	43	76	44	72	45	74	46	80	47	80	48	71	49	81	
	0	23	1	36	2	31	3	19	4	25	5	32	6	25	7	30	8	24	9	28	10	21	11	23	12	21	13	30	14	22	15	20	16	20	17	20	18	34	19	23	20	20	21	21	22	19	23	31	24	23	25	23	26	29	27	20	28	23	29	23	30	21	31	36	32	35	33	29	34	22	35	31	36	30	37	29	38	26	39	35	40	19	41	31	42	20	43	37	44	28	45	22	46	21	47	35	48	21	49	28	
	0	42	1	41	2	44	3	43	4	33	5	48	6	41	7	50	8	50	9	38	10	34	11	41	12	50	13	52	14	44	15	46	16	39	17	46	18	45	19	43	20	33	21	43	22	33	23	48	24	33	25	41	26	49	27	37	28	38	29	48	30	47	31	52	32	34	33	50	34	50	35	36	36	45	37	51	38	34	39	45	40	46	41	42	42	44	43	46	44	39	45	48	46	43	47	49	48	47	49	47	
	0	11	1	8	2	13	3	5	4	10	5	6	6	17	7	15	8	12	9	10	10	18	11	6	12	5	13	16	14	14	15	11	16	16	17	7	18	12	19	2	20	14	21	8	22	6	23	9	24	12	25	10	26	3	27	21	28	16	29	10	30	15	31	10	32	19	33	21	34	17	35	13	36	7	37	13	38	21	39	8	40	16	41	21	42	3	43	13	44	9	45	5	46	8	47	16	48	14	49	17	
	0	22	1	23	2	13	3	12	4	16	5	15	6	22	7	15	8	5	9	19	10	22	11	21	12	24	13	7	14	7	15	15	16	7	17	22	18	23	19	18	20	17	21	14	22	11	23	15	24	16	25	5	26	13	27	20	28	6	29	9	30	10	31	14	32	13	33	14	34	21	35	14	36	9	37	20	38	16	39	22	40	6	41	22	42	17	43	24	44	23	45	21	46	21	47	22	48	11	49	5	
	0	59	1	61	2	67	3	67	4	65	5	54	6	60	7	51	8	65	9	51	10	50	11	58	12	50	13	55	14	51	15	67	16	58	17	55	18	62	19	65	20	59	21	66	22	60	23	63	24	65	25	63	26	65	27	64	28	68	29	63	30	53	31	59	32	53	33	60	34	69	35	61	36	55	37	68	38	65	39	57	40	59	41	53	42	57	43	50	44	55	45	50	46	57	47	58	48	51	49	53	
	0	103	1	102	2	104	3	103	4	94	5	106	6	97	7	108	8	95	9	97	10	103	11	103	12	95	13	108	14	111	15	101	16	111	17	100	18	100	19	107	20	95	21	107	22	104	23	102	24	99	25	113	26	99	27	97	28	105	29	101	30	107	31	103	32	106	33	104	34	97	35	113	36	99	37	100	38	94	39	97	40	102	41	105	42	102	43	97	44	107	45	97	46	95	47	99	48	109	49	106	
	0	56	1	47	2	57	3	59	4	49	5	47	6	58	7	52	8	59	9	52	10	40	11	52	12	45	13	42	14	45	15	59	16	59	17	41	18	52	19	41	20	44	21	53	22	50	23	48	24	59	25	52	26	45	27	50	28	56	29	49	30	42	31	51	32	55	33	41	34	47	35	53	36	52	37	53	38	54	39	49	40	57	41	50	42	49	43	55	44	57	45	53	46	46	47	50	48	54	49	55	