100 50 1
50
	0	9	1	13	2	17	3	7	4	7	5	20	6	7	7	17	8	4	9	6	10	20	11	6	12	20	13	16	14	6	15	10	16	13	17	11	18	17	19	12	20	6	21	20	22	18	23	13	24	18	25	9	26	17	27	21	28	22	29	17	30	11	31	14	32	21	33	5	34	13	35	14	36	17	37	3	38	4	39	18	40	20	41	16	42	10	43	17	44	3	45	11	46	19	47	21	48	8	49	9	
	0	80	1	96	2	93	3	87	4	99	5	86	6	97	7	80	8	91	9	93	10	97	11	84	12	89	13	96	14	83	15	91	16	82	17	87	18	99	19	89	20	86	21	81	22	90	23	87	24	90	25	82	26	92	27	95	28	97	29	84	30	99	31	85	32	96	33	85	34	99	35	99	36	97	37	86	38	92	39	91	40	95	41	92	42	83	43	84	44	85	45	96	46	86	47	81	48	92	49	99	
	0	22	1	35	2	35	3	26	4	29	5	30	6	20	7	21	8	38	9	27	10	38	11	32	12	36	13	34	14	36	15	24	16	27	17	26	18	20	19	28	20	26	21	21	22	25	23	24	24	25	25	37	26	30	27	22	28	29	29	34	30	37	31	20	32	25	33	22	34	24	35	27	36	33	37	39	38	33	39	23	40	27	41	32	42	33	43	21	44	37	45	21	46	38	47	38	48	34	49	24	
	0	61	1	69	2	62	3	64	4	64	5	63	6	79	7	63	8	67	9	74	10	68	11	65	12	71	13	70	14	75	15	65	16	71	17	60	18	61	19	66	20	62	21	79	22	72	23	64	24	77	25	78	26	78	27	78	28	78	29	73	30	70	31	73	32	61	33	76	34	70	35	68	36	71	37	70	38	79	39	77	40	78	41	64	42	62	43	60	44	66	45	68	46	63	47	60	48	66	49	69	
	0	28	1	16	2	15	3	21	4	21	5	30	6	29	7	27	8	32	9	26	10	18	11	18	12	20	13	17	14	22	15	14	16	31	17	15	18	20	19	33	20	27	21	29	22	29	23	25	24	16	25	18	26	31	27	19	28	21	29	33	30	31	31	29	32	32	33	28	34	25	35	27	36	31	37	16	38	16	39	15	40	32	41	22	42	29	43	17	44	17	45	22	46	30	47	23	48	30	49	23	
	0	72	1	87	2	77	3	68	4	87	5	86	6	87	7	71	8	72	9	72	10	86	11	82	12	86	13	85	14	68	15	75	16	79	17	76	18	76	19	77	20	75	21	83	22	86	23	77	24	69	25	70	26	82	27	84	28	73	29	77	30	77	31	87	32	71	33	84	34	68	35	86	36	80	37	69	38	73	39	87	40	78	41	76	42	84	43	74	44	87	45	68	46	78	47	70	48	79	49	87	
	0	23	1	19	2	16	3	18	4	16	5	32	6	25	7	21	8	33	9	23	10	35	11	31	12	33	13	19	14	30	15	28	16	17	17	32	18	34	19	35	20	29	21	23	22	20	23	20	24	29	25	28	26	23	27	25	28	16	29	27	30	18	31	31	32	21	33	16	34	34	35	19	36	18	37	26	38	26	39	31	40	18	41	28	42	27	43	24	44	16	45	16	46	23	47	31	48	30	49	20	
	0	73	1	68	2	69	3	75	4	58	5	69	6	66	7	57	8	70	9	57	10	74	11	65	12	63	13	57	14	64	15	57	16	75	17	60	18	65	19	67	20	75	21	75	22	64	23	68	24	56	25	59	26	70	27	69	28	70	29	64	30	63	31	60	32	75	33	61	34	65	35	68	36	63	37	56	38	72	39	58	40	59	41	60	42	56	43	56	44	70	45	61	46	64	47	68	48	56	49	74	
	0	80	1	76	2	86	3	88	4	89	5	81	6	73	7	71	8	80	9	85	10	81	11	80	12	75	13	87	14	83	15	70	16	75	17	88	18	79	19	89	20	85	21	79	22	72	23	88	24	81	25	79	26	79	27	73	28	81	29	78	30	77	31	81	32	75	33	84	34	72	35	89	36	77	37	79	38	70	39	87	40	70	41	75	42	77	43	79	44	86	45	77	46	87	47	71	48	78	49	70	
	0	109	1	110	2	110	3	113	4	112	5	104	6	110	7	101	8	97	9	105	10	111	11	94	12	101	13	112	14	101	15	98	16	100	17	95	18	108	19	100	20	109	21	99	22	111	23	103	24	101	25	112	26	103	27	110	28	106	29	97	30	102	31	112	32	97	33	98	34	105	35	113	36	100	37	103	38	108	39	111	40	102	41	102	42	94	43	111	44	104	45	110	46	97	47	104	48	111	49	106	
	0	57	1	58	2	63	3	62	4	52	5	53	6	50	7	66	8	64	9	57	10	61	11	59	12	54	13	64	14	63	15	56	16	61	17	65	18	52	19	55	20	66	21	48	22	57	23	61	24	62	25	58	26	51	27	53	28	53	29	53	30	61	31	49	32	64	33	57	34	48	35	60	36	56	37	63	38	53	39	48	40	51	41	64	42	62	43	52	44	64	45	62	46	55	47	54	48	54	49	50	
	0	45	1	40	2	46	3	52	4	37	5	48	6	51	7	43	8	51	9	45	10	38	11	49	12	51	13	41	14	47	15	48	16	37	17	43	18	33	19	39	20	42	21	36	22	35	23	50	24	52	25	42	26	49	27	42	28	33	29	39	30	41	31	51	32	33	33	47	34	52	35	46	36	42	37	44	38	43	39	48	40	41	41	52	42	36	43	41	44	44	45	42	46	42	47	44	48	34	49	38	
	0	69	1	62	2	63	3	72	4	55	5	72	6	62	7	58	8	67	9	63	10	68	11	67	12	65	13	62	14	72	15	74	16	55	17	67	18	62	19	61	20	56	21	66	22	73	23	63	24	68	25	57	26	58	27	59	28	57	29	59	30	60	31	68	32	56	33	67	34	67	35	58	36	65	37	56	38	71	39	62	40	60	41	63	42	66	43	74	44	64	45	69	46	62	47	68	48	74	49	72	
	0	51	1	61	2	63	3	55	4	68	5	49	6	50	7	50	8	57	9	60	10	57	11	55	12	51	13	63	14	50	15	62	16	52	17	68	18	49	19	49	20	60	21	60	22	63	23	56	24	63	25	61	26	53	27	54	28	62	29	64	30	56	31	60	32	56	33	57	34	50	35	63	36	63	37	50	38	67	39	66	40	63	41	66	42	55	43	58	44	55	45	63	46	59	47	65	48	58	49	60	
	0	52	1	43	2	46	3	43	4	53	5	50	6	42	7	49	8	41	9	45	10	42	11	55	12	57	13	54	14	40	15	48	16	41	17	57	18	54	19	41	20	44	21	56	22	53	23	55	24	44	25	52	26	55	27	42	28	44	29	48	30	53	31	55	32	52	33	45	34	39	35	42	36	39	37	39	38	54	39	42	40	41	41	48	42	39	43	57	44	41	45	43	46	46	47	40	48	58	49	53	
	0	57	1	74	2	69	3	57	4	61	5	62	6	61	7	64	8	64	9	72	10	71	11	72	12	70	13	71	14	64	15	56	16	71	17	61	18	56	19	74	20	72	21	57	22	62	23	57	24	75	25	61	26	57	27	66	28	69	29	67	30	68	31	72	32	59	33	59	34	74	35	58	36	67	37	60	38	71	39	71	40	65	41	60	42	64	43	61	44	70	45	60	46	63	47	67	48	64	49	73	
	0	31	1	34	2	34	3	22	4	25	5	35	6	21	7	32	8	20	9	36	10	31	11	27	12	32	13	34	14	20	15	22	16	31	17	20	18	26	19	20	20	35	21	19	22	20	23	25	24	35	25	34	26	32	27	33	28	36	29	23	30	29	31	20	32	23	33	37	34	20	35	30	36	32	37	27	38	36	39	18	40	33	41	25	42	28	43	22	44	24	45	37	46	19	47	21	48	20	49	20	
	0	59	1	56	2	65	3	65	4	70	5	67	6	64	7	70	8	70	9	67	10	59	11	71	12	66	13	71	14	65	15	70	16	60	17	56	18	62	19	59	20	72	21	72	22	64	23	63	24	73	25	71	26	65	27	56	28	59	29	60	30	67	31	67	32	73	33	59	34	62	35	63	36	73	37	73	38	56	39	74	40	59	41	73	42	63	43	63	44	63	45	55	46	67	47	70	48	64	49	55	
	0	92	1	84	2	89	3	100	4	83	5	92	6	88	7	85	8	83	9	91	10	95	11	96	12	100	13	97	14	94	15	84	16	93	17	97	18	88	19	96	20	97	21	87	22	85	23	93	24	83	25	81	26	92	27	86	28	100	29	90	30	85	31	82	32	94	33	85	34	81	35	91	36	89	37	83	38	81	39	97	40	92	41	86	42	90	43	85	44	97	45	98	46	86	47	96	48	90	49	92	
	0	104	1	101	2	109	3	114	4	99	5	113	6	116	7	116	8	99	9	111	10	105	11	106	12	98	13	107	14	111	15	110	16	98	17	111	18	113	19	108	20	113	21	110	22	106	23	103	24	103	25	111	26	115	27	100	28	101	29	109	30	109	31	107	32	103	33	107	34	108	35	103	36	105	37	113	38	98	39	111	40	116	41	110	42	113	43	115	44	115	45	101	46	113	47	116	48	109	49	106	
	0	25	1	21	2	11	3	25	4	8	5	13	6	13	7	25	8	23	9	11	10	24	11	11	12	16	13	10	14	14	15	13	16	13	17	10	18	22	19	13	20	21	21	25	22	13	23	9	24	18	25	17	26	24	27	21	28	10	29	11	30	23	31	23	32	7	33	26	34	15	35	23	36	9	37	14	38	25	39	25	40	19	41	23	42	19	43	17	44	17	45	25	46	16	47	21	48	20	49	18	
	0	114	1	101	2	117	3	102	4	104	5	109	6	110	7	105	8	116	9	114	10	99	11	106	12	105	13	106	14	114	15	104	16	103	17	112	18	112	19	99	20	117	21	105	22	103	23	99	24	109	25	117	26	99	27	113	28	110	29	116	30	116	31	108	32	101	33	100	34	107	35	118	36	114	37	99	38	118	39	114	40	114	41	115	42	99	43	118	44	114	45	114	46	117	47	109	48	99	49	113	
	0	43	1	45	2	57	3	55	4	42	5	55	6	40	7	43	8	41	9	40	10	42	11	41	12	44	13	44	14	40	15	45	16	58	17	52	18	51	19	51	20	51	21	45	22	45	23	40	24	50	25	45	26	56	27	55	28	48	29	41	30	49	31	41	32	43	33	48	34	52	35	50	36	54	37	55	38	47	39	46	40	58	41	46	42	41	43	44	44	42	45	46	46	44	47	55	48	44	49	57	
	0	24	1	37	2	22	3	39	4	24	5	28	6	21	7	38	8	30	9	25	10	30	11	36	12	34	13	27	14	24	15	28	16	36	17	21	18	27	19	26	20	29	21	24	22	35	23	36	24	30	25	37	26	25	27	37	28	21	29	32	30	29	31	29	32	26	33	33	34	37	35	35	36	38	37	21	38	22	39	35	40	26	41	36	42	38	43	27	44	30	45	22	46	27	47	28	48	36	49	25	
	0	47	1	56	2	58	3	58	4	54	5	63	6	52	7	57	8	61	9	62	10	54	11	45	12	61	13	57	14	61	15	60	16	53	17	48	18	57	19	49	20	57	21	48	22	57	23	60	24	48	25	59	26	59	27	53	28	62	29	51	30	62	31	51	32	58	33	50	34	63	35	50	36	55	37	48	38	63	39	64	40	57	41	57	42	54	43	46	44	47	45	50	46	45	47	55	48	59	49	62	
	0	61	1	72	2	68	3	64	4	64	5	58	6	68	7	55	8	57	9	57	10	64	11	72	12	65	13	74	14	60	15	67	16	61	17	61	18	65	19	66	20	73	21	63	22	70	23	72	24	71	25	55	26	74	27	55	28	60	29	57	30	59	31	74	32	58	33	69	34	72	35	66	36	72	37	71	38	64	39	70	40	74	41	61	42	72	43	61	44	60	45	64	46	55	47	56	48	63	49	57	
	0	86	1	83	2	79	3	97	4	91	5	96	6	89	7	83	8	86	9	92	10	93	11	83	12	83	13	93	14	96	15	84	16	93	17	84	18	86	19	90	20	82	21	87	22	87	23	87	24	87	25	98	26	92	27	80	28	91	29	97	30	84	31	93	32	85	33	91	34	83	35	86	36	82	37	94	38	84	39	82	40	93	41	88	42	83	43	94	44	81	45	83	46	89	47	98	48	89	49	90	
	0	33	1	31	2	20	3	20	4	30	5	28	6	29	7	16	8	32	9	25	10	15	11	15	12	22	13	22	14	15	15	23	16	28	17	27	18	26	19	27	20	18	21	20	22	20	23	29	24	23	25	23	26	24	27	27	28	15	29	34	30	25	31	27	32	17	33	18	34	28	35	31	36	33	37	34	38	26	39	27	40	26	41	29	42	15	43	26	44	24	45	31	46	27	47	23	48	16	49	28	
	0	59	1	73	2	71	3	72	4	61	5	71	6	78	7	67	8	59	9	67	10	63	11	78	12	61	13	63	14	62	15	64	16	61	17	64	18	78	19	62	20	76	21	78	22	67	23	71	24	64	25	63	26	78	27	77	28	67	29	72	30	69	31	67	32	68	33	73	34	69	35	72	36	73	37	68	38	60	39	77	40	72	41	74	42	65	43	63	44	72	45	62	46	64	47	60	48	65	49	63	
	0	72	1	81	2	73	3	67	4	72	5	73	6	75	7	80	8	66	9	63	10	76	11	64	12	68	13	81	14	63	15	75	16	72	17	67	18	74	19	75	20	65	21	71	22	72	23	72	24	82	25	70	26	79	27	70	28	71	29	80	30	70	31	64	32	76	33	69	34	78	35	78	36	69	37	66	38	64	39	69	40	71	41	75	42	79	43	71	44	71	45	75	46	76	47	77	48	69	49	70	
	0	83	1	85	2	92	3	81	4	75	5	77	6	93	7	81	8	90	9	86	10	93	11	76	12	93	13	86	14	83	15	93	16	75	17	75	18	79	19	89	20	80	21	83	22	87	23	85	24	81	25	79	26	81	27	86	28	87	29	82	30	90	31	82	32	86	33	94	34	77	35	76	36	76	37	86	38	83	39	80	40	80	41	89	42	93	43	91	44	76	45	86	46	77	47	75	48	86	49	82	
	0	11	1	25	2	9	3	22	4	17	5	6	6	12	7	14	8	21	9	16	10	17	11	21	12	19	13	9	14	22	15	20	16	18	17	8	18	11	19	18	20	16	21	25	22	18	23	23	24	16	25	24	26	8	27	21	28	23	29	18	30	8	31	6	32	11	33	22	34	19	35	18	36	11	37	10	38	24	39	14	40	7	41	17	42	22	43	19	44	18	45	21	46	17	47	21	48	11	49	10	
	0	43	1	43	2	41	3	44	4	32	5	35	6	35	7	48	8	49	9	33	10	30	11	36	12	37	13	43	14	42	15	32	16	38	17	35	18	34	19	45	20	41	21	38	22	42	23	48	24	34	25	42	26	38	27	31	28	47	29	40	30	44	31	47	32	47	33	30	34	46	35	30	36	31	37	49	38	35	39	35	40	43	41	47	42	48	43	45	44	32	45	40	46	45	47	36	48	43	49	35	
	0	99	1	97	2	91	3	98	4	100	5	93	6	89	7	85	8	94	9	86	10	90	11	95	12	99	13	84	14	94	15	88	16	94	17	84	18	90	19	85	20	99	21	88	22	81	23	99	24	89	25	93	26	82	27	97	28	91	29	82	30	81	31	83	32	92	33	89	34	91	35	95	36	85	37	86	38	81	39	94	40	82	41	96	42	84	43	87	44	86	45	84	46	85	47	95	48	95	49	81	
	0	17	1	18	2	29	3	23	4	30	5	27	6	35	7	25	8	17	9	18	10	26	11	28	12	33	13	26	14	19	15	32	16	23	17	27	18	32	19	34	20	19	21	23	22	27	23	22	24	36	25	33	26	21	27	29	28	20	29	36	30	24	31	30	32	27	33	31	34	29	35	23	36	31	37	26	38	28	39	21	40	20	41	28	42	18	43	22	44	30	45	22	46	21	47	32	48	32	49	33	
	0	90	1	88	2	91	3	87	4	85	5	97	6	85	7	92	8	97	9	93	10	87	11	93	12	87	13	97	14	85	15	91	16	85	17	93	18	96	19	92	20	89	21	85	22	100	23	98	24	91	25	85	26	95	27	90	28	96	29	91	30	94	31	98	32	95	33	94	34	94	35	93	36	88	37	88	38	84	39	90	40	96	41	89	42	99	43	101	44	93	45	91	46	87	47	89	48	86	49	95	
	0	23	1	33	2	23	3	14	4	28	5	25	6	31	7	20	8	23	9	29	10	33	11	18	12	33	13	15	14	18	15	30	16	22	17	27	18	25	19	33	20	24	21	30	22	20	23	32	24	17	25	16	26	16	27	17	28	16	29	16	30	32	31	26	32	15	33	28	34	15	35	17	36	25	37	22	38	26	39	17	40	18	41	26	42	28	43	20	44	23	45	29	46	20	47	26	48	16	49	24	
	0	48	1	61	2	62	3	53	4	51	5	46	6	45	7	52	8	49	9	51	10	57	11	53	12	59	13	61	14	58	15	64	16	59	17	48	18	52	19	63	20	62	21	53	22	57	23	59	24	45	25	61	26	63	27	54	28	56	29	45	30	59	31	45	32	62	33	49	34	53	35	48	36	45	37	61	38	47	39	63	40	53	41	46	42	57	43	58	44	53	45	52	46	59	47	53	48	56	49	48	
	0	52	1	58	2	46	3	49	4	42	5	60	6	57	7	54	8	41	9	58	10	54	11	53	12	47	13	56	14	51	15	46	16	49	17	56	18	56	19	56	20	51	21	44	22	52	23	48	24	44	25	51	26	59	27	48	28	56	29	41	30	53	31	46	32	57	33	44	34	55	35	52	36	57	37	47	38	58	39	50	40	44	41	42	42	59	43	51	44	57	45	56	46	51	47	51	48	43	49	58	
	0	29	1	42	2	44	3	30	4	41	5	33	6	34	7	29	8	35	9	47	10	37	11	33	12	32	13	29	14	48	15	37	16	45	17	31	18	34	19	40	20	30	21	31	22	29	23	47	24	31	25	45	26	45	27	37	28	39	29	30	30	44	31	40	32	34	33	42	34	34	35	38	36	33	37	48	38	34	39	38	40	34	41	48	42	32	43	46	44	45	45	37	46	33	47	47	48	36	49	38	
	0	24	1	15	2	16	3	24	4	25	5	20	6	14	7	13	8	14	9	20	10	11	11	14	12	19	13	21	14	21	15	12	16	14	17	12	18	10	19	16	20	16	21	23	22	9	23	15	24	8	25	11	26	8	27	25	28	6	29	13	30	13	31	17	32	21	33	8	34	24	35	13	36	23	37	14	38	7	39	12	40	20	41	14	42	21	43	20	44	11	45	18	46	21	47	11	48	20	49	9	
	0	29	1	37	2	45	3	28	4	37	5	28	6	31	7	34	8	41	9	29	10	44	11	27	12	28	13	30	14	37	15	29	16	40	17	39	18	35	19	44	20	32	21	44	22	29	23	28	24	36	25	30	26	39	27	26	28	28	29	42	30	27	31	44	32	35	33	33	34	31	35	37	36	37	37	37	38	43	39	39	40	39	41	29	42	28	43	29	44	28	45	36	46	38	47	33	48	37	49	40	
	0	64	1	67	2	68	3	71	4	65	5	66	6	76	7	64	8	82	9	72	10	67	11	78	12	81	13	74	14	78	15	75	16	75	17	66	18	67	19	63	20	77	21	80	22	82	23	68	24	80	25	64	26	76	27	69	28	71	29	71	30	68	31	71	32	71	33	78	34	76	35	73	36	67	37	82	38	76	39	69	40	79	41	73	42	82	43	73	44	76	45	65	46	73	47	67	48	70	49	77	
	0	28	1	19	2	13	3	22	4	11	5	16	6	19	7	16	8	19	9	15	10	21	11	12	12	28	13	18	14	21	15	13	16	20	17	21	18	21	19	22	20	29	21	25	22	23	23	16	24	22	25	16	26	12	27	27	28	14	29	15	30	14	31	19	32	14	33	14	34	24	35	11	36	29	37	25	38	11	39	17	40	22	41	25	42	18	43	10	44	16	45	27	46	22	47	29	48	17	49	29	
	0	97	1	99	2	100	3	103	4	95	5	101	6	93	7	95	8	87	9	90	10	97	11	97	12	94	13	93	14	91	15	95	16	103	17	95	18	92	19	97	20	94	21	99	22	97	23	92	24	91	25	102	26	102	27	86	28	94	29	89	30	100	31	97	32	85	33	100	34	94	35	91	36	99	37	88	38	102	39	88	40	97	41	97	42	85	43	102	44	103	45	86	46	96	47	89	48	90	49	101	
	0	48	1	56	2	41	3	42	4	54	5	52	6	55	7	52	8	49	9	41	10	52	11	58	12	55	13	50	14	43	15	41	16	43	17	54	18	48	19	49	20	49	21	53	22	51	23	58	24	48	25	51	26	57	27	48	28	56	29	55	30	56	31	41	32	41	33	52	34	57	35	52	36	56	37	42	38	49	39	47	40	53	41	39	42	53	43	54	44	45	45	54	46	40	47	47	48	43	49	44	
	0	75	1	75	2	62	3	75	4	67	5	75	6	59	7	68	8	68	9	74	10	59	11	62	12	69	13	74	14	74	15	70	16	78	17	76	18	74	19	69	20	59	21	59	22	60	23	68	24	59	25	68	26	66	27	60	28	59	29	78	30	70	31	70	32	67	33	62	34	59	35	61	36	59	37	69	38	68	39	63	40	64	41	73	42	63	43	65	44	65	45	66	46	77	47	70	48	73	49	63	
	0	64	1	71	2	70	3	70	4	72	5	70	6	77	7	79	8	76	9	72	10	70	11	82	12	66	13	66	14	66	15	67	16	67	17	77	18	78	19	77	20	69	21	70	22	78	23	63	24	75	25	69	26	71	27	72	28	76	29	80	30	69	31	63	32	71	33	77	34	66	35	67	36	78	37	82	38	79	39	79	40	64	41	72	42	76	43	70	44	77	45	78	46	78	47	78	48	66	49	79	
	0	36	1	29	2	42	3	35	4	30	5	48	6	39	7	34	8	47	9	43	10	42	11	43	12	38	13	46	14	45	15	41	16	31	17	46	18	37	19	30	20	48	21	30	22	31	23	43	24	47	25	41	26	39	27	33	28	39	29	48	30	29	31	43	32	41	33	46	34	48	35	39	36	44	37	42	38	30	39	31	40	36	41	41	42	42	43	46	44	48	45	46	46	40	47	44	48	32	49	31	
	0	41	1	49	2	41	3	53	4	41	5	51	6	51	7	44	8	42	9	41	10	44	11	59	12	45	13	49	14	45	15	59	16	44	17	41	18	52	19	48	20	44	21	46	22	59	23	53	24	43	25	55	26	40	27	43	28	50	29	49	30	47	31	50	32	46	33	52	34	40	35	49	36	58	37	40	38	49	39	55	40	49	41	43	42	42	43	44	44	42	45	58	46	41	47	43	48	56	49	44	
	0	38	1	36	2	37	3	21	4	32	5	38	6	20	7	24	8	23	9	34	10	33	11	29	12	22	13	25	14	26	15	35	16	23	17	32	18	31	19	21	20	20	21	19	22	36	23	32	24	24	25	30	26	22	27	28	28	33	29	32	30	22	31	35	32	37	33	30	34	29	35	20	36	32	37	33	38	26	39	29	40	20	41	28	42	31	43	38	44	24	45	20	46	31	47	35	48	31	49	29	
	0	85	1	70	2	71	3	86	4	72	5	68	6	79	7	73	8	79	9	81	10	80	11	78	12	77	13	81	14	77	15	68	16	76	17	70	18	71	19	80	20	86	21	79	22	72	23	77	24	69	25	85	26	73	27	71	28	83	29	86	30	74	31	76	32	78	33	84	34	76	35	86	36	81	37	74	38	70	39	86	40	69	41	86	42	69	43	87	44	68	45	75	46	75	47	79	48	72	49	87	
	0	23	1	29	2	19	3	17	4	17	5	25	6	23	7	25	8	18	9	19	10	35	11	28	12	22	13	19	14	34	15	18	16	28	17	35	18	36	19	33	20	28	21	32	22	28	23	20	24	24	25	26	26	26	27	30	28	20	29	30	30	18	31	35	32	30	33	31	34	35	35	18	36	25	37	18	38	25	39	19	40	35	41	19	42	24	43	28	44	18	45	17	46	25	47	23	48	35	49	30	
	0	51	1	49	2	53	3	44	4	52	5	38	6	45	7	52	8	56	9	49	10	43	11	51	12	41	13	39	14	43	15	55	16	53	17	48	18	48	19	52	20	37	21	54	22	46	23	51	24	54	25	53	26	42	27	42	28	46	29	51	30	49	31	50	32	55	33	38	34	49	35	40	36	50	37	51	38	45	39	42	40	47	41	43	42	44	43	45	44	49	45	54	46	50	47	41	48	48	49	45	
	0	92	1	94	2	86	3	84	4	92	5	101	6	102	7	88	8	93	9	88	10	97	11	96	12	98	13	86	14	95	15	88	16	86	17	92	18	85	19	91	20	103	21	88	22	89	23	85	24	103	25	103	26	101	27	91	28	86	29	84	30	87	31	91	32	86	33	84	34	94	35	91	36	98	37	87	38	95	39	97	40	99	41	103	42	103	43	93	44	102	45	97	46	92	47	95	48	84	49	97	
	0	72	1	77	2	80	3	65	4	68	5	62	6	65	7	76	8	61	9	69	10	79	11	64	12	70	13	62	14	74	15	62	16	79	17	76	18	76	19	76	20	78	21	76	22	80	23	62	24	76	25	62	26	80	27	62	28	70	29	66	30	80	31	68	32	62	33	70	34	75	35	62	36	70	37	77	38	61	39	67	40	77	41	69	42	74	43	63	44	74	45	66	46	75	47	71	48	62	49	75	
	0	42	1	35	2	33	3	36	4	30	5	38	6	34	7	32	8	43	9	47	10	38	11	40	12	35	13	38	14	46	15	45	16	39	17	40	18	43	19	43	20	42	21	43	22	28	23	30	24	31	25	38	26	31	27	39	28	30	29	47	30	30	31	39	32	40	33	28	34	46	35	46	36	47	37	38	38	47	39	28	40	28	41	41	42	38	43	38	44	39	45	44	46	38	47	32	48	47	49	36	
	0	108	1	105	2	101	3	106	4	107	5	94	6	109	7	106	8	95	9	92	10	106	11	92	12	93	13	105	14	99	15	97	16	104	17	104	18	103	19	102	20	100	21	102	22	105	23	93	24	109	25	100	26	100	27	103	28	104	29	99	30	111	31	94	32	100	33	104	34	97	35	104	36	109	37	95	38	105	39	111	40	111	41	97	42	100	43	100	44	106	45	97	46	108	47	110	48	111	49	100	
	0	18	1	28	2	29	3	19	4	33	5	36	6	20	7	24	8	21	9	25	10	30	11	29	12	32	13	21	14	32	15	19	16	32	17	19	18	32	19	24	20	22	21	36	22	34	23	29	24	19	25	28	26	30	27	34	28	20	29	25	30	25	31	21	32	34	33	30	34	23	35	27	36	23	37	19	38	26	39	32	40	25	41	25	42	36	43	22	44	24	45	31	46	34	47	29	48	36	49	28	
	0	10	1	8	2	14	3	19	4	10	5	9	6	12	7	23	8	23	9	17	10	24	11	11	12	15	13	13	14	18	15	7	16	13	17	15	18	23	19	11	20	17	21	20	22	20	23	14	24	18	25	24	26	18	27	14	28	10	29	19	30	17	31	23	32	10	33	16	34	13	35	15	36	24	37	19	38	15	39	24	40	20	41	21	42	9	43	14	44	23	45	23	46	10	47	5	48	7	49	16	
	0	35	1	29	2	24	3	25	4	19	5	32	6	22	7	37	8	33	9	31	10	25	11	33	12	37	13	32	14	31	15	33	16	31	17	32	18	34	19	26	20	29	21	24	22	28	23	35	24	37	25	22	26	37	27	35	28	19	29	30	30	24	31	26	32	35	33	35	34	19	35	21	36	28	37	18	38	31	39	19	40	32	41	26	42	23	43	18	44	24	45	27	46	25	47	31	48	28	49	22	
	0	75	1	78	2	78	3	82	4	75	5	76	6	81	7	94	8	86	9	90	10	84	11	88	12	84	13	76	14	91	15	79	16	79	17	80	18	89	19	89	20	88	21	90	22	93	23	91	24	76	25	79	26	93	27	82	28	94	29	89	30	81	31	87	32	89	33	88	34	90	35	89	36	89	37	93	38	76	39	80	40	84	41	88	42	85	43	82	44	83	45	93	46	81	47	82	48	83	49	75	
	0	51	1	62	2	52	3	70	4	70	5	55	6	66	7	67	8	64	9	63	10	68	11	54	12	67	13	69	14	57	15	68	16	54	17	61	18	61	19	68	20	53	21	68	22	53	23	53	24	56	25	68	26	58	27	56	28	65	29	68	30	63	31	54	32	68	33	60	34	60	35	70	36	54	37	67	38	51	39	66	40	62	41	68	42	53	43	52	44	69	45	51	46	70	47	61	48	70	49	57	
	0	91	1	92	2	86	3	77	4	78	5	82	6	89	7	86	8	95	9	93	10	91	11	83	12	92	13	93	14	78	15	84	16	83	17	81	18	78	19	92	20	80	21	88	22	79	23	86	24	92	25	91	26	85	27	95	28	90	29	94	30	92	31	79	32	80	33	90	34	77	35	95	36	93	37	82	38	89	39	80	40	86	41	92	42	80	43	77	44	84	45	91	46	96	47	91	48	85	49	95	
	0	85	1	102	2	97	3	104	4	92	5	89	6	92	7	92	8	101	9	99	10	98	11	101	12	103	13	99	14	104	15	88	16	101	17	87	18	94	19	94	20	103	21	91	22	86	23	101	24	93	25	100	26	94	27	94	28	88	29	102	30	86	31	91	32	97	33	98	34	100	35	92	36	93	37	87	38	100	39	97	40	95	41	91	42	88	43	103	44	98	45	95	46	101	47	85	48	86	49	93	
	0	90	1	94	2	106	3	95	4	106	5	101	6	96	7	101	8	90	9	102	10	105	11	105	12	92	13	98	14	103	15	100	16	91	17	104	18	104	19	97	20	99	21	99	22	90	23	97	24	106	25	96	26	95	27	96	28	105	29	108	30	90	31	102	32	95	33	90	34	107	35	101	36	95	37	90	38	97	39	104	40	104	41	97	42	104	43	89	44	89	45	97	46	97	47	89	48	99	49	94	
	0	94	1	90	2	89	3	88	4	102	5	88	6	96	7	95	8	92	9	99	10	96	11	96	12	97	13	104	14	97	15	100	16	88	17	95	18	87	19	105	20	102	21	95	22	100	23	91	24	88	25	94	26	97	27	94	28	105	29	104	30	92	31	105	32	87	33	106	34	103	35	95	36	99	37	88	38	93	39	101	40	89	41	94	42	94	43	104	44	102	45	96	46	106	47	101	48	101	49	89	
	0	18	1	17	2	10	3	10	4	14	5	25	6	25	7	23	8	14	9	15	10	22	11	10	12	13	13	20	14	14	15	12	16	20	17	25	18	28	19	13	20	27	21	11	22	23	23	23	24	22	25	20	26	17	27	14	28	26	29	13	30	14	31	10	32	20	33	25	34	17	35	18	36	17	37	23	38	14	39	25	40	25	41	28	42	28	43	23	44	18	45	12	46	21	47	25	48	16	49	11	
	0	53	1	54	2	45	3	55	4	48	5	56	6	54	7	56	8	39	9	54	10	53	11	43	12	47	13	41	14	44	15	49	16	55	17	54	18	38	19	47	20	55	21	44	22	37	23	53	24	46	25	42	26	53	27	54	28	51	29	49	30	54	31	38	32	37	33	43	34	42	35	39	36	54	37	54	38	37	39	41	40	54	41	52	42	49	43	53	44	37	45	48	46	49	47	37	48	54	49	39	
	0	20	1	3	2	3	3	11	4	13	5	14	6	17	7	7	8	8	9	20	10	8	11	7	12	11	13	10	14	19	15	20	16	5	17	14	18	9	19	8	20	6	21	7	22	18	23	12	24	9	25	7	26	6	27	4	28	10	29	13	30	5	31	8	32	13	33	6	34	22	35	16	36	14	37	11	38	13	39	21	40	10	41	17	42	15	43	15	44	18	45	14	46	10	47	18	48	15	49	12	
	0	107	1	97	2	100	3	114	4	98	5	98	6	102	7	108	8	103	9	97	10	106	11	110	12	108	13	101	14	98	15	108	16	111	17	113	18	100	19	104	20	114	21	104	22	116	23	98	24	104	25	112	26	106	27	112	28	110	29	107	30	108	31	104	32	99	33	103	34	112	35	99	36	113	37	105	38	107	39	108	40	105	41	105	42	114	43	112	44	114	45	112	46	97	47	97	48	103	49	98	
	0	99	1	89	2	104	3	90	4	104	5	95	6	103	7	90	8	98	9	100	10	106	11	100	12	90	13	93	14	89	15	103	16	103	17	95	18	93	19	100	20	102	21	105	22	105	23	101	24	94	25	95	26	94	27	105	28	106	29	93	30	104	31	100	32	103	33	100	34	93	35	93	36	99	37	91	38	88	39	88	40	100	41	99	42	94	43	98	44	97	45	91	46	87	47	92	48	94	49	98	
	0	20	1	12	2	19	3	14	4	12	5	30	6	11	7	27	8	17	9	22	10	19	11	16	12	11	13	23	14	13	15	15	16	15	17	11	18	29	19	18	20	17	21	22	22	21	23	25	24	21	25	24	26	25	27	18	28	18	29	24	30	14	31	16	32	29	33	25	34	17	35	14	36	12	37	20	38	24	39	21	40	19	41	16	42	18	43	12	44	17	45	12	46	12	47	16	48	19	49	15	
	0	30	1	27	2	35	3	23	4	33	5	20	6	30	7	23	8	36	9	21	10	29	11	37	12	24	13	28	14	36	15	33	16	34	17	27	18	23	19	39	20	26	21	31	22	36	23	28	24	36	25	30	26	37	27	33	28	32	29	36	30	37	31	32	32	33	33	31	34	35	35	22	36	34	37	34	38	32	39	32	40	39	41	24	42	35	43	20	44	27	45	35	46	34	47	36	48	39	49	31	
	0	10	1	19	2	22	3	13	4	14	5	16	6	5	7	6	8	8	9	22	10	24	11	18	12	22	13	14	14	16	15	5	16	9	17	12	18	21	19	9	20	13	21	24	22	20	23	23	24	24	25	16	26	7	27	18	28	16	29	16	30	9	31	7	32	13	33	9	34	14	35	19	36	5	37	22	38	23	39	10	40	8	41	17	42	6	43	13	44	16	45	7	46	7	47	19	48	22	49	8	
	0	54	1	60	2	46	3	56	4	57	5	46	6	56	7	56	8	57	9	47	10	46	11	60	12	61	13	49	14	56	15	56	16	51	17	57	18	61	19	58	20	58	21	54	22	46	23	47	24	57	25	62	26	56	27	62	28	50	29	54	30	59	31	62	32	57	33	58	34	61	35	53	36	48	37	56	38	64	39	54	40	60	41	47	42	47	43	64	44	62	45	45	46	48	47	60	48	51	49	63	
	0	74	1	72	2	75	3	76	4	61	5	70	6	59	7	60	8	63	9	72	10	62	11	63	12	70	13	78	14	70	15	69	16	76	17	67	18	72	19	74	20	75	21	66	22	77	23	77	24	64	25	76	26	65	27	63	28	75	29	75	30	68	31	74	32	75	33	75	34	64	35	78	36	76	37	72	38	77	39	75	40	61	41	73	42	72	43	61	44	77	45	76	46	67	47	63	48	61	49	74	
	0	15	1	28	2	24	3	19	4	20	5	24	6	19	7	28	8	15	9	28	10	20	11	29	12	12	13	27	14	24	15	24	16	22	17	19	18	29	19	26	20	27	21	31	22	12	23	13	24	18	25	20	26	31	27	28	28	21	29	24	30	12	31	16	32	19	33	14	34	12	35	19	36	29	37	20	38	25	39	23	40	18	41	18	42	21	43	26	44	29	45	29	46	27	47	21	48	28	49	16	
	0	61	1	64	2	49	3	63	4	60	5	63	6	64	7	57	8	64	9	60	10	64	11	56	12	58	13	53	14	61	15	62	16	57	17	46	18	56	19	47	20	64	21	52	22	47	23	56	24	54	25	63	26	54	27	56	28	57	29	58	30	61	31	57	32	54	33	52	34	62	35	47	36	62	37	53	38	62	39	54	40	63	41	56	42	59	43	53	44	51	45	62	46	60	47	64	48	63	49	53	
	0	86	1	92	2	82	3	85	4	80	5	82	6	95	7	89	8	95	9	89	10	92	11	85	12	89	13	96	14	86	15	86	16	87	17	95	18	95	19	81	20	82	21	85	22	86	23	82	24	92	25	96	26	87	27	80	28	78	29	96	30	90	31	89	32	85	33	86	34	89	35	81	36	77	37	83	38	87	39	90	40	90	41	79	42	96	43	83	44	90	45	94	46	87	47	85	48	89	49	78	
	0	48	1	54	2	48	3	62	4	59	5	46	6	49	7	57	8	50	9	57	10	47	11	62	12	57	13	63	14	65	15	62	16	60	17	65	18	58	19	55	20	55	21	46	22	48	23	48	24	65	25	47	26	50	27	59	28	53	29	64	30	61	31	46	32	51	33	49	34	64	35	55	36	60	37	52	38	61	39	62	40	48	41	48	42	53	43	53	44	53	45	59	46	60	47	51	48	49	49	57	
	0	26	1	22	2	25	3	18	4	37	5	29	6	22	7	28	8	26	9	36	10	19	11	37	12	29	13	22	14	27	15	24	16	33	17	25	18	37	19	18	20	23	21	36	22	35	23	27	24	26	25	31	26	34	27	27	28	18	29	27	30	18	31	23	32	25	33	27	34	36	35	25	36	36	37	20	38	30	39	24	40	30	41	30	42	27	43	37	44	24	45	32	46	21	47	31	48	33	49	19	
	0	38	1	38	2	29	3	28	4	31	5	26	6	19	7	37	8	29	9	19	10	20	11	22	12	22	13	37	14	19	15	24	16	32	17	26	18	28	19	19	20	31	21	32	22	33	23	37	24	20	25	31	26	32	27	19	28	27	29	28	30	26	31	28	32	26	33	23	34	26	35	36	36	38	37	29	38	36	39	34	40	26	41	19	42	38	43	22	44	30	45	35	46	25	47	19	48	31	49	33	
	0	93	1	84	2	98	3	87	4	96	5	90	6	88	7	84	8	96	9	89	10	96	11	94	12	92	13	87	14	90	15	98	16	93	17	98	18	83	19	92	20	87	21	97	22	90	23	95	24	81	25	80	26	98	27	83	28	91	29	92	30	91	31	90	32	89	33	91	34	83	35	84	36	99	37	90	38	89	39	86	40	80	41	98	42	94	43	85	44	80	45	82	46	96	47	97	48	94	49	85	
	0	40	1	54	2	44	3	50	4	46	5	52	6	54	7	59	8	46	9	57	10	55	11	51	12	50	13	56	14	52	15	58	16	48	17	42	18	41	19	44	20	49	21	59	22	59	23	52	24	53	25	54	26	53	27	42	28	57	29	43	30	45	31	49	32	54	33	47	34	55	35	58	36	54	37	52	38	41	39	48	40	55	41	56	42	47	43	45	44	52	45	57	46	44	47	53	48	52	49	51	
	0	38	1	32	2	41	3	42	4	33	5	29	6	26	7	39	8	28	9	35	10	24	11	29	12	26	13	37	14	40	15	39	16	39	17	32	18	38	19	26	20	25	21	27	22	38	23	34	24	28	25	38	26	24	27	33	28	41	29	36	30	40	31	27	32	24	33	31	34	31	35	33	36	27	37	26	38	40	39	30	40	39	41	37	42	38	43	29	44	29	45	37	46	35	47	29	48	34	49	29	
	0	99	1	96	2	109	3	111	4	100	5	105	6	109	7	105	8	96	9	104	10	102	11	110	12	97	13	111	14	105	15	96	16	110	17	105	18	95	19	110	20	107	21	112	22	108	23	108	24	97	25	99	26	95	27	109	28	114	29	97	30	102	31	101	32	110	33	112	34	110	35	102	36	98	37	102	38	105	39	97	40	107	41	105	42	96	43	113	44	102	45	107	46	112	47	113	48	104	49	111	
	0	80	1	93	2	79	3	96	4	79	5	86	6	83	7	82	8	82	9	80	10	90	11	94	12	95	13	83	14	88	15	82	16	88	17	82	18	92	19	87	20	91	21	79	22	79	23	82	24	81	25	87	26	82	27	79	28	85	29	80	30	90	31	91	32	92	33	91	34	82	35	94	36	90	37	79	38	79	39	83	40	82	41	80	42	96	43	81	44	86	45	81	46	87	47	84	48	90	49	91	
	0	53	1	44	2	50	3	54	4	35	5	50	6	50	7	48	8	38	9	41	10	40	11	47	12	54	13	49	14	49	15	49	16	41	17	41	18	52	19	53	20	38	21	53	22	40	23	51	24	37	25	39	26	40	27	38	28	45	29	40	30	50	31	35	32	46	33	48	34	35	35	37	36	48	37	40	38	49	39	50	40	53	41	40	42	40	43	37	44	41	45	40	46	46	47	44	48	48	49	49	
	0	44	1	29	2	37	3	31	4	37	5	42	6	39	7	42	8	35	9	34	10	28	11	29	12	38	13	39	14	35	15	36	16	26	17	39	18	41	19	43	20	36	21	42	22	28	23	44	24	43	25	28	26	40	27	34	28	42	29	39	30	28	31	34	32	28	33	30	34	34	35	41	36	31	37	42	38	39	39	28	40	29	41	32	42	29	43	40	44	33	45	38	46	43	47	30	48	35	49	35	
	0	60	1	61	2	70	3	67	4	67	5	70	6	61	7	76	8	72	9	66	10	70	11	62	12	65	13	67	14	75	15	71	16	68	17	74	18	58	19	77	20	68	21	72	22	65	23	68	24	73	25	63	26	69	27	71	28	71	29	69	30	72	31	71	32	67	33	71	34	73	35	68	36	72	37	61	38	66	39	77	40	65	41	62	42	68	43	63	44	76	45	72	46	60	47	69	48	60	49	62	
	0	4	1	9	2	15	3	5	4	10	5	20	6	7	7	22	8	17	9	22	10	7	11	16	12	6	13	17	14	18	15	17	16	10	17	22	18	19	19	5	20	9	21	6	22	15	23	17	24	6	25	8	26	20	27	7	28	16	29	13	30	20	31	22	32	16	33	3	34	8	35	3	36	4	37	4	38	9	39	6	40	4	41	19	42	18	43	15	44	8	45	9	46	15	47	20	48	10	49	9	
	0	41	1	56	2	37	3	49	4	52	5	50	6	49	7	44	8	37	9	50	10	40	11	52	12	53	13	51	14	40	15	43	16	37	17	47	18	56	19	46	20	43	21	40	22	55	23	51	24	39	25	42	26	50	27	46	28	53	29	39	30	42	31	44	32	40	33	39	34	41	35	53	36	42	37	52	38	44	39	37	40	46	41	54	42	41	43	56	44	40	45	50	46	56	47	48	48	43	49	41	
	0	55	1	52	2	63	3	59	4	65	5	48	6	65	7	66	8	64	9	60	10	57	11	63	12	57	13	50	14	62	15	60	16	52	17	60	18	50	19	55	20	48	21	53	22	63	23	55	24	63	25	51	26	53	27	64	28	51	29	59	30	65	31	52	32	63	33	49	34	54	35	51	36	58	37	53	38	50	39	55	40	59	41	63	42	64	43	65	44	64	45	62	46	57	47	67	48	57	49	60	
	0	98	1	101	2	112	3	111	4	109	5	108	6	113	7	114	8	98	9	98	10	106	11	101	12	98	13	96	14	112	15	102	16	111	17	98	18	97	19	107	20	97	21	95	22	105	23	104	24	109	25	101	26	101	27	97	28	110	29	100	30	95	31	112	32	98	33	114	34	102	35	112	36	109	37	107	38	102	39	101	40	102	41	102	42	104	43	106	44	103	45	108	46	107	47	101	48	111	49	111	
	0	107	1	100	2	113	3	113	4	106	5	110	6	113	7	115	8	108	9	106	10	102	11	118	12	109	13	112	14	106	15	119	16	104	17	115	18	112	19	114	20	114	21	108	22	102	23	109	24	108	25	114	26	119	27	105	28	104	29	118	30	119	31	118	32	111	33	109	34	101	35	101	36	115	37	101	38	117	39	100	40	116	41	117	42	111	43	105	44	109	45	105	46	116	47	108	48	102	49	105	
	0	82	1	87	2	73	3	80	4	84	5	75	6	90	7	71	8	81	9	79	10	90	11	77	12	80	13	83	14	83	15	87	16	83	17	74	18	71	19	82	20	85	21	74	22	83	23	83	24	72	25	81	26	81	27	72	28	78	29	89	30	82	31	74	32	73	33	90	34	73	35	90	36	77	37	80	38	84	39	90	40	90	41	82	42	85	43	72	44	87	45	77	46	81	47	78	48	79	49	77	
	0	83	1	77	2	79	3	87	4	69	5	78	6	68	7	79	8	69	9	87	10	78	11	78	12	78	13	83	14	79	15	79	16	86	17	75	18	70	19	73	20	87	21	82	22	84	23	87	24	81	25	75	26	73	27	72	28	76	29	71	30	73	31	87	32	77	33	76	34	77	35	85	36	79	37	76	38	81	39	73	40	87	41	69	42	85	43	70	44	79	45	86	46	73	47	70	48	83	49	81	
	0	43	1	42	2	44	3	43	4	58	5	58	6	53	7	48	8	51	9	45	10	51	11	51	12	43	13	56	14	43	15	57	16	43	17	56	18	48	19	47	20	59	21	51	22	44	23	42	24	59	25	49	26	59	27	53	28	45	29	57	30	43	31	59	32	54	33	44	34	49	35	57	36	51	37	56	38	42	39	41	40	50	41	41	42	46	43	53	44	51	45	57	46	43	47	51	48	53	49	50	
	0	56	1	47	2	41	3	55	4	53	5	55	6	46	7	52	8	55	9	48	10	52	11	56	12	57	13	54	14	49	15	43	16	55	17	57	18	48	19	49	20	40	21	57	22	54	23	44	24	39	25	52	26	45	27	54	28	40	29	41	30	38	31	39	32	55	33	45	34	51	35	49	36	56	37	45	38	38	39	49	40	49	41	38	42	41	43	39	44	49	45	53	46	50	47	42	48	38	49	39	