100 50 1
50
	0	92	1	86	2	81	3	84	4	82	5	93	6	86	7	74	8	92	9	76	10	75	11	87	12	76	13	90	14	82	15	75	16	85	17	80	18	81	19	82	20	81	21	93	22	85	23	86	24	85	25	82	26	92	27	75	28	85	29	75	30	90	31	79	32	88	33	90	34	80	35	75	36	81	37	88	38	76	39	87	40	88	41	78	42	85	43	90	44	78	45	81	46	74	47	75	48	75	49	82	
	0	35	1	25	2	33	3	29	4	35	5	27	6	40	7	38	8	31	9	30	10	29	11	33	12	33	13	33	14	22	15	40	16	25	17	29	18	22	19	26	20	33	21	26	22	34	23	24	24	33	25	36	26	32	27	25	28	24	29	21	30	35	31	23	32	35	33	23	34	27	35	24	36	24	37	24	38	32	39	24	40	35	41	30	42	27	43	22	44	24	45	34	46	21	47	27	48	40	49	28	
	0	73	1	71	2	73	3	70	4	83	5	67	6	82	7	82	8	68	9	71	10	69	11	77	12	70	13	74	14	66	15	68	16	69	17	71	18	74	19	81	20	72	21	70	22	68	23	77	24	68	25	78	26	77	27	82	28	79	29	75	30	71	31	73	32	76	33	66	34	79	35	72	36	68	37	76	38	83	39	76	40	69	41	76	42	79	43	77	44	72	45	66	46	85	47	79	48	84	49	73	
	0	95	1	81	2	89	3	76	4	79	5	76	6	90	7	79	8	82	9	90	10	95	11	86	12	78	13	78	14	90	15	89	16	78	17	81	18	88	19	86	20	92	21	95	22	86	23	80	24	87	25	83	26	77	27	82	28	77	29	90	30	81	31	90	32	80	33	81	34	92	35	84	36	85	37	79	38	81	39	77	40	77	41	80	42	92	43	85	44	80	45	85	46	85	47	77	48	88	49	90	
	0	99	1	96	2	102	3	109	4	95	5	102	6	99	7	95	8	94	9	111	10	93	11	107	12	102	13	101	14	97	15	107	16	102	17	95	18	106	19	93	20	94	21	105	22	108	23	109	24	102	25	99	26	93	27	111	28	103	29	101	30	97	31	105	32	106	33	93	34	99	35	104	36	106	37	93	38	103	39	92	40	106	41	95	42	111	43	105	44	108	45	111	46	101	47	96	48	105	49	100	
	0	87	1	92	2	91	3	89	4	98	5	87	6	89	7	91	8	87	9	88	10	100	11	99	12	85	13	102	14	90	15	96	16	93	17	93	18	95	19	86	20	90	21	103	22	100	23	98	24	103	25	94	26	89	27	85	28	91	29	86	30	95	31	84	32	89	33	96	34	102	35	103	36	98	37	93	38	99	39	103	40	101	41	93	42	102	43	103	44	97	45	85	46	89	47	87	48	86	49	96	
	0	58	1	60	2	55	3	42	4	58	5	52	6	56	7	49	8	43	9	52	10	50	11	47	12	55	13	51	14	61	15	49	16	56	17	44	18	48	19	52	20	51	21	59	22	47	23	48	24	43	25	49	26	49	27	50	28	42	29	44	30	48	31	51	32	51	33	57	34	53	35	56	36	56	37	47	38	48	39	60	40	52	41	57	42	45	43	49	44	46	45	60	46	53	47	51	48	56	49	56	
	0	12	1	13	2	19	3	23	4	25	5	22	6	8	7	25	8	16	9	9	10	13	11	21	12	9	13	18	14	18	15	9	16	9	17	12	18	24	19	24	20	21	21	15	22	26	23	13	24	27	25	12	26	20	27	22	28	20	29	16	30	21	31	24	32	10	33	22	34	16	35	21	36	14	37	16	38	11	39	19	40	17	41	16	42	23	43	24	44	13	45	22	46	11	47	24	48	23	49	26	
	0	59	1	54	2	50	3	41	4	52	5	51	6	49	7	52	8	55	9	42	10	48	11	49	12	50	13	49	14	50	15	52	16	58	17	50	18	46	19	47	20	49	21	52	22	56	23	53	24	48	25	53	26	58	27	58	28	49	29	43	30	56	31	43	32	55	33	50	34	56	35	50	36	53	37	45	38	42	39	57	40	46	41	57	42	45	43	48	44	57	45	58	46	47	47	48	48	58	49	48	
	0	36	1	39	2	37	3	50	4	44	5	41	6	41	7	35	8	44	9	47	10	43	11	36	12	40	13	50	14	40	15	40	16	40	17	45	18	44	19	42	20	44	21	48	22	42	23	36	24	40	25	45	26	38	27	47	28	37	29	43	30	38	31	33	32	41	33	39	34	49	35	50	36	35	37	32	38	47	39	41	40	46	41	35	42	42	43	41	44	36	45	43	46	37	47	46	48	34	49	44	
	0	84	1	91	2	99	3	83	4	83	5	90	6	98	7	92	8	96	9	90	10	84	11	84	12	97	13	86	14	95	15	90	16	93	17	102	18	100	19	97	20	90	21	97	22	101	23	95	24	102	25	92	26	86	27	94	28	96	29	83	30	89	31	86	32	88	33	95	34	91	35	102	36	84	37	96	38	93	39	89	40	102	41	90	42	89	43	85	44	96	45	100	46	98	47	99	48	102	49	84	
	0	20	1	21	2	33	3	25	4	29	5	25	6	30	7	29	8	27	9	30	10	33	11	18	12	23	13	31	14	27	15	29	16	17	17	24	18	24	19	25	20	22	21	33	22	26	23	28	24	20	25	15	26	29	27	28	28	21	29	29	30	28	31	29	32	24	33	17	34	32	35	15	36	18	37	29	38	14	39	26	40	29	41	21	42	24	43	26	44	15	45	24	46	17	47	30	48	18	49	27	
	0	100	1	98	2	102	3	93	4	98	5	100	6	97	7	111	8	109	9	111	10	103	11	111	12	107	13	103	14	111	15	107	16	101	17	111	18	93	19	106	20	106	21	110	22	108	23	99	24	111	25	98	26	108	27	107	28	111	29	112	30	110	31	105	32	98	33	107	34	109	35	102	36	104	37	112	38	94	39	107	40	95	41	112	42	96	43	111	44	102	45	94	46	93	47	105	48	96	49	100	
	0	43	1	26	2	34	3	36	4	44	5	31	6	45	7	32	8	33	9	33	10	37	11	29	12	38	13	32	14	38	15	36	16	27	17	45	18	32	19	30	20	36	21	41	22	30	23	38	24	26	25	35	26	37	27	43	28	38	29	45	30	44	31	41	32	39	33	30	34	37	35	36	36	42	37	39	38	26	39	31	40	38	41	28	42	38	43	35	44	42	45	36	46	43	47	35	48	33	49	41	
	0	11	1	28	2	17	3	27	4	20	5	23	6	25	7	26	8	15	9	22	10	12	11	27	12	12	13	15	14	18	15	28	16	20	17	14	18	20	19	13	20	26	21	20	22	16	23	16	24	10	25	25	26	13	27	15	28	27	29	21	30	11	31	19	32	11	33	25	34	17	35	14	36	10	37	28	38	20	39	23	40	19	41	13	42	9	43	26	44	15	45	20	46	12	47	20	48	16	49	25	
	0	40	1	27	2	36	3	43	4	36	5	43	6	40	7	38	8	43	9	29	10	27	11	41	12	33	13	29	14	36	15	29	16	38	17	35	18	44	19	40	20	27	21	35	22	25	23	43	24	30	25	38	26	25	27	39	28	41	29	37	30	31	31	25	32	38	33	41	34	25	35	43	36	30	37	34	38	27	39	41	40	28	41	42	42	35	43	42	44	37	45	37	46	31	47	33	48	39	49	42	
	0	70	1	74	2	84	3	75	4	80	5	79	6	84	7	77	8	78	9	85	10	77	11	75	12	83	13	82	14	78	15	71	16	85	17	72	18	81	19	72	20	74	21	84	22	87	23	85	24	73	25	83	26	75	27	77	28	86	29	76	30	83	31	84	32	85	33	85	34	82	35	78	36	74	37	68	38	71	39	82	40	79	41	74	42	70	43	79	44	83	45	78	46	81	47	70	48	86	49	73	
	0	59	1	50	2	53	3	55	4	46	5	56	6	60	7	52	8	46	9	57	10	51	11	60	12	54	13	61	14	48	15	47	16	48	17	45	18	54	19	45	20	51	21	45	22	60	23	56	24	61	25	57	26	49	27	61	28	55	29	49	30	63	31	48	32	53	33	48	34	53	35	49	36	57	37	54	38	47	39	63	40	58	41	55	42	62	43	44	44	59	45	48	46	62	47	44	48	63	49	45	
	0	51	1	49	2	52	3	50	4	62	5	61	6	60	7	66	8	54	9	56	10	58	11	58	12	60	13	62	14	50	15	62	16	52	17	50	18	60	19	53	20	61	21	60	22	48	23	63	24	63	25	66	26	48	27	64	28	52	29	52	30	57	31	59	32	53	33	55	34	64	35	48	36	52	37	57	38	65	39	63	40	52	41	51	42	65	43	55	44	61	45	51	46	62	47	50	48	62	49	49	
	0	71	1	83	2	80	3	68	4	66	5	66	6	67	7	85	8	75	9	77	10	77	11	83	12	69	13	85	14	71	15	68	16	85	17	77	18	69	19	73	20	68	21	84	22	73	23	84	24	83	25	77	26	74	27	66	28	72	29	75	30	81	31	69	32	78	33	69	34	83	35	80	36	81	37	75	38	69	39	73	40	75	41	83	42	81	43	80	44	71	45	70	46	73	47	74	48	77	49	67	
	0	45	1	42	2	43	3	42	4	39	5	26	6	44	7	43	8	31	9	40	10	36	11	44	12	35	13	43	14	45	15	39	16	40	17	32	18	30	19	35	20	36	21	39	22	41	23	26	24	34	25	30	26	44	27	39	28	33	29	36	30	39	31	33	32	26	33	32	34	39	35	45	36	29	37	31	38	41	39	31	40	38	41	36	42	38	43	34	44	44	45	43	46	40	47	43	48	28	49	44	
	0	88	1	93	2	91	3	99	4	95	5	93	6	97	7	102	8	106	9	106	10	93	11	91	12	96	13	90	14	93	15	89	16	89	17	93	18	99	19	104	20	96	21	89	22	101	23	100	24	91	25	102	26	89	27	94	28	105	29	104	30	94	31	97	32	88	33	101	34	106	35	103	36	92	37	100	38	88	39	87	40	105	41	104	42	94	43	91	44	101	45	99	46	100	47	98	48	90	49	94	
	0	89	1	93	2	100	3	87	4	104	5	91	6	103	7	88	8	103	9	100	10	89	11	102	12	98	13	96	14	90	15	94	16	100	17	89	18	85	19	96	20	97	21	85	22	96	23	85	24	92	25	94	26	91	27	96	28	86	29	86	30	95	31	94	32	94	33	92	34	99	35	99	36	104	37	95	38	101	39	86	40	93	41	102	42	99	43	97	44	104	45	94	46	98	47	87	48	95	49	97	
	0	48	1	43	2	49	3	36	4	39	5	42	6	45	7	35	8	49	9	50	10	34	11	41	12	53	13	45	14	36	15	41	16	43	17	35	18	39	19	36	20	44	21	46	22	38	23	38	24	34	25	34	26	48	27	47	28	49	29	34	30	52	31	38	32	41	33	43	34	52	35	53	36	45	37	46	38	42	39	48	40	41	41	42	42	50	43	45	44	53	45	44	46	46	47	37	48	35	49	35	
	0	45	1	37	2	33	3	31	4	44	5	43	6	27	7	30	8	32	9	46	10	44	11	37	12	40	13	37	14	32	15	36	16	31	17	44	18	32	19	30	20	36	21	41	22	27	23	36	24	35	25	28	26	29	27	41	28	45	29	28	30	45	31	39	32	40	33	35	34	41	35	43	36	33	37	33	38	33	39	33	40	32	41	30	42	41	43	27	44	41	45	38	46	32	47	36	48	46	49	43	
	0	21	1	13	2	7	3	14	4	12	5	15	6	7	7	4	8	20	9	7	10	8	11	13	12	13	13	4	14	12	15	13	16	5	17	10	18	20	19	20	20	12	21	8	22	14	23	10	24	15	25	20	26	6	27	16	28	12	29	18	30	19	31	11	32	5	33	23	34	4	35	4	36	23	37	17	38	16	39	23	40	18	41	7	42	19	43	6	44	16	45	17	46	15	47	22	48	6	49	22	
	0	94	1	100	2	86	3	90	4	103	5	105	6	105	7	93	8	97	9	102	10	93	11	104	12	91	13	95	14	92	15	89	16	101	17	102	18	86	19	103	20	97	21	97	22	91	23	96	24	91	25	103	26	92	27	90	28	103	29	90	30	96	31	94	32	104	33	89	34	86	35	92	36	105	37	100	38	91	39	99	40	89	41	97	42	90	43	88	44	93	45	101	46	105	47	103	48	89	49	100	
	0	67	1	60	2	62	3	56	4	53	5	68	6	67	7	69	8	62	9	65	10	54	11	56	12	56	13	51	14	66	15	67	16	70	17	68	18	65	19	56	20	57	21	64	22	62	23	70	24	61	25	64	26	62	27	60	28	57	29	54	30	52	31	68	32	68	33	67	34	67	35	60	36	52	37	63	38	53	39	55	40	56	41	65	42	61	43	66	44	62	45	63	46	61	47	67	48	51	49	53	
	0	31	1	34	2	22	3	25	4	32	5	25	6	33	7	24	8	31	9	29	10	22	11	35	12	28	13	37	14	34	15	34	16	40	17	33	18	38	19	32	20	40	21	27	22	22	23	40	24	31	25	40	26	25	27	30	28	22	29	30	30	40	31	37	32	36	33	31	34	41	35	41	36	37	37	38	38	40	39	30	40	24	41	28	42	40	43	41	44	24	45	32	46	35	47	25	48	37	49	28	
	0	38	1	33	2	39	3	28	4	42	5	30	6	41	7	32	8	37	9	35	10	46	11	37	12	39	13	38	14	34	15	28	16	31	17	36	18	40	19	28	20	40	21	44	22	38	23	36	24	40	25	34	26	41	27	27	28	42	29	41	30	44	31	36	32	34	33	41	34	28	35	46	36	27	37	27	38	38	39	45	40	42	41	27	42	41	43	28	44	34	45	43	46	46	47	42	48	43	49	30	
	0	17	1	17	2	18	3	33	4	18	5	26	6	36	7	22	8	21	9	27	10	36	11	33	12	20	13	34	14	22	15	18	16	17	17	31	18	34	19	34	20	35	21	35	22	21	23	21	24	36	25	28	26	31	27	34	28	34	29	18	30	32	31	22	32	21	33	35	34	28	35	33	36	34	37	19	38	30	39	25	40	18	41	17	42	36	43	27	44	19	45	31	46	32	47	32	48	20	49	22	
	0	71	1	83	2	80	3	71	4	85	5	71	6	80	7	72	8	72	9	73	10	73	11	79	12	75	13	83	14	81	15	85	16	77	17	81	18	75	19	71	20	84	21	87	22	78	23	84	24	80	25	78	26	75	27	74	28	86	29	72	30	72	31	79	32	90	33	84	34	78	35	72	36	78	37	88	38	80	39	79	40	82	41	79	42	78	43	81	44	82	45	83	46	89	47	82	48	75	49	75	
	0	91	1	88	2	101	3	102	4	99	5	100	6	90	7	102	8	104	9	99	10	90	11	90	12	101	13	97	14	90	15	90	16	98	17	97	18	86	19	103	20	97	21	96	22	102	23	97	24	85	25	99	26	93	27	89	28	103	29	85	30	88	31	92	32	87	33	92	34	98	35	99	36	87	37	86	38	95	39	104	40	103	41	88	42	104	43	102	44	103	45	86	46	88	47	86	48	102	49	104	
	0	23	1	6	2	19	3	8	4	23	5	6	6	20	7	7	8	14	9	12	10	6	11	20	12	19	13	25	14	22	15	9	16	22	17	14	18	13	19	18	20	14	21	18	22	21	23	13	24	16	25	23	26	17	27	19	28	6	29	15	30	17	31	12	32	19	33	7	34	6	35	8	36	9	37	7	38	9	39	24	40	13	41	21	42	8	43	25	44	17	45	25	46	20	47	25	48	11	49	22	
	0	88	1	95	2	97	3	85	4	90	5	88	6	102	7	94	8	93	9	91	10	86	11	93	12	92	13	100	14	102	15	86	16	99	17	84	18	87	19	95	20	99	21	89	22	98	23	99	24	92	25	103	26	93	27	90	28	92	29	93	30	95	31	96	32	102	33	89	34	85	35	101	36	98	37	87	38	96	39	94	40	88	41	97	42	98	43	88	44	85	45	92	46	92	47	93	48	87	49	102	
	0	60	1	76	2	65	3	71	4	67	5	62	6	72	7	61	8	64	9	78	10	65	11	61	12	73	13	70	14	64	15	72	16	64	17	66	18	70	19	77	20	75	21	77	22	78	23	70	24	69	25	66	26	65	27	75	28	79	29	71	30	64	31	74	32	78	33	74	34	65	35	61	36	66	37	64	38	66	39	63	40	62	41	73	42	77	43	61	44	67	45	79	46	61	47	70	48	77	49	63	
	0	21	1	17	2	30	3	18	4	23	5	22	6	21	7	28	8	17	9	30	10	23	11	26	12	35	13	16	14	16	15	18	16	17	17	20	18	24	19	21	20	31	21	30	22	30	23	33	24	16	25	33	26	31	27	25	28	19	29	21	30	35	31	35	32	29	33	24	34	29	35	18	36	31	37	22	38	24	39	29	40	17	41	31	42	23	43	21	44	21	45	26	46	27	47	23	48	34	49	25	
	0	36	1	42	2	46	3	50	4	34	5	39	6	44	7	42	8	45	9	45	10	45	11	51	12	42	13	50	14	42	15	45	16	50	17	41	18	48	19	44	20	50	21	51	22	40	23	36	24	53	25	34	26	43	27	51	28	48	29	47	30	50	31	35	32	41	33	46	34	45	35	34	36	53	37	47	38	34	39	44	40	49	41	44	42	41	43	35	44	48	45	53	46	34	47	50	48	48	49	46	
	0	55	1	39	2	40	3	54	4	40	5	56	6	43	7	47	8	39	9	55	10	40	11	58	12	41	13	49	14	57	15	54	16	55	17	56	18	46	19	48	20	46	21	48	22	47	23	49	24	43	25	44	26	49	27	45	28	55	29	54	30	39	31	39	32	52	33	45	34	57	35	41	36	39	37	55	38	40	39	50	40	46	41	55	42	58	43	39	44	52	45	41	46	57	47	44	48	45	49	55	
	0	77	1	83	2	79	3	67	4	85	5	74	6	78	7	74	8	78	9	76	10	85	11	67	12	84	13	67	14	71	15	74	16	69	17	81	18	81	19	66	20	69	21	85	22	69	23	80	24	75	25	82	26	73	27	71	28	78	29	79	30	83	31	81	32	78	33	83	34	70	35	67	36	69	37	70	38	74	39	84	40	82	41	81	42	80	43	72	44	69	45	74	46	81	47	68	48	79	49	79	
	0	107	1	104	2	111	3	109	4	119	5	112	6	116	7	101	8	117	9	113	10	102	11	115	12	113	13	105	14	115	15	108	16	113	17	117	18	105	19	116	20	119	21	104	22	103	23	112	24	114	25	100	26	115	27	113	28	117	29	106	30	108	31	105	32	119	33	108	34	111	35	113	36	109	37	102	38	113	39	116	40	119	41	103	42	119	43	112	44	106	45	110	46	115	47	119	48	107	49	117	
	0	76	1	62	2	72	3	77	4	76	5	74	6	71	7	68	8	69	9	63	10	63	11	65	12	76	13	71	14	72	15	78	16	63	17	60	18	78	19	78	20	68	21	70	22	69	23	61	24	72	25	59	26	74	27	60	28	71	29	63	30	59	31	78	32	74	33	67	34	70	35	71	36	61	37	62	38	74	39	65	40	75	41	71	42	72	43	63	44	67	45	66	46	62	47	75	48	77	49	62	
	0	90	1	88	2	74	3	84	4	92	5	82	6	75	7	85	8	81	9	88	10	73	11	78	12	88	13	83	14	92	15	75	16	89	17	75	18	81	19	75	20	83	21	73	22	89	23	76	24	74	25	73	26	75	27	78	28	90	29	87	30	87	31	83	32	78	33	78	34	90	35	90	36	77	37	91	38	79	39	90	40	86	41	85	42	81	43	82	44	74	45	74	46	76	47	75	48	84	49	78	
	0	84	1	73	2	68	3	80	4	86	5	82	6	79	7	81	8	78	9	69	10	80	11	85	12	75	13	84	14	84	15	82	16	76	17	86	18	72	19	67	20	68	21	67	22	83	23	81	24	78	25	73	26	68	27	84	28	82	29	84	30	70	31	81	32	74	33	84	34	79	35	85	36	76	37	75	38	75	39	71	40	73	41	86	42	82	43	67	44	68	45	72	46	70	47	75	48	85	49	74	
	0	104	1	97	2	99	3	104	4	90	5	94	6	104	7	104	8	87	9	95	10	105	11	91	12	105	13	91	14	102	15	96	16	95	17	92	18	92	19	103	20	97	21	100	22	104	23	94	24	91	25	91	26	106	27	88	28	89	29	99	30	96	31	87	32	104	33	105	34	102	35	92	36	95	37	101	38	106	39	97	40	97	41	94	42	88	43	91	44	94	45	99	46	92	47	98	48	97	49	102	
	0	28	1	18	2	25	3	27	4	30	5	29	6	35	7	21	8	24	9	18	10	24	11	24	12	31	13	27	14	31	15	27	16	35	17	31	18	23	19	18	20	28	21	27	22	19	23	27	24	32	25	24	26	32	27	26	28	32	29	29	30	23	31	34	32	28	33	18	34	17	35	25	36	24	37	20	38	28	39	20	40	29	41	33	42	33	43	16	44	17	45	28	46	31	47	17	48	35	49	18	
	0	81	1	88	2	97	3	92	4	89	5	95	6	94	7	93	8	91	9	98	10	89	11	98	12	92	13	94	14	93	15	86	16	97	17	81	18	97	19	86	20	81	21	92	22	86	23	81	24	94	25	84	26	100	27	84	28	89	29	98	30	88	31	98	32	82	33	99	34	85	35	85	36	81	37	81	38	87	39	88	40	90	41	82	42	85	43	94	44	88	45	91	46	83	47	87	48	88	49	92	
	0	108	1	101	2	106	3	96	4	100	5	111	6	97	7	93	8	107	9	94	10	97	11	96	12	94	13	107	14	93	15	100	16	94	17	99	18	93	19	99	20	97	21	92	22	110	23	93	24	102	25	103	26	95	27	94	28	95	29	106	30	96	31	93	32	102	33	94	34	98	35	108	36	97	37	99	38	110	39	109	40	95	41	101	42	108	43	104	44	97	45	100	46	98	47	104	48	106	49	96	
	0	55	1	54	2	53	3	47	4	57	5	49	6	45	7	59	8	53	9	56	10	48	11	44	12	45	13	62	14	48	15	46	16	50	17	51	18	51	19	50	20	59	21	54	22	49	23	44	24	49	25	53	26	46	27	46	28	58	29	45	30	55	31	56	32	56	33	43	34	54	35	60	36	54	37	58	38	53	39	52	40	59	41	54	42	56	43	54	44	55	45	54	46	43	47	44	48	54	49	59	
	0	25	1	26	2	28	3	22	4	28	5	33	6	31	7	33	8	30	9	26	10	39	11	36	12	36	13	31	14	37	15	25	16	24	17	34	18	35	19	26	20	35	21	32	22	26	23	30	24	30	25	37	26	31	27	32	28	26	29	39	30	31	31	39	32	37	33	30	34	24	35	39	36	37	37	34	38	21	39	37	40	32	41	28	42	25	43	30	44	26	45	24	46	25	47	29	48	39	49	33	
	0	106	1	102	2	92	3	106	4	91	5	103	6	99	7	102	8	90	9	95	10	104	11	103	12	97	13	102	14	109	15	97	16	98	17	97	18	94	19	106	20	104	21	108	22	91	23	97	24	95	25	104	26	94	27	105	28	109	29	98	30	93	31	93	32	101	33	104	34	93	35	97	36	104	37	102	38	106	39	103	40	95	41	101	42	91	43	91	44	96	45	106	46	98	47	104	48	102	49	91	
	0	76	1	91	2	91	3	83	4	92	5	82	6	82	7	86	8	79	9	86	10	76	11	92	12	85	13	86	14	88	15	82	16	76	17	88	18	87	19	85	20	89	21	89	22	83	23	74	24	80	25	86	26	92	27	73	28	79	29	75	30	73	31	74	32	74	33	86	34	87	35	88	36	92	37	76	38	86	39	79	40	81	41	84	42	80	43	92	44	76	45	77	46	74	47	77	48	88	49	89	
	0	86	1	83	2	83	3	86	4	68	5	82	6	82	7	82	8	74	9	77	10	74	11	82	12	78	13	76	14	73	15	83	16	79	17	69	18	76	19	87	20	83	21	77	22	80	23	78	24	80	25	83	26	70	27	76	28	79	29	87	30	81	31	73	32	78	33	72	34	74	35	72	36	81	37	87	38	68	39	77	40	78	41	84	42	84	43	69	44	69	45	75	46	72	47	77	48	83	49	75	
	0	29	1	34	2	31	3	21	4	19	5	22	6	23	7	29	8	23	9	21	10	25	11	28	12	27	13	20	14	29	15	32	16	27	17	25	18	34	19	17	20	32	21	34	22	32	23	28	24	20	25	17	26	32	27	31	28	20	29	31	30	23	31	23	32	26	33	23	34	31	35	36	36	36	37	36	38	20	39	27	40	21	41	35	42	27	43	34	44	31	45	26	46	25	47	33	48	19	49	29	
	0	99	1	112	2	102	3	113	4	115	5	118	6	101	7	109	8	108	9	113	10	108	11	106	12	114	13	111	14	102	15	117	16	109	17	109	18	112	19	108	20	106	21	118	22	104	23	118	24	106	25	104	26	105	27	109	28	105	29	114	30	106	31	101	32	109	33	117	34	110	35	116	36	114	37	105	38	114	39	114	40	102	41	105	42	106	43	115	44	102	45	114	46	116	47	116	48	111	49	114	
	0	76	1	82	2	88	3	75	4	75	5	80	6	76	7	81	8	81	9	79	10	83	11	90	12	86	13	75	14	74	15	91	16	74	17	86	18	92	19	89	20	85	21	85	22	92	23	79	24	84	25	87	26	83	27	84	28	82	29	84	30	76	31	89	32	86	33	87	34	91	35	84	36	90	37	75	38	85	39	88	40	77	41	91	42	90	43	81	44	78	45	76	46	87	47	85	48	77	49	88	
	0	52	1	47	2	48	3	49	4	41	5	39	6	53	7	40	8	49	9	48	10	48	11	36	12	45	13	42	14	48	15	38	16	46	17	53	18	38	19	39	20	41	21	52	22	43	23	46	24	46	25	51	26	34	27	39	28	44	29	48	30	36	31	43	32	38	33	40	34	40	35	43	36	50	37	42	38	45	39	37	40	47	41	37	42	52	43	50	44	34	45	40	46	53	47	53	48	49	49	36	
	0	80	1	74	2	80	3	67	4	66	5	68	6	80	7	72	8	74	9	77	10	73	11	61	12	65	13	66	14	74	15	66	16	72	17	69	18	66	19	67	20	71	21	71	22	69	23	78	24	61	25	62	26	63	27	80	28	79	29	68	30	63	31	64	32	68	33	66	34	77	35	73	36	69	37	77	38	72	39	76	40	62	41	70	42	72	43	69	44	74	45	74	46	75	47	64	48	79	49	65	
	0	69	1	62	2	53	3	53	4	57	5	62	6	55	7	69	8	56	9	63	10	65	11	63	12	72	13	67	14	55	15	57	16	68	17	57	18	64	19	70	20	70	21	58	22	69	23	58	24	71	25	61	26	69	27	71	28	63	29	70	30	57	31	66	32	54	33	64	34	70	35	60	36	71	37	65	38	57	39	53	40	64	41	55	42	67	43	67	44	72	45	60	46	66	47	63	48	67	49	58	
	0	117	1	98	2	114	3	112	4	98	5	99	6	103	7	117	8	110	9	114	10	111	11	113	12	115	13	114	14	110	15	109	16	108	17	101	18	102	19	117	20	104	21	117	22	116	23	112	24	109	25	117	26	109	27	107	28	105	29	117	30	117	31	105	32	105	33	98	34	113	35	117	36	112	37	112	38	99	39	114	40	107	41	98	42	104	43	103	44	115	45	108	46	98	47	102	48	99	49	113	
	0	58	1	50	2	47	3	50	4	62	5	57	6	44	7	50	8	47	9	44	10	44	11	58	12	52	13	49	14	49	15	57	16	53	17	48	18	53	19	62	20	52	21	60	22	63	23	44	24	63	25	50	26	63	27	63	28	46	29	63	30	63	31	50	32	50	33	55	34	50	35	62	36	63	37	46	38	49	39	47	40	59	41	55	42	62	43	58	44	59	45	60	46	44	47	59	48	59	49	58	
	0	114	1	107	2	106	3	119	4	106	5	113	6	104	7	107	8	106	9	107	10	116	11	106	12	108	13	110	14	107	15	105	16	102	17	113	18	100	19	106	20	115	21	115	22	109	23	108	24	116	25	100	26	104	27	104	28	109	29	119	30	108	31	104	32	100	33	113	34	105	35	102	36	105	37	102	38	115	39	102	40	103	41	101	42	116	43	104	44	107	45	110	46	108	47	108	48	115	49	109	
	0	21	1	19	2	7	3	15	4	9	5	11	6	16	7	15	8	18	9	20	10	22	11	19	12	5	13	17	14	24	15	13	16	13	17	17	18	12	19	16	20	24	21	21	22	12	23	17	24	18	25	5	26	21	27	5	28	7	29	12	30	6	31	15	32	23	33	8	34	7	35	23	36	5	37	23	38	5	39	18	40	17	41	5	42	15	43	13	44	23	45	23	46	12	47	21	48	12	49	14	
	0	29	1	20	2	29	3	22	4	17	5	23	6	23	7	22	8	14	9	26	10	17	11	31	12	26	13	13	14	20	15	16	16	18	17	26	18	20	19	21	20	23	21	17	22	14	23	23	24	26	25	23	26	24	27	28	28	20	29	26	30	26	31	28	32	27	33	31	34	24	35	15	36	15	37	15	38	15	39	29	40	29	41	16	42	22	43	22	44	14	45	20	46	23	47	27	48	15	49	32	
	0	64	1	63	2	72	3	56	4	71	5	66	6	59	7	60	8	60	9	72	10	72	11	62	12	61	13	68	14	71	15	60	16	63	17	64	18	60	19	59	20	62	21	56	22	64	23	61	24	71	25	56	26	60	27	70	28	62	29	58	30	68	31	60	32	71	33	74	34	58	35	64	36	55	37	63	38	74	39	57	40	65	41	56	42	59	43	72	44	60	45	59	46	67	47	69	48	73	49	69	
	0	101	1	96	2	90	3	93	4	93	5	86	6	92	7	82	8	101	9	91	10	101	11	99	12	83	13	100	14	82	15	97	16	99	17	90	18	96	19	90	20	87	21	93	22	97	23	86	24	94	25	94	26	95	27	101	28	101	29	94	30	101	31	96	32	94	33	100	34	91	35	86	36	99	37	100	38	101	39	86	40	100	41	83	42	95	43	99	44	101	45	95	46	96	47	86	48	86	49	91	
	0	32	1	39	2	35	3	25	4	28	5	24	6	34	7	39	8	30	9	24	10	27	11	29	12	40	13	40	14	23	15	36	16	39	17	31	18	21	19	21	20	24	21	32	22	35	23	35	24	39	25	38	26	39	27	39	28	35	29	28	30	30	31	33	32	21	33	38	34	26	35	40	36	33	37	32	38	32	39	37	40	39	41	38	42	21	43	28	44	36	45	21	46	28	47	29	48	32	49	37	
	0	96	1	113	2	105	3	99	4	113	5	97	6	95	7	104	8	105	9	112	10	100	11	110	12	99	13	113	14	100	15	100	16	94	17	106	18	94	19	106	20	98	21	104	22	101	23	95	24	113	25	97	26	108	27	99	28	113	29	110	30	96	31	103	32	110	33	97	34	107	35	95	36	112	37	104	38	112	39	101	40	95	41	101	42	98	43	111	44	104	45	109	46	100	47	97	48	110	49	112	
	0	107	1	107	2	107	3	100	4	102	5	96	6	97	7	100	8	110	9	94	10	107	11	91	12	97	13	106	14	95	15	98	16	98	17	99	18	104	19	104	20	94	21	100	22	92	23	101	24	100	25	94	26	96	27	99	28	110	29	110	30	97	31	103	32	91	33	96	34	108	35	108	36	104	37	98	38	107	39	106	40	100	41	104	42	104	43	101	44	108	45	101	46	95	47	94	48	97	49	92	
	0	103	1	99	2	97	3	95	4	103	5	98	6	103	7	100	8	94	9	96	10	90	11	91	12	89	13	95	14	94	15	96	16	103	17	91	18	88	19	93	20	97	21	99	22	105	23	96	24	100	25	95	26	104	27	96	28	92	29	106	30	92	31	101	32	104	33	87	34	104	35	92	36	101	37	103	38	92	39	97	40	88	41	102	42	89	43	92	44	105	45	90	46	104	47	95	48	106	49	89	
	0	47	1	58	2	52	3	52	4	45	5	55	6	57	7	41	8	51	9	58	10	41	11	55	12	59	13	58	14	57	15	45	16	59	17	47	18	40	19	53	20	54	21	49	22	52	23	40	24	44	25	54	26	58	27	57	28	57	29	53	30	44	31	46	32	47	33	49	34	44	35	52	36	41	37	50	38	47	39	45	40	48	41	46	42	49	43	49	44	42	45	41	46	41	47	59	48	50	49	43	
	0	61	1	46	2	43	3	50	4	47	5	48	6	49	7	43	8	45	9	53	10	53	11	61	12	45	13	45	14	56	15	48	16	45	17	48	18	44	19	49	20	57	21	45	22	60	23	61	24	61	25	60	26	52	27	58	28	44	29	50	30	58	31	49	32	49	33	57	34	55	35	53	36	61	37	51	38	43	39	61	40	54	41	48	42	49	43	47	44	56	45	44	46	45	47	61	48	45	49	51	
	0	107	1	109	2	98	3	108	4	99	5	99	6	103	7	104	8	104	9	96	10	99	11	105	12	99	13	93	14	97	15	93	16	106	17	109	18	108	19	96	20	109	21	108	22	100	23	103	24	96	25	105	26	93	27	96	28	102	29	90	30	105	31	109	32	96	33	94	34	109	35	100	36	104	37	94	38	92	39	95	40	106	41	105	42	102	43	93	44	100	45	109	46	95	47	101	48	95	49	92	
	0	40	1	51	2	37	3	39	4	51	5	40	6	45	7	40	8	46	9	38	10	39	11	42	12	42	13	40	14	42	15	49	16	32	17	36	18	49	19	47	20	32	21	48	22	34	23	32	24	42	25	50	26	35	27	38	28	42	29	49	30	44	31	36	32	36	33	40	34	34	35	34	36	45	37	47	38	34	39	36	40	33	41	49	42	37	43	33	44	50	45	43	46	49	47	48	48	33	49	35	
	0	68	1	64	2	65	3	62	4	61	5	68	6	68	7	62	8	67	9	66	10	67	11	59	12	68	13	55	14	71	15	62	16	60	17	69	18	56	19	62	20	71	21	68	22	59	23	64	24	66	25	64	26	62	27	58	28	74	29	72	30	56	31	63	32	55	33	61	34	56	35	60	36	60	37	59	38	69	39	58	40	67	41	58	42	69	43	61	44	55	45	67	46	70	47	56	48	57	49	57	
	0	44	1	36	2	48	3	41	4	39	5	42	6	50	7	37	8	51	9	48	10	45	11	52	12	35	13	49	14	42	15	40	16	45	17	42	18	35	19	47	20	52	21	50	22	33	23	40	24	52	25	38	26	47	27	35	28	41	29	46	30	42	31	39	32	52	33	39	34	44	35	49	36	34	37	52	38	46	39	51	40	51	41	52	42	42	43	40	44	44	45	42	46	50	47	40	48	46	49	51	
	0	86	1	77	2	79	3	89	4	85	5	80	6	75	7	86	8	90	9	90	10	82	11	89	12	86	13	76	14	89	15	82	16	91	17	89	18	79	19	83	20	87	21	76	22	77	23	78	24	83	25	85	26	88	27	81	28	75	29	93	30	83	31	88	32	91	33	77	34	80	35	87	36	88	37	78	38	88	39	92	40	84	41	82	42	75	43	86	44	88	45	86	46	78	47	89	48	89	49	88	
	0	54	1	58	2	67	3	60	4	64	5	49	6	55	7	61	8	58	9	66	10	64	11	50	12	52	13	57	14	55	15	66	16	62	17	65	18	57	19	59	20	58	21	61	22	59	23	62	24	54	25	66	26	59	27	57	28	60	29	54	30	64	31	53	32	67	33	55	34	52	35	57	36	65	37	50	38	49	39	68	40	58	41	56	42	64	43	52	44	65	45	58	46	63	47	51	48	56	49	58	
	0	29	1	33	2	45	3	41	4	32	5	32	6	43	7	35	8	28	9	30	10	31	11	38	12	45	13	34	14	32	15	44	16	41	17	44	18	43	19	44	20	39	21	41	22	35	23	46	24	45	25	44	26	38	27	29	28	36	29	47	30	45	31	39	32	29	33	34	34	41	35	28	36	38	37	43	38	42	39	35	40	43	41	30	42	46	43	47	44	38	45	39	46	31	47	37	48	42	49	34	
	0	65	1	61	2	64	3	66	4	51	5	66	6	53	7	54	8	58	9	66	10	50	11	49	12	55	13	57	14	56	15	66	16	66	17	51	18	54	19	49	20	60	21	58	22	60	23	63	24	58	25	68	26	53	27	64	28	68	29	56	30	52	31	53	32	59	33	58	34	67	35	54	36	56	37	67	38	57	39	63	40	49	41	56	42	63	43	55	44	61	45	54	46	50	47	50	48	67	49	50	
	0	87	1	79	2	78	3	82	4	78	5	82	6	72	7	81	8	89	9	86	10	81	11	83	12	83	13	79	14	75	15	91	16	87	17	73	18	81	19	84	20	82	21	75	22	79	23	80	24	79	25	84	26	73	27	79	28	76	29	88	30	87	31	74	32	86	33	85	34	79	35	87	36	82	37	73	38	80	39	74	40	91	41	72	42	83	43	73	44	76	45	84	46	78	47	88	48	87	49	89	
	0	61	1	70	2	72	3	66	4	75	5	62	6	72	7	68	8	65	9	77	10	69	11	62	12	76	13	66	14	77	15	73	16	76	17	58	18	59	19	74	20	70	21	72	22	74	23	76	24	72	25	64	26	61	27	76	28	72	29	71	30	65	31	72	32	76	33	67	34	71	35	70	36	70	37	65	38	69	39	60	40	61	41	63	42	70	43	70	44	70	45	65	46	71	47	68	48	64	49	59	
	0	74	1	63	2	68	3	61	4	66	5	60	6	75	7	63	8	68	9	64	10	67	11	75	12	74	13	70	14	75	15	70	16	71	17	63	18	59	19	64	20	58	21	69	22	69	23	62	24	68	25	76	26	60	27	64	28	58	29	65	30	69	31	70	32	58	33	61	34	74	35	61	36	65	37	62	38	60	39	60	40	77	41	69	42	70	43	72	44	73	45	72	46	77	47	65	48	58	49	66	
	0	97	1	86	2	89	3	93	4	95	5	100	6	92	7	81	8	83	9	91	10	84	11	83	12	91	13	100	14	94	15	99	16	88	17	83	18	94	19	85	20	86	21	94	22	90	23	97	24	100	25	85	26	81	27	96	28	98	29	90	30	99	31	100	32	85	33	93	34	83	35	86	36	86	37	100	38	100	39	96	40	91	41	92	42	97	43	87	44	91	45	95	46	92	47	95	48	89	49	87	
	0	60	1	47	2	59	3	55	4	53	5	49	6	65	7	52	8	53	9	51	10	62	11	60	12	61	13	61	14	60	15	63	16	48	17	48	18	65	19	53	20	61	21	56	22	66	23	66	24	48	25	55	26	56	27	60	28	53	29	56	30	65	31	58	32	57	33	65	34	47	35	47	36	49	37	58	38	53	39	54	40	63	41	49	42	47	43	66	44	60	45	58	46	47	47	55	48	48	49	48	
	0	66	1	74	2	69	3	72	4	80	5	67	6	69	7	61	8	80	9	68	10	80	11	63	12	65	13	78	14	79	15	61	16	75	17	70	18	65	19	76	20	68	21	73	22	62	23	63	24	76	25	67	26	64	27	63	28	72	29	77	30	72	31	72	32	79	33	64	34	75	35	79	36	78	37	80	38	71	39	64	40	78	41	63	42	74	43	67	44	69	45	67	46	63	47	62	48	73	49	66	
	0	31	1	38	2	24	3	37	4	32	5	23	6	29	7	22	8	36	9	22	10	25	11	31	12	36	13	29	14	24	15	33	16	38	17	39	18	34	19	28	20	27	21	22	22	23	23	25	24	36	25	28	26	26	27	22	28	41	29	22	30	38	31	22	32	34	33	30	34	22	35	23	36	34	37	35	38	32	39	30	40	22	41	31	42	35	43	35	44	34	45	37	46	23	47	30	48	31	49	40	
	0	39	1	27	2	43	3	26	4	34	5	35	6	31	7	24	8	33	9	26	10	25	11	24	12	26	13	36	14	39	15	39	16	31	17	31	18	27	19	25	20	43	21	41	22	43	23	31	24	37	25	41	26	26	27	32	28	32	29	30	30	33	31	32	32	31	33	37	34	38	35	40	36	25	37	40	38	31	39	29	40	33	41	37	42	43	43	42	44	26	45	30	46	27	47	34	48	37	49	40	
	0	80	1	62	2	77	3	75	4	71	5	80	6	74	7	74	8	65	9	78	10	76	11	72	12	69	13	67	14	81	15	79	16	72	17	67	18	64	19	63	20	78	21	63	22	63	23	64	24	77	25	76	26	67	27	76	28	68	29	69	30	78	31	65	32	81	33	65	34	70	35	66	36	72	37	78	38	72	39	71	40	76	41	81	42	79	43	70	44	73	45	78	46	62	47	70	48	76	49	63	
	0	8	1	6	2	8	3	24	4	17	5	15	6	19	7	16	8	11	9	16	10	15	11	10	12	13	13	13	14	15	15	22	16	14	17	17	18	9	19	21	20	16	21	19	22	24	23	18	24	14	25	25	26	15	27	11	28	9	29	8	30	7	31	8	32	7	33	24	34	25	35	22	36	14	37	16	38	10	39	18	40	25	41	6	42	13	43	17	44	12	45	23	46	23	47	19	48	6	49	25	
	0	12	1	10	2	9	3	16	4	15	5	23	6	13	7	5	8	19	9	16	10	13	11	19	12	9	13	24	14	22	15	16	16	24	17	8	18	14	19	10	20	23	21	18	22	5	23	5	24	20	25	20	26	24	27	12	28	18	29	6	30	23	31	8	32	22	33	13	34	12	35	10	36	20	37	14	38	14	39	10	40	12	41	23	42	8	43	8	44	19	45	21	46	23	47	19	48	23	49	16	
	0	63	1	74	2	74	3	82	4	73	5	77	6	66	7	71	8	67	9	63	10	66	11	76	12	80	13	65	14	73	15	70	16	76	17	74	18	69	19	69	20	67	21	79	22	81	23	74	24	64	25	80	26	79	27	64	28	70	29	81	30	79	31	79	32	63	33	63	34	75	35	79	36	66	37	73	38	67	39	75	40	79	41	63	42	72	43	75	44	71	45	77	46	74	47	77	48	72	49	82	
	0	96	1	80	2	95	3	97	4	90	5	82	6	79	7	93	8	84	9	87	10	98	11	93	12	88	13	84	14	86	15	80	16	83	17	96	18	86	19	79	20	89	21	92	22	94	23	87	24	81	25	98	26	88	27	90	28	84	29	88	30	85	31	96	32	90	33	87	34	83	35	97	36	92	37	97	38	79	39	86	40	81	41	98	42	84	43	80	44	98	45	83	46	98	47	92	48	98	49	93	
	0	38	1	33	2	47	3	29	4	37	5	29	6	44	7	32	8	40	9	33	10	29	11	41	12	36	13	32	14	34	15	37	16	40	17	29	18	29	19	32	20	43	21	34	22	43	23	40	24	35	25	45	26	45	27	34	28	35	29	37	30	32	31	29	32	38	33	30	34	37	35	44	36	33	37	42	38	38	39	48	40	30	41	32	42	31	43	34	44	48	45	47	46	32	47	33	48	48	49	29	
	0	101	1	98	2	88	3	89	4	97	5	97	6	93	7	99	8	89	9	92	10	101	11	98	12	105	13	101	14	91	15	99	16	99	17	95	18	96	19	101	20	88	21	101	22	101	23	102	24	96	25	98	26	105	27	102	28	93	29	98	30	99	31	93	32	90	33	95	34	86	35	101	36	101	37	100	38	94	39	102	40	101	41	95	42	103	43	87	44	90	45	102	46	86	47	95	48	99	49	89	
	0	119	1	117	2	105	3	111	4	114	5	107	6	112	7	101	8	115	9	120	10	118	11	116	12	116	13	113	14	114	15	108	16	111	17	101	18	107	19	111	20	113	21	105	22	101	23	111	24	119	25	108	26	107	27	107	28	115	29	120	30	102	31	107	32	103	33	114	34	105	35	106	36	114	37	111	38	113	39	110	40	104	41	119	42	119	43	107	44	109	45	106	46	116	47	113	48	101	49	106	
	0	68	1	55	2	56	3	64	4	66	5	56	6	68	7	55	8	56	9	56	10	68	11	49	12	55	13	52	14	62	15	68	16	62	17	62	18	53	19	59	20	68	21	54	22	49	23	68	24	51	25	62	26	59	27	65	28	64	29	50	30	65	31	58	32	67	33	58	34	60	35	63	36	64	37	57	38	67	39	66	40	68	41	50	42	67	43	49	44	66	45	66	46	52	47	62	48	65	49	66	
	0	14	1	13	2	21	3	27	4	12	5	19	6	14	7	23	8	15	9	11	10	9	11	11	12	17	13	15	14	26	15	24	16	12	17	11	18	12	19	10	20	26	21	18	22	14	23	15	24	20	25	19	26	27	27	16	28	19	29	8	30	27	31	15	32	15	33	20	34	27	35	17	36	21	37	25	38	24	39	9	40	17	41	13	42	27	43	11	44	17	45	18	46	16	47	26	48	22	49	10	
	0	22	1	28	2	23	3	17	4	25	5	24	6	20	7	22	8	19	9	34	10	26	11	20	12	15	13	18	14	15	15	30	16	15	17	26	18	31	19	33	20	22	21	21	22	23	23	16	24	23	25	26	26	18	27	26	28	33	29	23	30	30	31	24	32	30	33	25	34	32	35	22	36	27	37	17	38	26	39	30	40	18	41	34	42	34	43	34	44	31	45	22	46	27	47	28	48	33	49	20	
	0	90	1	83	2	91	3	91	4	91	5	79	6	76	7	76	8	82	9	85	10	91	11	93	12	79	13	90	14	79	15	83	16	74	17	74	18	75	19	90	20	87	21	74	22	76	23	88	24	74	25	85	26	80	27	78	28	75	29	77	30	85	31	75	32	93	33	82	34	77	35	85	36	79	37	85	38	92	39	85	40	80	41	91	42	76	43	91	44	92	45	85	46	81	47	83	48	84	49	92	