100 50 1
50
	0	103	1	107	2	111	3	109	4	105	5	106	6	101	7	99	8	98	9	92	10	98	11	104	12	98	13	98	14	104	15	96	16	103	17	97	18	99	19	98	20	104	21	94	22	92	23	107	24	100	25	103	26	103	27	95	28	108	29	107	30	105	31	92	32	111	33	103	34	95	35	104	36	99	37	109	38	106	39	104	40	110	41	106	42	108	43	111	44	101	45	105	46	97	47	95	48	110	49	95	
	0	78	1	74	2	63	3	69	4	69	5	76	6	71	7	62	8	69	9	67	10	79	11	74	12	75	13	70	14	61	15	69	16	76	17	61	18	73	19	63	20	68	21	71	22	76	23	69	24	76	25	68	26	70	27	65	28	63	29	70	30	61	31	79	32	66	33	67	34	65	35	69	36	63	37	68	38	70	39	65	40	73	41	78	42	77	43	78	44	75	45	62	46	76	47	63	48	78	49	65	
	0	68	1	73	2	65	3	80	4	71	5	84	6	66	7	75	8	84	9	77	10	84	11	74	12	78	13	76	14	78	15	74	16	73	17	68	18	82	19	66	20	72	21	71	22	75	23	82	24	83	25	71	26	68	27	76	28	83	29	68	30	79	31	78	32	71	33	84	34	66	35	81	36	75	37	73	38	79	39	81	40	73	41	74	42	79	43	75	44	67	45	83	46	84	47	72	48	76	49	74	
	0	99	1	107	2	108	3	110	4	94	5	97	6	93	7	109	8	109	9	108	10	94	11	107	12	97	13	96	14	105	15	95	16	93	17	110	18	107	19	108	20	96	21	101	22	102	23	106	24	99	25	100	26	96	27	100	28	96	29	99	30	104	31	107	32	99	33	98	34	108	35	94	36	101	37	108	38	105	39	99	40	96	41	110	42	96	43	110	44	96	45	102	46	97	47	94	48	104	49	103	
	0	26	1	38	2	37	3	19	4	27	5	36	6	19	7	33	8	38	9	36	10	24	11	24	12	22	13	23	14	32	15	28	16	21	17	33	18	22	19	23	20	29	21	19	22	27	23	35	24	38	25	36	26	25	27	33	28	23	29	19	30	21	31	31	32	38	33	26	34	23	35	21	36	29	37	26	38	38	39	29	40	22	41	36	42	35	43	23	44	19	45	36	46	32	47	25	48	28	49	25	
	0	58	1	53	2	55	3	58	4	49	5	56	6	61	7	61	8	50	9	54	10	64	11	64	12	52	13	67	14	50	15	65	16	57	17	50	18	50	19	63	20	53	21	53	22	56	23	67	24	55	25	68	26	64	27	66	28	59	29	55	30	55	31	61	32	65	33	58	34	66	35	60	36	66	37	59	38	67	39	57	40	52	41	66	42	50	43	68	44	49	45	62	46	56	47	52	48	61	49	61	
	0	37	1	33	2	38	3	40	4	22	5	26	6	39	7	31	8	35	9	33	10	37	11	29	12	31	13	29	14	24	15	34	16	39	17	30	18	36	19	33	20	27	21	37	22	26	23	38	24	39	25	34	26	37	27	27	28	34	29	33	30	40	31	25	32	35	33	22	34	24	35	25	36	28	37	32	38	24	39	21	40	32	41	26	42	29	43	34	44	38	45	38	46	29	47	33	48	28	49	26	
	0	71	1	66	2	71	3	61	4	64	5	67	6	80	7	75	8	64	9	75	10	72	11	79	12	77	13	67	14	74	15	63	16	77	17	78	18	71	19	61	20	69	21	77	22	70	23	66	24	78	25	65	26	72	27	67	28	80	29	70	30	61	31	62	32	65	33	63	34	79	35	62	36	65	37	78	38	70	39	68	40	69	41	62	42	78	43	66	44	64	45	75	46	78	47	70	48	70	49	80	
	0	66	1	66	2	60	3	62	4	63	5	67	6	63	7	61	8	66	9	59	10	63	11	66	12	65	13	77	14	65	15	68	16	61	17	78	18	61	19	71	20	59	21	65	22	74	23	78	24	63	25	73	26	73	27	59	28	75	29	68	30	63	31	63	32	61	33	74	34	66	35	67	36	75	37	69	38	60	39	65	40	76	41	65	42	59	43	65	44	76	45	75	46	73	47	65	48	64	49	72	
	0	71	1	80	2	72	3	67	4	86	5	70	6	84	7	79	8	79	9	67	10	81	11	76	12	79	13	74	14	79	15	68	16	78	17	73	18	78	19	82	20	71	21	77	22	81	23	69	24	79	25	70	26	73	27	84	28	68	29	79	30	72	31	74	32	71	33	72	34	71	35	67	36	78	37	81	38	86	39	69	40	76	41	76	42	80	43	81	44	74	45	84	46	75	47	86	48	69	49	72	
	0	79	1	84	2	81	3	72	4	74	5	75	6	72	7	76	8	66	9	71	10	75	11	77	12	76	13	74	14	73	15	82	16	71	17	67	18	74	19	65	20	68	21	82	22	79	23	67	24	68	25	72	26	81	27	83	28	75	29	71	30	83	31	79	32	78	33	79	34	82	35	82	36	78	37	65	38	71	39	70	40	69	41	82	42	72	43	74	44	82	45	72	46	69	47	80	48	76	49	72	
	0	95	1	110	2	100	3	106	4	107	5	110	6	101	7	113	8	101	9	95	10	108	11	99	12	113	13	107	14	105	15	110	16	95	17	105	18	103	19	97	20	112	21	110	22	97	23	96	24	94	25	108	26	95	27	112	28	107	29	97	30	95	31	105	32	107	33	105	34	110	35	96	36	112	37	94	38	105	39	102	40	107	41	110	42	110	43	103	44	106	45	112	46	112	47	94	48	108	49	108	
	0	91	1	84	2	97	3	82	4	97	5	98	6	80	7	80	8	89	9	97	10	86	11	93	12	99	13	92	14	98	15	88	16	97	17	85	18	84	19	91	20	94	21	84	22	91	23	97	24	90	25	87	26	88	27	93	28	95	29	93	30	90	31	90	32	98	33	85	34	81	35	96	36	91	37	86	38	85	39	80	40	98	41	89	42	96	43	96	44	82	45	95	46	80	47	90	48	80	49	98	
	0	13	1	11	2	13	3	5	4	18	5	19	6	12	7	12	8	19	9	14	10	15	11	21	12	17	13	13	14	12	15	8	16	2	17	2	18	3	19	11	20	10	21	14	22	9	23	10	24	17	25	7	26	19	27	12	28	20	29	18	30	10	31	2	32	14	33	3	34	4	35	21	36	21	37	16	38	5	39	8	40	5	41	8	42	9	43	4	44	21	45	9	46	17	47	11	48	8	49	10	
	0	42	1	45	2	40	3	45	4	47	5	48	6	40	7	43	8	43	9	39	10	44	11	41	12	39	13	40	14	42	15	34	16	51	17	43	18	40	19	39	20	42	21	38	22	51	23	49	24	42	25	50	26	37	27	40	28	42	29	46	30	43	31	49	32	34	33	39	34	49	35	40	36	41	37	49	38	40	39	44	40	39	41	50	42	33	43	35	44	43	45	49	46	32	47	46	48	40	49	39	
	0	103	1	108	2	103	3	95	4	103	5	104	6	107	7	98	8	110	9	98	10	109	11	98	12	104	13	93	14	98	15	94	16	105	17	95	18	102	19	104	20	94	21	111	22	100	23	99	24	105	25	95	26	99	27	104	28	99	29	105	30	94	31	98	32	109	33	101	34	104	35	108	36	101	37	94	38	93	39	109	40	99	41	110	42	98	43	103	44	96	45	106	46	97	47	97	48	94	49	111	
	0	85	1	84	2	76	3	76	4	75	5	85	6	75	7	70	8	78	9	82	10	81	11	81	12	74	13	80	14	74	15	76	16	81	17	74	18	84	19	74	20	69	21	77	22	74	23	75	24	73	25	80	26	78	27	71	28	86	29	77	30	75	31	78	32	77	33	75	34	82	35	76	36	78	37	69	38	74	39	76	40	75	41	71	42	82	43	76	44	82	45	79	46	85	47	67	48	70	49	82	
	0	97	1	90	2	95	3	91	4	88	5	81	6	82	7	80	8	80	9	93	10	97	11	97	12	96	13	97	14	99	15	84	16	94	17	82	18	80	19	97	20	98	21	86	22	94	23	97	24	87	25	97	26	99	27	94	28	89	29	94	30	93	31	89	32	91	33	97	34	84	35	89	36	99	37	83	38	86	39	80	40	85	41	95	42	97	43	93	44	93	45	89	46	85	47	84	48	90	49	81	
	0	78	1	62	2	71	3	66	4	69	5	66	6	66	7	67	8	65	9	69	10	81	11	74	12	74	13	67	14	80	15	74	16	71	17	63	18	78	19	66	20	63	21	73	22	71	23	79	24	77	25	71	26	70	27	76	28	62	29	72	30	63	31	76	32	80	33	71	34	67	35	81	36	63	37	77	38	75	39	67	40	78	41	64	42	80	43	71	44	63	45	72	46	72	47	70	48	80	49	62	
	0	38	1	43	2	43	3	40	4	45	5	39	6	38	7	34	8	49	9	41	10	39	11	48	12	40	13	41	14	41	15	44	16	52	17	49	18	43	19	38	20	43	21	48	22	40	23	37	24	49	25	41	26	41	27	50	28	35	29	47	30	51	31	37	32	41	33	49	34	46	35	37	36	35	37	47	38	52	39	53	40	34	41	44	42	35	43	53	44	45	45	39	46	51	47	50	48	43	49	40	
	0	103	1	111	2	109	3	95	4	110	5	107	6	103	7	99	8	93	9	109	10	94	11	105	12	102	13	104	14	104	15	99	16	107	17	100	18	104	19	111	20	111	21	111	22	103	23	111	24	96	25	111	26	102	27	111	28	104	29	101	30	101	31	101	32	93	33	96	34	109	35	101	36	107	37	104	38	103	39	111	40	105	41	97	42	97	43	99	44	107	45	107	46	102	47	103	48	102	49	108	
	0	84	1	95	2	79	3	88	4	78	5	79	6	84	7	87	8	86	9	92	10	81	11	76	12	79	13	76	14	84	15	86	16	77	17	94	18	94	19	89	20	83	21	83	22	93	23	93	24	83	25	87	26	93	27	95	28	92	29	82	30	86	31	86	32	95	33	90	34	85	35	88	36	84	37	81	38	80	39	92	40	84	41	81	42	89	43	92	44	88	45	84	46	91	47	87	48	93	49	83	
	0	49	1	43	2	43	3	41	4	40	5	41	6	46	7	41	8	35	9	50	10	36	11	51	12	34	13	50	14	42	15	51	16	44	17	38	18	49	19	41	20	33	21	39	22	47	23	50	24	44	25	35	26	34	27	37	28	38	29	39	30	43	31	35	32	37	33	38	34	46	35	48	36	36	37	49	38	37	39	36	40	48	41	40	42	39	43	50	44	48	45	36	46	46	47	33	48	34	49	39	
	0	98	1	107	2	96	3	113	4	94	5	102	6	107	7	108	8	108	9	103	10	112	11	106	12	100	13	109	14	94	15	102	16	98	17	103	18	97	19	112	20	95	21	94	22	101	23	106	24	104	25	107	26	99	27	103	28	95	29	94	30	103	31	103	32	104	33	99	34	103	35	109	36	100	37	99	38	96	39	109	40	112	41	94	42	108	43	109	44	96	45	112	46	113	47	106	48	94	49	111	
	0	25	1	18	2	16	3	12	4	24	5	13	6	22	7	23	8	23	9	12	10	24	11	23	12	19	13	11	14	23	15	14	16	11	17	22	18	19	19	19	20	15	21	26	22	19	23	14	24	22	25	25	26	21	27	11	28	20	29	25	30	28	31	17	32	24	33	28	34	21	35	28	36	13	37	26	38	13	39	10	40	15	41	11	42	28	43	16	44	17	45	20	46	11	47	25	48	25	49	24	
	0	115	1	102	2	102	3	110	4	118	5	108	6	114	7	101	8	111	9	111	10	106	11	110	12	115	13	100	14	110	15	113	16	107	17	119	18	103	19	100	20	111	21	109	22	104	23	114	24	105	25	101	26	116	27	105	28	110	29	107	30	105	31	108	32	100	33	103	34	110	35	108	36	114	37	109	38	106	39	112	40	108	41	107	42	106	43	119	44	110	45	118	46	109	47	114	48	105	49	107	
	0	56	1	45	2	53	3	51	4	41	5	42	6	47	7	49	8	44	9	58	10	47	11	41	12	45	13	55	14	54	15	54	16	55	17	46	18	40	19	56	20	52	21	45	22	41	23	53	24	41	25	48	26	58	27	46	28	49	29	43	30	54	31	43	32	59	33	53	34	57	35	52	36	56	37	40	38	46	39	56	40	51	41	46	42	53	43	48	44	59	45	53	46	55	47	48	48	43	49	44	
	0	103	1	89	2	106	3	106	4	96	5	90	6	107	7	102	8	102	9	99	10	93	11	89	12	92	13	88	14	105	15	101	16	106	17	89	18	92	19	105	20	104	21	90	22	94	23	99	24	101	25	93	26	102	27	101	28	101	29	88	30	91	31	89	32	99	33	96	34	106	35	89	36	99	37	104	38	100	39	93	40	88	41	103	42	89	43	100	44	102	45	97	46	97	47	93	48	106	49	90	
	0	53	1	47	2	37	3	38	4	55	5	49	6	48	7	45	8	53	9	41	10	53	11	44	12	39	13	41	14	36	15	46	16	51	17	46	18	48	19	40	20	42	21	48	22	37	23	53	24	50	25	49	26	44	27	43	28	49	29	38	30	43	31	45	32	54	33	47	34	43	35	50	36	51	37	50	38	42	39	55	40	46	41	52	42	55	43	49	44	38	45	52	46	46	47	54	48	51	49	37	
	0	54	1	55	2	43	3	49	4	42	5	55	6	45	7	46	8	48	9	57	10	54	11	58	12	46	13	43	14	45	15	49	16	58	17	45	18	56	19	41	20	43	21	45	22	42	23	42	24	40	25	48	26	45	27	52	28	41	29	50	30	56	31	50	32	50	33	55	34	48	35	56	36	43	37	56	38	54	39	59	40	53	41	57	42	53	43	53	44	45	45	53	46	58	47	55	48	47	49	40	
	0	73	1	79	2	66	3	67	4	61	5	75	6	67	7	63	8	72	9	68	10	79	11	62	12	67	13	64	14	69	15	71	16	61	17	69	18	61	19	79	20	62	21	61	22	69	23	71	24	71	25	77	26	63	27	64	28	73	29	64	30	76	31	64	32	76	33	76	34	67	35	70	36	62	37	72	38	77	39	70	40	78	41	75	42	67	43	65	44	70	45	76	46	75	47	69	48	68	49	64	
	0	89	1	103	2	91	3	92	4	91	5	96	6	98	7	100	8	95	9	102	10	99	11	87	12	101	13	99	14	104	15	90	16	88	17	106	18	89	19	88	20	94	21	99	22	88	23	97	24	94	25	94	26	94	27	91	28	101	29	96	30	98	31	104	32	93	33	88	34	97	35	88	36	97	37	104	38	94	39	88	40	101	41	103	42	104	43	93	44	104	45	95	46	99	47	87	48	101	49	100	
	0	109	1	105	2	91	3	110	4	110	5	97	6	97	7	98	8	103	9	95	10	92	11	94	12	95	13	109	14	96	15	106	16	108	17	97	18	96	19	103	20	91	21	104	22	100	23	106	24	108	25	108	26	100	27	97	28	97	29	94	30	102	31	101	32	105	33	92	34	100	35	92	36	101	37	95	38	97	39	93	40	105	41	93	42	98	43	99	44	94	45	94	46	91	47	94	48	93	49	105	
	0	97	1	99	2	89	3	88	4	90	5	91	6	83	7	91	8	92	9	96	10	92	11	97	12	89	13	98	14	88	15	90	16	100	17	86	18	100	19	83	20	101	21	98	22	83	23	97	24	83	25	83	26	92	27	91	28	93	29	92	30	83	31	93	32	86	33	95	34	101	35	85	36	91	37	88	38	87	39	84	40	96	41	98	42	82	43	93	44	88	45	98	46	87	47	85	48	97	49	83	
	0	59	1	52	2	51	3	53	4	60	5	69	6	61	7	55	8	67	9	64	10	56	11	58	12	51	13	60	14	65	15	66	16	65	17	53	18	54	19	56	20	57	21	53	22	69	23	64	24	66	25	51	26	63	27	51	28	50	29	50	30	54	31	60	32	65	33	57	34	59	35	57	36	65	37	56	38	50	39	67	40	54	41	66	42	56	43	64	44	52	45	60	46	63	47	66	48	62	49	51	
	0	104	1	98	2	93	3	101	4	103	5	107	6	99	7	102	8	103	9	107	10	105	11	103	12	93	13	95	14	107	15	97	16	107	17	91	18	106	19	94	20	95	21	95	22	102	23	104	24	89	25	107	26	101	27	92	28	94	29	97	30	108	31	104	32	93	33	100	34	108	35	103	36	98	37	94	38	102	39	108	40	90	41	103	42	101	43	103	44	107	45	101	46	97	47	95	48	100	49	93	
	0	69	1	71	2	77	3	84	4	78	5	67	6	69	7	86	8	73	9	67	10	83	11	84	12	67	13	77	14	76	15	68	16	68	17	73	18	79	19	67	20	78	21	72	22	70	23	70	24	71	25	78	26	74	27	71	28	82	29	82	30	86	31	80	32	73	33	70	34	73	35	67	36	67	37	72	38	72	39	79	40	84	41	76	42	78	43	70	44	77	45	71	46	70	47	80	48	74	49	86	
	0	70	1	79	2	76	3	75	4	77	5	80	6	71	7	78	8	87	9	85	10	87	11	75	12	81	13	75	14	72	15	82	16	89	17	82	18	78	19	73	20	76	21	87	22	71	23	81	24	79	25	75	26	89	27	84	28	86	29	87	30	89	31	71	32	88	33	71	34	83	35	78	36	79	37	87	38	77	39	73	40	71	41	80	42	71	43	80	44	71	45	74	46	77	47	87	48	78	49	70	
	0	94	1	88	2	92	3	87	4	96	5	94	6	99	7	96	8	99	9	88	10	96	11	103	12	105	13	90	14	101	15	100	16	99	17	98	18	86	19	98	20	89	21	90	22	102	23	98	24	90	25	105	26	89	27	90	28	94	29	87	30	87	31	92	32	87	33	102	34	97	35	98	36	99	37	101	38	100	39	88	40	90	41	104	42	105	43	105	44	95	45	94	46	93	47	105	48	89	49	92	
	0	3	1	16	2	14	3	4	4	15	5	3	6	20	7	19	8	21	9	5	10	19	11	7	12	2	13	15	14	14	15	11	16	11	17	21	18	8	19	2	20	8	21	17	22	19	23	21	24	17	25	7	26	11	27	3	28	9	29	8	30	14	31	14	32	8	33	4	34	4	35	16	36	11	37	2	38	12	39	8	40	16	41	14	42	18	43	16	44	19	45	19	46	7	47	17	48	10	49	8	
	0	62	1	65	2	58	3	66	4	47	5	58	6	64	7	63	8	52	9	66	10	53	11	48	12	49	13	55	14	55	15	58	16	52	17	66	18	60	19	58	20	54	21	57	22	51	23	49	24	62	25	61	26	62	27	55	28	60	29	59	30	55	31	59	32	63	33	54	34	62	35	59	36	49	37	52	38	53	39	54	40	62	41	64	42	63	43	50	44	65	45	48	46	51	47	49	48	58	49	47	
	0	43	1	43	2	47	3	54	4	43	5	46	6	57	7	48	8	43	9	43	10	58	11	57	12	42	13	40	14	55	15	43	16	46	17	49	18	49	19	50	20	50	21	42	22	55	23	50	24	46	25	56	26	45	27	52	28	42	29	52	30	45	31	58	32	49	33	47	34	57	35	39	36	51	37	55	38	41	39	57	40	45	41	39	42	54	43	43	44	46	45	54	46	40	47	43	48	51	49	42	
	0	86	1	89	2	90	3	89	4	99	5	92	6	102	7	86	8	100	9	86	10	101	11	100	12	95	13	92	14	96	15	97	16	97	17	96	18	97	19	89	20	91	21	94	22	84	23	86	24	90	25	94	26	102	27	87	28	101	29	85	30	86	31	97	32	85	33	100	34	86	35	87	36	101	37	100	38	90	39	99	40	93	41	99	42	100	43	91	44	94	45	103	46	99	47	85	48	100	49	87	
	0	86	1	73	2	71	3	84	4	81	5	74	6	85	7	74	8	77	9	89	10	75	11	78	12	78	13	88	14	83	15	71	16	78	17	79	18	71	19	80	20	87	21	75	22	89	23	74	24	80	25	78	26	82	27	81	28	88	29	81	30	72	31	89	32	88	33	80	34	74	35	85	36	71	37	71	38	73	39	83	40	84	41	83	42	80	43	84	44	74	45	85	46	72	47	87	48	71	49	87	
	0	103	1	105	2	106	3	97	4	105	5	107	6	103	7	105	8	93	9	100	10	91	11	103	12	104	13	95	14	93	15	89	16	105	17	89	18	98	19	107	20	100	21	101	22	91	23	94	24	101	25	100	26	96	27	100	28	92	29	99	30	102	31	103	32	103	33	90	34	108	35	105	36	89	37	102	38	108	39	94	40	103	41	91	42	91	43	92	44	105	45	100	46	106	47	99	48	104	49	95	
	0	42	1	46	2	55	3	40	4	40	5	42	6	49	7	58	8	59	9	43	10	50	11	48	12	53	13	44	14	45	15	51	16	45	17	48	18	46	19	43	20	55	21	47	22	53	23	56	24	42	25	53	26	55	27	42	28	54	29	49	30	58	31	43	32	43	33	42	34	43	35	58	36	50	37	44	38	47	39	41	40	51	41	41	42	59	43	44	44	55	45	56	46	50	47	41	48	53	49	46	
	0	21	1	13	2	12	3	9	4	13	5	5	6	9	7	10	8	14	9	4	10	21	11	4	12	15	13	16	14	12	15	4	16	16	17	14	18	8	19	15	20	17	21	17	22	14	23	22	24	17	25	22	26	16	27	10	28	21	29	20	30	16	31	8	32	5	33	8	34	21	35	11	36	5	37	23	38	6	39	13	40	18	41	11	42	17	43	23	44	11	45	16	46	11	47	12	48	11	49	21	
	0	38	1	29	2	32	3	32	4	38	5	32	6	35	7	33	8	38	9	34	10	36	11	36	12	20	13	20	14	28	15	21	16	21	17	39	18	28	19	39	20	23	21	32	22	20	23	29	24	37	25	27	26	25	27	34	28	22	29	30	30	23	31	29	32	25	33	31	34	20	35	29	36	28	37	36	38	33	39	25	40	34	41	22	42	38	43	36	44	27	45	32	46	36	47	20	48	24	49	33	
	0	14	1	7	2	12	3	9	4	12	5	18	6	21	7	12	8	9	9	9	10	16	11	13	12	8	13	16	14	19	15	11	16	9	17	12	18	23	19	20	20	10	21	8	22	25	23	13	24	13	25	15	26	21	27	19	28	13	29	22	30	19	31	17	32	7	33	20	34	18	35	21	36	14	37	12	38	24	39	21	40	22	41	15	42	20	43	24	44	22	45	24	46	6	47	6	48	18	49	25	
	0	71	1	55	2	59	3	55	4	59	5	65	6	53	7	66	8	68	9	63	10	66	11	53	12	67	13	55	14	67	15	53	16	62	17	67	18	62	19	54	20	66	21	56	22	57	23	59	24	57	25	69	26	54	27	65	28	72	29	59	30	53	31	60	32	68	33	58	34	70	35	59	36	56	37	58	38	63	39	61	40	67	41	57	42	60	43	58	44	72	45	68	46	59	47	53	48	66	49	66	
	0	64	1	66	2	79	3	79	4	70	5	76	6	78	7	78	8	69	9	68	10	67	11	63	12	72	13	71	14	64	15	77	16	73	17	62	18	69	19	71	20	66	21	77	22	66	23	74	24	66	25	64	26	64	27	70	28	63	29	74	30	72	31	61	32	75	33	64	34	75	35	62	36	62	37	71	38	72	39	67	40	70	41	74	42	77	43	76	44	66	45	70	46	65	47	61	48	65	49	71	
	0	87	1	84	2	81	3	80	4	90	5	82	6	77	7	79	8	89	9	83	10	90	11	96	12	83	13	91	14	91	15	86	16	94	17	84	18	81	19	90	20	92	21	89	22	94	23	79	24	83	25	87	26	91	27	81	28	81	29	92	30	92	31	90	32	80	33	86	34	78	35	96	36	91	37	96	38	80	39	92	40	91	41	80	42	83	43	89	44	90	45	85	46	81	47	81	48	94	49	89	
	0	73	1	79	2	85	3	79	4	71	5	79	6	73	7	83	8	72	9	85	10	77	11	86	12	84	13	77	14	76	15	80	16	82	17	85	18	78	19	71	20	70	21	74	22	74	23	74	24	86	25	80	26	84	27	84	28	82	29	88	30	76	31	73	32	76	33	73	34	85	35	88	36	75	37	76	38	75	39	85	40	85	41	73	42	74	43	82	44	72	45	75	46	79	47	81	48	81	49	72	
	0	101	1	107	2	99	3	106	4	114	5	108	6	103	7	106	8	110	9	115	10	101	11	113	12	103	13	101	14	105	15	101	16	111	17	110	18	102	19	102	20	115	21	116	22	108	23	117	24	108	25	115	26	116	27	108	28	108	29	113	30	99	31	104	32	109	33	108	34	103	35	106	36	104	37	113	38	107	39	112	40	117	41	117	42	102	43	115	44	107	45	108	46	112	47	115	48	102	49	103	
	0	74	1	68	2	64	3	62	4	78	5	63	6	80	7	78	8	71	9	74	10	79	11	62	12	76	13	76	14	65	15	66	16	68	17	74	18	67	19	61	20	77	21	74	22	67	23	71	24	77	25	65	26	75	27	61	28	80	29	62	30	73	31	69	32	80	33	78	34	80	35	77	36	64	37	69	38	69	39	67	40	61	41	73	42	77	43	63	44	80	45	79	46	66	47	77	48	78	49	79	
	0	90	1	99	2	86	3	91	4	94	5	96	6	95	7	94	8	91	9	87	10	105	11	94	12	100	13	100	14	92	15	92	16	89	17	94	18	94	19	102	20	92	21	86	22	102	23	96	24	102	25	100	26	94	27	104	28	100	29	100	30	98	31	90	32	88	33	104	34	105	35	92	36	100	37	91	38	99	39	97	40	103	41	103	42	96	43	97	44	100	45	92	46	89	47	105	48	92	49	93	
	0	44	1	41	2	43	3	42	4	52	5	60	6	52	7	42	8	57	9	49	10	52	11	46	12	49	13	56	14	60	15	51	16	41	17	58	18	41	19	45	20	60	21	41	22	58	23	44	24	49	25	44	26	57	27	53	28	60	29	41	30	44	31	41	32	50	33	54	34	56	35	60	36	45	37	48	38	53	39	58	40	46	41	55	42	48	43	44	44	41	45	46	46	56	47	54	48	53	49	58	
	0	86	1	91	2	79	3	84	4	85	5	80	6	91	7	96	8	89	9	90	10	80	11	86	12	83	13	95	14	77	15	83	16	86	17	82	18	85	19	88	20	82	21	80	22	79	23	91	24	87	25	90	26	94	27	77	28	82	29	85	30	81	31	88	32	82	33	94	34	91	35	90	36	87	37	85	38	79	39	89	40	81	41	83	42	90	43	78	44	88	45	87	46	90	47	96	48	85	49	78	
	0	88	1	106	2	87	3	97	4	87	5	98	6	90	7	94	8	91	9	99	10	92	11	95	12	90	13	103	14	106	15	93	16	90	17	105	18	106	19	94	20	88	21	98	22	104	23	87	24	93	25	94	26	100	27	88	28	106	29	95	30	95	31	91	32	92	33	96	34	97	35	93	36	105	37	89	38	88	39	94	40	103	41	103	42	98	43	104	44	98	45	89	46	96	47	95	48	90	49	106	
	0	44	1	42	2	40	3	53	4	44	5	47	6	50	7	49	8	53	9	39	10	38	11	41	12	49	13	55	14	56	15	45	16	43	17	53	18	41	19	41	20	39	21	54	22	46	23	56	24	48	25	38	26	56	27	40	28	48	29	49	30	43	31	53	32	48	33	46	34	39	35	53	36	54	37	45	38	49	39	42	40	54	41	51	42	47	43	40	44	45	45	49	46	44	47	39	48	57	49	50	
	0	89	1	79	2	78	3	75	4	85	5	82	6	88	7	83	8	75	9	85	10	75	11	83	12	75	13	86	14	81	15	83	16	85	17	86	18	80	19	80	20	83	21	78	22	78	23	73	24	71	25	88	26	83	27	73	28	85	29	76	30	82	31	76	32	73	33	77	34	81	35	83	36	78	37	84	38	89	39	77	40	78	41	76	42	81	43	80	44	86	45	85	46	75	47	89	48	90	49	76	
	0	41	1	36	2	24	3	36	4	29	5	38	6	39	7	28	8	32	9	24	10	34	11	42	12	30	13	34	14	41	15	29	16	33	17	26	18	31	19	31	20	42	21	28	22	31	23	25	24	34	25	41	26	43	27	24	28	24	29	27	30	35	31	41	32	43	33	30	34	32	35	35	36	39	37	31	38	42	39	34	40	30	41	26	42	39	43	24	44	29	45	39	46	27	47	32	48	37	49	29	
	0	13	1	16	2	14	3	12	4	28	5	13	6	12	7	29	8	26	9	17	10	30	11	24	12	29	13	31	14	23	15	30	16	24	17	19	18	15	19	18	20	15	21	18	22	15	23	15	24	26	25	26	26	24	27	18	28	23	29	30	30	13	31	20	32	30	33	30	34	14	35	20	36	28	37	21	38	25	39	24	40	24	41	22	42	31	43	18	44	31	45	29	46	20	47	23	48	20	49	23	
	0	69	1	62	2	60	3	55	4	64	5	64	6	59	7	68	8	53	9	51	10	65	11	61	12	50	13	55	14	56	15	50	16	61	17	59	18	52	19	50	20	54	21	54	22	61	23	60	24	62	25	57	26	63	27	69	28	60	29	52	30	62	31	65	32	54	33	52	34	51	35	69	36	59	37	60	38	63	39	66	40	60	41	62	42	66	43	55	44	58	45	57	46	58	47	57	48	67	49	61	
	0	79	1	92	2	75	3	90	4	90	5	79	6	86	7	86	8	87	9	85	10	76	11	91	12	77	13	77	14	86	15	90	16	75	17	77	18	76	19	92	20	89	21	77	22	80	23	91	24	79	25	82	26	76	27	88	28	86	29	92	30	88	31	89	32	87	33	80	34	78	35	86	36	87	37	81	38	78	39	75	40	93	41	89	42	78	43	89	44	84	45	93	46	83	47	75	48	76	49	75	
	0	80	1	88	2	80	3	89	4	80	5	79	6	86	7	83	8	84	9	80	10	75	11	91	12	86	13	80	14	81	15	82	16	77	17	82	18	74	19	83	20	81	21	77	22	92	23	75	24	80	25	90	26	93	27	74	28	75	29	78	30	80	31	80	32	85	33	88	34	81	35	91	36	81	37	80	38	91	39	74	40	74	41	87	42	78	43	87	44	91	45	79	46	75	47	83	48	93	49	80	
	0	60	1	68	2	71	3	74	4	64	5	70	6	66	7	65	8	70	9	69	10	58	11	62	12	63	13	70	14	71	15	74	16	62	17	57	18	65	19	59	20	60	21	57	22	62	23	73	24	62	25	64	26	75	27	64	28	67	29	74	30	70	31	71	32	69	33	72	34	69	35	57	36	57	37	66	38	63	39	75	40	71	41	64	42	68	43	74	44	60	45	58	46	60	47	59	48	63	49	75	
	0	36	1	39	2	28	3	36	4	28	5	31	6	27	7	33	8	44	9	45	10	28	11	40	12	27	13	46	14	28	15	38	16	38	17	27	18	30	19	39	20	37	21	45	22	37	23	29	24	32	25	42	26	35	27	32	28	28	29	35	30	28	31	44	32	30	33	27	34	35	35	32	36	27	37	45	38	28	39	27	40	27	41	34	42	38	43	37	44	28	45	42	46	27	47	39	48	46	49	41	
	0	55	1	52	2	51	3	65	4	46	5	46	6	52	7	46	8	61	9	56	10	55	11	61	12	61	13	63	14	46	15	59	16	61	17	64	18	60	19	61	20	53	21	50	22	55	23	51	24	48	25	48	26	59	27	56	28	61	29	51	30	60	31	48	32	47	33	49	34	64	35	65	36	48	37	64	38	59	39	63	40	48	41	46	42	47	43	59	44	59	45	54	46	51	47	59	48	52	49	65	
	0	34	1	37	2	21	3	37	4	35	5	20	6	39	7	21	8	38	9	30	10	22	11	25	12	25	13	36	14	25	15	22	16	39	17	24	18	27	19	26	20	36	21	21	22	28	23	38	24	39	25	21	26	24	27	38	28	24	29	27	30	27	31	34	32	35	33	36	34	24	35	30	36	24	37	25	38	39	39	23	40	28	41	35	42	25	43	37	44	28	45	36	46	20	47	32	48	25	49	34	
	0	37	1	43	2	34	3	48	4	44	5	36	6	44	7	38	8	37	9	43	10	40	11	52	12	42	13	47	14	40	15	34	16	45	17	51	18	38	19	42	20	52	21	46	22	46	23	52	24	34	25	46	26	48	27	34	28	48	29	37	30	42	31	38	32	45	33	45	34	38	35	37	36	39	37	47	38	37	39	34	40	35	41	47	42	48	43	50	44	40	45	42	46	43	47	51	48	37	49	48	
	0	53	1	51	2	50	3	60	4	58	5	61	6	57	7	56	8	60	9	62	10	56	11	50	12	56	13	55	14	59	15	53	16	57	17	49	18	51	19	58	20	48	21	63	22	63	23	59	24	48	25	53	26	60	27	51	28	52	29	55	30	54	31	66	32	65	33	62	34	67	35	55	36	65	37	61	38	66	39	62	40	58	41	57	42	64	43	56	44	63	45	57	46	53	47	58	48	64	49	64	
	0	82	1	86	2	77	3	80	4	74	5	80	6	85	7	81	8	79	9	80	10	69	11	74	12	77	13	81	14	71	15	77	16	77	17	77	18	87	19	84	20	87	21	80	22	79	23	71	24	71	25	86	26	71	27	80	28	84	29	86	30	76	31	82	32	75	33	83	34	79	35	84	36	86	37	78	38	86	39	75	40	73	41	82	42	76	43	74	44	83	45	74	46	86	47	78	48	77	49	81	
	0	100	1	105	2	97	3	93	4	111	5	110	6	96	7	93	8	106	9	111	10	99	11	107	12	98	13	110	14	98	15	95	16	100	17	93	18	105	19	105	20	108	21	93	22	110	23	106	24	106	25	108	26	95	27	111	28	102	29	110	30	107	31	110	32	95	33	105	34	101	35	96	36	112	37	108	38	106	39	110	40	97	41	94	42	109	43	94	44	109	45	101	46	112	47	102	48	109	49	109	
	0	16	1	9	2	20	3	11	4	16	5	10	6	11	7	20	8	14	9	12	10	10	11	20	12	8	13	24	14	18	15	11	16	23	17	18	18	11	19	7	20	11	21	6	22	6	23	17	24	22	25	6	26	9	27	8	28	22	29	18	30	15	31	13	32	19	33	15	34	12	35	21	36	23	37	16	38	9	39	16	40	6	41	7	42	12	43	11	44	6	45	9	46	25	47	21	48	12	49	6	
	0	28	1	34	2	32	3	34	4	23	5	28	6	26	7	26	8	39	9	29	10	24	11	26	12	23	13	31	14	30	15	38	16	29	17	39	18	39	19	36	20	36	21	28	22	32	23	25	24	27	25	36	26	30	27	28	28	40	29	40	30	37	31	36	32	27	33	40	34	27	35	27	36	30	37	22	38	38	39	28	40	30	41	25	42	37	43	26	44	28	45	39	46	34	47	30	48	33	49	41	
	0	96	1	102	2	89	3	94	4	95	5	88	6	101	7	90	8	97	9	98	10	100	11	101	12	88	13	104	14	88	15	95	16	98	17	89	18	106	19	100	20	97	21	96	22	95	23	107	24	94	25	102	26	91	27	89	28	105	29	101	30	98	31	100	32	93	33	97	34	106	35	96	36	90	37	94	38	99	39	97	40	95	41	91	42	98	43	99	44	91	45	94	46	89	47	93	48	95	49	100	
	0	93	1	94	2	102	3	101	4	94	5	86	6	89	7	94	8	93	9	90	10	86	11	103	12	90	13	93	14	94	15	86	16	100	17	97	18	103	19	92	20	97	21	89	22	94	23	103	24	100	25	90	26	97	27	86	28	91	29	90	30	102	31	102	32	93	33	88	34	90	35	101	36	99	37	90	38	91	39	101	40	104	41	92	42	95	43	96	44	99	45	99	46	97	47	99	48	90	49	90	
	0	15	1	22	2	19	3	29	4	14	5	13	6	14	7	23	8	18	9	18	10	26	11	26	12	24	13	23	14	15	15	12	16	23	17	20	18	10	19	29	20	26	21	10	22	13	23	14	24	16	25	17	26	20	27	22	28	23	29	16	30	15	31	19	32	24	33	22	34	12	35	29	36	12	37	11	38	20	39	28	40	21	41	22	42	13	43	11	44	25	45	28	46	22	47	10	48	13	49	23	
	0	24	1	38	2	28	3	35	4	30	5	40	6	33	7	39	8	41	9	31	10	22	11	35	12	31	13	26	14	40	15	40	16	25	17	29	18	33	19	27	20	28	21	31	22	28	23	32	24	38	25	22	26	29	27	30	28	40	29	38	30	24	31	39	32	35	33	40	34	27	35	27	36	35	37	25	38	37	39	36	40	28	41	33	42	22	43	37	44	32	45	24	46	33	47	35	48	39	49	24	
	0	66	1	52	2	58	3	60	4	53	5	56	6	63	7	63	8	56	9	51	10	57	11	60	12	59	13	65	14	63	15	56	16	62	17	51	18	60	19	53	20	57	21	52	22	58	23	54	24	63	25	49	26	64	27	57	28	47	29	62	30	63	31	52	32	49	33	63	34	54	35	61	36	54	37	62	38	59	39	56	40	50	41	54	42	63	43	63	44	55	45	57	46	66	47	65	48	63	49	59	
	0	68	1	64	2	63	3	56	4	55	5	67	6	56	7	70	8	68	9	70	10	53	11	67	12	63	13	64	14	61	15	62	16	63	17	63	18	67	19	56	20	69	21	62	22	65	23	65	24	52	25	69	26	52	27	57	28	52	29	69	30	52	31	53	32	59	33	69	34	58	35	59	36	58	37	62	38	60	39	70	40	64	41	56	42	65	43	67	44	62	45	62	46	55	47	57	48	67	49	61	
	0	96	1	100	2	107	3	114	4	109	5	100	6	97	7	107	8	99	9	101	10	114	11	96	12	96	13	103	14	97	15	102	16	98	17	112	18	110	19	97	20	105	21	106	22	103	23	115	24	114	25	109	26	114	27	101	28	109	29	110	30	112	31	98	32	108	33	97	34	100	35	114	36	104	37	115	38	110	39	104	40	96	41	105	42	100	43	100	44	96	45	109	46	107	47	109	48	105	49	99	
	0	35	1	34	2	40	3	45	4	42	5	48	6	42	7	46	8	30	9	31	10	46	11	40	12	46	13	41	14	32	15	48	16	31	17	48	18	45	19	46	20	33	21	39	22	48	23	37	24	35	25	38	26	44	27	29	28	45	29	34	30	33	31	36	32	35	33	41	34	29	35	34	36	29	37	48	38	39	39	32	40	38	41	32	42	40	43	35	44	30	45	48	46	34	47	39	48	32	49	43	
	0	70	1	68	2	66	3	68	4	68	5	54	6	64	7	57	8	60	9	63	10	69	11	61	12	64	13	66	14	58	15	68	16	66	17	72	18	67	19	62	20	63	21	53	22	53	23	66	24	55	25	56	26	67	27	68	28	59	29	61	30	63	31	67	32	60	33	69	34	57	35	56	36	64	37	54	38	63	39	58	40	61	41	54	42	65	43	67	44	58	45	59	46	70	47	63	48	54	49	65	
	0	52	1	66	2	67	3	64	4	59	5	63	6	56	7	61	8	50	9	53	10	66	11	67	12	56	13	51	14	50	15	61	16	49	17	58	18	52	19	56	20	63	21	57	22	56	23	56	24	54	25	56	26	54	27	55	28	63	29	62	30	62	31	49	32	66	33	49	34	49	35	63	36	49	37	52	38	62	39	56	40	49	41	59	42	52	43	55	44	59	45	55	46	61	47	67	48	52	49	63	
	0	109	1	106	2	107	3	101	4	98	5	107	6	115	7	115	8	110	9	98	10	96	11	108	12	103	13	101	14	99	15	98	16	100	17	99	18	101	19	100	20	113	21	98	22	98	23	98	24	111	25	97	26	97	27	115	28	96	29	115	30	108	31	99	32	104	33	102	34	100	35	112	36	96	37	108	38	107	39	103	40	105	41	111	42	110	43	103	44	100	45	113	46	114	47	107	48	106	49	109	
	0	78	1	79	2	73	3	74	4	69	5	76	6	69	7	84	8	76	9	70	10	80	11	84	12	77	13	81	14	70	15	76	16	86	17	80	18	82	19	69	20	85	21	81	22	85	23	68	24	83	25	73	26	80	27	85	28	87	29	78	30	76	31	73	32	70	33	69	34	84	35	76	36	80	37	69	38	81	39	73	40	84	41	74	42	70	43	75	44	84	45	79	46	85	47	82	48	84	49	77	
	0	55	1	38	2	52	3	44	4	45	5	36	6	36	7	46	8	40	9	55	10	38	11	45	12	44	13	51	14	39	15	43	16	43	17	47	18	42	19	47	20	44	21	39	22	42	23	45	24	43	25	53	26	42	27	40	28	51	29	46	30	40	31	49	32	52	33	42	34	45	35	55	36	42	37	42	38	51	39	40	40	39	41	50	42	38	43	51	44	39	45	42	46	36	47	54	48	42	49	43	
	0	90	1	91	2	91	3	97	4	95	5	88	6	105	7	100	8	105	9	96	10	94	11	91	12	100	13	97	14	93	15	94	16	88	17	105	18	95	19	89	20	94	21	88	22	86	23	98	24	105	25	102	26	90	27	100	28	104	29	97	30	86	31	100	32	86	33	88	34	96	35	95	36	97	37	96	38	89	39	86	40	87	41	90	42	103	43	102	44	91	45	88	46	101	47	88	48	97	49	101	
	0	54	1	51	2	68	3	65	4	61	5	68	6	51	7	54	8	58	9	56	10	56	11	64	12	59	13	69	14	57	15	69	16	66	17	52	18	68	19	55	20	58	21	62	22	63	23	54	24	55	25	65	26	51	27	53	28	65	29	55	30	54	31	65	32	69	33	61	34	63	35	70	36	66	37	55	38	68	39	63	40	59	41	56	42	58	43	65	44	70	45	70	46	66	47	67	48	54	49	68	
	0	94	1	83	2	85	3	91	4	76	5	86	6	89	7	92	8	91	9	76	10	89	11	82	12	80	13	87	14	80	15	95	16	76	17	88	18	93	19	79	20	91	21	84	22	89	23	83	24	88	25	94	26	90	27	93	28	78	29	91	30	90	31	80	32	82	33	85	34	86	35	89	36	82	37	86	38	79	39	76	40	94	41	89	42	92	43	89	44	78	45	79	46	85	47	86	48	76	49	95	
	0	31	1	34	2	23	3	35	4	30	5	36	6	31	7	22	8	23	9	24	10	38	11	26	12	23	13	37	14	26	15	25	16	23	17	37	18	38	19	40	20	29	21	34	22	33	23	25	24	25	25	24	26	28	27	28	28	27	29	37	30	36	31	22	32	22	33	29	34	39	35	31	36	32	37	22	38	22	39	27	40	36	41	24	42	27	43	34	44	38	45	36	46	22	47	26	48	33	49	27	
	0	65	1	66	2	61	3	77	4	67	5	74	6	63	7	68	8	66	9	66	10	79	11	69	12	67	13	76	14	76	15	74	16	70	17	78	18	80	19	73	20	70	21	67	22	73	23	69	24	65	25	69	26	67	27	74	28	69	29	65	30	79	31	78	32	65	33	63	34	72	35	69	36	80	37	71	38	76	39	73	40	73	41	73	42	70	43	67	44	70	45	64	46	79	47	61	48	63	49	78	
	0	84	1	87	2	82	3	85	4	95	5	94	6	79	7	92	8	92	9	84	10	84	11	87	12	92	13	78	14	90	15	76	16	93	17	80	18	83	19	93	20	79	21	85	22	95	23	78	24	83	25	83	26	87	27	87	28	76	29	94	30	89	31	86	32	88	33	76	34	88	35	90	36	91	37	81	38	84	39	83	40	88	41	76	42	90	43	76	44	85	45	94	46	85	47	95	48	77	49	93	
	0	57	1	62	2	51	3	67	4	68	5	52	6	67	7	61	8	62	9	60	10	68	11	60	12	51	13	50	14	68	15	53	16	58	17	53	18	62	19	56	20	60	21	62	22	60	23	59	24	66	25	60	26	61	27	67	28	62	29	68	30	65	31	52	32	61	33	59	34	55	35	51	36	61	37	67	38	55	39	54	40	50	41	67	42	65	43	67	44	55	45	55	46	54	47	54	48	56	49	63	
	0	36	1	33	2	31	3	42	4	30	5	29	6	40	7	33	8	39	9	33	10	28	11	43	12	42	13	29	14	29	15	29	16	41	17	40	18	37	19	44	20	39	21	36	22	29	23	45	24	30	25	43	26	39	27	38	28	44	29	43	30	28	31	44	32	43	33	36	34	35	35	36	36	39	37	34	38	38	39	44	40	36	41	28	42	43	43	34	44	33	45	47	46	35	47	40	48	33	49	47	
	0	117	1	111	2	105	3	101	4	107	5	120	6	102	7	101	8	115	9	109	10	120	11	108	12	116	13	101	14	113	15	109	16	120	17	113	18	120	19	111	20	105	21	108	22	110	23	109	24	111	25	109	26	103	27	114	28	114	29	109	30	107	31	109	32	119	33	118	34	119	35	115	36	117	37	114	38	119	39	111	40	101	41	111	42	103	43	104	44	101	45	104	46	111	47	116	48	105	49	119	
	0	93	1	92	2	90	3	89	4	104	5	96	6	107	7	102	8	105	9	103	10	101	11	97	12	97	13	90	14	105	15	91	16	105	17	94	18	94	19	97	20	105	21	89	22	94	23	108	24	105	25	103	26	105	27	99	28	99	29	107	30	97	31	101	32	104	33	98	34	95	35	99	36	93	37	106	38	96	39	99	40	104	41	99	42	108	43	107	44	89	45	99	46	89	47	97	48	91	49	108	
	0	26	1	21	2	23	3	17	4	23	5	13	6	28	7	30	8	17	9	14	10	18	11	22	12	23	13	20	14	23	15	25	16	25	17	11	18	30	19	11	20	14	21	19	22	20	23	26	24	21	25	26	26	23	27	24	28	30	29	27	30	20	31	25	32	13	33	27	34	13	35	11	36	22	37	19	38	28	39	23	40	23	41	16	42	11	43	25	44	15	45	27	46	24	47	16	48	20	49	25	