200 20 1
20
	0	91	1	99	2	107	3	89	4	97	5	106	6	93	7	95	8	90	9	100	10	90	11	96	12	106	13	98	14	88	15	88	16	95	17	89	18	103	19	90	
	0	28	1	34	2	29	3	30	4	41	5	33	6	45	7	34	8	29	9	27	10	38	11	37	12	29	13	37	14	42	15	33	16	31	17	44	18	38	19	32	
	0	108	1	95	2	109	3	97	4	101	5	95	6	94	7	103	8	99	9	97	10	109	11	110	12	96	13	104	14	107	15	110	16	93	17	104	18	106	19	98	
	0	81	1	88	2	87	3	79	4	98	5	95	6	87	7	81	8	82	9	85	10	98	11	87	12	82	13	98	14	96	15	95	16	85	17	84	18	91	19	93	
	0	81	1	83	2	71	3	73	4	70	5	68	6	67	7	67	8	84	9	67	10	76	11	69	12	80	13	82	14	85	15	72	16	71	17	70	18	82	19	71	
	0	41	1	36	2	29	3	35	4	28	5	37	6	22	7	37	8	23	9	31	10	29	11	27	12	39	13	26	14	25	15	27	16	39	17	29	18	32	19	40	
	0	57	1	69	2	58	3	70	4	69	5	70	6	61	7	68	8	69	9	58	10	52	11	67	12	69	13	51	14	61	15	63	16	63	17	68	18	57	19	53	
	0	82	1	75	2	67	3	67	4	81	5	83	6	70	7	70	8	75	9	81	10	69	11	68	12	64	13	68	14	76	15	83	16	73	17	74	18	68	19	79	
	0	40	1	30	2	27	3	32	4	41	5	33	6	38	7	27	8	39	9	40	10	25	11	25	12	29	13	37	14	40	15	25	16	40	17	40	18	23	19	37	
	0	83	1	82	2	83	3	73	4	82	5	88	6	78	7	76	8	74	9	84	10	87	11	84	12	86	13	73	14	72	15	74	16	90	17	81	18	75	19	75	
	0	75	1	77	2	90	3	88	4	92	5	84	6	86	7	83	8	88	9	76	10	81	11	89	12	90	13	75	14	81	15	79	16	87	17	87	18	86	19	80	
	0	62	1	56	2	56	3	54	4	60	5	55	6	59	7	48	8	54	9	66	10	55	11	51	12	50	13	67	14	65	15	52	16	52	17	60	18	61	19	49	
	0	49	1	50	2	51	3	49	4	48	5	58	6	45	7	44	8	47	9	44	10	48	11	61	12	53	13	59	14	47	15	51	16	62	17	57	18	60	19	52	
	0	112	1	117	2	115	3	115	4	114	5	105	6	109	7	114	8	106	9	116	10	105	11	109	12	101	13	111	14	107	15	100	16	112	17	118	18	100	19	117	
	0	64	1	59	2	53	3	61	4	51	5	64	6	57	7	59	8	59	9	48	10	56	11	51	12	52	13	52	14	57	15	51	16	57	17	53	18	62	19	54	
	0	80	1	68	2	84	3	70	4	68	5	79	6	77	7	78	8	77	9	83	10	68	11	78	12	80	13	81	14	73	15	82	16	77	17	84	18	78	19	81	
	0	69	1	62	2	68	3	63	4	69	5	66	6	81	7	69	8	77	9	70	10	81	11	79	12	74	13	67	14	63	15	67	16	78	17	78	18	81	19	71	
	0	19	1	30	2	19	3	17	4	20	5	35	6	20	7	23	8	20	9	31	10	24	11	27	12	25	13	27	14	26	15	27	16	21	17	26	18	35	19	33	
	0	26	1	31	2	31	3	31	4	26	5	25	6	20	7	25	8	23	9	26	10	27	11	30	12	28	13	24	14	23	15	18	16	31	17	15	18	33	19	22	
	0	60	1	60	2	74	3	69	4	68	5	60	6	72	7	66	8	76	9	70	10	74	11	64	12	74	13	59	14	67	15	75	16	77	17	74	18	59	19	67	
	0	55	1	47	2	55	3	50	4	43	5	40	6	43	7	49	8	53	9	47	10	44	11	52	12	49	13	47	14	51	15	53	16	49	17	50	18	53	19	49	
	0	63	1	63	2	60	3	60	4	74	5	69	6	78	7	77	8	62	9	60	10	66	11	73	12	68	13	66	14	66	15	61	16	65	17	65	18	68	19	61	
	0	23	1	26	2	10	3	8	4	19	5	19	6	7	7	21	8	24	9	11	10	14	11	7	12	8	13	10	14	13	15	14	16	14	17	23	18	25	19	9	
	0	104	1	99	2	110	3	109	4	109	5	108	6	93	7	107	8	96	9	101	10	108	11	108	12	107	13	102	14	95	15	98	16	105	17	93	18	109	19	110	
	0	90	1	85	2	96	3	91	4	90	5	96	6	91	7	104	8	85	9	92	10	94	11	99	12	88	13	100	14	102	15	91	16	87	17	101	18	88	19	98	
	0	31	1	28	2	28	3	15	4	30	5	33	6	19	7	20	8	16	9	21	10	29	11	14	12	28	13	24	14	28	15	24	16	20	17	15	18	24	19	31	
	0	60	1	59	2	61	3	76	4	75	5	68	6	74	7	60	8	76	9	78	10	59	11	78	12	66	13	66	14	63	15	64	16	59	17	77	18	59	19	76	
	0	25	1	21	2	33	3	27	4	20	5	19	6	25	7	19	8	21	9	34	10	23	11	21	12	19	13	21	14	24	15	30	16	25	17	32	18	26	19	36	
	0	77	1	60	2	74	3	72	4	78	5	60	6	66	7	63	8	69	9	69	10	67	11	70	12	67	13	64	14	59	15	71	16	72	17	59	18	73	19	69	
	0	32	1	36	2	32	3	45	4	30	5	31	6	40	7	39	8	40	9	38	10	46	11	35	12	39	13	32	14	31	15	33	16	46	17	44	18	30	19	39	
	0	51	1	58	2	41	3	55	4	54	5	48	6	49	7	50	8	51	9	44	10	46	11	44	12	57	13	53	14	53	15	52	16	52	17	43	18	46	19	53	
	0	103	1	109	2	104	3	107	4	95	5	97	6	110	7	103	8	101	9	103	10	101	11	107	12	110	13	100	14	102	15	102	16	107	17	104	18	97	19	93	
	0	91	1	96	2	98	3	86	4	94	5	85	6	93	7	87	8	95	9	88	10	88	11	79	12	95	13	94	14	83	15	94	16	80	17	84	18	89	19	85	
	0	30	1	34	2	30	3	31	4	40	5	37	6	33	7	44	8	45	9	40	10	49	11	48	12	41	13	48	14	49	15	49	16	41	17	31	18	36	19	38	
	0	18	1	25	2	12	3	9	4	19	5	20	6	16	7	23	8	27	9	27	10	16	11	13	12	19	13	24	14	22	15	10	16	19	17	19	18	16	19	15	
	0	90	1	87	2	89	3	98	4	86	5	89	6	96	7	82	8	86	9	95	10	89	11	86	12	87	13	81	14	96	15	89	16	85	17	80	18	92	19	87	
	0	49	1	51	2	43	3	49	4	36	5	42	6	48	7	35	8	51	9	50	10	47	11	42	12	38	13	46	14	51	15	42	16	49	17	33	18	49	19	32	
	0	74	1	67	2	60	3	68	4	67	5	73	6	72	7	66	8	72	9	61	10	74	11	73	12	67	13	73	14	77	15	66	16	61	17	59	18	60	19	76	
	0	38	1	29	2	37	3	34	4	35	5	34	6	22	7	36	8	23	9	35	10	32	11	33	12	31	13	22	14	34	15	35	16	40	17	23	18	32	19	31	
	0	24	1	19	2	33	3	27	4	26	5	34	6	38	7	29	8	29	9	26	10	28	11	22	12	32	13	21	14	38	15	24	16	26	17	21	18	33	19	22	
	0	36	1	51	2	41	3	46	4	37	5	44	6	42	7	37	8	44	9	42	10	45	11	43	12	45	13	40	14	37	15	35	16	50	17	38	18	41	19	35	
	0	53	1	43	2	41	3	48	4	48	5	51	6	58	7	59	8	60	9	48	10	49	11	54	12	51	13	57	14	57	15	46	16	50	17	58	18	53	19	50	
	0	5	1	23	2	23	3	13	4	14	5	11	6	19	7	11	8	18	9	20	10	10	11	20	12	11	13	22	14	7	15	6	16	6	17	16	18	18	19	9	
	0	42	1	42	2	37	3	35	4	32	5	38	6	32	7	36	8	28	9	32	10	32	11	31	12	37	13	24	14	27	15	31	16	31	17	28	18	31	19	42	
	0	14	1	27	2	33	3	29	4	25	5	14	6	18	7	23	8	28	9	30	10	27	11	27	12	26	13	22	14	23	15	25	16	15	17	23	18	17	19	19	
	0	96	1	106	2	96	3	107	4	96	5	104	6	99	7	99	8	101	9	103	10	93	11	107	12	103	13	90	14	108	15	96	16	91	17	103	18	108	19	96	
	0	36	1	30	2	38	3	38	4	35	5	27	6	32	7	37	8	27	9	34	10	38	11	29	12	41	13	23	14	32	15	24	16	29	17	33	18	40	19	36	
	0	54	1	61	2	54	3	67	4	67	5	68	6	64	7	56	8	64	9	61	10	58	11	66	12	66	13	72	14	72	15	60	16	65	17	72	18	66	19	66	
	0	47	1	52	2	50	3	45	4	55	5	55	6	37	7	45	8	44	9	41	10	54	11	42	12	47	13	43	14	45	15	43	16	42	17	39	18	47	19	43	
	0	16	1	29	2	12	3	13	4	19	5	19	6	26	7	22	8	19	9	23	10	22	11	22	12	18	13	14	14	18	15	11	16	14	17	17	18	26	19	23	
	0	52	1	64	2	68	3	51	4	64	5	60	6	66	7	51	8	54	9	54	10	52	11	52	12	60	13	70	14	66	15	66	16	57	17	66	18	57	19	55	
	0	16	1	23	2	7	3	4	4	14	5	11	6	16	7	15	8	14	9	12	10	17	11	20	12	11	13	12	14	12	15	22	16	13	17	14	18	22	19	17	
	0	8	1	14	2	10	3	24	4	8	5	14	6	16	7	21	8	11	9	15	10	15	11	20	12	19	13	10	14	21	15	21	16	10	17	9	18	13	19	13	
	0	84	1	75	2	79	3	71	4	82	5	74	6	76	7	82	8	85	9	72	10	74	11	86	12	68	13	67	14	72	15	85	16	76	17	86	18	73	19	83	
	0	27	1	23	2	35	3	36	4	37	5	39	6	26	7	26	8	30	9	32	10	36	11	39	12	33	13	40	14	35	15	30	16	23	17	36	18	24	19	24	
	0	73	1	81	2	71	3	75	4	80	5	84	6	71	7	87	8	87	9	86	10	89	11	71	12	87	13	85	14	76	15	77	16	74	17	75	18	83	19	72	
	0	71	1	84	2	68	3	81	4	74	5	70	6	81	7	82	8	76	9	86	10	75	11	68	12	80	13	76	14	69	15	87	16	74	17	77	18	68	19	71	
	0	60	1	55	2	63	3	51	4	55	5	62	6	51	7	55	8	52	9	59	10	59	11	53	12	68	13	51	14	56	15	69	16	52	17	50	18	64	19	65	
	0	62	1	71	2	52	3	64	4	53	5	56	6	67	7	64	8	66	9	66	10	54	11	63	12	52	13	69	14	65	15	54	16	58	17	53	18	57	19	61	
	0	67	1	76	2	71	3	64	4	68	5	76	6	71	7	76	8	75	9	67	10	70	11	82	12	80	13	81	14	74	15	69	16	78	17	73	18	77	19	78	
	0	71	1	64	2	79	3	64	4	69	5	77	6	78	7	70	8	83	9	78	10	65	11	83	12	67	13	78	14	74	15	79	16	82	17	74	18	82	19	70	
	0	24	1	19	2	33	3	21	4	36	5	36	6	33	7	22	8	24	9	27	10	37	11	25	12	33	13	18	14	33	15	23	16	26	17	36	18	35	19	19	
	0	51	1	48	2	49	3	55	4	46	5	54	6	57	7	48	8	46	9	52	10	55	11	60	12	46	13	50	14	53	15	56	16	57	17	56	18	44	19	47	
	0	109	1	103	2	110	3	108	4	105	5	97	6	111	7	97	8	110	9	103	10	101	11	96	12	106	13	103	14	109	15	105	16	103	17	106	18	98	19	103	
	0	80	1	72	2	80	3	69	4	81	5	73	6	69	7	72	8	86	9	82	10	73	11	87	12	74	13	79	14	71	15	85	16	69	17	68	18	72	19	72	
	0	64	1	67	2	62	3	61	4	56	5	63	6	61	7	59	8	64	9	63	10	60	11	50	12	63	13	49	14	50	15	66	16	60	17	54	18	63	19	58	
	0	23	1	21	2	9	3	20	4	20	5	9	6	21	7	18	8	13	9	16	10	9	11	8	12	18	13	22	14	11	15	9	16	13	17	14	18	5	19	17	
	0	33	1	31	2	21	3	18	4	32	5	23	6	29	7	22	8	34	9	23	10	34	11	25	12	31	13	34	14	36	15	31	16	23	17	19	18	32	19	20	
	0	93	1	95	2	93	3	90	4	99	5	97	6	92	7	97	8	105	9	89	10	93	11	96	12	99	13	101	14	96	15	94	16	95	17	106	18	96	19	92	
	0	20	1	33	2	33	3	26	4	21	5	20	6	31	7	29	8	30	9	39	10	33	11	34	12	39	13	31	14	22	15	39	16	22	17	30	18	39	19	26	
	0	81	1	71	2	80	3	66	4	72	5	80	6	73	7	67	8	68	9	76	10	65	11	69	12	75	13	80	14	81	15	67	16	68	17	74	18	75	19	76	
	0	22	1	27	2	37	3	21	4	30	5	33	6	28	7	21	8	23	9	21	10	22	11	34	12	20	13	28	14	21	15	32	16	33	17	22	18	24	19	38	
	0	59	1	56	2	56	3	47	4	52	5	58	6	55	7	53	8	53	9	45	10	49	11	57	12	57	13	62	14	63	15	47	16	52	17	62	18	61	19	47	
	0	103	1	93	2	107	3	95	4	99	5	92	6	92	7	103	8	102	9	111	10	104	11	97	12	103	13	109	14	109	15	97	16	99	17	102	18	101	19	105	
	0	88	1	90	2	80	3	85	4	86	5	85	6	73	7	81	8	81	9	77	10	92	11	75	12	87	13	73	14	74	15	91	16	79	17	80	18	84	19	90	
	0	32	1	39	2	41	3	36	4	44	5	41	6	30	7	32	8	28	9	33	10	40	11	37	12	31	13	45	14	28	15	31	16	28	17	32	18	30	19	40	
	0	74	1	72	2	74	3	73	4	84	5	70	6	75	7	84	8	73	9	70	10	74	11	78	12	67	13	69	14	80	15	70	16	76	17	85	18	72	19	81	
	0	49	1	64	2	50	3	64	4	61	5	55	6	52	7	65	8	60	9	55	10	47	11	51	12	57	13	64	14	52	15	65	16	57	17	47	18	58	19	54	
	0	82	1	83	2	80	3	72	4	81	5	87	6	72	7	82	8	85	9	79	10	85	11	82	12	81	13	80	14	84	15	73	16	73	17	79	18	73	19	73	
	0	93	1	97	2	98	3	110	4	109	5	101	6	100	7	96	8	104	9	101	10	103	11	105	12	97	13	97	14	105	15	102	16	99	17	110	18	110	19	99	
	0	19	1	11	2	21	3	20	4	14	5	20	6	23	7	13	8	10	9	26	10	22	11	23	12	23	13	11	14	28	15	24	16	21	17	27	18	21	19	23	
	0	44	1	47	2	53	3	46	4	35	5	45	6	51	7	47	8	36	9	39	10	49	11	52	12	47	13	45	14	50	15	51	16	37	17	49	18	39	19	52	
	0	41	1	37	2	43	3	47	4	50	5	49	6	51	7	36	8	54	9	46	10	40	11	43	12	40	13	53	14	52	15	54	16	49	17	38	18	42	19	48	
	0	89	1	93	2	103	3	104	4	89	5	102	6	103	7	90	8	106	9	95	10	105	11	94	12	106	13	106	14	97	15	99	16	96	17	100	18	88	19	87	
	0	90	1	104	2	109	3	97	4	103	5	97	6	97	7	92	8	106	9	95	10	90	11	90	12	96	13	108	14	108	15	92	16	91	17	98	18	90	19	107	
	0	52	1	50	2	49	3	61	4	55	5	47	6	51	7	46	8	47	9	55	10	49	11	51	12	49	13	47	14	51	15	61	16	51	17	59	18	58	19	62	
	0	98	1	85	2	99	3	100	4	102	5	84	6	91	7	93	8	84	9	99	10	87	11	92	12	95	13	91	14	94	15	89	16	89	17	89	18	103	19	97	
	0	36	1	46	2	54	3	36	4	52	5	42	6	39	7	36	8	53	9	42	10	48	11	54	12	49	13	43	14	52	15	50	16	47	17	42	18	52	19	40	
	0	27	1	25	2	24	3	32	4	32	5	25	6	35	7	19	8	38	9	28	10	30	11	22	12	31	13	22	14	38	15	31	16	38	17	38	18	30	19	32	
	0	27	1	14	2	8	3	8	4	9	5	21	6	16	7	9	8	21	9	27	10	15	11	22	12	16	13	15	14	21	15	15	16	15	17	16	18	8	19	17	
	0	49	1	59	2	54	3	57	4	56	5	65	6	67	7	53	8	61	9	51	10	53	11	66	12	52	13	67	14	52	15	56	16	67	17	50	18	57	19	57	
	0	34	1	50	2	40	3	47	4	37	5	42	6	40	7	50	8	51	9	50	10	46	11	41	12	38	13	34	14	52	15	40	16	46	17	47	18	38	19	51	
	0	35	1	34	2	44	3	43	4	39	5	43	6	43	7	49	8	37	9	48	10	45	11	39	12	44	13	45	14	32	15	41	16	37	17	32	18	46	19	35	
	0	51	1	58	2	53	3	61	4	53	5	60	6	53	7	65	8	61	9	65	10	56	11	56	12	65	13	61	14	66	15	66	16	51	17	54	18	53	19	60	
	0	83	1	85	2	92	3	84	4	78	5	96	6	97	7	85	8	79	9	90	10	85	11	81	12	97	13	92	14	78	15	95	16	80	17	90	18	92	19	95	
	0	17	1	12	2	22	3	10	4	8	5	12	6	15	7	8	8	23	9	12	10	8	11	10	12	9	13	11	14	21	15	14	16	16	17	22	18	10	19	16	
	0	76	1	78	2	69	3	67	4	67	5	77	6	81	7	81	8	81	9	68	10	75	11	69	12	85	13	73	14	71	15	71	16	73	17	76	18	72	19	76	
	0	73	1	79	2	70	3	64	4	71	5	64	6	68	7	61	8	80	9	62	10	69	11	74	12	72	13	71	14	62	15	63	16	61	17	65	18	68	19	78	
	0	74	1	80	2	84	3	83	4	81	5	87	6	88	7	91	8	92	9	73	10	90	11	77	12	89	13	89	14	73	15	80	16	88	17	73	18	87	19	86	
	0	91	1	79	2	77	3	76	4	79	5	82	6	81	7	72	8	90	9	87	10	76	11	73	12	80	13	80	14	76	15	91	16	88	17	75	18	86	19	81	
	0	58	1	69	2	72	3	61	4	67	5	74	6	66	7	73	8	68	9	76	10	73	11	61	12	77	13	58	14	69	15	65	16	75	17	76	18	71	19	61	
	0	49	1	42	2	49	3	47	4	53	5	39	6	39	7	39	8	41	9	53	10	45	11	55	12	54	13	47	14	46	15	50	16	48	17	55	18	55	19	50	
	0	26	1	37	2	34	3	33	4	31	5	24	6	42	7	34	8	32	9	34	10	41	11	40	12	31	13	24	14	40	15	41	16	33	17	40	18	33	19	29	
	0	95	1	101	2	103	3	111	4	107	5	111	6	112	7	110	8	106	9	95	10	94	11	102	12	93	13	107	14	100	15	110	16	105	17	95	18	104	19	94	
	0	53	1	56	2	43	3	44	4	52	5	50	6	53	7	40	8	46	9	52	10	39	11	49	12	38	13	47	14	48	15	43	16	40	17	39	18	39	19	45	
	0	76	1	82	2	73	3	73	4	92	5	85	6	89	7	78	8	81	9	89	10	79	11	92	12	86	13	80	14	76	15	83	16	82	17	91	18	86	19	91	
	0	36	1	42	2	49	3	47	4	39	5	49	6	39	7	48	8	43	9	40	10	36	11	38	12	41	13	44	14	43	15	43	16	35	17	46	18	49	19	43	
	0	63	1	71	2	77	3	73	4	79	5	63	6	74	7	81	8	73	9	74	10	65	11	75	12	75	13	67	14	67	15	80	16	77	17	66	18	75	19	81	
	0	115	1	118	2	114	3	102	4	102	5	109	6	100	7	109	8	109	9	116	10	106	11	115	12	115	13	108	14	106	15	104	16	105	17	113	18	105	19	118	
	0	29	1	15	2	20	3	21	4	16	5	12	6	24	7	24	8	13	9	18	10	18	11	20	12	27	13	16	14	25	15	13	16	16	17	10	18	19	19	22	
	0	114	1	104	2	99	3	113	4	102	5	114	6	110	7	108	8	95	9	97	10	96	11	110	12	101	13	109	14	104	15	97	16	110	17	110	18	97	19	98	
	0	62	1	68	2	67	3	65	4	59	5	53	6	63	7	52	8	63	9	56	10	54	11	69	12	69	13	70	14	54	15	61	16	61	17	56	18	65	19	57	
	0	92	1	85	2	81	3	79	4	80	5	75	6	78	7	87	8	75	9	91	10	91	11	81	12	75	13	86	14	88	15	76	16	93	17	85	18	76	19	81	
	0	80	1	67	2	70	3	66	4	78	5	71	6	74	7	63	8	73	9	75	10	65	11	76	12	67	13	64	14	69	15	63	16	81	17	65	18	78	19	69	
	0	89	1	83	2	84	3	96	4	91	5	78	6	86	7	96	8	82	9	81	10	95	11	96	12	96	13	90	14	90	15	86	16	94	17	86	18	79	19	79	
	0	89	1	96	2	92	3	93	4	89	5	78	6	86	7	80	8	78	9	87	10	87	11	79	12	84	13	94	14	86	15	84	16	81	17	78	18	81	19	81	
	0	80	1	73	2	77	3	73	4	67	5	78	6	83	7	71	8	67	9	79	10	76	11	71	12	75	13	72	14	69	15	86	16	77	17	67	18	74	19	69	
	0	84	1	79	2	96	3	95	4	91	5	94	6	78	7	96	8	91	9	82	10	87	11	77	12	83	13	84	14	80	15	96	16	78	17	84	18	86	19	84	
	0	67	1	73	2	67	3	68	4	58	5	77	6	74	7	76	8	72	9	73	10	70	11	67	12	60	13	68	14	62	15	60	16	70	17	62	18	66	19	61	
	0	55	1	55	2	59	3	55	4	63	5	49	6	61	7	58	8	64	9	59	10	50	11	53	12	51	13	63	14	55	15	49	16	50	17	59	18	62	19	46	
	0	74	1	71	2	81	3	79	4	83	5	88	6	87	7	90	8	77	9	87	10	86	11	86	12	80	13	88	14	73	15	82	16	76	17	77	18	87	19	85	
	0	89	1	75	2	89	3	85	4	80	5	74	6	87	7	83	8	76	9	70	10	84	11	89	12	85	13	88	14	82	15	88	16	72	17	75	18	70	19	77	
	0	53	1	48	2	53	3	58	4	58	5	47	6	54	7	64	8	55	9	58	10	59	11	59	12	59	13	49	14	49	15	63	16	52	17	55	18	45	19	62	
	0	65	1	72	2	67	3	79	4	64	5	69	6	72	7	67	8	75	9	70	10	65	11	67	12	75	13	70	14	78	15	70	16	64	17	64	18	63	19	72	
	0	37	1	31	2	47	3	34	4	36	5	46	6	44	7	39	8	49	9	48	10	44	11	44	12	35	13	39	14	45	15	46	16	47	17	45	18	34	19	35	
	0	90	1	74	2	78	3	72	4	72	5	75	6	91	7	89	8	87	9	85	10	85	11	91	12	78	13	91	14	83	15	83	16	74	17	91	18	86	19	84	
	0	35	1	39	2	35	3	44	4	35	5	39	6	42	7	32	8	46	9	40	10	32	11	32	12	30	13	40	14	45	15	38	16	38	17	35	18	33	19	34	
	0	46	1	36	2	43	3	44	4	37	5	44	6	44	7	44	8	48	9	44	10	42	11	38	12	46	13	40	14	38	15	50	16	51	17	54	18	39	19	39	
	0	33	1	34	2	21	3	35	4	27	5	19	6	16	7	20	8	18	9	21	10	21	11	35	12	23	13	30	14	20	15	31	16	21	17	21	18	32	19	16	
	0	45	1	44	2	40	3	33	4	51	5	39	6	49	7	35	8	51	9	35	10	45	11	32	12	48	13	36	14	41	15	34	16	34	17	51	18	34	19	37	
	0	110	1	98	2	115	3	113	4	102	5	115	6	98	7	101	8	96	9	110	10	99	11	105	12	114	13	99	14	111	15	100	16	97	17	101	18	114	19	114	
	0	39	1	52	2	46	3	44	4	46	5	46	6	40	7	52	8	41	9	38	10	52	11	53	12	52	13	41	14	48	15	42	16	50	17	51	18	44	19	38	
	0	65	1	59	2	51	3	68	4	57	5	69	6	59	7	59	8	57	9	63	10	66	11	64	12	59	13	59	14	54	15	68	16	62	17	55	18	66	19	63	
	0	96	1	90	2	82	3	94	4	80	5	89	6	80	7	83	8	86	9	91	10	80	11	82	12	90	13	79	14	82	15	95	16	78	17	96	18	87	19	90	
	0	76	1	82	2	67	3	81	4	65	5	73	6	65	7	74	8	63	9	67	10	75	11	65	12	79	13	67	14	73	15	63	16	65	17	75	18	69	19	81	
	0	84	1	100	2	90	3	102	4	99	5	94	6	102	7	101	8	93	9	87	10	101	11	85	12	86	13	95	14	102	15	102	16	95	17	99	18	102	19	103	
	0	96	1	97	2	99	3	90	4	92	5	96	6	92	7	90	8	97	9	101	10	108	11	106	12	97	13	92	14	104	15	95	16	93	17	106	18	89	19	105	
	0	45	1	58	2	60	3	57	4	48	5	45	6	49	7	56	8	57	9	64	10	57	11	58	12	46	13	60	14	48	15	49	16	56	17	61	18	54	19	46	
	0	19	1	23	2	16	3	21	4	27	5	21	6	20	7	25	8	23	9	9	10	22	11	10	12	23	13	8	14	27	15	22	16	11	17	20	18	17	19	23	
	0	21	1	25	2	15	3	25	4	8	5	12	6	19	7	26	8	8	9	22	10	25	11	21	12	9	13	12	14	16	15	7	16	20	17	15	18	19	19	14	
	0	12	1	25	2	12	3	21	4	11	5	13	6	11	7	15	8	17	9	24	10	8	11	26	12	13	13	12	14	26	15	7	16	12	17	24	18	12	19	14	
	0	84	1	94	2	97	3	93	4	97	5	78	6	94	7	91	8	82	9	97	10	94	11	85	12	80	13	81	14	84	15	81	16	93	17	79	18	93	19	87	
	0	20	1	17	2	11	3	19	4	9	5	10	6	10	7	14	8	3	9	19	10	16	11	4	12	16	13	20	14	11	15	9	16	18	17	14	18	21	19	15	
	0	79	1	94	2	77	3	92	4	88	5	89	6	83	7	77	8	91	9	92	10	95	11	90	12	81	13	92	14	80	15	94	16	85	17	84	18	88	19	86	
	0	35	1	33	2	27	3	39	4	43	5	25	6	36	7	32	8	34	9	30	10	36	11	38	12	38	13	38	14	27	15	37	16	35	17	42	18	40	19	41	
	0	93	1	84	2	100	3	81	4	89	5	82	6	94	7	83	8	92	9	100	10	91	11	98	12	88	13	89	14	82	15	87	16	81	17	88	18	93	19	91	
	0	94	1	89	2	101	3	87	4	89	5	101	6	97	7	88	8	95	9	97	10	87	11	92	12	86	13	102	14	101	15	104	16	104	17	91	18	89	19	102	
	0	40	1	40	2	51	3	45	4	47	5	40	6	52	7	36	8	34	9	53	10	47	11	44	12	52	13	41	14	51	15	40	16	39	17	53	18	36	19	46	
	0	15	1	17	2	10	3	9	4	12	5	8	6	12	7	21	8	18	9	27	10	8	11	8	12	12	13	10	14	22	15	18	16	26	17	17	18	25	19	21	
	0	43	1	47	2	34	3	44	4	43	5	37	6	50	7	33	8	43	9	36	10	40	11	39	12	35	13	45	14	51	15	34	16	40	17	43	18	35	19	43	
	0	86	1	78	2	78	3	79	4	84	5	93	6	87	7	91	8	80	9	81	10	77	11	90	12	93	13	80	14	86	15	88	16	88	17	81	18	80	19	89	
	0	33	1	26	2	32	3	25	4	35	5	43	6	34	7	24	8	27	9	43	10	42	11	27	12	38	13	39	14	35	15	42	16	30	17	28	18	42	19	27	
	0	93	1	96	2	86	3	90	4	94	5	96	6	92	7	89	8	101	9	96	10	96	11	94	12	91	13	98	14	99	15	93	16	84	17	95	18	96	19	103	
	0	85	1	74	2	76	3	75	4	68	5	72	6	67	7	68	8	85	9	67	10	85	11	69	12	74	13	71	14	84	15	66	16	73	17	79	18	68	19	82	
	0	22	1	13	2	28	3	14	4	21	5	15	6	25	7	20	8	16	9	10	10	25	11	22	12	28	13	11	14	29	15	19	16	16	17	19	18	22	19	24	
	0	50	1	51	2	54	3	53	4	54	5	41	6	43	7	53	8	46	9	47	10	56	11	51	12	50	13	50	14	47	15	46	16	50	17	39	18	41	19	56	
	0	30	1	30	2	23	3	39	4	28	5	30	6	29	7	37	8	42	9	30	10	29	11	36	12	32	13	27	14	29	15	37	16	39	17	37	18	41	19	26	
	0	105	1	87	2	99	3	88	4	102	5	103	6	92	7	102	8	98	9	87	10	102	11	89	12	102	13	104	14	96	15	89	16	104	17	91	18	89	19	97	
	0	103	1	94	2	93	3	96	4	93	5	94	6	98	7	97	8	105	9	104	10	90	11	99	12	92	13	95	14	104	15	96	16	89	17	107	18	91	19	98	
	0	25	1	19	2	22	3	11	4	28	5	27	6	25	7	25	8	14	9	29	10	22	11	12	12	30	13	29	14	20	15	23	16	11	17	28	18	27	19	28	
	0	4	1	8	2	16	3	18	4	17	5	13	6	15	7	11	8	10	9	17	10	11	11	5	12	13	13	20	14	21	15	12	16	9	17	21	18	10	19	21	
	0	43	1	47	2	34	3	46	4	48	5	33	6	50	7	43	8	38	9	47	10	33	11	40	12	41	13	52	14	43	15	43	16	52	17	38	18	49	19	34	
	0	40	1	41	2	34	3	42	4	46	5	39	6	31	7	37	8	39	9	37	10	31	11	42	12	30	13	30	14	44	15	40	16	43	17	28	18	28	19	40	
	0	58	1	60	2	55	3	52	4	51	5	51	6	54	7	61	8	63	9	53	10	57	11	62	12	61	13	54	14	64	15	52	16	52	17	56	18	51	19	65	
	0	19	1	23	2	26	3	23	4	31	5	29	6	34	7	34	8	23	9	18	10	24	11	31	12	26	13	22	14	29	15	21	16	32	17	35	18	33	19	30	
	0	97	1	100	2	94	3	103	4	96	5	111	6	109	7	110	8	94	9	104	10	94	11	113	12	100	13	95	14	101	15	113	16	99	17	110	18	111	19	105	
	0	82	1	83	2	75	3	68	4	73	5	77	6	66	7	82	8	73	9	70	10	83	11	69	12	82	13	74	14	77	15	75	16	66	17	71	18	78	19	66	
	0	100	1	101	2	87	3	100	4	88	5	100	6	99	7	104	8	88	9	97	10	106	11	105	12	105	13	92	14	88	15	92	16	90	17	91	18	102	19	88	
	0	58	1	50	2	53	3	53	4	52	5	61	6	66	7	67	8	60	9	59	10	54	11	60	12	57	13	64	14	58	15	67	16	65	17	56	18	54	19	48	
	0	60	1	51	2	64	3	49	4	61	5	63	6	53	7	62	8	52	9	60	10	53	11	68	12	62	13	58	14	61	15	53	16	65	17	53	18	50	19	51	
	0	37	1	31	2	30	3	20	4	20	5	32	6	32	7	30	8	25	9	19	10	32	11	32	12	26	13	27	14	32	15	34	16	29	17	19	18	18	19	22	
	0	88	1	84	2	78	3	88	4	88	5	90	6	84	7	78	8	79	9	88	10	72	11	87	12	87	13	80	14	83	15	81	16	89	17	87	18	80	19	85	
	0	17	1	19	2	13	3	19	4	4	5	20	6	22	7	17	8	5	9	20	10	22	11	5	12	15	13	21	14	16	15	12	16	11	17	7	18	5	19	15	
	0	24	1	31	2	27	3	29	4	29	5	29	6	31	7	26	8	32	9	35	10	27	11	39	12	24	13	37	14	32	15	27	16	36	17	31	18	30	19	38	
	0	49	1	50	2	66	3	60	4	56	5	57	6	49	7	49	8	64	9	59	10	55	11	50	12	64	13	64	14	61	15	59	16	51	17	65	18	61	19	65	
	0	91	1	93	2	99	3	92	4	104	5	106	6	87	7	92	8	105	9	92	10	104	11	94	12	96	13	92	14	100	15	94	16	99	17	94	18	91	19	98	
	0	80	1	79	2	84	3	73	4	77	5	87	6	69	7	83	8	72	9	80	10	88	11	85	12	83	13	87	14	83	15	76	16	74	17	71	18	73	19	75	
	0	47	1	47	2	47	3	42	4	38	5	44	6	52	7	45	8	37	9	33	10	43	11	34	12	40	13	37	14	50	15	43	16	43	17	39	18	46	19	50	
	0	73	1	82	2	79	3	71	4	75	5	86	6	67	7	80	8	80	9	80	10	86	11	73	12	85	13	84	14	76	15	77	16	68	17	81	18	75	19	67	
	0	76	1	84	2	82	3	74	4	81	5	74	6	73	7	86	8	81	9	69	10	84	11	86	12	81	13	81	14	73	15	79	16	80	17	71	18	74	19	87	
	0	75	1	68	2	70	3	80	4	70	5	80	6	68	7	80	8	78	9	75	10	79	11	78	12	75	13	79	14	67	15	74	16	62	17	81	18	70	19	66	
	0	119	1	113	2	117	3	106	4	108	5	110	6	118	7	119	8	120	9	118	10	115	11	120	12	111	13	101	14	102	15	111	16	102	17	117	18	116	19	108	
	0	27	1	29	2	33	3	27	4	33	5	31	6	29	7	22	8	39	9	37	10	25	11	30	12	40	13	23	14	21	15	22	16	22	17	21	18	33	19	40	
	0	76	1	73	2	69	3	85	4	81	5	78	6	80	7	77	8	79	9	69	10	85	11	73	12	86	13	69	14	76	15	73	16	84	17	72	18	71	19	83	
	0	72	1	70	2	65	3	57	4	58	5	68	6	63	7	58	8	66	9	61	10	69	11	68	12	54	13	68	14	67	15	60	16	61	17	70	18	59	19	68	
	0	73	1	79	2	64	3	63	4	71	5	79	6	74	7	77	8	64	9	81	10	71	11	72	12	67	13	78	14	78	15	77	16	77	17	66	18	80	19	68	
	0	13	1	11	2	4	3	8	4	5	5	11	6	21	7	13	8	14	9	12	10	22	11	22	12	13	13	18	14	18	15	21	16	16	17	20	18	6	19	7	
	0	101	1	102	2	90	3	89	4	98	5	86	6	93	7	94	8	101	9	86	10	102	11	99	12	86	13	93	14	86	15	90	16	92	17	85	18	87	19	92	
	0	98	1	103	2	104	3	101	4	103	5	98	6	107	7	96	8	99	9	95	10	99	11	102	12	101	13	95	14	90	15	96	16	91	17	108	18	98	19	101	
	0	71	1	72	2	83	3	75	4	65	5	67	6	74	7	78	8	77	9	82	10	69	11	74	12	84	13	73	14	84	15	77	16	74	17	73	18	77	19	69	
	0	104	1	103	2	87	3	88	4	103	5	92	6	98	7	101	8	98	9	102	10	97	11	102	12	100	13	101	14	100	15	90	16	99	17	100	18	87	19	99	
	0	48	1	50	2	47	3	42	4	45	5	34	6	34	7	43	8	36	9	43	10	41	11	47	12	34	13	40	14	36	15	51	16	33	17	44	18	50	19	32	
	0	57	1	48	2	46	3	51	4	57	5	59	6	41	7	56	8	41	9	53	10	44	11	46	12	50	13	59	14	55	15	55	16	57	17	42	18	57	19	42	
	0	76	1	84	2	87	3	80	4	74	5	80	6	86	7	77	8	77	9	82	10	77	11	73	12	85	13	87	14	75	15	82	16	78	17	87	18	80	19	83	
	0	98	1	99	2	101	3	93	4	106	5	105	6	99	7	93	8	95	9	93	10	102	11	101	12	104	13	88	14	93	15	96	16	102	17	101	18	88	19	98	
	0	23	1	21	2	26	3	15	4	24	5	32	6	31	7	25	8	25	9	30	10	20	11	19	12	28	13	18	14	33	15	30	16	27	17	32	18	30	19	21	
	0	55	1	71	2	60	3	65	4	67	5	55	6	52	7	68	8	52	9	62	10	71	11	62	12	60	13	56	14	61	15	65	16	61	17	64	18	65	19	60	
	0	75	1	85	2	83	3	77	4	80	5	82	6	86	7	79	8	84	9	73	10	74	11	78	12	82	13	87	14	76	15	81	16	84	17	84	18	83	19	72	
	0	21	1	28	2	29	3	20	4	29	5	35	6	29	7	30	8	19	9	30	10	22	11	32	12	38	13	32	14	32	15	29	16	19	17	34	18	30	19	31	
	0	76	1	78	2	74	3	84	4	72	5	79	6	74	7	77	8	76	9	77	10	79	11	91	12	73	13	86	14	72	15	88	16	75	17	73	18	82	19	86	