200 20 1
20
	0	73	1	61	2	69	3	59	4	67	5	68	6	71	7	73	8	76	9	70	10	72	11	62	12	72	13	68	14	70	15	62	16	65	17	63	18	69	19	64	
	0	18	1	24	2	7	3	12	4	15	5	11	6	19	7	16	8	23	9	5	10	16	11	23	12	15	13	15	14	24	15	11	16	17	17	22	18	8	19	6	
	0	70	1	57	2	59	3	67	4	71	5	69	6	64	7	73	8	73	9	59	10	59	11	56	12	70	13	74	14	69	15	60	16	59	17	58	18	68	19	60	
	0	23	1	10	2	25	3	13	4	12	5	9	6	13	7	23	8	12	9	19	10	16	11	21	12	16	13	20	14	14	15	21	16	15	17	22	18	21	19	11	
	0	27	1	37	2	21	3	19	4	32	5	22	6	29	7	33	8	34	9	25	10	34	11	23	12	18	13	28	14	31	15	18	16	37	17	28	18	36	19	25	
	0	99	1	106	2	107	3	101	4	94	5	111	6	112	7	103	8	101	9	101	10	107	11	109	12	105	13	108	14	111	15	97	16	101	17	103	18	94	19	94	
	0	43	1	47	2	60	3	44	4	59	5	44	6	51	7	50	8	59	9	60	10	54	11	57	12	51	13	53	14	43	15	49	16	45	17	42	18	47	19	55	
	0	108	1	109	2	93	3	105	4	91	5	109	6	100	7	104	8	101	9	99	10	99	11	102	12	98	13	106	14	106	15	109	16	107	17	96	18	98	19	97	
	0	18	1	20	2	9	3	18	4	15	5	7	6	8	7	21	8	5	9	14	10	15	11	23	12	23	13	7	14	10	15	7	16	14	17	6	18	21	19	23	
	0	21	1	20	2	21	3	19	4	16	5	2	6	20	7	18	8	8	9	18	10	21	11	18	12	8	13	7	14	10	15	4	16	16	17	7	18	17	19	9	
	0	105	1	99	2	104	3	86	4	90	5	90	6	96	7	105	8	102	9	94	10	91	11	91	12	104	13	97	14	91	15	105	16	93	17	93	18	100	19	102	
	0	108	1	114	2	114	3	100	4	98	5	97	6	105	7	110	8	108	9	112	10	97	11	97	12	108	13	113	14	99	15	102	16	110	17	114	18	107	19	95	
	0	55	1	56	2	57	3	39	4	46	5	44	6	43	7	54	8	49	9	42	10	50	11	51	12	55	13	57	14	57	15	53	16	48	17	43	18	50	19	58	
	0	66	1	55	2	69	3	57	4	64	5	67	6	67	7	72	8	56	9	66	10	67	11	55	12	67	13	65	14	69	15	54	16	62	17	60	18	58	19	67	
	0	42	1	33	2	43	3	31	4	29	5	34	6	35	7	33	8	45	9	46	10	42	11	41	12	38	13	46	14	27	15	33	16	35	17	35	18	40	19	40	
	0	90	1	94	2	90	3	92	4	102	5	85	6	83	7	100	8	87	9	89	10	94	11	84	12	94	13	99	14	91	15	100	16	91	17	94	18	84	19	99	
	0	23	1	24	2	22	3	13	4	27	5	28	6	11	7	11	8	23	9	28	10	23	11	21	12	20	13	21	14	25	15	25	16	16	17	12	18	11	19	13	
	0	41	1	48	2	37	3	43	4	46	5	41	6	38	7	33	8	50	9	49	10	46	11	45	12	39	13	49	14	40	15	37	16	35	17	36	18	49	19	51	
	0	36	1	33	2	29	3	33	4	40	5	43	6	38	7	47	8	41	9	40	10	41	11	32	12	34	13	42	14	45	15	40	16	45	17	41	18	43	19	48	
	0	62	1	66	2	68	3	79	4	70	5	66	6	74	7	76	8	74	9	68	10	64	11	78	12	64	13	77	14	81	15	69	16	79	17	72	18	69	19	77	
	0	69	1	65	2	53	3	64	4	57	5	58	6	69	7	63	8	55	9	61	10	58	11	66	12	67	13	65	14	61	15	63	16	63	17	56	18	63	19	55	
	0	117	1	117	2	118	3	106	4	100	5	111	6	100	7	103	8	100	9	118	10	116	11	115	12	114	13	116	14	112	15	99	16	99	17	107	18	118	19	103	
	0	85	1	92	2	80	3	82	4	85	5	89	6	81	7	95	8	90	9	93	10	84	11	97	12	94	13	88	14	95	15	96	16	88	17	81	18	91	19	79	
	0	74	1	81	2	72	3	75	4	83	5	86	6	75	7	85	8	74	9	79	10	70	11	82	12	69	13	80	14	81	15	72	16	75	17	79	18	83	19	76	
	0	108	1	103	2	106	3	113	4	112	5	114	6	117	7	106	8	115	9	102	10	104	11	101	12	102	13	114	14	104	15	113	16	117	17	115	18	106	19	112	
	0	77	1	82	2	74	3	81	4	80	5	75	6	85	7	86	8	74	9	87	10	75	11	88	12	74	13	86	14	82	15	78	16	86	17	77	18	90	19	85	
	0	22	1	17	2	7	3	6	4	25	5	18	6	24	7	22	8	6	9	20	10	13	11	24	12	8	13	24	14	25	15	18	16	13	17	23	18	9	19	22	
	0	99	1	91	2	87	3	85	4	94	5	101	6	103	7	93	8	103	9	96	10	97	11	91	12	89	13	99	14	94	15	104	16	87	17	98	18	96	19	86	
	0	43	1	46	2	48	3	38	4	48	5	46	6	56	7	49	8	39	9	55	10	53	11	52	12	53	13	38	14	49	15	49	16	38	17	41	18	47	19	55	
	0	118	1	110	2	110	3	119	4	104	5	109	6	106	7	101	8	110	9	104	10	112	11	117	12	117	13	102	14	113	15	103	16	112	17	110	18	108	19	113	
	0	37	1	28	2	35	3	37	4	24	5	38	6	23	7	24	8	37	9	22	10	32	11	26	12	35	13	27	14	27	15	22	16	22	17	37	18	28	19	23	
	0	41	1	51	2	54	3	45	4	53	5	43	6	56	7	57	8	47	9	57	10	55	11	45	12	40	13	46	14	40	15	52	16	53	17	42	18	43	19	55	
	0	41	1	46	2	44	3	52	4	52	5	39	6	55	7	45	8	49	9	42	10	42	11	45	12	49	13	44	14	41	15	40	16	46	17	54	18	39	19	39	
	0	92	1	96	2	92	3	89	4	94	5	99	6	103	7	102	8	95	9	106	10	91	11	90	12	95	13	94	14	99	15	95	16	107	17	93	18	94	19	108	
	0	92	1	95	2	106	3	99	4	101	5	98	6	94	7	105	8	97	9	97	10	110	11	103	12	97	13	106	14	108	15	96	16	97	17	109	18	94	19	93	
	0	76	1	69	2	79	3	72	4	72	5	71	6	82	7	72	8	68	9	81	10	63	11	64	12	69	13	67	14	70	15	67	16	67	17	82	18	78	19	65	
	0	47	1	41	2	41	3	51	4	38	5	40	6	42	7	37	8	45	9	40	10	49	11	48	12	52	13	52	14	49	15	52	16	35	17	51	18	51	19	50	
	0	88	1	97	2	86	3	90	4	85	5	91	6	82	7	88	8	94	9	79	10	88	11	87	12	89	13	87	14	91	15	88	16	87	17	89	18	78	19	90	
	0	64	1	71	2	59	3	72	4	57	5	68	6	60	7	70	8	57	9	69	10	62	11	55	12	57	13	60	14	72	15	65	16	66	17	53	18	58	19	65	
	0	18	1	13	2	19	3	21	4	16	5	24	6	20	7	23	8	15	9	12	10	14	11	28	12	22	13	27	14	24	15	10	16	24	17	11	18	11	19	20	
	0	66	1	49	2	55	3	68	4	63	5	66	6	56	7	59	8	62	9	52	10	51	11	65	12	67	13	50	14	51	15	61	16	64	17	64	18	51	19	49	
	0	39	1	33	2	39	3	46	4	34	5	45	6	32	7	41	8	34	9	30	10	35	11	32	12	37	13	31	14	35	15	28	16	28	17	40	18	35	19	32	
	0	55	1	65	2	65	3	63	4	64	5	57	6	49	7	57	8	64	9	50	10	52	11	62	12	61	13	64	14	57	15	56	16	60	17	50	18	64	19	63	
	0	116	1	100	2	115	3	113	4	102	5	116	6	106	7	102	8	110	9	114	10	106	11	117	12	107	13	114	14	105	15	117	16	117	17	102	18	117	19	100	
	0	80	1	81	2	79	3	95	4	91	5	92	6	80	7	77	8	94	9	92	10	81	11	93	12	84	13	88	14	81	15	79	16	81	17	93	18	79	19	81	
	0	118	1	120	2	110	3	117	4	110	5	102	6	117	7	109	8	111	9	101	10	111	11	117	12	113	13	108	14	106	15	110	16	105	17	117	18	110	19	114	
	0	98	1	92	2	108	3	108	4	105	5	97	6	102	7	99	8	101	9	100	10	108	11	95	12	91	13	105	14	102	15	106	16	95	17	91	18	106	19	98	
	0	44	1	51	2	40	3	33	4	45	5	46	6	50	7	46	8	50	9	51	10	48	11	48	12	40	13	38	14	46	15	34	16	51	17	42	18	44	19	36	
	0	21	1	26	2	24	3	19	4	21	5	9	6	23	7	19	8	18	9	15	10	8	11	12	12	17	13	9	14	19	15	21	16	12	17	9	18	25	19	13	
	0	66	1	59	2	58	3	63	4	65	5	61	6	56	7	60	8	57	9	53	10	56	11	64	12	60	13	60	14	68	15	65	16	68	17	63	18	64	19	61	
	0	22	1	22	2	10	3	25	4	22	5	26	6	24	7	13	8	20	9	24	10	26	11	14	12	22	13	12	14	28	15	16	16	27	17	20	18	27	19	21	
	0	54	1	45	2	49	3	50	4	44	5	45	6	38	7	49	8	36	9	54	10	43	11	50	12	45	13	54	14	50	15	48	16	43	17	36	18	40	19	47	
	0	50	1	52	2	52	3	42	4	38	5	40	6	54	7	43	8	41	9	45	10	37	11	50	12	37	13	52	14	43	15	43	16	36	17	47	18	55	19	55	
	0	86	1	105	2	97	3	97	4	92	5	96	6	94	7	92	8	103	9	98	10	100	11	92	12	94	13	93	14	102	15	95	16	86	17	104	18	87	19	97	
	0	21	1	21	2	5	3	6	4	19	5	21	6	12	7	12	8	4	9	10	10	6	11	21	12	19	13	22	14	17	15	12	16	5	17	18	18	14	19	18	
	0	103	1	103	2	105	3	101	4	110	5	102	6	109	7	105	8	113	9	108	10	111	11	113	12	105	13	99	14	106	15	115	16	100	17	109	18	113	19	110	
	0	33	1	22	2	18	3	31	4	28	5	28	6	31	7	16	8	34	9	20	10	21	11	26	12	30	13	34	14	31	15	17	16	28	17	23	18	30	19	33	
	0	54	1	45	2	49	3	53	4	61	5	48	6	57	7	45	8	54	9	45	10	61	11	59	12	50	13	61	14	62	15	51	16	46	17	52	18	62	19	47	
	0	84	1	85	2	102	3	98	4	95	5	94	6	97	7	102	8	96	9	96	10	88	11	89	12	94	13	83	14	95	15	92	16	84	17	83	18	91	19	83	
	0	57	1	50	2	61	3	58	4	42	5	46	6	61	7	46	8	49	9	57	10	60	11	48	12	50	13	59	14	60	15	51	16	48	17	55	18	59	19	48	
	0	61	1	66	2	73	3	70	4	59	5	55	6	56	7	68	8	73	9	56	10	67	11	69	12	57	13	72	14	56	15	57	16	60	17	68	18	56	19	60	
	0	42	1	57	2	55	3	51	4	50	5	54	6	59	7	52	8	42	9	53	10	59	11	47	12	55	13	60	14	47	15	57	16	52	17	50	18	45	19	45	
	0	45	1	46	2	43	3	45	4	44	5	44	6	51	7	54	8	56	9	42	10	53	11	58	12	44	13	44	14	47	15	46	16	47	17	50	18	54	19	41	
	0	35	1	45	2	32	3	46	4	27	5	31	6	45	7	39	8	40	9	41	10	27	11	30	12	36	13	29	14	27	15	43	16	33	17	32	18	28	19	41	
	0	78	1	78	2	90	3	71	4	87	5	87	6	79	7	82	8	84	9	72	10	71	11	77	12	76	13	81	14	89	15	79	16	79	17	74	18	90	19	90	
	0	22	1	17	2	16	3	23	4	30	5	33	6	15	7	21	8	34	9	21	10	26	11	28	12	33	13	23	14	24	15	32	16	34	17	24	18	25	19	32	
	0	57	1	55	2	47	3	46	4	50	5	43	6	55	7	48	8	43	9	54	10	51	11	54	12	52	13	52	14	41	15	39	16	51	17	48	18	43	19	51	
	0	31	1	37	2	35	3	32	4	34	5	37	6	27	7	32	8	36	9	33	10	36	11	35	12	33	13	44	14	30	15	29	16	37	17	37	18	34	19	42	
	0	71	1	69	2	79	3	72	4	73	5	71	6	82	7	79	8	75	9	75	10	79	11	78	12	81	13	67	14	86	15	84	16	81	17	68	18	86	19	74	
	0	58	1	47	2	51	3	52	4	51	5	62	6	61	7	47	8	48	9	45	10	43	11	56	12	57	13	53	14	48	15	53	16	44	17	48	18	49	19	60	
	0	87	1	89	2	90	3	92	4	78	5	90	6	87	7	81	8	82	9	78	10	87	11	95	12	77	13	90	14	91	15	81	16	86	17	84	18	81	19	78	
	0	104	1	93	2	99	3	99	4	108	5	95	6	94	7	95	8	97	9	103	10	96	11	104	12	102	13	106	14	99	15	98	16	103	17	100	18	98	19	100	
	0	13	1	14	2	22	3	21	4	22	5	8	6	9	7	23	8	19	9	7	10	7	11	23	12	11	13	8	14	9	15	25	16	26	17	12	18	19	19	13	
	0	73	1	59	2	61	3	77	4	77	5	62	6	66	7	61	8	72	9	77	10	70	11	75	12	69	13	75	14	75	15	75	16	77	17	60	18	59	19	63	
	0	62	1	56	2	62	3	55	4	52	5	59	6	63	7	63	8	71	9	59	10	66	11	65	12	53	13	67	14	56	15	69	16	69	17	66	18	62	19	68	
	0	70	1	65	2	75	3	70	4	66	5	59	6	72	7	62	8	74	9	59	10	78	11	67	12	77	13	75	14	74	15	61	16	70	17	62	18	72	19	62	
	0	40	1	30	2	36	3	43	4	38	5	40	6	41	7	30	8	27	9	32	10	44	11	44	12	29	13	27	14	34	15	36	16	26	17	35	18	38	19	27	
	0	83	1	74	2	76	3	82	4	79	5	69	6	66	7	75	8	74	9	81	10	85	11	85	12	75	13	70	14	74	15	67	16	79	17	69	18	84	19	76	
	0	28	1	33	2	38	3	34	4	23	5	21	6	38	7	20	8	23	9	37	10	19	11	20	12	35	13	34	14	22	15	19	16	27	17	37	18	23	19	19	
	0	7	1	15	2	8	3	8	4	3	5	3	6	6	7	2	8	18	9	3	10	9	11	7	12	11	13	7	14	19	15	20	16	13	17	20	18	12	19	21	
	0	25	1	21	2	23	3	22	4	20	5	22	6	29	7	27	8	24	9	28	10	20	11	21	12	29	13	33	14	22	15	34	16	39	17	29	18	35	19	29	
	0	98	1	101	2	99	3	104	4	105	5	107	6	105	7	97	8	90	9	101	10	107	11	94	12	105	13	91	14	92	15	105	16	99	17	91	18	97	19	98	
	0	75	1	63	2	77	3	69	4	72	5	71	6	77	7	74	8	80	9	68	10	66	11	69	12	66	13	71	14	66	15	64	16	71	17	68	18	72	19	78	
	0	19	1	23	2	37	3	30	4	27	5	32	6	33	7	24	8	28	9	21	10	19	11	20	12	24	13	20	14	27	15	25	16	34	17	26	18	18	19	29	
	0	88	1	82	2	91	3	79	4	81	5	95	6	79	7	78	8	88	9	77	10	80	11	92	12	94	13	82	14	94	15	94	16	93	17	96	18	80	19	89	
	0	62	1	64	2	75	3	75	4	77	5	73	6	65	7	64	8	61	9	69	10	79	11	69	12	67	13	65	14	69	15	75	16	69	17	65	18	60	19	68	
	0	52	1	55	2	41	3	54	4	44	5	50	6	45	7	43	8	58	9	49	10	53	11	42	12	53	13	41	14	56	15	43	16	55	17	39	18	53	19	51	
	0	10	1	20	2	16	3	26	4	18	5	20	6	25	7	26	8	15	9	12	10	22	11	16	12	23	13	13	14	26	15	16	16	13	17	20	18	10	19	26	
	0	5	1	11	2	10	3	10	4	6	5	15	6	17	7	13	8	12	9	18	10	16	11	8	12	5	13	12	14	8	15	17	16	20	17	4	18	16	19	14	
	0	73	1	68	2	58	3	70	4	55	5	59	6	62	7	63	8	71	9	57	10	73	11	72	12	70	13	73	14	63	15	65	16	69	17	74	18	62	19	59	
	0	87	1	85	2	92	3	83	4	86	5	87	6	81	7	83	8	83	9	81	10	83	11	92	12	82	13	81	14	94	15	90	16	81	17	80	18	83	19	91	
	0	52	1	52	2	62	3	53	4	63	5	52	6	54	7	52	8	53	9	64	10	60	11	67	12	56	13	56	14	66	15	62	16	56	17	65	18	64	19	69	
	0	101	1	96	2	102	3	97	4	97	5	101	6	105	7	99	8	95	9	90	10	87	11	89	12	86	13	91	14	98	15	91	16	99	17	98	18	104	19	97	
	0	97	1	112	2	115	3	115	4	115	5	106	6	111	7	107	8	103	9	103	10	110	11	98	12	111	13	107	14	108	15	100	16	101	17	108	18	111	19	102	
	0	65	1	67	2	78	3	74	4	64	5	62	6	67	7	63	8	77	9	64	10	71	11	67	12	79	13	62	14	76	15	69	16	62	17	64	18	66	19	73	
	0	71	1	58	2	72	3	68	4	70	5	66	6	77	7	58	8	65	9	58	10	70	11	64	12	63	13	73	14	63	15	64	16	66	17	60	18	64	19	74	
	0	78	1	84	2	79	3	89	4	85	5	83	6	71	7	87	8	87	9	74	10	89	11	79	12	87	13	75	14	89	15	73	16	75	17	82	18	78	19	74	
	0	35	1	25	2	32	3	38	4	25	5	38	6	30	7	23	8	22	9	20	10	23	11	24	12	26	13	37	14	32	15	25	16	39	17	23	18	34	19	24	
	0	32	1	34	2	34	3	49	4	35	5	45	6	34	7	41	8	42	9	43	10	40	11	43	12	39	13	51	14	35	15	34	16	34	17	39	18	45	19	48	
	0	45	1	41	2	43	3	54	4	41	5	40	6	55	7	58	8	40	9	45	10	42	11	47	12	50	13	42	14	54	15	57	16	46	17	45	18	56	19	51	
	0	20	1	31	2	34	3	35	4	25	5	28	6	28	7	23	8	34	9	18	10	31	11	31	12	19	13	20	14	35	15	31	16	21	17	34	18	21	19	31	
	0	47	1	48	2	59	3	61	4	55	5	49	6	45	7	53	8	51	9	55	10	55	11	57	12	44	13	53	14	48	15	56	16	54	17	45	18	61	19	52	
	0	36	1	35	2	36	3	47	4	49	5	42	6	44	7	48	8	50	9	52	10	35	11	42	12	45	13	46	14	54	15	35	16	43	17	50	18	51	19	35	
	0	17	1	23	2	13	3	21	4	5	5	9	6	14	7	16	8	20	9	21	10	20	11	12	12	7	13	5	14	22	15	20	16	23	17	13	18	22	19	16	
	0	67	1	70	2	77	3	62	4	74	5	64	6	67	7	66	8	72	9	74	10	77	11	63	12	64	13	69	14	70	15	61	16	62	17	73	18	77	19	63	
	0	10	1	12	2	23	3	19	4	26	5	11	6	11	7	8	8	27	9	19	10	13	11	26	12	16	13	10	14	18	15	17	16	8	17	9	18	16	19	9	
	0	98	1	104	2	91	3	105	4	89	5	87	6	101	7	98	8	89	9	102	10	98	11	104	12	99	13	98	14	93	15	105	16	105	17	88	18	87	19	105	
	0	49	1	53	2	43	3	55	4	57	5	41	6	56	7	55	8	39	9	44	10	39	11	41	12	57	13	41	14	53	15	38	16	43	17	56	18	53	19	39	
	0	89	1	96	2	80	3	92	4	96	5	87	6	82	7	79	8	95	9	94	10	88	11	85	12	89	13	86	14	80	15	94	16	91	17	79	18	83	19	84	
	0	39	1	49	2	50	3	43	4	42	5	38	6	54	7	38	8	47	9	48	10	52	11	42	12	53	13	38	14	43	15	55	16	54	17	48	18	37	19	40	
	0	12	1	6	2	9	3	19	4	20	5	8	6	8	7	22	8	9	9	15	10	10	11	16	12	23	13	7	14	22	15	7	16	24	17	16	18	19	19	16	
	0	24	1	42	2	37	3	39	4	25	5	35	6	37	7	30	8	37	9	38	10	40	11	31	12	23	13	24	14	24	15	27	16	35	17	30	18	35	19	27	
	0	58	1	43	2	55	3	49	4	50	5	61	6	44	7	45	8	53	9	61	10	45	11	51	12	61	13	56	14	42	15	42	16	51	17	55	18	58	19	55	
	0	46	1	57	2	48	3	60	4	60	5	45	6	52	7	49	8	63	9	57	10	47	11	46	12	45	13	62	14	51	15	53	16	51	17	59	18	56	19	51	
	0	71	1	65	2	74	3	62	4	65	5	68	6	72	7	66	8	80	9	67	10	77	11	78	12	78	13	76	14	80	15	64	16	76	17	68	18	61	19	77	
	0	83	1	94	2	78	3	87	4	95	5	92	6	92	7	90	8	80	9	89	10	77	11	77	12	82	13	80	14	88	15	94	16	83	17	88	18	95	19	83	
	0	74	1	87	2	91	3	75	4	81	5	88	6	81	7	77	8	85	9	89	10	74	11	81	12	89	13	82	14	91	15	84	16	91	17	93	18	80	19	79	
	0	30	1	37	2	34	3	41	4	33	5	44	6	36	7	38	8	29	9	32	10	29	11	35	12	45	13	46	14	38	15	46	16	36	17	38	18	40	19	34	
	0	45	1	43	2	53	3	38	4	48	5	39	6	52	7	54	8	54	9	39	10	56	11	49	12	42	13	38	14	52	15	38	16	56	17	44	18	44	19	51	
	0	33	1	49	2	41	3	41	4	33	5	39	6	35	7	40	8	42	9	41	10	36	11	39	12	37	13	41	14	49	15	35	16	40	17	41	18	36	19	32	
	0	100	1	89	2	87	3	97	4	101	5	94	6	93	7	92	8	87	9	89	10	100	11	88	12	94	13	86	14	95	15	92	16	94	17	95	18	89	19	103	
	0	67	1	61	2	63	3	79	4	74	5	64	6	69	7	73	8	62	9	76	10	62	11	75	12	63	13	62	14	72	15	70	16	74	17	69	18	68	19	67	
	0	107	1	98	2	103	3	96	4	108	5	109	6	100	7	98	8	109	9	96	10	101	11	101	12	97	13	95	14	99	15	93	16	98	17	97	18	107	19	92	
	0	95	1	102	2	105	3	97	4	94	5	103	6	98	7	93	8	97	9	92	10	91	11	89	12	89	13	88	14	92	15	96	16	94	17	90	18	89	19	102	
	0	63	1	53	2	53	3	68	4	66	5	56	6	54	7	57	8	63	9	66	10	62	11	62	12	53	13	65	14	59	15	60	16	61	17	67	18	56	19	57	
	0	36	1	40	2	44	3	34	4	38	5	45	6	49	7	43	8	37	9	35	10	43	11	45	12	32	13	37	14	45	15	33	16	40	17	49	18	40	19	38	
	0	37	1	21	2	29	3	34	4	29	5	25	6	28	7	26	8	24	9	22	10	22	11	26	12	32	13	34	14	19	15	32	16	36	17	25	18	19	19	36	
	0	28	1	38	2	29	3	30	4	43	5	34	6	42	7	34	8	30	9	42	10	28	11	28	12	40	13	34	14	32	15	36	16	29	17	32	18	33	19	45	
	0	67	1	80	2	71	3	77	4	81	5	69	6	78	7	74	8	80	9	79	10	83	11	73	12	77	13	72	14	86	15	69	16	71	17	75	18	78	19	78	
	0	51	1	70	2	66	3	67	4	53	5	57	6	51	7	57	8	61	9	61	10	51	11	66	12	66	13	58	14	51	15	68	16	60	17	61	18	56	19	55	
	0	112	1	108	2	97	3	103	4	108	5	101	6	112	7	99	8	98	9	108	10	113	11	111	12	104	13	109	14	101	15	110	16	111	17	103	18	100	19	96	
	0	45	1	38	2	52	3	38	4	36	5	48	6	46	7	50	8	43	9	52	10	50	11	47	12	46	13	43	14	46	15	44	16	48	17	45	18	46	19	48	
	0	83	1	73	2	77	3	82	4	75	5	71	6	85	7	69	8	67	9	77	10	76	11	82	12	69	13	85	14	84	15	66	16	72	17	77	18	76	19	77	
	0	82	1	96	2	84	3	88	4	90	5	79	6	94	7	77	8	92	9	81	10	94	11	96	12	96	13	89	14	96	15	81	16	84	17	78	18	85	19	88	
	0	50	1	56	2	57	3	59	4	47	5	63	6	47	7	64	8	49	9	61	10	61	11	55	12	57	13	57	14	55	15	61	16	59	17	53	18	51	19	51	
	0	22	1	30	2	12	3	28	4	13	5	20	6	12	7	23	8	19	9	17	10	15	11	15	12	12	13	29	14	16	15	16	16	17	17	21	18	24	19	21	
	0	86	1	79	2	89	3	80	4	90	5	90	6	86	7	80	8	79	9	87	10	94	11	80	12	95	13	86	14	78	15	93	16	87	17	80	18	79	19	83	
	0	39	1	40	2	30	3	35	4	34	5	27	6	31	7	38	8	27	9	38	10	27	11	40	12	24	13	38	14	30	15	39	16	38	17	27	18	36	19	28	
	0	109	1	117	2	114	3	111	4	105	5	107	6	106	7	111	8	101	9	99	10	104	11	112	12	101	13	106	14	113	15	104	16	105	17	110	18	111	19	109	
	0	51	1	59	2	49	3	47	4	42	5	58	6	45	7	56	8	42	9	44	10	59	11	43	12	51	13	46	14	46	15	53	16	54	17	53	18	57	19	56	
	0	42	1	47	2	42	3	43	4	41	5	31	6	41	7	49	8	43	9	42	10	46	11	48	12	31	13	42	14	36	15	45	16	42	17	38	18	34	19	44	
	0	42	1	40	2	43	3	39	4	47	5	40	6	48	7	41	8	44	9	43	10	56	11	43	12	46	13	39	14	54	15	55	16	47	17	41	18	55	19	49	
	0	30	1	43	2	45	3	41	4	47	5	44	6	32	7	40	8	29	9	41	10	46	11	42	12	42	13	38	14	37	15	39	16	48	17	36	18	39	19	41	
	0	73	1	88	2	79	3	86	4	90	5	91	6	73	7	91	8	81	9	90	10	77	11	72	12	75	13	74	14	78	15	80	16	87	17	74	18	86	19	80	
	0	65	1	59	2	61	3	69	4	53	5	67	6	62	7	66	8	60	9	56	10	58	11	60	12	52	13	60	14	57	15	63	16	65	17	64	18	58	19	51	
	0	99	1	114	2	114	3	107	4	103	5	96	6	100	7	105	8	106	9	106	10	109	11	96	12	102	13	99	14	96	15	113	16	115	17	102	18	107	19	109	
	0	92	1	95	2	91	3	77	4	91	5	83	6	95	7	90	8	89	9	79	10	85	11	82	12	88	13	76	14	87	15	86	16	82	17	85	18	83	19	92	
	0	98	1	98	2	101	3	99	4	105	5	110	6	98	7	110	8	112	9	107	10	93	11	98	12	94	13	99	14	105	15	102	16	105	17	107	18	94	19	96	
	0	77	1	83	2	84	3	83	4	78	5	86	6	82	7	87	8	80	9	85	10	78	11	82	12	82	13	84	14	76	15	80	16	72	17	83	18	83	19	87	
	0	81	1	69	2	72	3	82	4	81	5	79	6	76	7	63	8	81	9	66	10	70	11	77	12	69	13	71	14	65	15	64	16	82	17	73	18	69	19	69	
	0	72	1	80	2	76	3	85	4	74	5	79	6	81	7	81	8	86	9	71	10	71	11	68	12	75	13	74	14	76	15	86	16	70	17	79	18	74	19	67	
	0	55	1	48	2	66	3	51	4	53	5	61	6	56	7	66	8	53	9	61	10	60	11	49	12	48	13	65	14	65	15	48	16	64	17	66	18	48	19	53	
	0	83	1	86	2	72	3	68	4	84	5	78	6	82	7	67	8	83	9	78	10	74	11	84	12	73	13	84	14	77	15	79	16	82	17	77	18	74	19	81	
	0	103	1	96	2	94	3	105	4	102	5	94	6	101	7	98	8	99	9	97	10	103	11	99	12	100	13	101	14	90	15	100	16	107	17	93	18	106	19	92	
	0	104	1	95	2	110	3	112	4	95	5	101	6	111	7	94	8	106	9	96	10	99	11	96	12	106	13	101	14	107	15	105	16	102	17	97	18	112	19	106	
	0	16	1	5	2	24	3	23	4	20	5	7	6	17	7	15	8	20	9	9	10	14	11	5	12	16	13	24	14	9	15	24	16	20	17	9	18	19	19	18	
	0	4	1	8	2	17	3	13	4	6	5	4	6	7	7	11	8	12	9	20	10	3	11	10	12	2	13	13	14	7	15	7	16	13	17	7	18	19	19	12	
	0	31	1	25	2	25	3	18	4	28	5	21	6	22	7	32	8	24	9	21	10	36	11	23	12	36	13	26	14	22	15	23	16	30	17	37	18	27	19	27	
	0	57	1	64	2	71	3	70	4	71	5	64	6	72	7	59	8	55	9	66	10	68	11	73	12	62	13	65	14	66	15	62	16	67	17	73	18	69	19	60	
	0	43	1	33	2	48	3	41	4	38	5	41	6	43	7	35	8	48	9	35	10	32	11	38	12	32	13	43	14	46	15	45	16	49	17	46	18	45	19	34	
	0	46	1	46	2	38	3	52	4	35	5	51	6	49	7	41	8	48	9	47	10	49	11	47	12	35	13	46	14	51	15	38	16	39	17	51	18	36	19	43	
	0	85	1	93	2	92	3	80	4	98	5	99	6	84	7	81	8	96	9	81	10	95	11	90	12	83	13	90	14	81	15	89	16	90	17	84	18	95	19	88	
	0	78	1	75	2	68	3	76	4	68	5	73	6	85	7	71	8	73	9	79	10	85	11	76	12	80	13	72	14	70	15	82	16	85	17	74	18	74	19	70	
	0	64	1	62	2	69	3	70	4	57	5	69	6	72	7	71	8	73	9	63	10	71	11	68	12	71	13	72	14	58	15	58	16	58	17	66	18	57	19	71	
	0	45	1	29	2	32	3	37	4	33	5	47	6	48	7	40	8	41	9	44	10	38	11	45	12	32	13	48	14	39	15	35	16	34	17	45	18	43	19	36	
	0	19	1	26	2	16	3	17	4	22	5	17	6	27	7	16	8	28	9	14	10	20	11	27	12	26	13	17	14	23	15	15	16	13	17	28	18	13	19	23	
	0	72	1	57	2	73	3	66	4	55	5	63	6	68	7	60	8	71	9	60	10	69	11	67	12	72	13	60	14	63	15	57	16	56	17	73	18	56	19	60	
	0	38	1	47	2	49	3	54	4	42	5	50	6	41	7	54	8	50	9	55	10	56	11	55	12	39	13	38	14	50	15	42	16	44	17	49	18	56	19	42	
	0	88	1	100	2	87	3	95	4	106	5	87	6	100	7	97	8	98	9	89	10	88	11	106	12	91	13	94	14	104	15	93	16	99	17	98	18	100	19	98	
	0	110	1	113	2	118	3	115	4	119	5	117	6	103	7	116	8	118	9	118	10	119	11	114	12	100	13	112	14	111	15	107	16	103	17	115	18	116	19	105	
	0	35	1	41	2	36	3	46	4	38	5	38	6	30	7	48	8	35	9	29	10	34	11	38	12	40	13	29	14	38	15	40	16	35	17	33	18	48	19	36	
	0	90	1	90	2	100	3	94	4	86	5	88	6	98	7	100	8	93	9	102	10	98	11	93	12	101	13	86	14	97	15	87	16	87	17	97	18	94	19	91	
	0	95	1	97	2	103	3	97	4	98	5	86	6	96	7	91	8	103	9	94	10	96	11	95	12	105	13	87	14	98	15	94	16	101	17	89	18	95	19	101	
	0	82	1	81	2	89	3	75	4	87	5	75	6	77	7	80	8	74	9	81	10	73	11	77	12	74	13	87	14	90	15	89	16	86	17	81	18	80	19	80	
	0	15	1	24	2	20	3	26	4	18	5	11	6	19	7	15	8	18	9	17	10	13	11	16	12	26	13	18	14	11	15	13	16	21	17	27	18	15	19	11	
	0	17	1	19	2	17	3	30	4	30	5	24	6	25	7	22	8	15	9	26	10	18	11	24	12	22	13	22	14	26	15	24	16	21	17	16	18	25	19	32	
	0	94	1	93	2	102	3	111	4	95	5	105	6	107	7	105	8	102	9	106	10	98	11	95	12	101	13	93	14	109	15	98	16	104	17	109	18	95	19	109	
	0	49	1	49	2	45	3	52	4	52	5	58	6	50	7	47	8	55	9	59	10	41	11	44	12	58	13	43	14	40	15	53	16	49	17	45	18	48	19	40	
	0	79	1	76	2	81	3	77	4	81	5	80	6	81	7	74	8	86	9	86	10	88	11	79	12	91	13	82	14	74	15	87	16	78	17	75	18	85	19	89	
	0	22	1	26	2	32	3	20	4	31	5	24	6	31	7	20	8	31	9	35	10	30	11	20	12	27	13	35	14	23	15	21	16	30	17	21	18	36	19	37	
	0	25	1	26	2	36	3	38	4	36	5	38	6	38	7	30	8	36	9	25	10	29	11	40	12	25	13	37	14	29	15	28	16	40	17	43	18	40	19	40	
	0	21	1	39	2	27	3	20	4	34	5	20	6	28	7	29	8	22	9	32	10	29	11	34	12	21	13	23	14	32	15	29	16	32	17	35	18	22	19	34	
	0	41	1	47	2	47	3	57	4	47	5	53	6	51	7	52	8	45	9	55	10	47	11	40	12	46	13	45	14	55	15	56	16	56	17	51	18	47	19	42	
	0	66	1	63	2	79	3	75	4	71	5	68	6	74	7	63	8	73	9	71	10	63	11	63	12	80	13	75	14	70	15	75	16	78	17	70	18	81	19	69	
	0	34	1	28	2	35	3	31	4	28	5	18	6	29	7	28	8	32	9	31	10	19	11	26	12	24	13	22	14	25	15	22	16	27	17	28	18	33	19	22	
	0	79	1	81	2	74	3	85	4	85	5	77	6	76	7	71	8	66	9	79	10	77	11	70	12	85	13	80	14	84	15	75	16	79	17	68	18	66	19	74	
	0	91	1	89	2	82	3	86	4	99	5	97	6	99	7	83	8	92	9	82	10	84	11	88	12	99	13	100	14	88	15	87	16	94	17	94	18	88	19	89	
	0	75	1	64	2	68	3	59	4	68	5	64	6	67	7	64	8	67	9	56	10	64	11	73	12	56	13	63	14	56	15	68	16	58	17	59	18	73	19	62	
	0	20	1	21	2	14	3	19	4	13	5	16	6	9	7	10	8	9	9	21	10	9	11	16	12	11	13	21	14	16	15	14	16	9	17	26	18	12	19	27	
	0	89	1	82	2	97	3	89	4	99	5	85	6	88	7	96	8	87	9	88	10	83	11	84	12	94	13	95	14	90	15	83	16	80	17	95	18	99	19	95	
	0	46	1	53	2	45	3	50	4	41	5	42	6	48	7	47	8	44	9	56	10	59	11	48	12	58	13	59	14	58	15	48	16	45	17	42	18	49	19	49	
	0	70	1	60	2	73	3	56	4	71	5	56	6	72	7	69	8	58	9	57	10	63	11	65	12	60	13	62	14	62	15	57	16	63	17	74	18	60	19	74	
	0	15	1	14	2	20	3	21	4	23	5	21	6	23	7	22	8	19	9	15	10	18	11	28	12	28	13	29	14	17	15	25	16	19	17	16	18	23	19	28	
	0	46	1	46	2	41	3	34	4	44	5	50	6	32	7	31	8	31	9	36	10	31	11	43	12	35	13	45	14	49	15	36	16	40	17	33	18	34	19	49	
	0	56	1	49	2	43	3	51	4	48	5	43	6	61	7	47	8	57	9	59	10	56	11	51	12	50	13	50	14	43	15	50	16	44	17	51	18	54	19	44	
	0	37	1	39	2	56	3	53	4	50	5	38	6	45	7	55	8	47	9	44	10	42	11	53	12	46	13	48	14	47	15	40	16	37	17	54	18	44	19	43	
	0	73	1	77	2	66	3	71	4	65	5	61	6	70	7	70	8	74	9	72	10	61	11	68	12	74	13	78	14	63	15	75	16	67	17	62	18	67	19	74	
	0	65	1	55	2	69	3	67	4	54	5	72	6	64	7	69	8	58	9	55	10	56	11	60	12	56	13	65	14	54	15	55	16	70	17	58	18	65	19	58	
	0	55	1	62	2	71	3	58	4	59	5	57	6	63	7	60	8	69	9	56	10	72	11	66	12	64	13	70	14	66	15	67	16	57	17	64	18	64	19	57	
	0	10	1	12	2	4	3	10	4	18	5	21	6	20	7	11	8	18	9	19	10	9	11	21	12	19	13	8	14	22	15	22	16	21	17	3	18	8	19	16	