200 30 1
30
	0	53	1	41	2	45	3	47	4	59	5	44	6	43	7	41	8	60	9	46	10	44	11	42	12	60	13	56	14	42	15	50	16	45	17	59	18	53	19	60	20	42	21	48	22	58	23	45	24	58	25	41	26	41	27	57	28	46	29	45	
	0	13	1	8	2	12	3	8	4	17	5	16	6	22	7	7	8	9	9	19	10	7	11	9	12	20	13	6	14	18	15	18	16	4	17	7	18	8	19	12	20	10	21	22	22	15	23	21	24	21	25	8	26	15	27	22	28	13	29	23	
	0	43	1	48	2	47	3	54	4	50	5	53	6	58	7	54	8	48	9	49	10	52	11	49	12	50	13	45	14	45	15	43	16	54	17	48	18	55	19	46	20	44	21	43	22	52	23	50	24	54	25	52	26	57	27	51	28	50	29	50	
	0	113	1	118	2	111	3	110	4	108	5	115	6	110	7	117	8	112	9	112	10	105	11	117	12	116	13	115	14	112	15	102	16	107	17	100	18	101	19	112	20	110	21	110	22	104	23	102	24	102	25	117	26	104	27	118	28	106	29	112	
	0	20	1	15	2	12	3	12	4	13	5	17	6	28	7	17	8	20	9	23	10	16	11	9	12	15	13	14	14	12	15	14	16	12	17	10	18	22	19	15	20	24	21	16	22	20	23	28	24	21	25	9	26	9	27	19	28	21	29	28	
	0	81	1	83	2	79	3	94	4	90	5	78	6	78	7	85	8	79	9	96	10	82	11	89	12	86	13	96	14	90	15	83	16	80	17	77	18	89	19	78	20	95	21	83	22	96	23	85	24	93	25	85	26	93	27	96	28	89	29	96	
	0	27	1	29	2	23	3	30	4	13	5	26	6	16	7	17	8	19	9	13	10	23	11	13	12	31	13	14	14	31	15	17	16	32	17	23	18	13	19	13	20	20	21	26	22	14	23	27	24	26	25	16	26	25	27	15	28	31	29	31	
	0	23	1	20	2	20	3	17	4	25	5	26	6	23	7	33	8	15	9	15	10	23	11	22	12	16	13	25	14	17	15	27	16	15	17	21	18	31	19	18	20	18	21	19	22	17	23	29	24	26	25	30	26	29	27	30	28	16	29	15	
	0	8	1	9	2	9	3	22	4	13	5	26	6	15	7	25	8	12	9	14	10	13	11	24	12	15	13	8	14	16	15	25	16	17	17	19	18	19	19	11	20	18	21	9	22	24	23	20	24	13	25	25	26	26	27	16	28	8	29	15	
	0	96	1	97	2	109	3	99	4	108	5	108	6	100	7	110	8	102	9	99	10	107	11	93	12	107	13	112	14	104	15	106	16	93	17	111	18	107	19	93	20	98	21	107	22	105	23	97	24	102	25	102	26	105	27	94	28	110	29	107	
	0	16	1	16	2	5	3	17	4	13	5	19	6	7	7	15	8	5	9	15	10	14	11	4	12	9	13	20	14	2	15	11	16	21	17	11	18	20	19	12	20	17	21	12	22	19	23	9	24	20	25	15	26	6	27	3	28	21	29	16	
	0	51	1	38	2	42	3	50	4	55	5	38	6	52	7	43	8	52	9	40	10	40	11	47	12	51	13	38	14	56	15	38	16	53	17	52	18	49	19	39	20	54	21	53	22	38	23	53	24	54	25	53	26	46	27	49	28	43	29	45	
	0	107	1	105	2	110	3	107	4	105	5	113	6	101	7	110	8	118	9	118	10	109	11	100	12	119	13	100	14	106	15	109	16	114	17	113	18	107	19	119	20	114	21	113	22	118	23	110	24	104	25	117	26	114	27	102	28	114	29	104	
	0	15	1	27	2	11	3	17	4	27	5	21	6	17	7	27	8	21	9	22	10	22	11	18	12	16	13	25	14	18	15	10	16	25	17	20	18	16	19	28	20	19	21	16	22	17	23	24	24	26	25	14	26	20	27	13	28	9	29	22	
	0	104	1	102	2	98	3	99	4	86	5	86	6	104	7	97	8	93	9	94	10	90	11	100	12	99	13	104	14	99	15	96	16	102	17	88	18	103	19	98	20	96	21	100	22	99	23	87	24	91	25	94	26	103	27	103	28	102	29	85	
	0	16	1	7	2	11	3	11	4	13	5	12	6	15	7	6	8	19	9	4	10	14	11	5	12	2	13	18	14	3	15	13	16	5	17	21	18	7	19	18	20	13	21	20	22	8	23	11	24	20	25	2	26	11	27	16	28	19	29	11	
	0	77	1	78	2	73	3	76	4	68	5	68	6	69	7	70	8	76	9	67	10	70	11	81	12	72	13	74	14	69	15	78	16	75	17	82	18	80	19	77	20	70	21	66	22	72	23	81	24	85	25	71	26	70	27	84	28	83	29	80	
	0	28	1	43	2	30	3	25	4	39	5	40	6	44	7	37	8	29	9	34	10	40	11	36	12	28	13	32	14	44	15	35	16	32	17	43	18	39	19	31	20	34	21	44	22	43	23	38	24	39	25	41	26	31	27	27	28	37	29	34	
	0	110	1	98	2	99	3	100	4	103	5	101	6	99	7	104	8	115	9	110	10	110	11	98	12	108	13	105	14	100	15	98	16	116	17	102	18	103	19	116	20	106	21	108	22	106	23	101	24	103	25	102	26	113	27	111	28	117	29	116	
	0	7	1	17	2	11	3	13	4	19	5	17	6	18	7	8	8	20	9	18	10	21	11	14	12	15	13	10	14	10	15	11	16	10	17	12	18	8	19	18	20	16	21	8	22	16	23	9	24	14	25	23	26	12	27	19	28	24	29	10	
	0	89	1	81	2	86	3	81	4	91	5	80	6	82	7	84	8	85	9	97	10	80	11	87	12	98	13	92	14	83	15	85	16	86	17	83	18	84	19	85	20	87	21	81	22	82	23	86	24	90	25	81	26	97	27	92	28	95	29	90	
	0	97	1	95	2	98	3	93	4	97	5	107	6	96	7	101	8	99	9	101	10	99	11	101	12	96	13	90	14	104	15	88	16	97	17	106	18	91	19	91	20	94	21	93	22	94	23	88	24	96	25	104	26	95	27	103	28	89	29	101	
	0	22	1	29	2	25	3	32	4	33	5	24	6	34	7	22	8	39	9	31	10	25	11	37	12	33	13	21	14	26	15	31	16	20	17	24	18	39	19	24	20	35	21	28	22	27	23	28	24	27	25	36	26	32	27	20	28	22	29	27	
	0	94	1	102	2	89	3	92	4	101	5	87	6	92	7	100	8	91	9	91	10	87	11	96	12	93	13	91	14	100	15	106	16	90	17	99	18	91	19	104	20	99	21	98	22	106	23	95	24	101	25	94	26	106	27	93	28	96	29	106	
	0	25	1	23	2	40	3	37	4	31	5	26	6	23	7	27	8	26	9	30	10	33	11	40	12	35	13	37	14	25	15	23	16	22	17	28	18	30	19	29	20	37	21	24	22	29	23	28	24	40	25	36	26	33	27	28	28	35	29	23	
	0	73	1	62	2	72	3	61	4	66	5	70	6	65	7	63	8	70	9	64	10	62	11	71	12	68	13	75	14	65	15	63	16	59	17	68	18	59	19	57	20	74	21	66	22	65	23	57	24	72	25	68	26	57	27	74	28	69	29	57	
	0	19	1	15	2	8	3	13	4	7	5	14	6	18	7	15	8	12	9	23	10	20	11	11	12	11	13	11	14	10	15	16	16	6	17	21	18	9	19	21	20	20	21	20	22	21	23	15	24	13	25	11	26	24	27	9	28	23	29	21	
	0	72	1	65	2	66	3	68	4	83	5	73	6	82	7	81	8	84	9	66	10	73	11	68	12	74	13	65	14	79	15	73	16	72	17	77	18	67	19	66	20	74	21	77	22	67	23	81	24	82	25	76	26	70	27	73	28	77	29	72	
	0	111	1	108	2	116	3	101	4	114	5	115	6	113	7	101	8	114	9	106	10	106	11	117	12	106	13	112	14	105	15	115	16	107	17	101	18	110	19	111	20	119	21	119	22	102	23	108	24	114	25	112	26	107	27	118	28	107	29	102	
	0	16	1	22	2	17	3	26	4	16	5	8	6	23	7	25	8	14	9	20	10	14	11	18	12	22	13	22	14	14	15	25	16	19	17	18	18	17	19	21	20	13	21	18	22	25	23	8	24	17	25	25	26	22	27	12	28	20	29	12	
	0	68	1	61	2	66	3	64	4	69	5	65	6	56	7	56	8	65	9	55	10	65	11	69	12	59	13	53	14	64	15	66	16	52	17	62	18	61	19	70	20	62	21	57	22	61	23	59	24	57	25	67	26	61	27	61	28	60	29	58	
	0	15	1	19	2	32	3	28	4	26	5	20	6	22	7	18	8	18	9	19	10	15	11	32	12	21	13	23	14	26	15	26	16	17	17	13	18	31	19	24	20	28	21	21	22	13	23	32	24	28	25	13	26	23	27	18	28	23	29	28	
	0	93	1	93	2	77	3	93	4	94	5	95	6	95	7	95	8	89	9	85	10	77	11	86	12	81	13	95	14	95	15	84	16	89	17	78	18	80	19	87	20	85	21	93	22	95	23	79	24	94	25	91	26	92	27	84	28	93	29	89	
	0	88	1	91	2	72	3	80	4	76	5	74	6	78	7	83	8	78	9	75	10	73	11	81	12	88	13	80	14	81	15	81	16	76	17	84	18	84	19	72	20	76	21	81	22	84	23	79	24	88	25	85	26	74	27	90	28	78	29	74	
	0	29	1	29	2	27	3	40	4	43	5	43	6	45	7	37	8	45	9	43	10	43	11	27	12	34	13	43	14	38	15	40	16	46	17	32	18	31	19	39	20	40	21	38	22	35	23	36	24	39	25	34	26	36	27	45	28	28	29	43	
	0	8	1	10	2	25	3	18	4	22	5	25	6	11	7	11	8	17	9	17	10	15	11	7	12	9	13	7	14	12	15	10	16	22	17	10	18	23	19	22	20	13	21	20	22	20	23	25	24	8	25	8	26	24	27	21	28	25	29	8	
	0	100	1	95	2	107	3	97	4	99	5	98	6	113	7	111	8	95	9	109	10	96	11	109	12	110	13	113	14	111	15	110	16	108	17	111	18	114	19	98	20	102	21	103	22	96	23	98	24	101	25	97	26	105	27	103	28	95	29	106	
	0	91	1	94	2	109	3	94	4	99	5	95	6	107	7	101	8	102	9	102	10	100	11	92	12	93	13	109	14	96	15	100	16	100	17	91	18	98	19	100	20	92	21	98	22	97	23	102	24	103	25	96	26	100	27	97	28	110	29	91	
	0	28	1	37	2	42	3	26	4	37	5	42	6	24	7	42	8	27	9	36	10	40	11	40	12	25	13	39	14	30	15	25	16	24	17	23	18	32	19	30	20	29	21	37	22	37	23	29	24	36	25	37	26	37	27	42	28	29	29	25	
	0	41	1	40	2	33	3	26	4	45	5	43	6	37	7	38	8	33	9	41	10	26	11	39	12	39	13	36	14	39	15	38	16	27	17	33	18	29	19	29	20	42	21	43	22	28	23	32	24	37	25	29	26	32	27	32	28	36	29	40	
	0	49	1	48	2	41	3	57	4	49	5	56	6	57	7	44	8	44	9	39	10	47	11	45	12	42	13	55	14	50	15	55	16	54	17	54	18	43	19	58	20	43	21	48	22	55	23	56	24	49	25	57	26	58	27	54	28	39	29	42	
	0	80	1	88	2	87	3	95	4	88	5	91	6	79	7	79	8	79	9	93	10	91	11	94	12	80	13	84	14	79	15	91	16	84	17	81	18	87	19	90	20	92	21	88	22	88	23	93	24	80	25	82	26	93	27	79	28	90	29	82	
	0	37	1	38	2	35	3	37	4	36	5	40	6	39	7	30	8	24	9	38	10	41	11	42	12	28	13	32	14	23	15	30	16	27	17	34	18	38	19	41	20	42	21	25	22	23	23	42	24	36	25	25	26	33	27	35	28	33	29	26	
	0	40	1	27	2	41	3	22	4	28	5	28	6	22	7	33	8	29	9	38	10	25	11	39	12	27	13	31	14	36	15	36	16	36	17	24	18	31	19	37	20	25	21	28	22	38	23	25	24	30	25	34	26	40	27	24	28	35	29	35	
	0	10	1	8	2	19	3	6	4	9	5	12	6	15	7	13	8	11	9	16	10	15	11	20	12	14	13	7	14	21	15	6	16	18	17	8	18	18	19	11	20	6	21	6	22	19	23	21	24	13	25	4	26	8	27	9	28	9	29	22	
	0	37	1	26	2	25	3	31	4	39	5	24	6	34	7	30	8	35	9	38	10	30	11	41	12	28	13	26	14	32	15	41	16	35	17	38	18	32	19	25	20	29	21	30	22	33	23	36	24	26	25	37	26	39	27	34	28	38	29	30	
	0	72	1	76	2	75	3	65	4	67	5	76	6	61	7	63	8	58	9	71	10	71	11	67	12	63	13	62	14	61	15	63	16	70	17	76	18	65	19	68	20	62	21	66	22	64	23	66	24	59	25	67	26	60	27	63	28	74	29	73	
	0	51	1	56	2	58	3	51	4	48	5	60	6	63	7	56	8	51	9	63	10	48	11	59	12	65	13	56	14	66	15	59	16	61	17	55	18	67	19	56	20	54	21	55	22	59	23	64	24	64	25	50	26	55	27	60	28	66	29	63	
	0	37	1	34	2	22	3	22	4	23	5	33	6	29	7	34	8	33	9	32	10	29	11	35	12	33	13	34	14	38	15	20	16	28	17	25	18	36	19	37	20	22	21	20	22	30	23	38	24	19	25	20	26	36	27	19	28	20	29	22	
	0	88	1	72	2	84	3	88	4	72	5	84	6	89	7	74	8	70	9	87	10	77	11	72	12	82	13	85	14	78	15	84	16	86	17	74	18	82	19	79	20	87	21	82	22	85	23	86	24	75	25	88	26	86	27	84	28	76	29	72	
	0	85	1	84	2	96	3	78	4	90	5	96	6	94	7	87	8	92	9	91	10	79	11	95	12	95	13	79	14	82	15	81	16	93	17	87	18	96	19	97	20	93	21	86	22	86	23	92	24	85	25	83	26	78	27	80	28	83	29	79	
	0	103	1	105	2	97	3	102	4	101	5	94	6	96	7	98	8	93	9	92	10	101	11	93	12	91	13	89	14	106	15	100	16	90	17	92	18	91	19	98	20	96	21	97	22	102	23	103	24	88	25	100	26	88	27	101	28	91	29	102	
	0	44	1	49	2	32	3	33	4	32	5	45	6	44	7	38	8	32	9	49	10	43	11	44	12	49	13	48	14	31	15	47	16	47	17	49	18	44	19	40	20	41	21	37	22	39	23	30	24	34	25	37	26	33	27	34	28	43	29	47	
	0	72	1	57	2	67	3	74	4	56	5	62	6	75	7	62	8	57	9	65	10	74	11	58	12	56	13	66	14	66	15	66	16	59	17	67	18	68	19	72	20	75	21	71	22	74	23	70	24	74	25	67	26	73	27	71	28	71	29	59	
	0	25	1	26	2	25	3	25	4	34	5	21	6	28	7	36	8	30	9	33	10	31	11	33	12	32	13	30	14	19	15	31	16	19	17	20	18	32	19	32	20	21	21	29	22	30	23	32	24	34	25	28	26	18	27	24	28	23	29	29	
	0	105	1	87	2	89	3	101	4	106	5	105	6	87	7	90	8	93	9	95	10	104	11	105	12	103	13	87	14	105	15	98	16	89	17	106	18	94	19	104	20	100	21	87	22	98	23	88	24	89	25	103	26	95	27	89	28	100	29	89	
	0	55	1	61	2	60	3	57	4	61	5	63	6	71	7	60	8	72	9	58	10	63	11	56	12	61	13	66	14	65	15	53	16	54	17	60	18	65	19	61	20	61	21	60	22	70	23	63	24	59	25	63	26	66	27	62	28	58	29	60	
	0	82	1	84	2	66	3	70	4	81	5	83	6	72	7	71	8	79	9	81	10	69	11	81	12	81	13	80	14	67	15	75	16	68	17	74	18	74	19	72	20	75	21	79	22	77	23	77	24	73	25	68	26	85	27	85	28	79	29	85	
	0	86	1	86	2	76	3	74	4	74	5	73	6	73	7	82	8	78	9	73	10	71	11	80	12	78	13	84	14	71	15	85	16	88	17	87	18	87	19	72	20	87	21	79	22	90	23	73	24	77	25	85	26	71	27	81	28	86	29	88	
	0	72	1	74	2	62	3	68	4	65	5	74	6	75	7	80	8	74	9	80	10	71	11	61	12	66	13	80	14	61	15	68	16	74	17	66	18	71	19	78	20	76	21	79	22	67	23	71	24	68	25	66	26	62	27	61	28	63	29	69	
	0	99	1	94	2	94	3	103	4	90	5	86	6	90	7	96	8	89	9	94	10	101	11	103	12	87	13	100	14	96	15	103	16	100	17	88	18	94	19	98	20	105	21	87	22	98	23	88	24	94	25	98	26	103	27	95	28	104	29	101	
	0	40	1	51	2	46	3	53	4	46	5	48	6	58	7	46	8	44	9	42	10	59	11	49	12	52	13	57	14	53	15	40	16	59	17	42	18	46	19	52	20	50	21	54	22	40	23	43	24	41	25	54	26	44	27	42	28	43	29	58	
	0	89	1	74	2	86	3	76	4	80	5	74	6	83	7	90	8	83	9	74	10	81	11	88	12	74	13	77	14	89	15	85	16	73	17	75	18	83	19	90	20	91	21	73	22	82	23	91	24	82	25	87	26	87	27	82	28	80	29	81	
	0	97	1	96	2	91	3	79	4	95	5	86	6	95	7	79	8	95	9	95	10	90	11	90	12	95	13	95	14	92	15	80	16	85	17	80	18	91	19	94	20	79	21	96	22	94	23	89	24	85	25	83	26	85	27	78	28	86	29	84	
	0	79	1	75	2	79	3	82	4	80	5	81	6	74	7	72	8	66	9	77	10	73	11	74	12	69	13	63	14	63	15	73	16	73	17	68	18	69	19	76	20	65	21	81	22	75	23	70	24	68	25	66	26	75	27	65	28	71	29	67	
	0	106	1	110	2	104	3	107	4	97	5	97	6	111	7	115	8	107	9	111	10	110	11	105	12	107	13	107	14	99	15	97	16	105	17	103	18	110	19	110	20	114	21	96	22	113	23	111	24	110	25	100	26	99	27	108	28	100	29	109	
	0	48	1	39	2	48	3	34	4	41	5	40	6	49	7	35	8	39	9	46	10	36	11	38	12	48	13	46	14	46	15	41	16	47	17	49	18	46	19	49	20	38	21	31	22	44	23	31	24	47	25	31	26	47	27	34	28	46	29	47	
	0	79	1	88	2	69	3	73	4	75	5	86	6	77	7	76	8	71	9	78	10	84	11	69	12	74	13	71	14	82	15	86	16	74	17	73	18	74	19	85	20	76	21	83	22	74	23	86	24	85	25	72	26	81	27	79	28	70	29	70	
	0	101	1	97	2	94	3	106	4	106	5	95	6	110	7	110	8	112	9	97	10	96	11	98	12	100	13	109	14	110	15	105	16	95	17	113	18	99	19	107	20	95	21	113	22	101	23	113	24	103	25	102	26	107	27	102	28	98	29	112	
	0	96	1	95	2	98	3	102	4	109	5	106	6	101	7	95	8	112	9	102	10	110	11	112	12	98	13	113	14	104	15	103	16	100	17	112	18	97	19	101	20	100	21	97	22	105	23	95	24	114	25	104	26	106	27	110	28	114	29	114	
	0	56	1	52	2	41	3	44	4	44	5	43	6	45	7	42	8	48	9	51	10	41	11	46	12	56	13	54	14	51	15	42	16	49	17	46	18	54	19	44	20	47	21	42	22	52	23	54	24	49	25	55	26	44	27	45	28	50	29	49	
	0	101	1	97	2	103	3	94	4	98	5	96	6	103	7	91	8	98	9	103	10	87	11	104	12	99	13	95	14	93	15	86	16	100	17	102	18	94	19	89	20	92	21	97	22	104	23	89	24	88	25	100	26	94	27	97	28	87	29	87	
	0	58	1	67	2	58	3	63	4	59	5	65	6	72	7	55	8	66	9	66	10	70	11	57	12	56	13	58	14	71	15	54	16	58	17	68	18	60	19	62	20	58	21	61	22	68	23	64	24	69	25	56	26	62	27	70	28	58	29	70	
	0	87	1	84	2	93	3	91	4	102	5	97	6	96	7	84	8	88	9	84	10	87	11	102	12	95	13	87	14	94	15	88	16	101	17	85	18	102	19	100	20	90	21	91	22	103	23	99	24	92	25	101	26	92	27	86	28	95	29	88	
	0	56	1	60	2	64	3	61	4	50	5	62	6	56	7	47	8	64	9	53	10	57	11	48	12	58	13	47	14	54	15	51	16	49	17	47	18	62	19	60	20	61	21	45	22	53	23	63	24	54	25	60	26	51	27	61	28	48	29	56	
	0	23	1	20	2	24	3	31	4	24	5	31	6	19	7	25	8	20	9	26	10	20	11	26	12	24	13	17	14	16	15	17	16	27	17	26	18	18	19	15	20	15	21	18	22	14	23	29	24	14	25	26	26	14	27	22	28	27	29	19	
	0	9	1	8	2	19	3	24	4	16	5	20	6	16	7	14	8	16	9	23	10	9	11	13	12	22	13	26	14	17	15	10	16	20	17	18	18	21	19	16	20	24	21	8	22	13	23	8	24	25	25	7	26	17	27	11	28	22	29	9	
	0	65	1	71	2	77	3	81	4	74	5	81	6	78	7	81	8	83	9	72	10	72	11	71	12	74	13	66	14	80	15	74	16	65	17	83	18	80	19	84	20	82	21	66	22	74	23	74	24	74	25	79	26	79	27	73	28	74	29	65	
	0	79	1	75	2	80	3	84	4	82	5	84	6	69	7	69	8	73	9	74	10	68	11	84	12	78	13	79	14	76	15	79	16	79	17	80	18	76	19	85	20	69	21	77	22	83	23	78	24	75	25	71	26	75	27	83	28	68	29	67	
	0	81	1	82	2	75	3	78	4	88	5	79	6	78	7	87	8	71	9	82	10	71	11	78	12	74	13	81	14	73	15	83	16	82	17	73	18	78	19	88	20	78	21	83	22	75	23	79	24	81	25	71	26	89	27	79	28	88	29	85	
	0	16	1	17	2	19	3	2	4	3	5	5	6	13	7	18	8	19	9	20	10	17	11	13	12	3	13	13	14	19	15	7	16	7	17	10	18	6	19	17	20	13	21	9	22	21	23	13	24	11	25	3	26	8	27	10	28	9	29	4	
	0	18	1	18	2	18	3	20	4	21	5	18	6	17	7	17	8	5	9	11	10	4	11	14	12	16	13	12	14	13	15	12	16	15	17	10	18	20	19	11	20	3	21	17	22	17	23	14	24	19	25	9	26	14	27	20	28	10	29	12	
	0	72	1	66	2	62	3	69	4	75	5	60	6	60	7	73	8	63	9	69	10	66	11	62	12	73	13	59	14	73	15	69	16	76	17	71	18	58	19	74	20	71	21	62	22	75	23	72	24	68	25	73	26	68	27	62	28	65	29	76	
	0	32	1	32	2	26	3	26	4	32	5	25	6	36	7	30	8	23	9	25	10	34	11	29	12	36	13	36	14	29	15	34	16	21	17	20	18	24	19	31	20	34	21	20	22	36	23	23	24	23	25	31	26	25	27	29	28	24	29	21	
	0	83	1	89	2	85	3	96	4	90	5	96	6	90	7	89	8	91	9	98	10	90	11	94	12	93	13	93	14	79	15	92	16	85	17	83	18	80	19	93	20	82	21	94	22	82	23	82	24	96	25	92	26	95	27	87	28	93	29	95	
	0	98	1	108	2	107	3	92	4	108	5	100	6	95	7	108	8	111	9	97	10	106	11	101	12	109	13	97	14	94	15	93	16	101	17	108	18	94	19	92	20	98	21	106	22	110	23	100	24	106	25	95	26	104	27	108	28	97	29	99	
	0	105	1	113	2	99	3	102	4	99	5	116	6	103	7	111	8	111	9	111	10	111	11	113	12	101	13	101	14	103	15	101	16	117	17	110	18	109	19	98	20	114	21	117	22	112	23	101	24	116	25	114	26	106	27	98	28	103	29	107	
	0	47	1	51	2	61	3	45	4	60	5	46	6	57	7	63	8	51	9	58	10	46	11	64	12	51	13	58	14	46	15	51	16	61	17	61	18	47	19	61	20	57	21	45	22	47	23	54	24	54	25	58	26	59	27	64	28	48	29	53	
	0	19	1	16	2	12	3	20	4	9	5	23	6	24	7	5	8	20	9	23	10	18	11	24	12	17	13	15	14	24	15	17	16	9	17	22	18	19	19	19	20	24	21	8	22	15	23	10	24	11	25	21	26	19	27	13	28	9	29	11	
	0	27	1	8	2	22	3	15	4	18	5	27	6	10	7	20	8	20	9	13	10	10	11	20	12	10	13	23	14	21	15	13	16	14	17	19	18	11	19	21	20	13	21	11	22	25	23	24	24	26	25	9	26	17	27	12	28	14	29	12	
	0	59	1	56	2	68	3	62	4	60	5	56	6	64	7	54	8	55	9	66	10	57	11	56	12	69	13	58	14	52	15	64	16	57	17	52	18	57	19	60	20	58	21	61	22	68	23	53	24	61	25	51	26	64	27	54	28	70	29	54	
	0	73	1	74	2	74	3	78	4	80	5	74	6	74	7	80	8	90	9	92	10	86	11	92	12	88	13	80	14	82	15	86	16	88	17	88	18	85	19	92	20	92	21	83	22	87	23	89	24	91	25	83	26	88	27	81	28	92	29	92	
	0	90	1	77	2	82	3	82	4	90	5	83	6	93	7	92	8	90	9	86	10	78	11	92	12	91	13	75	14	82	15	84	16	83	17	86	18	78	19	89	20	83	21	80	22	75	23	91	24	90	25	79	26	84	27	90	28	87	29	78	
	0	32	1	23	2	28	3	31	4	36	5	25	6	37	7	39	8	31	9	40	10	31	11	40	12	41	13	37	14	42	15	27	16	39	17	28	18	33	19	31	20	37	21	28	22	33	23	35	24	29	25	30	26	34	27	31	28	24	29	31	
	0	13	1	10	2	19	3	25	4	27	5	28	6	28	7	22	8	24	9	11	10	23	11	26	12	25	13	11	14	17	15	24	16	24	17	12	18	27	19	11	20	10	21	27	22	22	23	22	24	13	25	15	26	23	27	16	28	15	29	20	
	0	94	1	92	2	92	3	82	4	77	5	85	6	87	7	86	8	77	9	87	10	88	11	93	12	93	13	89	14	87	15	88	16	90	17	80	18	75	19	87	20	75	21	88	22	84	23	77	24	76	25	91	26	80	27	83	28	94	29	87	
	0	33	1	29	2	43	3	29	4	39	5	30	6	36	7	33	8	35	9	27	10	37	11	34	12	42	13	26	14	43	15	39	16	40	17	32	18	44	19	36	20	39	21	41	22	30	23	38	24	25	25	43	26	25	27	44	28	27	29	42	
	0	34	1	23	2	33	3	31	4	21	5	18	6	33	7	20	8	35	9	34	10	30	11	36	12	27	13	30	14	34	15	24	16	37	17	30	18	20	19	18	20	34	21	26	22	32	23	27	24	19	25	37	26	37	27	19	28	25	29	25	
	0	81	1	87	2	69	3	72	4	70	5	83	6	73	7	86	8	69	9	77	10	82	11	86	12	71	13	79	14	84	15	69	16	85	17	72	18	71	19	77	20	74	21	75	22	88	23	82	24	85	25	82	26	80	27	85	28	71	29	82	
	0	18	1	16	2	20	3	16	4	11	5	26	6	24	7	10	8	7	9	25	10	21	11	20	12	7	13	15	14	26	15	16	16	9	17	24	18	18	19	26	20	25	21	23	22	21	23	22	24	10	25	10	26	16	27	7	28	21	29	22	
	0	85	1	99	2	88	3	91	4	81	5	84	6	86	7	88	8	85	9	83	10	84	11	87	12	98	13	82	14	82	15	95	16	88	17	93	18	90	19	94	20	82	21	84	22	88	23	84	24	88	25	95	26	95	27	95	28	96	29	85	
	0	65	1	63	2	50	3	48	4	65	5	52	6	58	7	63	8	63	9	46	10	62	11	56	12	46	13	53	14	63	15	50	16	54	17	58	18	65	19	49	20	61	21	61	22	54	23	59	24	60	25	54	26	62	27	47	28	48	29	60	
	0	31	1	22	2	20	3	26	4	30	5	15	6	30	7	15	8	20	9	27	10	32	11	22	12	27	13	21	14	17	15	32	16	30	17	13	18	29	19	32	20	25	21	32	22	13	23	25	24	20	25	16	26	22	27	28	28	25	29	20	
	0	57	1	71	2	63	3	59	4	65	5	65	6	70	7	70	8	61	9	57	10	59	11	56	12	63	13	60	14	62	15	57	16	64	17	61	18	60	19	69	20	60	21	57	22	63	23	62	24	75	25	71	26	62	27	63	28	64	29	66	
	0	30	1	31	2	40	3	41	4	39	5	46	6	32	7	41	8	35	9	43	10	47	11	42	12	49	13	31	14	38	15	48	16	30	17	33	18	45	19	47	20	42	21	35	22	49	23	32	24	38	25	32	26	37	27	36	28	35	29	37	
	0	84	1	69	2	80	3	75	4	72	5	75	6	69	7	71	8	80	9	81	10	78	11	85	12	80	13	84	14	85	15	84	16	80	17	77	18	75	19	78	20	77	21	79	22	83	23	76	24	72	25	73	26	83	27	70	28	74	29	83	
	0	85	1	76	2	88	3	91	4	77	5	85	6	83	7	81	8	77	9	82	10	80	11	81	12	87	13	91	14	76	15	74	16	83	17	88	18	78	19	78	20	79	21	78	22	85	23	78	24	88	25	80	26	93	27	80	28	83	29	85	
	0	32	1	21	2	36	3	35	4	38	5	31	6	36	7	24	8	35	9	31	10	30	11	28	12	25	13	34	14	25	15	26	16	30	17	35	18	21	19	33	20	32	21	27	22	24	23	30	24	33	25	30	26	27	27	22	28	32	29	32	
	0	21	1	14	2	20	3	26	4	25	5	16	6	23	7	11	8	28	9	15	10	20	11	24	12	24	13	28	14	24	15	10	16	25	17	13	18	19	19	27	20	18	21	25	22	19	23	29	24	21	25	16	26	25	27	20	28	29	29	21	
	0	45	1	42	2	57	3	53	4	60	5	48	6	58	7	51	8	60	9	61	10	44	11	53	12	51	13	46	14	59	15	58	16	53	17	61	18	54	19	44	20	51	21	60	22	52	23	52	24	57	25	50	26	42	27	42	28	43	29	51	
	0	26	1	40	2	30	3	37	4	21	5	33	6	27	7	39	8	38	9	23	10	35	11	39	12	26	13	38	14	32	15	27	16	40	17	27	18	39	19	38	20	33	21	31	22	25	23	25	24	22	25	37	26	34	27	40	28	40	29	40	
	0	55	1	57	2	46	3	59	4	51	5	54	6	55	7	47	8	45	9	50	10	46	11	59	12	50	13	60	14	43	15	54	16	50	17	49	18	45	19	60	20	43	21	49	22	54	23	50	24	45	25	44	26	58	27	55	28	44	29	43	
	0	59	1	51	2	53	3	55	4	58	5	49	6	44	7	54	8	58	9	52	10	59	11	56	12	54	13	45	14	45	15	42	16	58	17	47	18	44	19	48	20	61	21	49	22	60	23	53	24	50	25	60	26	53	27	61	28	52	29	58	
	0	73	1	72	2	68	3	63	4	75	5	80	6	78	7	75	8	63	9	71	10	78	11	63	12	63	13	64	14	73	15	80	16	68	17	67	18	75	19	75	20	65	21	78	22	69	23	71	24	72	25	80	26	68	27	75	28	63	29	78	
	0	75	1	76	2	89	3	76	4	87	5	85	6	82	7	77	8	87	9	84	10	82	11	85	12	79	13	77	14	76	15	84	16	75	17	88	18	81	19	73	20	83	21	73	22	74	23	88	24	72	25	85	26	88	27	78	28	82	29	77	
	0	28	1	28	2	29	3	22	4	20	5	19	6	29	7	32	8	38	9	26	10	22	11	30	12	24	13	27	14	29	15	30	16	38	17	36	18	21	19	38	20	36	21	23	22	37	23	28	24	28	25	22	26	24	27	20	28	22	29	24	
	0	22	1	28	2	22	3	23	4	20	5	16	6	23	7	23	8	16	9	31	10	25	11	21	12	15	13	28	14	17	15	29	16	22	17	20	18	30	19	16	20	29	21	21	22	19	23	18	24	26	25	29	26	27	27	34	28	20	29	30	
	0	26	1	25	2	37	3	23	4	21	5	27	6	37	7	32	8	24	9	22	10	26	11	30	12	28	13	35	14	25	15	24	16	24	17	28	18	33	19	34	20	33	21	28	22	25	23	20	24	23	25	39	26	22	27	35	28	20	29	32	
	0	106	1	103	2	103	3	107	4	98	5	101	6	97	7	104	8	98	9	106	10	99	11	101	12	101	13	107	14	91	15	95	16	94	17	101	18	91	19	89	20	98	21	98	22	104	23	89	24	94	25	91	26	98	27	102	28	100	29	98	
	0	18	1	20	2	9	3	24	4	9	5	12	6	20	7	16	8	27	9	16	10	9	11	9	12	11	13	13	14	11	15	16	16	16	17	16	18	17	19	23	20	11	21	23	22	16	23	22	24	11	25	21	26	23	27	12	28	27	29	23	
	0	19	1	15	2	17	3	9	4	22	5	22	6	6	7	24	8	15	9	21	10	10	11	19	12	24	13	16	14	24	15	7	16	19	17	23	18	20	19	21	20	22	21	6	22	18	23	21	24	10	25	19	26	15	27	11	28	9	29	12	
	0	115	1	119	2	120	3	103	4	112	5	102	6	114	7	109	8	113	9	109	10	115	11	119	12	114	13	107	14	106	15	103	16	110	17	110	18	113	19	111	20	114	21	114	22	118	23	120	24	101	25	104	26	103	27	108	28	118	29	103	
	0	58	1	68	2	58	3	56	4	52	5	52	6	62	7	59	8	59	9	54	10	67	11	59	12	55	13	54	14	54	15	53	16	66	17	62	18	57	19	56	20	50	21	58	22	67	23	53	24	67	25	63	26	60	27	53	28	67	29	52	
	0	61	1	71	2	56	3	65	4	72	5	59	6	70	7	66	8	62	9	61	10	55	11	71	12	65	13	67	14	73	15	67	16	56	17	69	18	55	19	59	20	60	21	70	22	61	23	55	24	60	25	60	26	59	27	71	28	66	29	64	
	0	103	1	111	2	119	3	107	4	100	5	118	6	115	7	113	8	107	9	119	10	107	11	108	12	107	13	114	14	115	15	106	16	102	17	101	18	117	19	101	20	119	21	113	22	100	23	100	24	101	25	119	26	118	27	117	28	101	29	104	
	0	93	1	91	2	105	3	108	4	93	5	98	6	107	7	104	8	105	9	104	10	97	11	95	12	108	13	107	14	91	15	99	16	94	17	101	18	96	19	93	20	95	21	108	22	103	23	102	24	90	25	101	26	97	27	106	28	104	29	108	
	0	103	1	93	2	94	3	86	4	95	5	85	6	87	7	103	8	100	9	90	10	84	11	88	12	103	13	84	14	88	15	99	16	94	17	98	18	100	19	97	20	84	21	89	22	90	23	98	24	85	25	86	26	90	27	89	28	98	29	85	
	0	74	1	79	2	62	3	73	4	74	5	62	6	64	7	73	8	79	9	72	10	61	11	69	12	70	13	79	14	60	15	70	16	61	17	78	18	79	19	66	20	74	21	78	22	69	23	64	24	62	25	65	26	67	27	62	28	63	29	65	
	0	54	1	57	2	62	3	65	4	65	5	55	6	69	7	72	8	72	9	71	10	60	11	63	12	60	13	70	14	67	15	70	16	55	17	56	18	67	19	59	20	63	21	63	22	73	23	64	24	64	25	65	26	56	27	73	28	67	29	54	
	0	92	1	103	2	104	3	94	4	95	5	110	6	92	7	105	8	106	9	109	10	105	11	94	12	108	13	106	14	103	15	110	16	101	17	106	18	94	19	103	20	92	21	91	22	105	23	99	24	98	25	100	26	108	27	103	28	101	29	100	
	0	110	1	112	2	115	3	106	4	108	5	117	6	103	7	101	8	115	9	110	10	119	11	107	12	106	13	108	14	116	15	105	16	117	17	113	18	119	19	108	20	107	21	116	22	116	23	106	24	118	25	109	26	102	27	120	28	114	29	108	
	0	90	1	75	2	86	3	74	4	82	5	80	6	88	7	91	8	87	9	72	10	77	11	88	12	79	13	83	14	72	15	74	16	78	17	91	18	74	19	76	20	78	21	72	22	82	23	83	24	86	25	85	26	81	27	74	28	85	29	91	
	0	97	1	99	2	105	3	102	4	112	5	97	6	106	7	115	8	111	9	102	10	112	11	108	12	109	13	111	14	98	15	111	16	113	17	100	18	113	19	98	20	107	21	109	22	112	23	115	24	108	25	112	26	113	27	114	28	100	29	100	
	0	60	1	52	2	62	3	55	4	46	5	52	6	56	7	61	8	45	9	61	10	56	11	61	12	60	13	52	14	61	15	43	16	45	17	59	18	46	19	44	20	48	21	45	22	50	23	47	24	48	25	56	26	60	27	53	28	58	29	43	
	0	8	1	23	2	8	3	15	4	16	5	11	6	20	7	23	8	12	9	22	10	12	11	17	12	14	13	13	14	9	15	7	16	21	17	23	18	23	19	8	20	14	21	5	22	17	23	18	24	12	25	14	26	20	27	8	28	6	29	10	
	0	53	1	60	2	59	3	68	4	62	5	54	6	56	7	69	8	63	9	55	10	66	11	60	12	57	13	53	14	51	15	53	16	68	17	60	18	57	19	66	20	66	21	61	22	60	23	61	24	64	25	60	26	61	27	59	28	65	29	67	
	0	57	1	59	2	65	3	64	4	55	5	61	6	57	7	58	8	49	9	49	10	49	11	62	12	48	13	50	14	66	15	56	16	60	17	51	18	54	19	60	20	49	21	66	22	52	23	66	24	50	25	66	26	51	27	62	28	52	29	54	
	0	87	1	87	2	74	3	87	4	88	5	73	6	88	7	90	8	87	9	84	10	82	11	73	12	79	13	72	14	76	15	73	16	84	17	83	18	74	19	80	20	72	21	73	22	76	23	83	24	86	25	75	26	89	27	75	28	71	29	86	
	0	104	1	102	2	119	3	112	4	103	5	104	6	118	7	100	8	110	9	104	10	100	11	118	12	112	13	113	14	104	15	115	16	113	17	105	18	100	19	106	20	118	21	112	22	114	23	108	24	115	25	102	26	115	27	117	28	109	29	102	
	0	69	1	72	2	65	3	64	4	70	5	68	6	80	7	61	8	70	9	74	10	73	11	65	12	75	13	68	14	71	15	70	16	79	17	66	18	76	19	79	20	76	21	67	22	64	23	75	24	66	25	73	26	73	27	75	28	80	29	77	
	0	80	1	81	2	86	3	91	4	82	5	83	6	84	7	93	8	96	9	87	10	78	11	82	12	79	13	85	14	85	15	88	16	78	17	85	18	77	19	91	20	77	21	83	22	96	23	84	24	91	25	83	26	78	27	83	28	94	29	86	
	0	30	1	29	2	31	3	25	4	26	5	44	6	37	7	36	8	40	9	32	10	34	11	28	12	25	13	28	14	32	15	31	16	40	17	29	18	43	19	32	20	33	21	25	22	33	23	40	24	28	25	26	26	34	27	37	28	35	29	37	
	0	94	1	85	2	99	3	94	4	99	5	96	6	96	7	96	8	81	9	91	10	95	11	81	12	94	13	93	14	94	15	89	16	98	17	92	18	94	19	86	20	98	21	86	22	85	23	97	24	91	25	97	26	100	27	97	28	94	29	83	
	0	25	1	28	2	19	3	36	4	24	5	17	6	23	7	28	8	23	9	30	10	35	11	26	12	26	13	36	14	26	15	26	16	31	17	19	18	20	19	34	20	32	21	26	22	20	23	35	24	27	25	31	26	27	27	26	28	29	29	23	
	0	25	1	15	2	30	3	16	4	13	5	30	6	13	7	24	8	28	9	28	10	25	11	29	12	29	13	20	14	30	15	30	16	15	17	20	18	11	19	17	20	22	21	24	22	13	23	30	24	19	25	14	26	24	27	20	28	17	29	12	
	0	98	1	84	2	99	3	102	4	97	5	88	6	99	7	87	8	87	9	99	10	83	11	94	12	95	13	96	14	83	15	86	16	101	17	91	18	101	19	102	20	100	21	91	22	90	23	92	24	101	25	100	26	86	27	89	28	83	29	102	
	0	105	1	114	2	117	3	108	4	116	5	105	6	117	7	112	8	102	9	116	10	108	11	101	12	118	13	106	14	119	15	115	16	101	17	107	18	108	19	113	20	116	21	105	22	120	23	114	24	107	25	104	26	105	27	101	28	114	29	120	
	0	52	1	54	2	51	3	61	4	47	5	55	6	46	7	51	8	47	9	57	10	45	11	54	12	43	13	53	14	51	15	53	16	57	17	56	18	42	19	49	20	42	21	47	22	52	23	43	24	44	25	51	26	56	27	49	28	54	29	49	
	0	38	1	32	2	46	3	43	4	44	5	33	6	49	7	48	8	35	9	30	10	30	11	48	12	48	13	40	14	35	15	33	16	41	17	45	18	38	19	48	20	32	21	39	22	34	23	42	24	43	25	34	26	31	27	37	28	31	29	33	
	0	14	1	29	2	16	3	16	4	20	5	22	6	17	7	29	8	22	9	23	10	18	11	22	12	15	13	17	14	24	15	13	16	13	17	29	18	26	19	25	20	15	21	20	22	28	23	29	24	23	25	29	26	26	27	28	28	31	29	22	
	0	19	1	24	2	21	3	23	4	22	5	23	6	22	7	7	8	11	9	12	10	10	11	22	12	15	13	24	14	6	15	19	16	21	17	21	18	24	19	21	20	10	21	9	22	23	23	17	24	24	25	25	26	12	27	21	28	25	29	10	
	0	98	1	97	2	100	3	101	4	98	5	91	6	97	7	94	8	88	9	103	10	88	11	93	12	88	13	101	14	89	15	92	16	106	17	93	18	96	19	101	20	90	21	88	22	96	23	97	24	103	25	100	26	95	27	101	28	87	29	88	
	0	57	1	62	2	57	3	57	4	57	5	56	6	60	7	60	8	63	9	61	10	60	11	58	12	54	13	61	14	67	15	63	16	72	17	70	18	66	19	63	20	56	21	60	22	55	23	66	24	62	25	64	26	66	27	58	28	61	29	63	
	0	91	1	100	2	103	3	91	4	93	5	100	6	105	7	94	8	100	9	100	10	97	11	95	12	101	13	94	14	90	15	108	16	108	17	104	18	102	19	99	20	104	21	93	22	103	23	107	24	95	25	95	26	105	27	104	28	91	29	103	
	0	39	1	34	2	28	3	37	4	26	5	29	6	32	7	33	8	42	9	26	10	26	11	39	12	40	13	39	14	33	15	44	16	34	17	32	18	43	19	32	20	38	21	33	22	40	23	27	24	25	25	40	26	29	27	42	28	38	29	30	
	0	3	1	20	2	6	3	14	4	20	5	17	6	4	7	19	8	13	9	3	10	17	11	15	12	10	13	19	14	19	15	11	16	11	17	8	18	22	19	21	20	22	21	8	22	16	23	8	24	22	25	7	26	9	27	8	28	19	29	8	
	0	38	1	36	2	41	3	26	4	25	5	27	6	33	7	29	8	23	9	28	10	33	11	30	12	42	13	23	14	35	15	42	16	28	17	29	18	31	19	39	20	23	21	34	22	29	23	35	24	24	25	41	26	36	27	33	28	23	29	27	
	0	92	1	91	2	86	3	84	4	101	5	99	6	98	7	100	8	101	9	100	10	97	11	95	12	103	13	87	14	89	15	91	16	103	17	86	18	90	19	87	20	89	21	95	22	95	23	91	24	98	25	98	26	84	27	99	28	103	29	93	
	0	16	1	7	2	19	3	10	4	5	5	22	6	8	7	22	8	9	9	12	10	19	11	10	12	6	13	18	14	18	15	13	16	14	17	17	18	4	19	21	20	18	21	6	22	7	23	20	24	8	25	23	26	5	27	16	28	13	29	9	
	0	95	1	94	2	87	3	82	4	93	5	89	6	95	7	83	8	87	9	78	10	85	11	84	12	78	13	86	14	95	15	84	16	86	17	86	18	79	19	81	20	83	21	91	22	93	23	86	24	80	25	95	26	85	27	95	28	78	29	78	
	0	111	1	103	2	99	3	106	4	115	5	110	6	105	7	115	8	102	9	100	10	103	11	109	12	115	13	105	14	108	15	116	16	115	17	109	18	107	19	105	20	100	21	101	22	105	23	115	24	108	25	101	26	105	27	99	28	117	29	109	
	0	63	1	78	2	69	3	78	4	79	5	77	6	70	7	63	8	66	9	64	10	75	11	74	12	74	13	69	14	68	15	63	16	73	17	71	18	63	19	67	20	76	21	63	22	69	23	79	24	68	25	80	26	63	27	67	28	71	29	76	
	0	51	1	41	2	51	3	49	4	45	5	49	6	35	7	35	8	34	9	40	10	41	11	45	12	39	13	44	14	46	15	45	16	38	17	41	18	46	19	41	20	35	21	45	22	43	23	43	24	45	25	50	26	52	27	42	28	37	29	51	
	0	86	1	92	2	83	3	85	4	84	5	85	6	89	7	89	8	82	9	83	10	82	11	92	12	100	13	86	14	97	15	90	16	93	17	94	18	95	19	93	20	92	21	85	22	82	23	91	24	93	25	98	26	83	27	92	28	96	29	94	
	0	50	1	49	2	38	3	39	4	50	5	54	6	43	7	38	8	52	9	38	10	54	11	43	12	47	13	51	14	44	15	40	16	39	17	44	18	39	19	45	20	56	21	41	22	52	23	43	24	44	25	39	26	39	27	41	28	50	29	47	
	0	101	1	91	2	96	3	94	4	101	5	82	6	99	7	88	8	88	9	94	10	83	11	84	12	100	13	86	14	89	15	82	16	101	17	88	18	100	19	91	20	95	21	97	22	94	23	86	24	93	25	91	26	88	27	86	28	96	29	82	
	0	59	1	51	2	54	3	40	4	52	5	45	6	57	7	58	8	46	9	50	10	43	11	57	12	52	13	56	14	58	15	42	16	50	17	55	18	50	19	46	20	58	21	46	22	46	23	47	24	45	25	55	26	43	27	51	28	57	29	49	
	0	69	1	69	2	56	3	56	4	55	5	64	6	52	7	63	8	63	9	56	10	60	11	56	12	64	13	56	14	55	15	57	16	63	17	66	18	55	19	64	20	62	21	62	22	56	23	65	24	64	25	64	26	55	27	53	28	70	29	69	
	0	71	1	72	2	79	3	75	4	63	5	68	6	67	7	74	8	78	9	73	10	69	11	78	12	74	13	70	14	80	15	63	16	66	17	73	18	68	19	74	20	69	21	78	22	63	23	69	24	67	25	80	26	78	27	80	28	62	29	69	
	0	34	1	28	2	32	3	30	4	29	5	32	6	29	7	40	8	35	9	44	10	37	11	40	12	36	13	28	14	41	15	35	16	38	17	32	18	43	19	44	20	39	21	34	22	40	23	44	24	34	25	33	26	41	27	31	28	47	29	41	
	0	108	1	102	2	93	3	106	4	99	5	108	6	92	7	95	8	100	9	91	10	95	11	105	12	91	13	104	14	107	15	106	16	102	17	97	18	98	19	93	20	97	21	103	22	93	23	101	24	106	25	108	26	94	27	94	28	98	29	98	
	0	79	1	78	2	71	3	71	4	82	5	78	6	86	7	83	8	76	9	74	10	77	11	76	12	79	13	72	14	76	15	77	16	83	17	72	18	72	19	84	20	74	21	85	22	77	23	72	24	71	25	72	26	82	27	80	28	73	29	74	
	0	45	1	58	2	50	3	50	4	44	5	60	6	46	7	58	8	58	9	47	10	43	11	51	12	53	13	52	14	49	15	62	16	48	17	51	18	45	19	58	20	56	21	52	22	46	23	45	24	53	25	53	26	46	27	57	28	44	29	52	
	0	72	1	68	2	61	3	72	4	71	5	57	6	76	7	61	8	66	9	68	10	58	11	74	12	75	13	58	14	69	15	65	16	62	17	63	18	76	19	66	20	65	21	72	22	63	23	58	24	63	25	67	26	66	27	66	28	58	29	66	
	0	113	1	104	2	103	3	105	4	108	5	107	6	117	7	108	8	116	9	103	10	106	11	108	12	109	13	104	14	117	15	98	16	109	17	105	18	107	19	108	20	116	21	101	22	111	23	106	24	116	25	102	26	100	27	98	28	111	29	109	
	0	106	1	101	2	105	3	110	4	99	5	96	6	104	7	91	8	109	9	110	10	108	11	103	12	100	13	101	14	109	15	105	16	97	17	98	18	91	19	94	20	109	21	108	22	92	23	104	24	104	25	108	26	105	27	93	28	107	29	94	
	0	73	1	78	2	66	3	78	4	71	5	63	6	78	7	78	8	74	9	75	10	70	11	76	12	73	13	76	14	67	15	69	16	77	17	70	18	69	19	77	20	61	21	66	22	66	23	65	24	70	25	74	26	72	27	62	28	69	29	78	
	0	70	1	67	2	73	3	65	4	68	5	69	6	66	7	74	8	76	9	71	10	73	11	78	12	62	13	78	14	60	15	69	16	66	17	74	18	64	19	70	20	64	21	66	22	71	23	71	24	64	25	66	26	74	27	70	28	75	29	78	
	0	43	1	61	2	42	3	44	4	49	5	44	6	56	7	43	8	48	9	43	10	50	11	60	12	48	13	44	14	60	15	47	16	57	17	46	18	43	19	49	20	53	21	51	22	59	23	49	24	46	25	47	26	51	27	61	28	59	29	54	
	0	58	1	39	2	40	3	51	4	49	5	43	6	41	7	57	8	57	9	44	10	48	11	55	12	54	13	51	14	39	15	39	16	47	17	48	18	56	19	55	20	41	21	40	22	51	23	41	24	52	25	41	26	46	27	49	28	57	29	52	
	0	70	1	65	2	77	3	69	4	67	5	73	6	82	7	66	8	66	9	75	10	74	11	80	12	81	13	76	14	82	15	80	16	69	17	73	18	63	19	78	20	77	21	70	22	71	23	71	24	63	25	67	26	68	27	82	28	76	29	70	
	0	80	1	90	2	81	3	89	4	85	5	78	6	91	7	92	8	96	9	91	10	90	11	87	12	88	13	87	14	89	15	85	16	94	17	81	18	88	19	82	20	93	21	83	22	95	23	81	24	89	25	96	26	97	27	93	28	95	29	86	
	0	49	1	56	2	52	3	53	4	55	5	59	6	53	7	51	8	64	9	54	10	55	11	50	12	51	13	54	14	56	15	65	16	62	17	58	18	49	19	50	20	56	21	64	22	51	23	57	24	61	25	65	26	54	27	65	28	50	29	61	
	0	112	1	108	2	111	3	96	4	104	5	109	6	98	7	113	8	97	9	114	10	112	11	114	12	110	13	100	14	103	15	105	16	96	17	114	18	98	19	112	20	113	21	97	22	114	23	99	24	114	25	111	26	104	27	104	28	104	29	107	
	0	73	1	63	2	71	3	76	4	62	5	61	6	76	7	62	8	75	9	68	10	64	11	77	12	75	13	74	14	64	15	74	16	61	17	77	18	64	19	72	20	63	21	60	22	69	23	59	24	74	25	62	26	61	27	76	28	75	29	64	
	0	11	1	21	2	11	3	8	4	21	5	18	6	7	7	21	8	16	9	16	10	13	11	21	12	8	13	8	14	19	15	10	16	16	17	17	18	9	19	14	20	18	21	15	22	26	23	17	24	12	25	15	26	26	27	19	28	18	29	20	
	0	8	1	13	2	23	3	19	4	25	5	25	6	12	7	19	8	6	9	15	10	15	11	8	12	15	13	14	14	15	15	24	16	18	17	21	18	20	19	8	20	13	21	10	22	22	23	8	24	11	25	21	26	24	27	23	28	25	29	19	
	0	40	1	41	2	41	3	48	4	41	5	56	6	45	7	37	8	56	9	39	10	42	11	43	12	46	13	37	14	53	15	39	16	50	17	37	18	53	19	55	20	39	21	45	22	56	23	54	24	53	25	55	26	43	27	38	28	44	29	47	
	0	50	1	40	2	47	3	46	4	35	5	53	6	41	7	49	8	41	9	50	10	41	11	47	12	37	13	47	14	45	15	50	16	50	17	54	18	36	19	53	20	47	21	54	22	40	23	48	24	39	25	40	26	46	27	52	28	38	29	54	
	0	119	1	107	2	120	3	115	4	101	5	105	6	112	7	120	8	118	9	101	10	104	11	110	12	118	13	115	14	107	15	112	16	107	17	110	18	119	19	102	20	109	21	104	22	113	23	116	24	118	25	106	26	110	27	110	28	115	29	108	
	0	51	1	64	2	62	3	55	4	52	5	49	6	57	7	55	8	64	9	62	10	62	11	62	12	65	13	48	14	56	15	62	16	61	17	62	18	65	19	62	20	63	21	64	22	53	23	51	24	51	25	62	26	65	27	62	28	53	29	46	
	0	102	1	112	2	101	3	107	4	101	5	114	6	108	7	96	8	114	9	103	10	99	11	112	12	108	13	106	14	110	15	110	16	108	17	98	18	110	19	105	20	102	21	100	22	111	23	95	24	106	25	110	26	105	27	110	28	109	29	106	
	0	59	1	57	2	68	3	56	4	53	5	66	6	65	7	51	8	52	9	60	10	69	11	63	12	63	13	66	14	68	15	68	16	57	17	67	18	68	19	66	20	60	21	62	22	51	23	68	24	52	25	56	26	67	27	61	28	58	29	61	
	0	53	1	52	2	42	3	49	4	50	5	41	6	55	7	45	8	55	9	39	10	53	11	38	12	43	13	49	14	41	15	53	16	41	17	49	18	38	19	45	20	40	21	43	22	44	23	41	24	41	25	42	26	53	27	41	28	51	29	52	
	0	100	1	114	2	115	3	112	4	115	5	100	6	96	7	111	8	102	9	110	10	105	11	105	12	114	13	104	14	107	15	97	16	105	17	114	18	108	19	100	20	105	21	103	22	106	23	104	24	107	25	99	26	114	27	99	28	99	29	103	
	0	110	1	106	2	117	3	114	4	113	5	113	6	103	7	103	8	102	9	104	10	117	11	112	12	112	13	105	14	108	15	111	16	107	17	106	18	104	19	106	20	103	21	119	22	102	23	108	24	120	25	107	26	103	27	104	28	104	29	115	
	0	31	1	28	2	38	3	30	4	35	5	36	6	36	7	39	8	37	9	36	10	31	11	23	12	38	13	35	14	35	15	28	16	22	17	23	18	41	19	33	20	31	21	22	22	32	23	34	24	31	25	26	26	35	27	22	28	39	29	37	
	0	47	1	52	2	63	3	51	4	49	5	51	6	49	7	57	8	50	9	62	10	59	11	45	12	51	13	57	14	56	15	52	16	46	17	49	18	60	19	61	20	50	21	54	22	50	23	62	24	61	25	51	26	62	27	63	28	56	29	56	
	0	42	1	42	2	34	3	47	4	44	5	45	6	52	7	46	8	34	9	33	10	41	11	45	12	52	13	37	14	33	15	47	16	35	17	43	18	36	19	33	20	37	21	45	22	39	23	35	24	45	25	45	26	35	27	52	28	51	29	52	
	0	106	1	99	2	103	3	113	4	106	5	94	6	105	7	99	8	97	9	101	10	111	11	110	12	99	13	97	14	113	15	100	16	105	17	107	18	113	19	113	20	103	21	109	22	112	23	105	24	109	25	100	26	111	27	107	28	104	29	102	