200 30 1
30
	0	87	1	87	2	83	3	101	4	101	5	82	6	101	7	95	8	86	9	84	10	94	11	100	12	90	13	82	14	84	15	100	16	95	17	97	18	95	19	90	20	92	21	86	22	92	23	83	24	92	25	87	26	99	27	83	28	96	29	87	
	0	31	1	38	2	38	3	38	4	35	5	38	6	28	7	37	8	23	9	37	10	25	11	35	12	34	13	32	14	40	15	24	16	34	17	37	18	34	19	38	20	32	21	24	22	33	23	39	24	27	25	34	26	25	27	40	28	27	29	33	
	0	45	1	46	2	53	3	44	4	40	5	47	6	52	7	40	8	34	9	43	10	34	11	47	12	44	13	43	14	43	15	53	16	48	17	46	18	41	19	40	20	42	21	53	22	46	23	36	24	36	25	50	26	51	27	41	28	36	29	52	
	0	59	1	56	2	53	3	60	4	62	5	61	6	60	7	47	8	62	9	58	10	55	11	55	12	50	13	57	14	46	15	48	16	61	17	46	18	63	19	50	20	60	21	52	22	46	23	64	24	52	25	51	26	58	27	60	28	64	29	58	
	0	90	1	93	2	78	3	86	4	83	5	79	6	82	7	91	8	82	9	81	10	90	11	91	12	77	13	88	14	74	15	76	16	78	17	76	18	76	19	77	20	78	21	78	22	90	23	78	24	79	25	83	26	91	27	77	28	79	29	78	
	0	51	1	45	2	53	3	44	4	48	5	40	6	44	7	51	8	49	9	42	10	52	11	39	12	52	13	42	14	36	15	37	16	42	17	35	18	35	19	44	20	49	21	37	22	34	23	39	24	35	25	51	26	35	27	34	28	35	29	42	
	0	9	1	7	2	9	3	12	4	23	5	12	6	18	7	15	8	17	9	15	10	13	11	23	12	25	13	20	14	25	15	15	16	6	17	21	18	19	19	15	20	18	21	12	22	8	23	21	24	24	25	18	26	19	27	13	28	25	29	25	
	0	41	1	42	2	46	3	47	4	35	5	40	6	45	7	47	8	37	9	45	10	45	11	36	12	38	13	31	14	35	15	41	16	33	17	35	18	45	19	36	20	48	21	41	22	43	23	39	24	48	25	44	26	47	27	40	28	42	29	33	
	0	62	1	59	2	75	3	68	4	75	5	72	6	73	7	59	8	66	9	60	10	71	11	74	12	73	13	62	14	74	15	71	16	59	17	57	18	69	19	65	20	56	21	59	22	70	23	66	24	75	25	75	26	60	27	70	28	66	29	61	
	0	70	1	63	2	79	3	69	4	62	5	74	6	66	7	72	8	72	9	81	10	65	11	75	12	81	13	78	14	66	15	64	16	75	17	81	18	69	19	75	20	68	21	69	22	63	23	79	24	80	25	64	26	67	27	72	28	68	29	73	
	0	18	1	22	2	23	3	11	4	19	5	13	6	13	7	29	8	15	9	29	10	12	11	14	12	23	13	30	14	28	15	13	16	15	17	29	18	30	19	22	20	11	21	30	22	17	23	15	24	30	25	17	26	20	27	21	28	19	29	26	
	0	57	1	56	2	48	3	48	4	53	5	52	6	58	7	53	8	54	9	62	10	62	11	61	12	53	13	48	14	62	15	48	16	51	17	62	18	51	19	53	20	60	21	43	22	60	23	59	24	48	25	43	26	44	27	51	28	57	29	47	
	0	37	1	39	2	48	3	53	4	39	5	47	6	47	7	48	8	40	9	40	10	47	11	54	12	49	13	54	14	44	15	39	16	48	17	47	18	41	19	53	20	40	21	55	22	40	23	40	24	46	25	39	26	40	27	56	28	44	29	42	
	0	113	1	113	2	101	3	99	4	105	5	99	6	107	7	113	8	115	9	116	10	108	11	116	12	114	13	103	14	112	15	112	16	111	17	102	18	106	19	102	20	109	21	102	22	107	23	106	24	108	25	108	26	106	27	115	28	111	29	116	
	0	14	1	24	2	28	3	13	4	16	5	24	6	14	7	15	8	23	9	28	10	12	11	26	12	25	13	26	14	29	15	22	16	20	17	10	18	21	19	12	20	18	21	10	22	21	23	25	24	21	25	28	26	25	27	17	28	28	29	11	
	0	90	1	85	2	93	3	93	4	83	5	94	6	93	7	88	8	85	9	86	10	92	11	91	12	92	13	88	14	85	15	91	16	75	17	75	18	85	19	88	20	75	21	82	22	90	23	85	24	78	25	76	26	85	27	90	28	85	29	77	
	0	47	1	48	2	35	3	34	4	42	5	46	6	39	7	32	8	42	9	45	10	44	11	31	12	50	13	48	14	39	15	32	16	41	17	48	18	50	19	47	20	32	21	44	22	42	23	43	24	35	25	45	26	40	27	50	28	41	29	34	
	0	6	1	9	2	24	3	19	4	17	5	6	6	14	7	19	8	15	9	16	10	14	11	22	12	22	13	18	14	6	15	13	16	18	17	21	18	17	19	17	20	8	21	14	22	9	23	20	24	21	25	15	26	17	27	9	28	23	29	20	
	0	44	1	44	2	41	3	38	4	41	5	43	6	41	7	42	8	37	9	40	10	28	11	36	12	38	13	43	14	46	15	36	16	42	17	40	18	45	19	34	20	36	21	34	22	32	23	39	24	45	25	32	26	27	27	41	28	39	29	42	
	0	45	1	59	2	61	3	55	4	57	5	51	6	52	7	46	8	46	9	44	10	59	11	44	12	57	13	44	14	60	15	49	16	48	17	58	18	54	19	52	20	46	21	42	22	58	23	43	24	48	25	49	26	54	27	53	28	42	29	48	
	0	35	1	39	2	28	3	31	4	29	5	34	6	32	7	42	8	31	9	31	10	46	11	41	12	40	13	34	14	45	15	43	16	32	17	29	18	38	19	31	20	41	21	39	22	36	23	32	24	36	25	43	26	35	27	34	28	33	29	36	
	0	51	1	37	2	48	3	55	4	43	5	49	6	46	7	43	8	45	9	51	10	49	11	55	12	42	13	44	14	50	15	54	16	43	17	44	18	41	19	37	20	52	21	51	22	56	23	38	24	38	25	50	26	41	27	45	28	55	29	51	
	0	120	1	115	2	119	3	106	4	115	5	118	6	116	7	116	8	105	9	117	10	107	11	119	12	103	13	107	14	120	15	113	16	114	17	118	18	113	19	118	20	105	21	106	22	105	23	102	24	101	25	102	26	114	27	106	28	108	29	105	
	0	76	1	76	2	83	3	70	4	67	5	73	6	74	7	82	8	77	9	77	10	77	11	74	12	71	13	65	14	70	15	72	16	72	17	65	18	81	19	74	20	69	21	68	22	80	23	77	24	67	25	76	26	68	27	79	28	78	29	80	
	0	27	1	29	2	34	3	43	4	45	5	36	6	37	7	29	8	44	9	44	10	43	11	34	12	41	13	39	14	39	15	41	16	40	17	26	18	44	19	27	20	39	21	38	22	31	23	30	24	26	25	26	26	43	27	42	28	37	29	45	
	0	67	1	64	2	62	3	67	4	64	5	72	6	63	7	61	8	72	9	70	10	68	11	57	12	70	13	61	14	59	15	61	16	73	17	58	18	73	19	67	20	64	21	64	22	59	23	63	24	66	25	62	26	75	27	72	28	75	29	59	
	0	101	1	101	2	82	3	87	4	93	5	96	6	88	7	85	8	90	9	89	10	82	11	89	12	101	13	101	14	88	15	94	16	88	17	87	18	95	19	95	20	98	21	82	22	91	23	101	24	95	25	85	26	82	27	91	28	89	29	83	
	0	98	1	87	2	84	3	94	4	97	5	87	6	88	7	99	8	86	9	100	10	99	11	90	12	100	13	95	14	85	15	87	16	90	17	83	18	85	19	96	20	88	21	99	22	89	23	87	24	92	25	82	26	92	27	99	28	87	29	94	
	0	93	1	98	2	102	3	107	4	108	5	109	6	111	7	99	8	100	9	112	10	112	11	95	12	112	13	102	14	107	15	109	16	109	17	107	18	104	19	105	20	101	21	105	22	104	23	110	24	96	25	94	26	101	27	96	28	97	29	108	
	0	86	1	104	2	91	3	104	4	102	5	98	6	85	7	103	8	92	9	94	10	100	11	88	12	96	13	88	14	104	15	103	16	89	17	88	18	103	19	95	20	87	21	96	22	95	23	90	24	95	25	99	26	100	27	90	28	86	29	94	
	0	50	1	59	2	48	3	42	4	55	5	59	6	42	7	42	8	59	9	41	10	59	11	55	12	41	13	51	14	50	15	56	16	42	17	52	18	47	19	44	20	48	21	43	22	55	23	57	24	59	25	49	26	43	27	59	28	54	29	44	
	0	61	1	65	2	66	3	66	4	68	5	58	6	60	7	56	8	56	9	65	10	73	11	70	12	71	13	65	14	72	15	68	16	71	17	67	18	57	19	70	20	54	21	67	22	67	23	70	24	58	25	63	26	57	27	72	28	57	29	62	
	0	27	1	19	2	19	3	19	4	24	5	29	6	33	7	17	8	19	9	15	10	19	11	32	12	27	13	25	14	29	15	18	16	19	17	16	18	14	19	29	20	23	21	31	22	33	23	17	24	28	25	25	26	26	27	18	28	23	29	19	
	0	18	1	21	2	26	3	30	4	30	5	36	6	36	7	25	8	24	9	21	10	27	11	31	12	22	13	34	14	31	15	23	16	26	17	34	18	30	19	22	20	18	21	27	22	18	23	17	24	30	25	19	26	36	27	20	28	36	29	20	
	0	43	1	35	2	45	3	50	4	49	5	49	6	51	7	51	8	35	9	45	10	41	11	49	12	40	13	37	14	40	15	42	16	48	17	50	18	33	19	49	20	34	21	48	22	33	23	38	24	49	25	32	26	50	27	35	28	46	29	45	
	0	34	1	28	2	35	3	24	4	20	5	31	6	25	7	25	8	23	9	27	10	25	11	33	12	39	13	25	14	30	15	24	16	20	17	24	18	33	19	28	20	27	21	26	22	38	23	23	24	26	25	22	26	30	27	35	28	31	29	38	
	0	110	1	109	2	105	3	99	4	109	5	108	6	103	7	105	8	105	9	99	10	98	11	99	12	92	13	103	14	97	15	96	16	106	17	97	18	108	19	96	20	108	21	93	22	106	23	108	24	103	25	111	26	111	27	93	28	101	29	100	
	0	57	1	52	2	71	3	52	4	65	5	69	6	57	7	55	8	60	9	64	10	66	11	62	12	55	13	67	14	54	15	58	16	54	17	57	18	52	19	62	20	70	21	68	22	63	23	60	24	65	25	58	26	62	27	55	28	52	29	65	
	0	46	1	59	2	48	3	56	4	59	5	56	6	58	7	52	8	53	9	50	10	58	11	58	12	51	13	45	14	40	15	55	16	50	17	53	18	46	19	48	20	43	21	43	22	47	23	55	24	54	25	55	26	47	27	44	28	51	29	55	
	0	79	1	94	2	83	3	88	4	87	5	77	6	75	7	76	8	87	9	87	10	88	11	85	12	81	13	78	14	85	15	80	16	93	17	75	18	87	19	91	20	76	21	77	22	78	23	78	24	91	25	83	26	94	27	86	28	94	29	86	
	0	31	1	38	2	31	3	23	4	35	5	30	6	35	7	34	8	34	9	29	10	33	11	39	12	24	13	37	14	32	15	37	16	36	17	28	18	37	19	32	20	37	21	22	22	29	23	38	24	23	25	27	26	28	27	32	28	25	29	20	
	0	46	1	38	2	45	3	41	4	38	5	37	6	41	7	41	8	49	9	39	10	45	11	56	12	50	13	54	14	37	15	45	16	50	17	55	18	53	19	52	20	42	21	42	22	42	23	43	24	46	25	52	26	43	27	45	28	40	29	44	
	0	107	1	100	2	105	3	91	4	90	5	102	6	101	7	88	8	106	9	100	10	99	11	104	12	90	13	106	14	101	15	104	16	97	17	104	18	104	19	95	20	88	21	107	22	93	23	100	24	90	25	103	26	91	27	93	28	107	29	96	
	0	22	1	21	2	23	3	24	4	22	5	26	6	20	7	27	8	23	9	36	10	23	11	21	12	29	13	37	14	30	15	26	16	26	17	34	18	37	19	19	20	19	21	34	22	32	23	23	24	28	25	32	26	38	27	34	28	25	29	33	
	0	16	1	18	2	13	3	16	4	23	5	18	6	17	7	27	8	21	9	18	10	13	11	18	12	12	13	9	14	11	15	24	16	16	17	14	18	12	19	21	20	24	21	8	22	25	23	23	24	19	25	14	26	14	27	19	28	11	29	12	
	0	79	1	92	2	87	3	77	4	89	5	90	6	80	7	76	8	81	9	88	10	92	11	83	12	82	13	76	14	90	15	75	16	89	17	92	18	86	19	91	20	79	21	92	22	91	23	86	24	76	25	87	26	85	27	88	28	92	29	84	
	0	38	1	50	2	49	3	51	4	53	5	42	6	35	7	53	8	48	9	49	10	45	11	49	12	53	13	36	14	39	15	41	16	44	17	50	18	43	19	50	20	52	21	44	22	38	23	36	24	49	25	49	26	34	27	49	28	52	29	39	
	0	65	1	58	2	72	3	57	4	62	5	62	6	69	7	62	8	61	9	53	10	66	11	61	12	71	13	54	14	68	15	61	16	59	17	53	18	69	19	62	20	64	21	65	22	69	23	58	24	54	25	60	26	61	27	70	28	64	29	57	
	0	91	1	92	2	84	3	88	4	93	5	91	6	99	7	88	8	99	9	102	10	103	11	101	12	95	13	92	14	96	15	86	16	86	17	99	18	86	19	95	20	100	21	94	22	84	23	100	24	93	25	98	26	102	27	101	28	86	29	100	
	0	18	1	22	2	34	3	18	4	34	5	30	6	27	7	32	8	16	9	25	10	19	11	22	12	16	13	19	14	24	15	22	16	32	17	28	18	24	19	21	20	29	21	28	22	31	23	20	24	33	25	22	26	24	27	18	28	30	29	34	
	0	95	1	102	2	94	3	92	4	108	5	102	6	104	7	93	8	98	9	101	10	101	11	105	12	93	13	109	14	100	15	103	16	99	17	101	18	98	19	107	20	91	21	92	22	108	23	94	24	107	25	101	26	92	27	102	28	105	29	109	
	0	33	1	35	2	31	3	24	4	27	5	28	6	34	7	28	8	39	9	22	10	35	11	23	12	25	13	23	14	32	15	22	16	32	17	22	18	21	19	28	20	26	21	23	22	24	23	29	24	30	25	30	26	26	27	35	28	21	29	32	
	0	70	1	59	2	66	3	59	4	70	5	59	6	78	7	76	8	74	9	71	10	77	11	66	12	71	13	62	14	73	15	65	16	61	17	67	18	62	19	70	20	75	21	67	22	65	23	64	24	60	25	67	26	63	27	72	28	65	29	65	
	0	50	1	43	2	53	3	56	4	50	5	52	6	37	7	44	8	55	9	55	10	40	11	56	12	54	13	40	14	52	15	48	16	45	17	49	18	50	19	50	20	49	21	49	22	48	23	52	24	56	25	49	26	39	27	53	28	49	29	41	
	0	59	1	44	2	51	3	55	4	44	5	43	6	50	7	42	8	56	9	43	10	57	11	55	12	54	13	44	14	61	15	49	16	49	17	42	18	46	19	58	20	47	21	43	22	48	23	50	24	48	25	58	26	56	27	50	28	45	29	55	
	0	47	1	45	2	43	3	39	4	28	5	39	6	29	7	40	8	35	9	33	10	38	11	43	12	33	13	37	14	31	15	40	16	35	17	36	18	28	19	38	20	38	21	33	22	32	23	42	24	39	25	33	26	37	27	39	28	34	29	39	
	0	37	1	39	2	50	3	35	4	47	5	41	6	49	7	34	8	50	9	36	10	49	11	38	12	35	13	36	14	43	15	47	16	52	17	50	18	39	19	39	20	39	21	50	22	36	23	49	24	37	25	53	26	44	27	44	28	48	29	38	
	0	68	1	66	2	60	3	56	4	63	5	57	6	58	7	57	8	69	9	51	10	63	11	55	12	51	13	54	14	53	15	57	16	58	17	64	18	56	19	54	20	57	21	53	22	63	23	67	24	67	25	58	26	51	27	59	28	57	29	55	
	0	100	1	96	2	98	3	92	4	108	5	99	6	111	7	104	8	96	9	103	10	101	11	94	12	96	13	106	14	109	15	111	16	98	17	105	18	109	19	98	20	101	21	109	22	96	23	107	24	99	25	107	26	93	27	111	28	108	29	106	
	0	30	1	28	2	24	3	18	4	31	5	24	6	25	7	30	8	36	9	18	10	25	11	35	12	32	13	22	14	19	15	30	16	36	17	32	18	21	19	36	20	30	21	21	22	29	23	21	24	18	25	24	26	20	27	27	28	29	29	23	
	0	13	1	28	2	16	3	29	4	28	5	16	6	16	7	22	8	19	9	28	10	23	11	17	12	21	13	22	14	26	15	17	16	18	17	30	18	16	19	20	20	11	21	21	22	20	23	14	24	24	25	12	26	13	27	25	28	30	29	27	
	0	58	1	45	2	52	3	51	4	56	5	62	6	60	7	48	8	46	9	56	10	53	11	59	12	62	13	63	14	59	15	58	16	53	17	56	18	48	19	54	20	56	21	56	22	46	23	53	24	51	25	56	26	54	27	48	28	49	29	52	
	0	59	1	60	2	72	3	58	4	70	5	72	6	57	7	64	8	73	9	64	10	71	11	66	12	68	13	67	14	71	15	63	16	75	17	57	18	69	19	68	20	65	21	67	22	64	23	61	24	60	25	65	26	57	27	60	28	58	29	67	
	0	95	1	98	2	97	3	101	4	109	5	96	6	113	7	101	8	97	9	113	10	96	11	112	12	109	13	113	14	110	15	106	16	103	17	102	18	101	19	108	20	97	21	110	22	100	23	103	24	95	25	101	26	111	27	96	28	112	29	106	
	0	41	1	37	2	41	3	44	4	46	5	55	6	36	7	42	8	40	9	51	10	43	11	40	12	51	13	49	14	53	15	47	16	39	17	38	18	55	19	42	20	39	21	47	22	45	23	52	24	42	25	52	26	41	27	43	28	45	29	53	
	0	56	1	52	2	50	3	53	4	63	5	47	6	61	7	53	8	45	9	45	10	64	11	63	12	53	13	53	14	57	15	59	16	47	17	57	18	60	19	48	20	56	21	62	22	63	23	57	24	60	25	58	26	57	27	50	28	50	29	59	
	0	26	1	13	2	22	3	16	4	11	5	22	6	23	7	25	8	9	9	8	10	18	11	8	12	26	13	16	14	20	15	11	16	25	17	19	18	16	19	15	20	8	21	9	22	14	23	25	24	25	25	9	26	25	27	16	28	8	29	9	
	0	21	1	18	2	27	3	31	4	29	5	20	6	31	7	14	8	25	9	32	10	18	11	31	12	16	13	17	14	16	15	24	16	20	17	31	18	24	19	23	20	26	21	29	22	28	23	32	24	31	25	26	26	27	27	29	28	20	29	16	
	0	51	1	43	2	52	3	44	4	56	5	53	6	44	7	52	8	50	9	43	10	46	11	44	12	42	13	39	14	56	15	51	16	41	17	51	18	53	19	53	20	53	21	43	22	43	23	51	24	53	25	40	26	45	27	44	28	56	29	46	
	0	62	1	69	2	72	3	60	4	67	5	72	6	63	7	61	8	74	9	72	10	64	11	74	12	76	13	71	14	70	15	61	16	74	17	74	18	63	19	67	20	74	21	71	22	75	23	73	24	72	25	70	26	68	27	64	28	68	29	64	
	0	30	1	34	2	27	3	26	4	34	5	29	6	31	7	24	8	18	9	33	10	19	11	32	12	26	13	16	14	25	15	16	16	23	17	32	18	28	19	18	20	25	21	16	22	18	23	28	24	27	25	29	26	22	27	23	28	24	29	31	
	0	83	1	75	2	89	3	84	4	72	5	78	6	81	7	85	8	80	9	85	10	81	11	78	12	81	13	89	14	75	15	88	16	74	17	88	18	88	19	87	20	90	21	75	22	74	23	75	24	78	25	90	26	88	27	75	28	73	29	77	
	0	24	1	29	2	16	3	17	4	21	5	23	6	30	7	25	8	16	9	28	10	20	11	23	12	18	13	32	14	33	15	16	16	24	17	30	18	26	19	28	20	20	21	27	22	18	23	26	24	15	25	22	26	20	27	20	28	16	29	32	
	0	13	1	18	2	11	3	9	4	20	5	23	6	10	7	14	8	10	9	6	10	13	11	12	12	17	13	21	14	20	15	18	16	23	17	11	18	24	19	14	20	12	21	5	22	13	23	21	24	18	25	7	26	10	27	12	28	21	29	6	
	0	54	1	62	2	62	3	63	4	68	5	56	6	54	7	61	8	58	9	71	10	67	11	54	12	56	13	73	14	56	15	61	16	55	17	57	18	64	19	54	20	63	21	59	22	63	23	73	24	72	25	62	26	73	27	59	28	70	29	62	
	0	57	1	54	2	58	3	61	4	62	5	49	6	57	7	59	8	58	9	52	10	50	11	60	12	62	13	59	14	50	15	59	16	49	17	52	18	48	19	49	20	45	21	52	22	52	23	47	24	48	25	48	26	52	27	60	28	57	29	45	
	0	91	1	90	2	85	3	86	4	74	5	82	6	82	7	72	8	82	9	89	10	87	11	83	12	84	13	80	14	75	15	84	16	90	17	76	18	91	19	90	20	78	21	86	22	91	23	74	24	79	25	77	26	91	27	85	28	80	29	79	
	0	87	1	89	2	79	3	79	4	88	5	79	6	76	7	83	8	85	9	86	10	78	11	89	12	88	13	80	14	78	15	88	16	75	17	77	18	82	19	90	20	92	21	80	22	80	23	80	24	88	25	85	26	85	27	87	28	76	29	91	
	0	69	1	65	2	54	3	54	4	68	5	58	6	59	7	63	8	51	9	56	10	70	11	66	12	52	13	61	14	54	15	57	16	53	17	70	18	70	19	63	20	55	21	67	22	57	23	68	24	57	25	65	26	65	27	69	28	70	29	69	
	0	23	1	24	2	13	3	24	4	22	5	25	6	20	7	21	8	21	9	28	10	13	11	12	12	28	13	19	14	27	15	25	16	12	17	23	18	12	19	14	20	28	21	21	22	29	23	29	24	19	25	17	26	19	27	17	28	14	29	19	
	0	22	1	31	2	21	3	32	4	33	5	35	6	19	7	28	8	25	9	26	10	35	11	31	12	37	13	19	14	25	15	37	16	33	17	24	18	36	19	31	20	31	21	31	22	27	23	23	24	29	25	29	26	22	27	32	28	23	29	30	
	0	52	1	36	2	40	3	46	4	39	5	52	6	55	7	43	8	47	9	41	10	42	11	40	12	50	13	46	14	47	15	46	16	37	17	52	18	46	19	41	20	45	21	43	22	39	23	52	24	37	25	55	26	48	27	54	28	48	29	54	
	0	98	1	88	2	96	3	99	4	97	5	102	6	94	7	99	8	85	9	83	10	92	11	92	12	87	13	101	14	95	15	87	16	94	17	89	18	96	19	100	20	85	21	92	22	89	23	86	24	90	25	87	26	98	27	96	28	95	29	98	
	0	102	1	90	2	88	3	96	4	102	5	103	6	86	7	88	8	97	9	99	10	88	11	91	12	86	13	94	14	87	15	88	16	95	17	90	18	98	19	105	20	100	21	90	22	94	23	105	24	89	25	93	26	95	27	99	28	86	29	95	
	0	69	1	87	2	71	3	74	4	76	5	86	6	72	7	87	8	77	9	84	10	80	11	68	12	71	13	71	14	85	15	82	16	75	17	69	18	70	19	87	20	84	21	80	22	84	23	80	24	86	25	70	26	81	27	85	28	87	29	77	
	0	84	1	82	2	73	3	78	4	82	5	70	6	81	7	74	8	69	9	75	10	72	11	75	12	79	13	71	14	68	15	71	16	67	17	70	18	84	19	66	20	80	21	80	22	84	23	70	24	84	25	69	26	82	27	70	28	83	29	81	
	0	87	1	75	2	73	3	80	4	81	5	74	6	85	7	73	8	85	9	73	10	73	11	87	12	71	13	75	14	73	15	79	16	75	17	80	18	75	19	88	20	76	21	87	22	74	23	79	24	74	25	80	26	76	27	80	28	73	29	81	
	0	81	1	89	2	75	3	87	4	90	5	88	6	75	7	77	8	85	9	88	10	76	11	74	12	89	13	80	14	88	15	85	16	87	17	91	18	77	19	91	20	75	21	91	22	93	23	84	24	76	25	84	26	93	27	86	28	90	29	87	
	0	65	1	54	2	62	3	66	4	55	5	57	6	62	7	63	8	54	9	61	10	56	11	50	12	63	13	53	14	58	15	63	16	67	17	64	18	53	19	61	20	62	21	54	22	53	23	68	24	53	25	63	26	69	27	55	28	55	29	57	
	0	21	1	30	2	24	3	25	4	24	5	21	6	28	7	30	8	22	9	23	10	20	11	22	12	24	13	17	14	23	15	19	16	32	17	21	18	29	19	19	20	27	21	25	22	19	23	22	24	36	25	35	26	27	27	30	28	32	29	30	
	0	57	1	50	2	54	3	52	4	54	5	50	6	58	7	56	8	45	9	40	10	43	11	50	12	55	13	52	14	46	15	46	16	51	17	54	18	59	19	42	20	44	21	55	22	50	23	47	24	43	25	41	26	50	27	48	28	52	29	56	
	0	35	1	44	2	36	3	36	4	46	5	36	6	48	7	46	8	48	9	34	10	40	11	34	12	30	13	46	14	32	15	32	16	38	17	46	18	39	19	46	20	34	21	37	22	37	23	31	24	49	25	49	26	42	27	47	28	42	29	30	
	0	8	1	11	2	4	3	4	4	8	5	13	6	11	7	22	8	20	9	4	10	12	11	10	12	21	13	5	14	12	15	6	16	13	17	12	18	20	19	11	20	21	21	6	22	9	23	21	24	16	25	13	26	10	27	20	28	13	29	20	
	0	38	1	45	2	42	3	37	4	42	5	39	6	35	7	41	8	29	9	42	10	33	11	38	12	35	13	35	14	28	15	29	16	37	17	42	18	39	19	41	20	31	21	38	22	35	23	45	24	47	25	36	26	44	27	37	28	30	29	37	
	0	43	1	28	2	29	3	31	4	33	5	30	6	42	7	32	8	30	9	33	10	33	11	40	12	35	13	45	14	27	15	30	16	34	17	42	18	29	19	37	20	28	21	29	22	32	23	32	24	39	25	29	26	45	27	42	28	33	29	30	
	0	36	1	30	2	22	3	28	4	27	5	31	6	29	7	24	8	39	9	33	10	22	11	31	12	27	13	35	14	21	15	22	16	36	17	22	18	33	19	21	20	21	21	34	22	34	23	27	24	38	25	25	26	30	27	25	28	36	29	21	
	0	95	1	87	2	97	3	91	4	89	5	88	6	86	7	95	8	93	9	101	10	91	11	84	12	100	13	92	14	89	15	101	16	82	17	86	18	94	19	82	20	89	21	83	22	84	23	84	24	95	25	101	26	87	27	90	28	97	29	96	
	0	68	1	81	2	79	3	69	4	79	5	64	6	67	7	82	8	65	9	72	10	72	11	70	12	73	13	80	14	80	15	78	16	79	17	80	18	82	19	80	20	64	21	80	22	66	23	73	24	77	25	71	26	79	27	77	28	75	29	63	
	0	43	1	45	2	51	3	42	4	52	5	49	6	43	7	48	8	35	9	51	10	44	11	52	12	53	13	49	14	42	15	35	16	43	17	38	18	37	19	39	20	52	21	53	22	42	23	44	24	39	25	52	26	50	27	47	28	37	29	48	
	0	56	1	62	2	66	3	62	4	61	5	72	6	70	7	72	8	69	9	59	10	71	11	70	12	57	13	61	14	60	15	58	16	71	17	66	18	60	19	68	20	67	21	57	22	67	23	64	24	68	25	56	26	74	27	73	28	63	29	56	
	0	43	1	41	2	26	3	45	4	43	5	34	6	28	7	26	8	39	9	29	10	38	11	29	12	44	13	44	14	32	15	33	16	26	17	27	18	40	19	36	20	32	21	30	22	30	23	34	24	30	25	29	26	41	27	45	28	38	29	43	
	0	35	1	45	2	44	3	46	4	39	5	50	6	36	7	41	8	49	9	40	10	32	11	46	12	36	13	31	14	33	15	40	16	40	17	32	18	47	19	39	20	43	21	35	22	44	23	49	24	50	25	48	26	44	27	45	28	46	29	38	
	0	41	1	32	2	38	3	36	4	36	5	29	6	32	7	37	8	38	9	29	10	22	11	32	12	37	13	31	14	31	15	22	16	28	17	39	18	39	19	38	20	23	21	30	22	23	23	35	24	26	25	22	26	28	27	38	28	23	29	30	
	0	11	1	21	2	21	3	21	4	23	5	7	6	12	7	12	8	15	9	19	10	9	11	10	12	17	13	22	14	8	15	15	16	14	17	7	18	22	19	23	20	14	21	23	22	13	23	16	24	9	25	9	26	8	27	21	28	18	29	20	
	0	48	1	45	2	50	3	47	4	33	5	32	6	38	7	43	8	33	9	45	10	41	11	32	12	39	13	37	14	32	15	42	16	32	17	31	18	43	19	37	20	48	21	37	22	39	23	46	24	40	25	38	26	31	27	50	28	49	29	31	
	0	82	1	91	2	86	3	85	4	86	5	73	6	83	7	89	8	74	9	91	10	84	11	79	12	90	13	78	14	83	15	82	16	78	17	91	18	77	19	72	20	91	21	89	22	77	23	74	24	78	25	75	26	89	27	88	28	76	29	85	
	0	19	1	26	2	22	3	21	4	27	5	27	6	17	7	19	8	27	9	28	10	18	11	11	12	13	13	13	14	30	15	16	16	29	17	14	18	24	19	12	20	17	21	24	22	19	23	12	24	30	25	30	26	11	27	18	28	25	29	19	
	0	10	1	19	2	22	3	17	4	12	5	17	6	14	7	26	8	17	9	21	10	28	11	14	12	27	13	12	14	15	15	16	16	24	17	25	18	27	19	15	20	10	21	29	22	22	23	28	24	23	25	12	26	29	27	16	28	14	29	14	
	0	99	1	100	2	102	3	112	4	95	5	110	6	113	7	113	8	98	9	109	10	98	11	106	12	106	13	106	14	98	15	96	16	103	17	107	18	101	19	101	20	104	21	107	22	105	23	107	24	107	25	102	26	99	27	106	28	107	29	111	
	0	99	1	108	2	103	3	95	4	94	5	106	6	100	7	109	8	102	9	95	10	106	11	107	12	101	13	92	14	109	15	100	16	103	17	99	18	100	19	106	20	97	21	106	22	94	23	102	24	95	25	100	26	96	27	96	28	93	29	105	
	0	24	1	26	2	24	3	35	4	35	5	31	6	25	7	41	8	32	9	25	10	25	11	37	12	36	13	24	14	26	15	29	16	34	17	37	18	33	19	24	20	35	21	29	22	35	23	27	24	28	25	35	26	36	27	34	28	38	29	30	
	0	65	1	51	2	56	3	69	4	57	5	68	6	61	7	53	8	67	9	64	10	56	11	57	12	60	13	62	14	61	15	68	16	64	17	67	18	67	19	66	20	65	21	51	22	52	23	64	24	67	25	66	26	56	27	69	28	54	29	69	
	0	89	1	101	2	83	3	97	4	92	5	83	6	98	7	84	8	84	9	86	10	85	11	86	12	92	13	87	14	91	15	96	16	88	17	93	18	94	19	98	20	95	21	87	22	86	23	87	24	84	25	102	26	91	27	83	28	86	29	96	
	0	63	1	62	2	62	3	69	4	61	5	70	6	56	7	65	8	73	9	57	10	68	11	57	12	69	13	66	14	71	15	70	16	58	17	57	18	69	19	57	20	71	21	60	22	55	23	73	24	58	25	66	26	58	27	61	28	73	29	60	
	0	97	1	82	2	91	3	86	4	97	5	95	6	88	7	99	8	85	9	86	10	100	11	95	12	93	13	83	14	82	15	98	16	85	17	90	18	91	19	87	20	89	21	95	22	100	23	86	24	86	25	95	26	98	27	88	28	84	29	99	
	0	26	1	30	2	35	3	32	4	42	5	37	6	43	7	26	8	28	9	40	10	28	11	40	12	42	13	29	14	43	15	32	16	28	17	30	18	27	19	40	20	38	21	37	22	43	23	34	24	34	25	28	26	42	27	26	28	24	29	42	
	0	104	1	118	2	108	3	113	4	114	5	118	6	105	7	101	8	110	9	117	10	119	11	111	12	113	13	114	14	103	15	107	16	116	17	106	18	104	19	106	20	115	21	103	22	101	23	116	24	112	25	119	26	113	27	104	28	114	29	116	
	0	112	1	95	2	103	3	109	4	103	5	109	6	95	7	106	8	106	9	104	10	112	11	96	12	98	13	97	14	103	15	94	16	102	17	98	18	111	19	104	20	103	21	106	22	111	23	94	24	93	25	97	26	96	27	109	28	106	29	106	
	0	100	1	105	2	109	3	101	4	100	5	103	6	111	7	94	8	100	9	104	10	109	11	107	12	111	13	97	14	101	15	109	16	112	17	107	18	109	19	107	20	100	21	100	22	102	23	103	24	104	25	97	26	112	27	96	28	106	29	100	
	0	52	1	46	2	43	3	42	4	43	5	50	6	34	7	46	8	45	9	50	10	39	11	43	12	41	13	43	14	45	15	50	16	42	17	46	18	35	19	45	20	37	21	41	22	38	23	44	24	45	25	35	26	41	27	46	28	37	29	45	
	0	93	1	97	2	83	3	79	4	80	5	96	6	96	7	90	8	85	9	87	10	80	11	89	12	94	13	86	14	82	15	93	16	89	17	85	18	94	19	87	20	80	21	88	22	84	23	83	24	84	25	93	26	81	27	81	28	87	29	82	
	0	69	1	77	2	66	3	65	4	58	5	60	6	76	7	75	8	75	9	67	10	61	11	61	12	68	13	61	14	76	15	61	16	76	17	60	18	75	19	73	20	68	21	76	22	68	23	70	24	67	25	58	26	77	27	74	28	76	29	77	
	0	72	1	78	2	84	3	70	4	70	5	82	6	76	7	85	8	81	9	72	10	89	11	89	12	73	13	76	14	80	15	87	16	84	17	84	18	87	19	74	20	76	21	80	22	73	23	71	24	81	25	77	26	78	27	75	28	77	29	74	
	0	99	1	105	2	102	3	115	4	114	5	113	6	108	7	100	8	116	9	115	10	105	11	101	12	107	13	101	14	107	15	113	16	110	17	111	18	101	19	109	20	110	21	100	22	107	23	109	24	102	25	102	26	101	27	113	28	112	29	114	
	0	45	1	53	2	49	3	57	4	42	5	52	6	53	7	51	8	57	9	45	10	45	11	58	12	45	13	48	14	41	15	56	16	52	17	47	18	47	19	59	20	57	21	55	22	54	23	54	24	47	25	41	26	56	27	47	28	47	29	50	
	0	35	1	37	2	39	3	26	4	35	5	36	6	29	7	42	8	27	9	42	10	39	11	37	12	30	13	29	14	41	15	41	16	24	17	39	18	42	19	31	20	25	21	34	22	37	23	36	24	24	25	35	26	35	27	24	28	26	29	42	
	0	17	1	15	2	28	3	24	4	21	5	19	6	17	7	21	8	18	9	28	10	14	11	22	12	25	13	10	14	26	15	13	16	12	17	24	18	10	19	19	20	14	21	19	22	28	23	28	24	11	25	12	26	24	27	11	28	16	29	15	
	0	76	1	69	2	88	3	83	4	88	5	80	6	78	7	87	8	69	9	74	10	87	11	71	12	88	13	85	14	78	15	76	16	83	17	80	18	77	19	88	20	80	21	72	22	79	23	74	24	88	25	83	26	73	27	88	28	85	29	79	
	0	76	1	79	2	80	3	91	4	91	5	93	6	83	7	82	8	94	9	77	10	82	11	77	12	86	13	92	14	77	15	84	16	89	17	78	18	89	19	81	20	81	21	77	22	75	23	90	24	82	25	91	26	86	27	91	28	77	29	80	
	0	50	1	53	2	54	3	48	4	61	5	48	6	50	7	63	8	64	9	55	10	59	11	64	12	50	13	48	14	49	15	60	16	59	17	56	18	60	19	65	20	50	21	49	22	55	23	65	24	48	25	54	26	66	27	65	28	63	29	62	
	0	72	1	66	2	73	3	64	4	54	5	55	6	61	7	63	8	65	9	68	10	57	11	57	12	64	13	62	14	58	15	63	16	59	17	59	18	61	19	62	20	61	21	66	22	54	23	60	24	72	25	71	26	60	27	70	28	64	29	70	
	0	60	1	57	2	64	3	60	4	60	5	70	6	58	7	57	8	57	9	66	10	63	11	62	12	61	13	61	14	70	15	64	16	76	17	69	18	68	19	70	20	60	21	66	22	64	23	61	24	60	25	75	26	71	27	64	28	63	29	65	
	0	67	1	77	2	71	3	84	4	82	5	71	6	76	7	73	8	81	9	76	10	70	11	74	12	75	13	81	14	80	15	69	16	83	17	66	18	83	19	72	20	81	21	71	22	70	23	69	24	70	25	70	26	79	27	76	28	70	29	66	
	0	38	1	42	2	48	3	49	4	48	5	42	6	46	7	51	8	43	9	39	10	38	11	47	12	46	13	46	14	51	15	41	16	43	17	41	18	44	19	50	20	38	21	43	22	40	23	41	24	34	25	38	26	46	27	47	28	48	29	45	
	0	50	1	45	2	42	3	49	4	42	5	41	6	38	7	53	8	46	9	44	10	50	11	43	12	44	13	39	14	47	15	53	16	43	17	53	18	45	19	50	20	40	21	47	22	51	23	48	24	34	25	44	26	38	27	42	28	36	29	36	
	0	31	1	30	2	25	3	26	4	32	5	36	6	30	7	23	8	37	9	21	10	24	11	38	12	19	13	23	14	29	15	19	16	30	17	34	18	23	19	36	20	24	21	27	22	30	23	27	24	26	25	34	26	35	27	37	28	27	29	33	
	0	51	1	57	2	51	3	50	4	61	5	59	6	47	7	64	8	63	9	55	10	55	11	56	12	50	13	48	14	48	15	62	16	46	17	61	18	52	19	50	20	55	21	60	22	50	23	60	24	60	25	48	26	49	27	60	28	54	29	56	
	0	105	1	113	2	100	3	105	4	106	5	111	6	110	7	108	8	101	9	102	10	104	11	115	12	113	13	114	14	106	15	99	16	102	17	105	18	96	19	106	20	114	21	99	22	114	23	97	24	112	25	105	26	103	27	97	28	113	29	112	
	0	38	1	40	2	29	3	30	4	41	5	46	6	32	7	30	8	48	9	38	10	38	11	36	12	38	13	47	14	46	15	37	16	43	17	31	18	30	19	32	20	40	21	38	22	48	23	34	24	37	25	36	26	45	27	39	28	39	29	32	
	0	27	1	30	2	35	3	18	4	32	5	30	6	34	7	31	8	24	9	32	10	23	11	19	12	21	13	22	14	37	15	32	16	21	17	36	18	22	19	21	20	22	21	37	22	18	23	21	24	24	25	35	26	19	27	21	28	18	29	23	
	0	110	1	107	2	116	3	117	4	108	5	109	6	98	7	99	8	106	9	113	10	108	11	108	12	101	13	115	14	111	15	102	16	104	17	99	18	107	19	113	20	103	21	109	22	102	23	102	24	105	25	113	26	116	27	101	28	116	29	100	
	0	96	1	99	2	85	3	95	4	100	5	90	6	95	7	94	8	82	9	82	10	92	11	98	12	95	13	94	14	90	15	97	16	86	17	83	18	89	19	86	20	91	21	87	22	99	23	90	24	98	25	96	26	88	27	91	28	101	29	95	
	0	44	1	47	2	53	3	56	4	45	5	42	6	46	7	46	8	55	9	49	10	45	11	47	12	56	13	43	14	60	15	55	16	52	17	54	18	44	19	48	20	56	21	52	22	47	23	43	24	49	25	55	26	54	27	47	28	52	29	49	
	0	59	1	62	2	77	3	58	4	74	5	75	6	61	7	66	8	65	9	64	10	73	11	60	12	72	13	58	14	68	15	68	16	65	17	69	18	74	19	60	20	62	21	64	22	62	23	69	24	65	25	65	26	65	27	64	28	63	29	61	
	0	59	1	65	2	56	3	50	4	63	5	48	6	59	7	54	8	50	9	58	10	63	11	59	12	67	13	62	14	60	15	52	16	57	17	66	18	57	19	55	20	48	21	66	22	67	23	48	24	57	25	64	26	62	27	58	28	63	29	62	
	0	20	1	10	2	17	3	16	4	19	5	14	6	17	7	21	8	25	9	25	10	13	11	8	12	21	13	18	14	13	15	12	16	19	17	21	18	19	19	16	20	18	21	21	22	8	23	26	24	19	25	10	26	12	27	23	28	25	29	20	
	0	99	1	96	2	95	3	102	4	106	5	111	6	95	7	106	8	104	9	106	10	106	11	107	12	112	13	104	14	105	15	109	16	99	17	109	18	106	19	111	20	94	21	107	22	102	23	112	24	101	25	98	26	95	27	111	28	104	29	94	
	0	50	1	64	2	61	3	63	4	49	5	65	6	64	7	49	8	61	9	47	10	59	11	56	12	53	13	63	14	65	15	63	16	63	17	54	18	52	19	47	20	56	21	57	22	54	23	65	24	62	25	57	26	58	27	63	28	56	29	51	
	0	36	1	46	2	36	3	41	4	38	5	39	6	31	7	34	8	41	9	36	10	32	11	38	12	34	13	38	14	37	15	43	16	31	17	31	18	44	19	34	20	38	21	33	22	32	23	48	24	41	25	48	26	41	27	47	28	49	29	43	
	0	100	1	111	2	98	3	106	4	98	5	112	6	107	7	99	8	104	9	113	10	112	11	104	12	97	13	107	14	94	15	103	16	99	17	103	18	104	19	95	20	109	21	94	22	98	23	103	24	101	25	103	26	108	27	102	28	101	29	112	
	0	85	1	86	2	87	3	97	4	80	5	85	6	88	7	93	8	85	9	94	10	92	11	84	12	93	13	98	14	92	15	93	16	79	17	79	18	98	19	95	20	80	21	79	22	81	23	83	24	86	25	83	26	98	27	79	28	87	29	80	
	0	92	1	99	2	98	3	107	4	100	5	93	6	99	7	100	8	94	9	93	10	110	11	95	12	106	13	107	14	103	15	110	16	92	17	103	18	106	19	95	20	104	21	98	22	110	23	107	24	109	25	106	26	97	27	107	28	109	29	110	
	0	87	1	100	2	99	3	95	4	87	5	82	6	82	7	98	8	93	9	83	10	98	11	92	12	100	13	95	14	89	15	85	16	86	17	84	18	88	19	97	20	98	21	82	22	85	23	88	24	92	25	94	26	96	27	88	28	95	29	85	
	0	21	1	6	2	21	3	9	4	7	5	6	6	3	7	16	8	14	9	14	10	7	11	13	12	11	13	12	14	12	15	22	16	6	17	22	18	12	19	9	20	6	21	7	22	13	23	21	24	17	25	13	26	19	27	14	28	17	29	9	
	0	25	1	36	2	30	3	35	4	24	5	19	6	22	7	19	8	20	9	28	10	36	11	25	12	22	13	25	14	35	15	34	16	28	17	18	18	21	19	26	20	28	21	31	22	30	23	33	24	35	25	18	26	27	27	32	28	24	29	28	
	0	73	1	78	2	72	3	76	4	78	5	83	6	70	7	69	8	83	9	69	10	71	11	81	12	68	13	85	14	73	15	81	16	85	17	78	18	80	19	79	20	80	21	74	22	82	23	78	24	84	25	73	26	87	27	74	28	85	29	78	
	0	16	1	10	2	27	3	16	4	27	5	17	6	23	7	15	8	17	9	22	10	19	11	16	12	12	13	21	14	13	15	12	16	10	17	19	18	21	19	13	20	21	21	12	22	23	23	13	24	14	25	23	26	10	27	27	28	9	29	9	
	0	106	1	97	2	100	3	106	4	99	5	97	6	92	7	106	8	103	9	90	10	103	11	89	12	101	13	101	14	91	15	93	16	97	17	108	18	100	19	93	20	99	21	93	22	97	23	97	24	104	25	100	26	106	27	93	28	105	29	95	
	0	54	1	49	2	57	3	44	4	43	5	44	6	46	7	48	8	47	9	58	10	41	11	56	12	44	13	48	14	56	15	59	16	60	17	59	18	58	19	43	20	52	21	60	22	53	23	42	24	46	25	57	26	59	27	50	28	47	29	59	
	0	89	1	80	2	81	3	80	4	83	5	79	6	85	7	85	8	89	9	72	10	83	11	86	12	76	13	76	14	85	15	82	16	72	17	84	18	85	19	83	20	89	21	85	22	71	23	88	24	74	25	89	26	79	27	77	28	80	29	76	
	0	101	1	89	2	101	3	92	4	97	5	100	6	83	7	85	8	92	9	98	10	85	11	83	12	101	13	95	14	94	15	86	16	85	17	95	18	101	19	87	20	94	21	95	22	99	23	93	24	98	25	91	26	95	27	93	28	91	29	99	
	0	33	1	24	2	35	3	32	4	37	5	23	6	40	7	25	8	40	9	42	10	33	11	24	12	24	13	35	14	26	15	29	16	23	17	33	18	41	19	33	20	42	21	37	22	35	23	33	24	38	25	38	26	25	27	37	28	41	29	30	
	0	105	1	103	2	105	3	91	4	99	5	95	6	105	7	105	8	92	9	94	10	107	11	107	12	109	13	102	14	108	15	91	16	100	17	107	18	108	19	103	20	101	21	95	22	97	23	109	24	91	25	96	26	102	27	96	28	95	29	97	
	0	4	1	18	2	13	3	11	4	14	5	11	6	3	7	3	8	16	9	5	10	4	11	2	12	18	13	16	14	7	15	20	16	3	17	4	18	9	19	3	20	2	21	7	22	20	23	9	24	11	25	12	26	13	27	18	28	2	29	12	
	0	56	1	59	2	68	3	65	4	68	5	72	6	65	7	72	8	62	9	68	10	72	11	73	12	57	13	57	14	54	15	58	16	61	17	62	18	65	19	55	20	62	21	59	22	58	23	65	24	66	25	73	26	73	27	67	28	68	29	61	
	0	95	1	97	2	98	3	96	4	99	5	112	6	113	7	114	8	98	9	112	10	113	11	106	12	114	13	104	14	95	15	96	16	95	17	102	18	98	19	113	20	109	21	103	22	104	23	108	24	95	25	97	26	98	27	112	28	110	29	112	
	0	69	1	69	2	84	3	74	4	78	5	87	6	71	7	84	8	80	9	80	10	77	11	75	12	86	13	70	14	76	15	80	16	72	17	77	18	76	19	72	20	72	21	84	22	80	23	73	24	83	25	73	26	69	27	69	28	75	29	71	
	0	107	1	95	2	98	3	94	4	93	5	102	6	98	7	93	8	101	9	98	10	90	11	106	12	94	13	106	14	101	15	99	16	101	17	104	18	105	19	94	20	96	21	96	22	98	23	99	24	90	25	98	26	93	27	107	28	88	29	107	
	0	45	1	50	2	41	3	37	4	49	5	34	6	53	7	48	8	48	9	47	10	35	11	44	12	40	13	48	14	46	15	41	16	36	17	43	18	34	19	36	20	51	21	44	22	37	23	35	24	45	25	34	26	36	27	46	28	48	29	43	
	0	88	1	74	2	90	3	88	4	87	5	74	6	79	7	74	8	85	9	86	10	75	11	82	12	82	13	90	14	83	15	73	16	84	17	78	18	81	19	74	20	73	21	88	22	78	23	90	24	92	25	83	26	79	27	73	28	89	29	79	
	0	102	1	92	2	95	3	100	4	101	5	106	6	98	7	105	8	94	9	105	10	101	11	95	12	93	13	90	14	93	15	92	16	100	17	107	18	100	19	95	20	95	21	101	22	91	23	107	24	104	25	90	26	108	27	96	28	100	29	96	
	0	65	1	64	2	53	3	65	4	56	5	68	6	68	7	65	8	58	9	52	10	67	11	70	12	57	13	58	14	58	15	67	16	69	17	66	18	54	19	70	20	64	21	55	22	71	23	54	24	61	25	62	26	64	27	70	28	63	29	60	
	0	119	1	116	2	100	3	108	4	106	5	102	6	116	7	100	8	104	9	117	10	109	11	105	12	103	13	102	14	111	15	108	16	102	17	105	18	107	19	112	20	102	21	102	22	116	23	107	24	107	25	107	26	104	27	115	28	102	29	114	
	0	86	1	94	2	95	3	94	4	93	5	83	6	94	7	99	8	100	9	90	10	88	11	88	12	97	13	84	14	99	15	99	16	92	17	101	18	90	19	100	20	87	21	94	22	89	23	92	24	101	25	93	26	88	27	88	28	84	29	92	
	0	35	1	46	2	33	3	43	4	34	5	41	6	43	7	46	8	38	9	41	10	44	11	38	12	35	13	38	14	39	15	36	16	35	17	31	18	45	19	30	20	34	21	43	22	45	23	40	24	42	25	32	26	30	27	44	28	41	29	27	
	0	80	1	67	2	79	3	64	4	73	5	78	6	78	7	69	8	83	9	76	10	66	11	73	12	78	13	83	14	71	15	71	16	79	17	64	18	81	19	80	20	67	21	74	22	78	23	74	24	66	25	66	26	71	27	67	28	65	29	64	
	0	3	1	8	2	16	3	4	4	5	5	21	6	8	7	8	8	20	9	17	10	16	11	14	12	11	13	10	14	13	15	15	16	3	17	16	18	15	19	15	20	11	21	12	22	8	23	3	24	20	25	20	26	6	27	12	28	3	29	16	
	0	44	1	57	2	47	3	55	4	50	5	47	6	44	7	60	8	62	9	53	10	59	11	48	12	56	13	56	14	50	15	59	16	60	17	60	18	50	19	52	20	54	21	56	22	45	23	53	24	62	25	48	26	56	27	44	28	61	29	44	
	0	33	1	27	2	36	3	38	4	23	5	42	6	42	7	29	8	34	9	41	10	24	11	26	12	38	13	26	14	26	15	29	16	31	17	36	18	33	19	39	20	31	21	37	22	41	23	23	24	24	25	41	26	29	27	35	28	33	29	36	
	0	32	1	49	2	46	3	41	4	35	5	49	6	43	7	47	8	43	9	38	10	34	11	45	12	36	13	49	14	41	15	49	16	37	17	50	18	34	19	37	20	43	21	42	22	45	23	39	24	42	25	43	26	48	27	51	28	39	29	38	
	0	36	1	23	2	35	3	31	4	25	5	39	6	20	7	20	8	20	9	21	10	32	11	30	12	27	13	30	14	36	15	34	16	31	17	23	18	37	19	20	20	27	21	28	22	21	23	25	24	29	25	29	26	26	27	24	28	30	29	20	
	0	82	1	84	2	91	3	91	4	91	5	96	6	81	7	86	8	82	9	85	10	92	11	85	12	98	13	97	14	79	15	79	16	88	17	95	18	94	19	84	20	79	21	97	22	85	23	87	24	91	25	94	26	83	27	95	28	89	29	92	
	0	71	1	62	2	66	3	67	4	61	5	65	6	67	7	61	8	62	9	76	10	65	11	76	12	77	13	68	14	78	15	63	16	68	17	76	18	71	19	72	20	62	21	62	22	69	23	71	24	79	25	67	26	68	27	71	28	64	29	67	
	0	14	1	18	2	21	3	18	4	26	5	23	6	16	7	31	8	19	9	16	10	14	11	20	12	16	13	26	14	29	15	15	16	14	17	28	18	16	19	30	20	15	21	23	22	24	23	29	24	24	25	21	26	30	27	26	28	22	29	17	
	0	63	1	73	2	73	3	62	4	64	5	67	6	70	7	68	8	61	9	70	10	66	11	67	12	57	13	72	14	66	15	60	16	63	17	55	18	58	19	62	20	69	21	70	22	71	23	57	24	64	25	60	26	63	27	62	28	69	29	74	
	0	49	1	39	2	49	3	54	4	51	5	52	6	45	7	51	8	54	9	46	10	51	11	51	12	54	13	42	14	49	15	40	16	46	17	43	18	55	19	36	20	40	21	49	22	40	23	47	24	38	25	49	26	48	27	49	28	36	29	42	
	0	14	1	23	2	17	3	13	4	15	5	19	6	22	7	13	8	24	9	13	10	25	11	26	12	13	13	16	14	17	15	26	16	24	17	15	18	10	19	22	20	11	21	12	22	12	23	22	24	25	25	19	26	14	27	25	28	7	29	21	
	0	14	1	11	2	7	3	2	4	11	5	18	6	19	7	3	8	6	9	21	10	4	11	13	12	12	13	19	14	11	15	17	16	16	17	15	18	11	19	5	20	9	21	15	22	18	23	4	24	11	25	21	26	5	27	4	28	14	29	17	
	0	92	1	90	2	97	3	104	4	89	5	91	6	91	7	95	8	99	9	104	10	91	11	97	12	103	13	101	14	91	15	96	16	96	17	88	18	102	19	99	20	93	21	104	22	94	23	90	24	101	25	90	26	100	27	94	28	88	29	88	
	0	105	1	109	2	110	3	97	4	103	5	95	6	110	7	106	8	112	9	111	10	98	11	108	12	96	13	105	14	105	15	106	16	113	17	112	18	97	19	108	20	99	21	102	22	95	23	98	24	108	25	112	26	96	27	108	28	101	29	98	
	0	17	1	10	2	16	3	13	4	26	5	7	6	23	7	25	8	10	9	24	10	12	11	16	12	15	13	18	14	14	15	16	16	11	17	24	18	11	19	24	20	13	21	10	22	7	23	21	24	9	25	24	26	7	27	24	28	19	29	20	
	0	32	1	38	2	39	3	37	4	35	5	44	6	46	7	50	8	40	9	49	10	37	11	42	12	42	13	32	14	36	15	32	16	50	17	40	18	40	19	39	20	44	21	38	22	45	23	37	24	48	25	36	26	43	27	44	28	51	29	44	
	0	45	1	43	2	46	3	50	4	43	5	52	6	55	7	57	8	62	9	58	10	51	11	57	12	57	13	52	14	46	15	62	16	51	17	61	18	58	19	44	20	46	21	60	22	61	23	50	24	54	25	62	26	45	27	55	28	52	29	55	
	0	95	1	82	2	80	3	91	4	84	5	95	6	93	7	79	8	81	9	85	10	91	11	92	12	85	13	95	14	87	15	83	16	95	17	87	18	84	19	95	20	90	21	89	22	94	23	83	24	91	25	88	26	95	27	87	28	81	29	86	
	0	34	1	40	2	25	3	34	4	25	5	30	6	38	7	29	8	40	9	40	10	23	11	31	12	28	13	22	14	33	15	27	16	39	17	28	18	34	19	22	20	35	21	21	22	40	23	22	24	25	25	33	26	40	27	29	28	37	29	33	
	0	92	1	92	2	79	3	80	4	87	5	83	6	81	7	93	8	88	9	78	10	95	11	94	12	90	13	83	14	90	15	89	16	89	17	96	18	82	19	80	20	85	21	93	22	88	23	78	24	86	25	93	26	81	27	78	28	82	29	85	
	0	113	1	106	2	108	3	112	4	117	5	106	6	106	7	117	8	99	9	110	10	101	11	109	12	108	13	105	14	117	15	114	16	104	17	109	18	111	19	115	20	109	21	104	22	114	23	116	24	101	25	116	26	105	27	104	28	105	29	115	
	0	45	1	42	2	29	3	33	4	43	5	45	6	43	7	43	8	32	9	44	10	45	11	47	12	29	13	47	14	42	15	30	16	32	17	35	18	38	19	47	20	32	21	40	22	48	23	40	24	31	25	33	26	48	27	29	28	30	29	34	
	0	80	1	76	2	88	3	81	4	74	5	79	6	78	7	80	8	76	9	75	10	71	11	71	12	74	13	79	14	71	15	81	16	73	17	89	18	78	19	87	20	75	21	79	22	89	23	89	24	83	25	87	26	73	27	78	28	89	29	82	
	0	84	1	85	2	97	3	95	4	88	5	96	6	95	7	101	8	99	9	87	10	89	11	100	12	93	13	87	14	95	15	102	16	83	17	85	18	99	19	91	20	97	21	87	22	98	23	99	24	95	25	94	26	97	27	97	28	102	29	92	