200 30 1
30
	0	98	1	96	2	91	3	94	4	96	5	99	6	100	7	96	8	86	9	86	10	89	11	97	12	102	13	100	14	92	15	89	16	87	17	102	18	99	19	96	20	87	21	83	22	87	23	100	24	99	25	100	26	86	27	89	28	95	29	89	
	0	13	1	18	2	20	3	30	4	17	5	27	6	30	7	26	8	25	9	26	10	16	11	19	12	28	13	12	14	19	15	16	16	13	17	25	18	16	19	19	20	26	21	24	22	24	23	20	24	30	25	22	26	19	27	29	28	30	29	25	
	0	100	1	108	2	108	3	101	4	95	5	100	6	96	7	105	8	109	9	108	10	101	11	105	12	91	13	96	14	91	15	103	16	104	17	107	18	92	19	94	20	94	21	102	22	94	23	110	24	107	25	103	26	95	27	103	28	103	29	94	
	0	47	1	46	2	48	3	38	4	45	5	43	6	48	7	44	8	41	9	48	10	38	11	44	12	49	13	38	14	54	15	37	16	53	17	55	18	54	19	40	20	40	21	53	22	49	23	53	24	39	25	48	26	54	27	53	28	40	29	51	
	0	86	1	95	2	86	3	88	4	91	5	96	6	97	7	101	8	101	9	95	10	94	11	100	12	101	13	98	14	86	15	90	16	93	17	94	18	91	19	90	20	97	21	91	22	90	23	88	24	83	25	97	26	98	27	87	28	90	29	91	
	0	38	1	37	2	36	3	37	4	31	5	28	6	39	7	31	8	36	9	31	10	43	11	27	12	27	13	26	14	35	15	34	16	33	17	39	18	29	19	40	20	31	21	41	22	28	23	28	24	38	25	31	26	42	27	31	28	38	29	43	
	0	29	1	36	2	32	3	21	4	31	5	25	6	21	7	21	8	28	9	24	10	29	11	28	12	33	13	29	14	33	15	32	16	38	17	34	18	23	19	28	20	30	21	33	22	19	23	30	24	23	25	31	26	30	27	27	28	21	29	23	
	0	103	1	115	2	105	3	112	4	109	5	108	6	99	7	116	8	99	9	106	10	107	11	104	12	113	13	99	14	113	15	113	16	99	17	111	18	103	19	112	20	107	21	113	22	98	23	108	24	111	25	113	26	114	27	108	28	101	29	97	
	0	57	1	68	2	62	3	61	4	62	5	65	6	67	7	56	8	73	9	60	10	58	11	63	12	56	13	58	14	56	15	68	16	65	17	69	18	64	19	70	20	59	21	63	22	61	23	58	24	70	25	64	26	71	27	63	28	68	29	57	
	0	41	1	44	2	39	3	43	4	41	5	56	6	37	7	46	8	43	9	38	10	56	11	45	12	56	13	39	14	49	15	37	16	51	17	47	18	44	19	37	20	47	21	51	22	39	23	49	24	44	25	54	26	46	27	46	28	56	29	47	
	0	20	1	22	2	10	3	7	4	13	5	18	6	16	7	9	8	17	9	21	10	11	11	3	12	18	13	22	14	14	15	6	16	21	17	9	18	17	19	6	20	17	21	19	22	15	23	12	24	16	25	6	26	14	27	13	28	13	29	15	
	0	73	1	57	2	56	3	61	4	65	5	57	6	54	7	70	8	66	9	63	10	57	11	58	12	68	13	69	14	57	15	61	16	63	17	64	18	66	19	58	20	68	21	73	22	55	23	60	24	59	25	64	26	56	27	72	28	60	29	57	
	0	103	1	119	2	118	3	102	4	114	5	111	6	113	7	108	8	115	9	105	10	110	11	110	12	116	13	106	14	110	15	107	16	106	17	104	18	108	19	102	20	103	21	108	22	114	23	109	24	117	25	107	26	102	27	105	28	114	29	115	
	0	97	1	110	2	105	3	112	4	101	5	112	6	107	7	99	8	98	9	105	10	100	11	102	12	101	13	112	14	99	15	113	16	106	17	111	18	98	19	107	20	97	21	107	22	107	23	99	24	100	25	102	26	109	27	113	28	110	29	101	
	0	25	1	37	2	32	3	42	4	27	5	38	6	38	7	29	8	27	9	41	10	28	11	40	12	29	13	36	14	37	15	36	16	36	17	27	18	36	19	41	20	34	21	23	22	37	23	27	24	29	25	41	26	36	27	30	28	31	29	25	
	0	44	1	50	2	47	3	50	4	42	5	35	6	51	7	33	8	51	9	35	10	47	11	48	12	43	13	45	14	39	15	51	16	37	17	43	18	35	19	44	20	41	21	50	22	52	23	46	24	45	25	40	26	40	27	34	28	44	29	41	
	0	77	1	76	2	82	3	83	4	88	5	75	6	78	7	73	8	88	9	86	10	75	11	79	12	77	13	77	14	77	15	88	16	76	17	88	18	88	19	79	20	79	21	81	22	81	23	83	24	73	25	85	26	86	27	83	28	84	29	71	
	0	41	1	55	2	40	3	37	4	52	5	48	6	42	7	53	8	47	9	41	10	45	11	47	12	54	13	52	14	53	15	39	16	42	17	38	18	37	19	51	20	43	21	48	22	56	23	41	24	53	25	56	26	44	27	39	28	47	29	49	
	0	83	1	85	2	92	3	90	4	75	5	75	6	79	7	79	8	75	9	84	10	75	11	77	12	80	13	75	14	88	15	85	16	89	17	85	18	87	19	79	20	86	21	86	22	87	23	80	24	83	25	92	26	86	27	86	28	77	29	91	
	0	69	1	81	2	84	3	73	4	76	5	77	6	76	7	79	8	82	9	81	10	66	11	78	12	69	13	69	14	76	15	74	16	83	17	68	18	69	19	74	20	74	21	67	22	81	23	77	24	75	25	71	26	82	27	75	28	65	29	70	
	0	62	1	68	2	52	3	56	4	64	5	68	6	68	7	64	8	54	9	56	10	66	11	63	12	59	13	67	14	65	15	60	16	52	17	67	18	61	19	68	20	68	21	53	22	51	23	66	24	55	25	68	26	58	27	59	28	53	29	65	
	0	67	1	71	2	64	3	68	4	79	5	78	6	74	7	61	8	69	9	64	10	76	11	61	12	66	13	69	14	61	15	67	16	67	17	66	18	72	19	71	20	64	21	60	22	60	23	72	24	65	25	79	26	61	27	75	28	78	29	68	
	0	82	1	84	2	97	3	82	4	90	5	86	6	99	7	89	8	95	9	94	10	81	11	92	12	81	13	83	14	82	15	89	16	100	17	98	18	99	19	98	20	83	21	90	22	96	23	90	24	95	25	90	26	96	27	95	28	99	29	85	
	0	34	1	45	2	42	3	47	4	45	5	34	6	33	7	31	8	48	9	45	10	44	11	30	12	33	13	42	14	33	15	40	16	38	17	46	18	48	19	38	20	47	21	36	22	46	23	30	24	42	25	36	26	35	27	35	28	37	29	49	
	0	58	1	62	2	58	3	48	4	56	5	53	6	49	7	59	8	43	9	54	10	58	11	60	12	60	13	45	14	46	15	51	16	59	17	55	18	43	19	52	20	59	21	55	22	54	23	59	24	50	25	47	26	62	27	47	28	53	29	46	
	0	74	1	60	2	72	3	68	4	67	5	56	6	61	7	66	8	71	9	55	10	62	11	58	12	56	13	58	14	61	15	65	16	60	17	74	18	68	19	56	20	66	21	64	22	65	23	64	24	64	25	62	26	57	27	57	28	58	29	72	
	0	4	1	9	2	8	3	11	4	19	5	17	6	19	7	9	8	4	9	17	10	9	11	21	12	19	13	2	14	7	15	10	16	19	17	12	18	5	19	8	20	16	21	10	22	6	23	17	24	21	25	6	26	20	27	15	28	20	29	7	
	0	90	1	77	2	79	3	91	4	85	5	73	6	91	7	92	8	82	9	77	10	82	11	83	12	75	13	76	14	92	15	80	16	86	17	89	18	80	19	77	20	80	21	80	22	81	23	77	24	92	25	91	26	76	27	84	28	75	29	92	
	0	109	1	104	2	102	3	113	4	111	5	107	6	99	7	117	8	100	9	106	10	111	11	109	12	100	13	115	14	110	15	103	16	104	17	109	18	100	19	114	20	116	21	107	22	107	23	112	24	116	25	104	26	116	27	102	28	100	29	114	
	0	13	1	12	2	5	3	21	4	5	5	6	6	3	7	3	8	14	9	11	10	6	11	4	12	3	13	20	14	14	15	16	16	19	17	21	18	10	19	11	20	17	21	16	22	22	23	18	24	5	25	4	26	22	27	6	28	16	29	18	
	0	26	1	28	2	24	3	20	4	22	5	12	6	22	7	15	8	15	9	10	10	22	11	9	12	17	13	28	14	22	15	14	16	18	17	18	18	23	19	13	20	11	21	25	22	14	23	26	24	10	25	11	26	15	27	17	28	18	29	21	
	0	64	1	74	2	64	3	59	4	71	5	63	6	66	7	73	8	62	9	70	10	71	11	71	12	69	13	69	14	58	15	72	16	66	17	56	18	64	19	66	20	56	21	60	22	58	23	63	24	64	25	60	26	56	27	68	28	59	29	75	
	0	61	1	68	2	62	3	67	4	67	5	65	6	72	7	70	8	66	9	63	10	70	11	64	12	69	13	66	14	68	15	54	16	70	17	68	18	72	19	54	20	61	21	60	22	67	23	58	24	63	25	70	26	64	27	59	28	62	29	71	
	0	37	1	38	2	41	3	35	4	30	5	38	6	47	7	43	8	47	9	42	10	30	11	32	12	38	13	43	14	47	15	29	16	38	17	31	18	30	19	44	20	41	21	37	22	29	23	43	24	42	25	36	26	47	27	34	28	44	29	33	
	0	27	1	21	2	33	3	35	4	29	5	35	6	22	7	40	8	34	9	26	10	36	11	31	12	36	13	27	14	32	15	32	16	31	17	31	18	28	19	22	20	30	21	34	22	28	23	32	24	33	25	37	26	25	27	40	28	38	29	23	
	0	73	1	61	2	69	3	69	4	63	5	68	6	60	7	65	8	61	9	68	10	63	11	70	12	73	13	66	14	69	15	56	16	70	17	69	18	68	19	69	20	54	21	55	22	60	23	68	24	64	25	63	26	73	27	60	28	62	29	59	
	0	94	1	99	2	93	3	89	4	101	5	93	6	102	7	102	8	89	9	92	10	101	11	92	12	88	13	101	14	104	15	97	16	94	17	99	18	103	19	89	20	103	21	103	22	93	23	98	24	102	25	89	26	94	27	94	28	85	29	86	
	0	32	1	49	2	34	3	44	4	36	5	33	6	32	7	44	8	34	9	37	10	49	11	42	12	49	13	47	14	48	15	47	16	48	17	37	18	31	19	30	20	44	21	44	22	45	23	37	24	47	25	43	26	33	27	32	28	42	29	41	
	0	65	1	56	2	66	3	56	4	65	5	69	6	60	7	68	8	72	9	67	10	56	11	58	12	74	13	74	14	67	15	67	16	61	17	61	18	57	19	73	20	69	21	59	22	66	23	56	24	61	25	63	26	61	27	64	28	70	29	67	
	0	66	1	51	2	55	3	69	4	50	5	67	6	63	7	54	8	50	9	65	10	59	11	50	12	52	13	68	14	64	15	57	16	57	17	57	18	63	19	60	20	59	21	51	22	66	23	56	24	50	25	64	26	57	27	56	28	69	29	64	
	0	105	1	110	2	98	3	108	4	114	5	115	6	101	7	110	8	97	9	114	10	99	11	99	12	99	13	106	14	111	15	109	16	114	17	105	18	107	19	97	20	107	21	99	22	99	23	115	24	98	25	100	26	107	27	97	28	107	29	96	
	0	70	1	80	2	77	3	83	4	74	5	78	6	68	7	83	8	73	9	80	10	76	11	65	12	81	13	80	14	81	15	74	16	74	17	69	18	73	19	78	20	74	21	67	22	81	23	65	24	81	25	65	26	71	27	75	28	80	29	69	
	0	18	1	22	2	24	3	9	4	17	5	19	6	9	7	22	8	6	9	13	10	19	11	18	12	21	13	24	14	17	15	21	16	8	17	18	18	7	19	21	20	16	21	20	22	8	23	18	24	10	25	24	26	14	27	22	28	7	29	5	
	0	26	1	22	2	31	3	18	4	25	5	24	6	24	7	17	8	22	9	14	10	31	11	27	12	28	13	30	14	22	15	16	16	29	17	32	18	20	19	29	20	19	21	20	22	15	23	33	24	27	25	21	26	14	27	19	28	17	29	18	
	0	47	1	55	2	53	3	57	4	46	5	56	6	45	7	53	8	57	9	59	10	49	11	52	12	63	13	58	14	63	15	61	16	51	17	64	18	47	19	50	20	64	21	45	22	64	23	45	24	55	25	63	26	46	27	61	28	46	29	45	
	0	51	1	46	2	55	3	58	4	48	5	44	6	63	7	46	8	48	9	46	10	63	11	44	12	54	13	62	14	54	15	61	16	45	17	58	18	46	19	61	20	55	21	53	22	62	23	59	24	51	25	44	26	48	27	61	28	63	29	57	
	0	90	1	92	2	97	3	80	4	96	5	79	6	86	7	83	8	91	9	90	10	85	11	95	12	88	13	81	14	90	15	83	16	92	17	88	18	98	19	83	20	92	21	98	22	90	23	81	24	84	25	90	26	89	27	98	28	79	29	80	
	0	28	1	34	2	19	3	34	4	25	5	15	6	19	7	23	8	24	9	22	10	24	11	26	12	18	13	26	14	31	15	30	16	26	17	29	18	31	19	23	20	30	21	21	22	23	23	26	24	16	25	33	26	23	27	23	28	34	29	33	
	0	82	1	89	2	76	3	74	4	77	5	73	6	79	7	82	8	75	9	83	10	87	11	83	12	75	13	73	14	91	15	79	16	81	17	76	18	78	19	77	20	80	21	75	22	75	23	77	24	84	25	75	26	77	27	78	28	86	29	73	
	0	85	1	86	2	84	3	79	4	77	5	82	6	81	7	73	8	78	9	77	10	81	11	74	12	78	13	79	14	74	15	79	16	91	17	73	18	75	19	74	20	76	21	77	22	86	23	81	24	91	25	87	26	79	27	74	28	92	29	91	
	0	103	1	119	2	101	3	105	4	100	5	112	6	107	7	106	8	118	9	110	10	100	11	118	12	113	13	111	14	116	15	109	16	110	17	103	18	106	19	101	20	114	21	101	22	116	23	107	24	107	25	107	26	116	27	100	28	112	29	110	
	0	61	1	53	2	62	3	53	4	55	5	65	6	58	7	66	8	58	9	67	10	67	11	69	12	57	13	53	14	63	15	71	16	67	17	67	18	57	19	65	20	66	21	65	22	60	23	70	24	54	25	56	26	61	27	56	28	52	29	70	
	0	9	1	12	2	14	3	20	4	18	5	20	6	26	7	14	8	21	9	8	10	13	11	20	12	15	13	20	14	25	15	19	16	16	17	17	18	17	19	8	20	15	21	20	22	25	23	10	24	27	25	16	26	26	27	22	28	20	29	27	
	0	82	1	69	2	69	3	70	4	82	5	70	6	77	7	78	8	71	9	69	10	80	11	70	12	65	13	69	14	71	15	65	16	65	17	83	18	73	19	76	20	76	21	83	22	76	23	78	24	71	25	67	26	78	27	67	28	76	29	83	
	0	30	1	28	2	29	3	40	4	42	5	36	6	44	7	30	8	35	9	40	10	39	11	36	12	29	13	32	14	31	15	37	16	44	17	31	18	45	19	43	20	41	21	32	22	42	23	43	24	30	25	27	26	39	27	42	28	39	29	39	
	0	63	1	63	2	66	3	57	4	63	5	69	6	68	7	73	8	63	9	58	10	69	11	65	12	56	13	62	14	55	15	73	16	67	17	74	18	67	19	59	20	70	21	63	22	67	23	71	24	66	25	63	26	69	27	60	28	74	29	60	
	0	96	1	92	2	105	3	87	4	89	5	89	6	104	7	98	8	101	9	92	10	91	11	91	12	89	13	93	14	90	15	99	16	90	17	90	18	94	19	92	20	101	21	90	22	87	23	98	24	92	25	89	26	95	27	92	28	86	29	91	
	0	39	1	43	2	47	3	44	4	45	5	38	6	44	7	46	8	55	9	56	10	38	11	39	12	50	13	50	14	55	15	37	16	48	17	56	18	42	19	54	20	55	21	37	22	49	23	48	24	54	25	55	26	46	27	56	28	47	29	51	
	0	111	1	109	2	97	3	105	4	107	5	111	6	98	7	112	8	110	9	115	10	107	11	102	12	115	13	98	14	96	15	112	16	104	17	109	18	103	19	99	20	111	21	114	22	114	23	99	24	113	25	99	26	108	27	111	28	102	29	98	
	0	100	1	104	2	102	3	99	4	102	5	100	6	103	7	102	8	106	9	95	10	103	11	92	12	103	13	90	14	89	15	106	16	95	17	96	18	107	19	100	20	105	21	97	22	95	23	90	24	93	25	89	26	94	27	92	28	95	29	95	
	0	65	1	58	2	48	3	54	4	52	5	54	6	56	7	64	8	50	9	49	10	54	11	67	12	48	13	51	14	65	15	54	16	58	17	56	18	64	19	50	20	54	21	51	22	56	23	60	24	55	25	58	26	65	27	63	28	61	29	57	
	0	96	1	97	2	94	3	96	4	99	5	99	6	99	7	89	8	88	9	92	10	92	11	83	12	100	13	87	14	94	15	86	16	100	17	101	18	94	19	102	20	95	21	92	22	97	23	89	24	94	25	101	26	84	27	89	28	91	29	96	
	0	71	1	82	2	84	3	87	4	73	5	70	6	89	7	70	8	76	9	73	10	70	11	79	12	75	13	77	14	79	15	72	16	83	17	83	18	80	19	82	20	84	21	76	22	75	23	83	24	83	25	75	26	80	27	78	28	77	29	73	
	0	93	1	98	2	87	3	85	4	91	5	89	6	99	7	98	8	100	9	94	10	99	11	104	12	88	13	102	14	89	15	94	16	90	17	91	18	92	19	100	20	92	21	98	22	90	23	91	24	89	25	97	26	102	27	101	28	86	29	103	
	0	40	1	23	2	40	3	26	4	30	5	21	6	35	7	31	8	23	9	25	10	34	11	22	12	30	13	26	14	32	15	21	16	31	17	32	18	27	19	39	20	38	21	37	22	21	23	29	24	38	25	25	26	29	27	25	28	32	29	23	
	0	107	1	101	2	92	3	93	4	93	5	103	6	96	7	109	8	104	9	101	10	107	11	104	12	104	13	110	14	92	15	103	16	110	17	94	18	103	19	108	20	107	21	102	22	105	23	105	24	102	25	99	26	104	27	91	28	109	29	95	
	0	68	1	57	2	69	3	57	4	66	5	51	6	69	7	65	8	59	9	56	10	57	11	61	12	69	13	68	14	67	15	56	16	63	17	60	18	54	19	56	20	51	21	57	22	61	23	58	24	60	25	69	26	67	27	60	28	59	29	53	
	0	83	1	98	2	97	3	96	4	92	5	92	6	81	7	99	8	87	9	96	10	92	11	96	12	86	13	90	14	90	15	84	16	82	17	99	18	94	19	92	20	89	21	98	22	99	23	81	24	85	25	91	26	82	27	85	28	98	29	88	
	0	57	1	63	2	59	3	61	4	55	5	66	6	58	7	65	8	48	9	59	10	53	11	52	12	64	13	64	14	47	15	59	16	60	17	51	18	48	19	54	20	51	21	59	22	58	23	56	24	64	25	65	26	56	27	52	28	51	29	59	
	0	110	1	99	2	111	3	101	4	103	5	105	6	111	7	103	8	101	9	106	10	116	11	112	12	107	13	104	14	109	15	115	16	106	17	103	18	114	19	108	20	102	21	100	22	114	23	106	24	112	25	104	26	107	27	105	28	104	29	114	
	0	10	1	23	2	27	3	23	4	10	5	14	6	26	7	10	8	9	9	27	10	19	11	14	12	22	13	9	14	13	15	22	16	18	17	10	18	8	19	23	20	24	21	26	22	18	23	22	24	19	25	14	26	26	27	24	28	8	29	17	
	0	61	1	76	2	63	3	72	4	70	5	63	6	79	7	61	8	71	9	77	10	63	11	74	12	67	13	70	14	70	15	68	16	69	17	72	18	67	19	63	20	69	21	75	22	73	23	72	24	61	25	75	26	78	27	76	28	75	29	70	
	0	100	1	94	2	99	3	95	4	92	5	97	6	101	7	103	8	100	9	110	10	103	11	105	12	101	13	110	14	108	15	93	16	95	17	107	18	109	19	109	20	96	21	108	22	98	23	104	24	110	25	96	26	99	27	105	28	104	29	93	
	0	93	1	99	2	94	3	86	4	100	5	89	6	101	7	100	8	90	9	87	10	93	11	90	12	101	13	90	14	95	15	96	16	102	17	93	18	91	19	88	20	87	21	95	22	84	23	90	24	85	25	96	26	93	27	94	28	96	29	95	
	0	9	1	11	2	13	3	4	4	18	5	5	6	8	7	6	8	8	9	11	10	9	11	11	12	15	13	2	14	2	15	2	16	2	17	2	18	18	19	10	20	5	21	7	22	14	23	14	24	18	25	3	26	7	27	11	28	17	29	19	
	0	88	1	91	2	93	3	87	4	78	5	94	6	77	7	93	8	85	9	77	10	78	11	90	12	94	13	93	14	78	15	77	16	92	17	82	18	88	19	79	20	80	21	81	22	84	23	89	24	84	25	89	26	83	27	78	28	77	29	91	
	0	33	1	34	2	36	3	50	4	49	5	38	6	33	7	33	8	41	9	38	10	41	11	40	12	50	13	45	14	50	15	36	16	40	17	48	18	41	19	34	20	44	21	38	22	50	23	43	24	37	25	49	26	49	27	45	28	51	29	44	
	0	50	1	45	2	62	3	52	4	59	5	63	6	55	7	60	8	48	9	47	10	49	11	62	12	47	13	57	14	57	15	48	16	58	17	54	18	60	19	47	20	54	21	45	22	55	23	56	24	58	25	53	26	51	27	44	28	54	29	56	
	0	41	1	59	2	50	3	43	4	44	5	56	6	51	7	52	8	43	9	53	10	58	11	55	12	43	13	59	14	41	15	50	16	56	17	43	18	58	19	48	20	50	21	41	22	41	23	58	24	53	25	55	26	49	27	59	28	41	29	46	
	0	59	1	54	2	56	3	50	4	46	5	50	6	44	7	62	8	49	9	53	10	45	11	58	12	47	13	61	14	55	15	43	16	52	17	52	18	47	19	44	20	59	21	58	22	61	23	50	24	58	25	59	26	55	27	43	28	62	29	56	
	0	14	1	21	2	12	3	22	4	28	5	24	6	15	7	22	8	25	9	24	10	30	11	28	12	17	13	24	14	25	15	26	16	24	17	25	18	16	19	21	20	14	21	20	22	18	23	12	24	25	25	31	26	21	27	30	28	26	29	15	
	0	22	1	37	2	19	3	19	4	18	5	20	6	21	7	36	8	25	9	30	10	28	11	28	12	28	13	31	14	21	15	18	16	32	17	29	18	25	19	25	20	35	21	28	22	30	23	33	24	35	25	28	26	31	27	31	28	30	29	22	
	0	61	1	61	2	51	3	64	4	48	5	54	6	56	7	48	8	56	9	60	10	66	11	60	12	65	13	49	14	53	15	56	16	64	17	61	18	58	19	61	20	51	21	52	22	51	23	51	24	64	25	51	26	48	27	52	28	62	29	54	
	0	72	1	62	2	75	3	69	4	60	5	68	6	57	7	64	8	72	9	64	10	71	11	72	12	60	13	75	14	61	15	57	16	62	17	62	18	60	19	74	20	66	21	63	22	57	23	57	24	67	25	69	26	58	27	64	28	68	29	71	
	0	108	1	101	2	95	3	95	4	103	5	108	6	95	7	93	8	109	9	94	10	103	11	93	12	95	13	109	14	93	15	100	16	106	17	98	18	106	19	104	20	107	21	93	22	99	23	97	24	110	25	112	26	112	27	94	28	95	29	103	
	0	111	1	116	2	116	3	104	4	110	5	107	6	117	7	108	8	100	9	112	10	116	11	105	12	110	13	109	14	112	15	113	16	107	17	115	18	108	19	116	20	107	21	105	22	107	23	115	24	115	25	103	26	102	27	111	28	115	29	107	
	0	61	1	55	2	67	3	69	4	72	5	71	6	63	7	69	8	68	9	62	10	72	11	59	12	70	13	56	14	63	15	67	16	61	17	73	18	62	19	56	20	66	21	68	22	57	23	71	24	64	25	69	26	58	27	68	28	60	29	57	
	0	92	1	77	2	82	3	76	4	88	5	92	6	85	7	86	8	91	9	89	10	95	11	90	12	95	13	93	14	91	15	81	16	85	17	88	18	87	19	76	20	85	21	92	22	79	23	77	24	90	25	77	26	84	27	90	28	92	29	84	
	0	43	1	46	2	53	3	46	4	41	5	37	6	53	7	52	8	49	9	53	10	46	11	46	12	46	13	38	14	49	15	51	16	49	17	45	18	44	19	53	20	52	21	35	22	35	23	37	24	39	25	40	26	35	27	48	28	42	29	41	
	0	31	1	26	2	26	3	17	4	18	5	25	6	19	7	31	8	28	9	15	10	34	11	34	12	22	13	25	14	29	15	19	16	15	17	21	18	15	19	19	20	33	21	22	22	34	23	30	24	23	25	15	26	22	27	22	28	34	29	15	
	0	92	1	95	2	96	3	96	4	88	5	103	6	104	7	89	8	92	9	88	10	98	11	106	12	101	13	100	14	97	15	99	16	97	17	91	18	98	19	90	20	103	21	103	22	104	23	92	24	106	25	98	26	93	27	89	28	106	29	97	
	0	69	1	69	2	83	3	84	4	76	5	72	6	75	7	78	8	83	9	70	10	74	11	75	12	85	13	87	14	71	15	72	16	81	17	86	18	82	19	83	20	77	21	78	22	84	23	75	24	68	25	82	26	77	27	68	28	85	29	79	
	0	100	1	100	2	119	3	101	4	115	5	110	6	103	7	108	8	112	9	114	10	116	11	115	12	112	13	107	14	103	15	119	16	116	17	109	18	115	19	113	20	117	21	112	22	101	23	118	24	100	25	111	26	110	27	117	28	101	29	118	
	0	81	1	74	2	74	3	74	4	65	5	72	6	82	7	66	8	77	9	68	10	72	11	67	12	71	13	73	14	63	15	74	16	68	17	76	18	82	19	75	20	67	21	79	22	82	23	79	24	79	25	73	26	67	27	78	28	69	29	63	
	0	54	1	52	2	51	3	43	4	55	5	59	6	52	7	48	8	44	9	50	10	51	11	44	12	49	13	45	14	49	15	59	16	60	17	43	18	52	19	53	20	54	21	57	22	50	23	61	24	54	25	50	26	56	27	59	28	55	29	55	
	0	47	1	35	2	45	3	41	4	35	5	40	6	37	7	37	8	42	9	51	10	54	11	36	12	39	13	44	14	45	15	36	16	40	17	36	18	53	19	54	20	36	21	51	22	50	23	40	24	38	25	43	26	54	27	50	28	36	29	47	
	0	63	1	69	2	57	3	65	4	60	5	69	6	62	7	56	8	52	9	62	10	70	11	57	12	60	13	61	14	53	15	59	16	61	17	67	18	62	19	52	20	60	21	56	22	63	23	54	24	70	25	58	26	59	27	51	28	69	29	54	
	0	59	1	58	2	57	3	70	4	70	5	56	6	70	7	71	8	55	9	69	10	62	11	66	12	71	13	69	14	59	15	54	16	58	17	65	18	68	19	53	20	58	21	69	22	56	23	65	24	64	25	56	26	61	27	61	28	61	29	59	
	0	54	1	50	2	58	3	46	4	47	5	50	6	62	7	57	8	61	9	52	10	47	11	48	12	51	13	49	14	56	15	56	16	53	17	59	18	55	19	52	20	62	21	65	22	61	23	61	24	46	25	65	26	57	27	52	28	51	29	61	
	0	11	1	11	2	9	3	11	4	12	5	20	6	20	7	12	8	7	9	8	10	13	11	19	12	7	13	10	14	23	15	10	16	17	17	14	18	18	19	17	20	22	21	10	22	17	23	9	24	10	25	17	26	9	27	18	28	17	29	8	
	0	38	1	50	2	45	3	45	4	46	5	43	6	35	7	34	8	42	9	49	10	53	11	53	12	46	13	53	14	42	15	37	16	44	17	51	18	38	19	53	20	42	21	43	22	45	23	35	24	53	25	50	26	44	27	49	28	48	29	51	
	0	97	1	101	2	99	3	102	4	106	5	98	6	106	7	102	8	107	9	101	10	102	11	98	12	98	13	95	14	99	15	100	16	103	17	92	18	101	19	104	20	97	21	99	22	90	23	90	24	97	25	104	26	106	27	98	28	89	29	103	
	0	59	1	61	2	61	3	65	4	47	5	65	6	62	7	49	8	64	9	50	10	64	11	57	12	47	13	51	14	58	15	55	16	55	17	51	18	54	19	62	20	62	21	63	22	54	23	63	24	56	25	63	26	59	27	51	28	61	29	54	
	0	67	1	71	2	68	3	55	4	59	5	65	6	63	7	57	8	54	9	61	10	53	11	67	12	61	13	63	14	59	15	56	16	53	17	60	18	62	19	64	20	53	21	56	22	69	23	62	24	65	25	71	26	67	27	54	28	54	29	66	
	0	46	1	45	2	36	3	47	4	51	5	41	6	37	7	47	8	52	9	38	10	44	11	45	12	54	13	49	14	50	15	39	16	43	17	51	18	45	19	53	20	51	21	42	22	42	23	35	24	54	25	38	26	42	27	46	28	40	29	48	
	0	20	1	28	2	12	3	14	4	13	5	29	6	13	7	22	8	28	9	28	10	23	11	20	12	12	13	23	14	10	15	15	16	20	17	24	18	24	19	20	20	10	21	13	22	24	23	23	24	20	25	27	26	28	27	28	28	15	29	26	
	0	94	1	87	2	85	3	90	4	98	5	88	6	88	7	84	8	94	9	94	10	93	11	88	12	96	13	94	14	93	15	81	16	80	17	83	18	83	19	94	20	89	21	98	22	86	23	89	24	93	25	87	26	99	27	95	28	85	29	88	
	0	18	1	9	2	21	3	14	4	16	5	18	6	17	7	27	8	9	9	11	10	23	11	16	12	18	13	21	14	23	15	10	16	24	17	14	18	23	19	13	20	9	21	10	22	26	23	18	24	15	25	9	26	17	27	10	28	25	29	20	
	0	46	1	37	2	32	3	41	4	50	5	35	6	36	7	46	8	41	9	33	10	45	11	35	12	41	13	42	14	40	15	48	16	37	17	35	18	35	19	42	20	46	21	48	22	35	23	39	24	49	25	42	26	49	27	47	28	46	29	48	
	0	54	1	49	2	42	3	45	4	49	5	39	6	47	7	46	8	46	9	41	10	41	11	53	12	52	13	53	14	41	15	41	16	50	17	40	18	43	19	51	20	56	21	52	22	50	23	47	24	38	25	38	26	55	27	49	28	44	29	47	
	0	34	1	39	2	26	3	39	4	34	5	35	6	43	7	33	8	26	9	34	10	40	11	30	12	30	13	36	14	45	15	42	16	45	17	41	18	39	19	32	20	38	21	37	22	41	23	43	24	39	25	43	26	27	27	35	28	29	29	26	
	0	52	1	52	2	59	3	50	4	48	5	57	6	63	7	62	8	57	9	48	10	62	11	66	12	63	13	67	14	59	15	48	16	58	17	64	18	61	19	50	20	51	21	56	22	51	23	60	24	49	25	59	26	58	27	53	28	53	29	49	
	0	52	1	38	2	51	3	50	4	48	5	52	6	37	7	49	8	55	9	36	10	53	11	52	12	52	13	41	14	50	15	50	16	44	17	42	18	38	19	51	20	46	21	40	22	38	23	37	24	48	25	48	26	55	27	41	28	41	29	42	
	0	30	1	18	2	20	3	29	4	24	5	30	6	18	7	30	8	31	9	18	10	19	11	13	12	28	13	23	14	22	15	22	16	21	17	25	18	19	19	13	20	13	21	16	22	25	23	26	24	12	25	14	26	28	27	13	28	19	29	25	
	0	48	1	47	2	47	3	32	4	41	5	45	6	31	7	49	8	40	9	36	10	31	11	32	12	32	13	36	14	46	15	32	16	45	17	36	18	39	19	44	20	44	21	33	22	43	23	48	24	49	25	44	26	42	27	33	28	44	29	45	
	0	52	1	47	2	34	3	53	4	49	5	38	6	53	7	51	8	51	9	52	10	38	11	44	12	48	13	34	14	41	15	40	16	50	17	34	18	41	19	36	20	48	21	50	22	38	23	39	24	40	25	45	26	52	27	51	28	47	29	43	
	0	104	1	107	2	91	3	103	4	94	5	92	6	105	7	103	8	106	9	106	10	99	11	104	12	105	13	99	14	106	15	92	16	95	17	95	18	96	19	91	20	95	21	97	22	108	23	105	24	99	25	100	26	105	27	106	28	93	29	94	
	0	35	1	29	2	47	3	35	4	43	5	47	6	43	7	47	8	38	9	38	10	43	11	42	12	38	13	43	14	47	15	35	16	38	17	47	18	47	19	34	20	34	21	40	22	38	23	32	24	32	25	35	26	43	27	47	28	45	29	47	
	0	42	1	46	2	48	3	29	4	43	5	36	6	38	7	31	8	47	9	40	10	40	11	48	12	46	13	46	14	31	15	29	16	42	17	48	18	39	19	43	20	43	21	48	22	32	23	36	24	31	25	45	26	47	27	41	28	29	29	37	
	0	51	1	58	2	58	3	47	4	46	5	54	6	57	7	58	8	43	9	47	10	58	11	56	12	48	13	55	14	59	15	46	16	44	17	51	18	46	19	46	20	56	21	46	22	45	23	52	24	59	25	60	26	51	27	46	28	55	29	57	
	0	76	1	69	2	81	3	67	4	78	5	80	6	66	7	78	8	63	9	72	10	71	11	77	12	77	13	70	14	73	15	65	16	67	17	69	18	72	19	71	20	71	21	76	22	78	23	71	24	71	25	77	26	63	27	81	28	69	29	66	
	0	76	1	91	2	90	3	82	4	82	5	82	6	76	7	80	8	79	9	85	10	76	11	78	12	79	13	91	14	75	15	87	16	80	17	73	18	83	19	78	20	83	21	73	22	79	23	79	24	87	25	80	26	77	27	84	28	75	29	87	
	0	59	1	58	2	67	3	63	4	68	5	59	6	55	7	66	8	68	9	61	10	52	11	62	12	63	13	60	14	59	15	64	16	58	17	52	18	62	19	58	20	54	21	64	22	60	23	59	24	51	25	65	26	64	27	68	28	68	29	55	
	0	89	1	94	2	101	3	88	4	92	5	90	6	98	7	89	8	87	9	92	10	104	11	93	12	89	13	101	14	93	15	98	16	92	17	95	18	99	19	86	20	88	21	101	22	98	23	85	24	104	25	90	26	99	27	85	28	94	29	99	
	0	40	1	33	2	35	3	26	4	21	5	25	6	35	7	36	8	40	9	26	10	35	11	23	12	36	13	29	14	36	15	21	16	34	17	35	18	37	19	39	20	28	21	40	22	33	23	39	24	25	25	33	26	31	27	27	28	25	29	39	
	0	30	1	34	2	45	3	39	4	37	5	37	6	36	7	47	8	34	9	38	10	34	11	46	12	45	13	34	14	44	15	37	16	30	17	43	18	41	19	39	20	39	21	39	22	44	23	45	24	46	25	31	26	37	27	32	28	41	29	35	
	0	92	1	81	2	84	3	82	4	81	5	84	6	85	7	87	8	85	9	89	10	85	11	79	12	88	13	75	14	85	15	91	16	91	17	74	18	78	19	89	20	82	21	92	22	92	23	81	24	90	25	82	26	87	27	89	28	83	29	76	
	0	32	1	38	2	24	3	33	4	35	5	34	6	22	7	37	8	25	9	27	10	34	11	33	12	27	13	34	14	38	15	30	16	31	17	21	18	28	19	38	20	36	21	33	22	23	23	31	24	32	25	21	26	25	27	26	28	29	29	28	
	0	36	1	44	2	44	3	41	4	34	5	51	6	51	7	48	8	38	9	35	10	34	11	46	12	46	13	38	14	33	15	45	16	40	17	32	18	33	19	51	20	44	21	51	22	42	23	43	24	33	25	37	26	46	27	41	28	44	29	45	
	0	80	1	82	2	77	3	80	4	83	5	69	6	80	7	67	8	82	9	72	10	82	11	72	12	69	13	76	14	79	15	69	16	78	17	77	18	82	19	78	20	77	21	81	22	70	23	73	24	74	25	82	26	76	27	69	28	81	29	74	
	0	48	1	39	2	53	3	54	4	45	5	48	6	45	7	45	8	53	9	45	10	52	11	54	12	52	13	43	14	45	15	37	16	54	17	45	18	48	19	39	20	37	21	47	22	38	23	45	24	35	25	52	26	51	27	43	28	47	29	47	
	0	22	1	25	2	34	3	33	4	27	5	38	6	28	7	34	8	24	9	19	10	34	11	30	12	20	13	37	14	37	15	21	16	34	17	37	18	38	19	23	20	35	21	30	22	34	23	22	24	38	25	20	26	33	27	21	28	22	29	25	
	0	90	1	98	2	98	3	94	4	90	5	96	6	88	7	103	8	105	9	98	10	94	11	95	12	98	13	103	14	96	15	90	16	95	17	99	18	98	19	97	20	105	21	88	22	102	23	90	24	105	25	104	26	95	27	89	28	86	29	87	
	0	12	1	7	2	15	3	13	4	19	5	22	6	20	7	11	8	6	9	11	10	17	11	7	12	8	13	19	14	21	15	13	16	22	17	10	18	10	19	19	20	13	21	19	22	6	23	6	24	13	25	11	26	16	27	7	28	23	29	13	
	0	98	1	82	2	98	3	83	4	86	5	98	6	85	7	95	8	90	9	94	10	85	11	89	12	80	13	92	14	95	15	87	16	82	17	91	18	89	19	96	20	96	21	80	22	83	23	93	24	94	25	82	26	97	27	88	28	92	29	97	
	0	73	1	86	2	84	3	83	4	75	5	72	6	76	7	75	8	83	9	82	10	74	11	71	12	78	13	71	14	75	15	83	16	80	17	74	18	69	19	85	20	86	21	80	22	84	23	88	24	72	25	78	26	69	27	81	28	74	29	82	
	0	39	1	38	2	42	3	51	4	57	5	45	6	38	7	38	8	39	9	49	10	50	11	41	12	54	13	50	14	51	15	51	16	38	17	47	18	48	19	39	20	39	21	45	22	54	23	38	24	55	25	49	26	45	27	50	28	57	29	45	
	0	76	1	65	2	74	3	77	4	76	5	63	6	64	7	68	8	72	9	59	10	74	11	67	12	75	13	70	14	76	15	64	16	65	17	58	18	59	19	71	20	77	21	76	22	64	23	66	24	58	25	66	26	65	27	74	28	71	29	69	
	0	96	1	97	2	92	3	94	4	100	5	91	6	91	7	98	8	86	9	86	10	100	11	96	12	100	13	83	14	100	15	82	16	85	17	91	18	88	19	84	20	91	21	98	22	83	23	91	24	100	25	100	26	84	27	95	28	97	29	81	
	0	17	1	26	2	30	3	19	4	22	5	27	6	24	7	19	8	23	9	21	10	29	11	15	12	20	13	27	14	16	15	17	16	31	17	13	18	28	19	18	20	20	21	17	22	29	23	26	24	18	25	24	26	22	27	30	28	13	29	16	
	0	53	1	55	2	67	3	54	4	54	5	62	6	53	7	55	8	60	9	69	10	51	11	65	12	64	13	51	14	54	15	50	16	51	17	64	18	57	19	50	20	57	21	50	22	69	23	58	24	63	25	54	26	50	27	65	28	58	29	57	
	0	75	1	81	2	84	3	73	4	75	5	88	6	87	7	88	8	74	9	88	10	88	11	83	12	90	13	87	14	90	15	83	16	82	17	80	18	81	19	92	20	75	21	77	22	86	23	80	24	74	25	77	26	75	27	88	28	73	29	80	
	0	103	1	112	2	95	3	109	4	104	5	95	6	96	7	106	8	105	9	97	10	99	11	95	12	110	13	99	14	111	15	111	16	107	17	95	18	99	19	96	20	99	21	100	22	101	23	103	24	111	25	96	26	104	27	112	28	111	29	106	
	0	93	1	102	2	103	3	99	4	92	5	92	6	96	7	103	8	95	9	88	10	96	11	89	12	86	13	99	14	98	15	89	16	103	17	93	18	84	19	84	20	96	21	88	22	92	23	102	24	100	25	86	26	84	27	100	28	98	29	102	
	0	54	1	58	2	56	3	51	4	50	5	61	6	63	7	48	8	46	9	51	10	50	11	49	12	63	13	55	14	47	15	53	16	60	17	64	18	56	19	49	20	56	21	63	22	62	23	62	24	56	25	50	26	61	27	47	28	59	29	48	
	0	52	1	51	2	64	3	50	4	50	5	63	6	49	7	51	8	57	9	62	10	49	11	50	12	65	13	52	14	57	15	61	16	50	17	51	18	66	19	53	20	62	21	66	22	47	23	64	24	55	25	55	26	55	27	60	28	48	29	54	
	0	110	1	113	2	118	3	99	4	117	5	108	6	99	7	104	8	116	9	108	10	118	11	117	12	100	13	118	14	100	15	110	16	118	17	99	18	113	19	113	20	114	21	105	22	106	23	117	24	108	25	99	26	99	27	109	28	116	29	116	
	0	102	1	98	2	89	3	100	4	97	5	95	6	91	7	90	8	100	9	104	10	86	11	105	12	100	13	93	14	92	15	97	16	102	17	87	18	87	19	105	20	91	21	87	22	98	23	91	24	94	25	102	26	101	27	104	28	88	29	92	
	0	87	1	83	2	83	3	93	4	88	5	91	6	86	7	94	8	88	9	92	10	102	11	91	12	100	13	94	14	88	15	91	16	89	17	91	18	91	19	83	20	89	21	89	22	86	23	93	24	88	25	96	26	99	27	95	28	87	29	95	
	0	50	1	55	2	60	3	50	4	49	5	52	6	62	7	60	8	50	9	58	10	58	11	44	12	63	13	56	14	60	15	55	16	45	17	55	18	47	19	51	20	48	21	62	22	53	23	52	24	44	25	48	26	55	27	55	28	60	29	45	
	0	96	1	83	2	85	3	101	4	94	5	102	6	83	7	85	8	83	9	98	10	90	11	84	12	84	13	98	14	99	15	85	16	93	17	84	18	85	19	83	20	86	21	96	22	84	23	100	24	92	25	92	26	92	27	95	28	90	29	84	
	0	44	1	40	2	41	3	40	4	52	5	42	6	47	7	46	8	53	9	35	10	49	11	41	12	37	13	36	14	42	15	43	16	47	17	36	18	42	19	45	20	40	21	47	22	54	23	53	24	41	25	35	26	45	27	48	28	53	29	47	
	0	90	1	81	2	79	3	84	4	82	5	87	6	93	7	95	8	81	9	93	10	90	11	97	12	91	13	88	14	84	15	90	16	89	17	86	18	80	19	83	20	98	21	79	22	97	23	93	24	79	25	84	26	87	27	81	28	91	29	98	
	0	68	1	75	2	69	3	71	4	79	5	75	6	82	7	70	8	82	9	71	10	67	11	83	12	66	13	66	14	76	15	79	16	78	17	83	18	79	19	70	20	81	21	72	22	69	23	74	24	81	25	79	26	67	27	72	28	73	29	83	
	0	55	1	48	2	48	3	55	4	46	5	59	6	52	7	60	8	58	9	56	10	54	11	65	12	56	13	62	14	57	15	54	16	55	17	54	18	59	19	59	20	62	21	63	22	61	23	54	24	54	25	62	26	54	27	64	28	58	29	65	
	0	39	1	34	2	42	3	32	4	40	5	32	6	48	7	49	8	30	9	33	10	38	11	38	12	31	13	49	14	39	15	46	16	39	17	42	18	39	19	40	20	42	21	47	22	48	23	35	24	38	25	30	26	45	27	43	28	43	29	42	
	0	30	1	34	2	21	3	25	4	25	5	18	6	30	7	20	8	24	9	19	10	29	11	25	12	19	13	34	14	23	15	16	16	33	17	31	18	20	19	22	20	20	21	32	22	29	23	30	24	20	25	27	26	33	27	23	28	19	29	17	
	0	40	1	46	2	46	3	43	4	42	5	42	6	30	7	35	8	41	9	46	10	46	11	41	12	40	13	45	14	37	15	30	16	36	17	37	18	27	19	30	20	34	21	46	22	36	23	29	24	31	25	36	26	32	27	41	28	27	29	43	
	0	101	1	105	2	91	3	89	4	93	5	100	6	101	7	89	8	97	9	90	10	108	11	105	12	103	13	105	14	103	15	103	16	94	17	92	18	101	19	107	20	94	21	97	22	92	23	103	24	96	25	106	26	93	27	95	28	106	29	107	
	0	59	1	57	2	68	3	53	4	70	5	68	6	67	7	65	8	63	9	60	10	66	11	67	12	59	13	57	14	63	15	54	16	71	17	64	18	72	19	59	20	67	21	69	22	62	23	65	24	72	25	65	26	53	27	61	28	71	29	53	
	0	20	1	23	2	37	3	25	4	32	5	21	6	27	7	31	8	23	9	23	10	36	11	25	12	36	13	36	14	25	15	36	16	29	17	20	18	36	19	28	20	25	21	32	22	34	23	38	24	34	25	29	26	38	27	22	28	30	29	20	
	0	40	1	37	2	31	3	33	4	33	5	45	6	44	7	26	8	36	9	43	10	29	11	37	12	32	13	40	14	30	15	27	16	42	17	30	18	40	19	27	20	34	21	43	22	26	23	39	24	26	25	43	26	33	27	34	28	37	29	31	
	0	41	1	36	2	44	3	40	4	47	5	49	6	48	7	46	8	36	9	47	10	50	11	44	12	37	13	39	14	40	15	44	16	44	17	36	18	48	19	40	20	45	21	40	22	49	23	50	24	35	25	50	26	37	27	37	28	46	29	38	
	0	110	1	114	2	115	3	119	4	109	5	100	6	118	7	108	8	114	9	109	10	114	11	102	12	117	13	113	14	114	15	113	16	110	17	117	18	119	19	107	20	113	21	112	22	107	23	101	24	106	25	104	26	100	27	106	28	104	29	117	
	0	50	1	68	2	62	3	53	4	66	5	69	6	68	7	61	8	60	9	65	10	54	11	50	12	52	13	69	14	53	15	67	16	63	17	54	18	51	19	67	20	61	21	55	22	68	23	61	24	57	25	66	26	52	27	68	28	55	29	54	
	0	67	1	58	2	58	3	50	4	50	5	57	6	57	7	59	8	61	9	57	10	65	11	59	12	65	13	58	14	66	15	61	16	66	17	52	18	61	19	62	20	69	21	56	22	51	23	54	24	51	25	62	26	61	27	69	28	66	29	54	
	0	16	1	13	2	19	3	18	4	20	5	28	6	25	7	32	8	23	9	28	10	15	11	16	12	29	13	30	14	30	15	29	16	27	17	17	18	22	19	17	20	23	21	20	22	31	23	21	24	30	25	25	26	27	27	18	28	17	29	15	
	0	2	1	8	2	16	3	7	4	11	5	18	6	12	7	9	8	20	9	10	10	17	11	10	12	9	13	6	14	15	15	7	16	20	17	5	18	7	19	18	20	15	21	4	22	5	23	20	24	21	25	11	26	8	27	19	28	2	29	11	
	0	104	1	91	2	89	3	102	4	104	5	87	6	88	7	90	8	104	9	97	10	90	11	97	12	92	13	94	14	90	15	94	16	104	17	89	18	101	19	94	20	94	21	98	22	101	23	92	24	100	25	100	26	91	27	91	28	103	29	92	
	0	27	1	20	2	21	3	13	4	30	5	23	6	18	7	12	8	13	9	24	10	31	11	24	12	30	13	16	14	14	15	27	16	19	17	27	18	24	19	16	20	29	21	29	22	21	23	16	24	19	25	21	26	30	27	19	28	13	29	28	
	0	89	1	85	2	78	3	81	4	77	5	87	6	74	7	78	8	78	9	79	10	84	11	72	12	85	13	79	14	84	15	89	16	80	17	81	18	79	19	88	20	79	21	83	22	82	23	80	24	88	25	71	26	76	27	86	28	88	29	86	
	0	32	1	40	2	27	3	37	4	38	5	44	6	31	7	26	8	29	9	44	10	42	11	34	12	27	13	39	14	37	15	35	16	40	17	42	18	36	19	35	20	31	21	44	22	41	23	34	24	44	25	30	26	34	27	42	28	41	29	28	
	0	26	1	22	2	19	3	21	4	26	5	31	6	28	7	33	8	27	9	26	10	32	11	34	12	35	13	32	14	26	15	18	16	33	17	26	18	34	19	18	20	29	21	36	22	35	23	32	24	34	25	21	26	28	27	29	28	25	29	24	
	0	85	1	84	2	71	3	75	4	76	5	88	6	82	7	77	8	75	9	83	10	76	11	77	12	80	13	70	14	87	15	88	16	84	17	70	18	74	19	74	20	83	21	76	22	80	23	78	24	69	25	71	26	71	27	81	28	79	29	77	
	0	31	1	27	2	36	3	41	4	26	5	35	6	39	7	28	8	37	9	35	10	28	11	35	12	42	13	31	14	26	15	42	16	42	17	32	18	33	19	24	20	42	21	25	22	40	23	26	24	30	25	25	26	38	27	25	28	24	29	40	
	0	114	1	108	2	106	3	105	4	115	5	111	6	112	7	109	8	113	9	117	10	100	11	109	12	113	13	103	14	102	15	100	16	117	17	100	18	103	19	109	20	109	21	102	22	112	23	115	24	117	25	107	26	106	27	115	28	100	29	109	
	0	95	1	97	2	79	3	93	4	93	5	83	6	95	7	85	8	84	9	94	10	96	11	79	12	79	13	96	14	84	15	89	16	82	17	97	18	87	19	85	20	95	21	89	22	80	23	84	24	95	25	85	26	93	27	81	28	95	29	90	
	0	3	1	2	2	5	3	12	4	20	5	19	6	14	7	9	8	16	9	5	10	13	11	21	12	3	13	16	14	4	15	12	16	19	17	17	18	21	19	9	20	20	21	17	22	3	23	13	24	13	25	17	26	10	27	16	28	20	29	16	
	0	104	1	107	2	99	3	99	4	118	5	107	6	104	7	114	8	113	9	113	10	114	11	99	12	108	13	107	14	117	15	113	16	106	17	112	18	115	19	112	20	102	21	105	22	116	23	115	24	102	25	109	26	116	27	100	28	103	29	109	
	0	87	1	99	2	89	3	91	4	95	5	102	6	106	7	105	8	90	9	99	10	97	11	103	12	92	13	91	14	89	15	102	16	88	17	100	18	97	19	95	20	99	21	95	22	93	23	100	24	90	25	100	26	99	27	92	28	94	29	96	
	0	46	1	44	2	50	3	40	4	48	5	35	6	35	7	48	8	51	9	42	10	38	11	47	12	41	13	50	14	35	15	46	16	46	17	43	18	36	19	37	20	49	21	41	22	39	23	33	24	32	25	46	26	33	27	40	28	41	29	32	
	0	85	1	84	2	82	3	92	4	81	5	81	6	87	7	83	8	88	9	93	10	99	11	97	12	100	13	85	14	85	15	99	16	99	17	87	18	97	19	92	20	94	21	90	22	96	23	84	24	81	25	86	26	85	27	95	28	83	29	81	
	0	78	1	76	2	70	3	73	4	72	5	82	6	74	7	70	8	70	9	85	10	81	11	66	12	80	13	66	14	82	15	72	16	72	17	85	18	78	19	78	20	74	21	68	22	76	23	68	24	78	25	81	26	83	27	73	28	71	29	77	
	0	17	1	6	2	12	3	3	4	12	5	19	6	6	7	15	8	9	9	8	10	4	11	20	12	3	13	3	14	16	15	16	16	16	17	13	18	3	19	11	20	21	21	12	22	3	23	17	24	18	25	10	26	4	27	11	28	8	29	5	
	0	5	1	9	2	16	3	15	4	19	5	8	6	4	7	20	8	11	9	18	10	5	11	20	12	15	13	17	14	12	15	9	16	9	17	11	18	5	19	22	20	4	21	7	22	10	23	10	24	7	25	16	26	18	27	22	28	16	29	3	
	0	93	1	85	2	96	3	92	4	91	5	98	6	100	7	88	8	89	9	88	10	83	11	101	12	89	13	87	14	93	15	93	16	102	17	84	18	83	19	101	20	84	21	102	22	83	23	96	24	98	25	98	26	88	27	91	28	96	29	91	
	0	94	1	84	2	101	3	86	4	87	5	89	6	86	7	103	8	100	9	91	10	89	11	100	12	101	13	89	14	92	15	99	16	99	17	100	18	93	19	103	20	99	21	101	22	103	23	103	24	97	25	100	26	85	27	86	28	98	29	98	
	0	96	1	104	2	101	3	95	4	106	5	107	6	94	7	88	8	93	9	89	10	102	11	93	12	99	13	95	14	106	15	89	16	99	17	104	18	90	19	98	20	104	21	92	22	97	23	93	24	94	25	105	26	91	27	101	28	89	29	94	
	0	28	1	39	2	29	3	33	4	25	5	25	6	35	7	25	8	31	9	37	10	30	11	38	12	38	13	39	14	42	15	37	16	28	17	29	18	33	19	28	20	25	21	25	22	38	23	35	24	37	25	44	26	31	27	44	28	36	29	37	
	0	61	1	55	2	57	3	55	4	54	5	56	6	61	7	71	8	71	9	64	10	65	11	57	12	56	13	59	14	53	15	63	16	53	17	57	18	53	19	70	20	62	21	60	22	66	23	59	24	60	25	61	26	60	27	61	28	53	29	72	
	0	13	1	12	2	19	3	26	4	13	5	13	6	14	7	23	8	26	9	30	10	16	11	25	12	22	13	12	14	30	15	21	16	15	17	14	18	15	19	13	20	13	21	19	22	27	23	15	24	24	25	14	26	30	27	26	28	15	29	30	
	0	98	1	110	2	98	3	105	4	114	5	117	6	104	7	110	8	110	9	117	10	112	11	114	12	113	13	113	14	102	15	116	16	100	17	104	18	103	19	108	20	110	21	111	22	107	23	102	24	115	25	112	26	106	27	104	28	114	29	100	
	0	83	1	88	2	80	3	90	4	81	5	93	6	77	7	77	8	76	9	75	10	86	11	77	12	83	13	85	14	85	15	75	16	90	17	77	18	88	19	77	20	80	21	85	22	79	23	82	24	81	25	94	26	88	27	83	28	78	29	75	
	0	82	1	86	2	86	3	95	4	98	5	99	6	95	7	99	8	80	9	86	10	86	11	89	12	92	13	96	14	86	15	96	16	94	17	87	18	82	19	91	20	88	21	81	22	81	23	84	24	94	25	89	26	90	27	95	28	87	29	98	
	0	73	1	77	2	64	3	79	4	81	5	67	6	65	7	67	8	80	9	78	10	75	11	80	12	75	13	79	14	81	15	80	16	63	17	70	18	78	19	63	20	63	21	62	22	80	23	68	24	77	25	74	26	75	27	67	28	72	29	79	
	0	99	1	105	2	98	3	108	4	113	5	115	6	112	7	113	8	102	9	110	10	110	11	107	12	101	13	112	14	104	15	109	16	104	17	108	18	108	19	112	20	100	21	110	22	106	23	103	24	109	25	106	26	111	27	102	28	112	29	110	
	0	27	1	27	2	26	3	17	4	15	5	18	6	24	7	33	8	21	9	18	10	24	11	29	12	15	13	21	14	19	15	22	16	26	17	17	18	26	19	19	20	16	21	29	22	25	23	33	24	19	25	32	26	23	27	25	28	15	29	15	
	0	91	1	102	2	107	3	94	4	102	5	93	6	105	7	107	8	95	9	97	10	92	11	100	12	108	13	107	14	93	15	107	16	94	17	100	18	100	19	95	20	91	21	104	22	106	23	96	24	106	25	97	26	99	27	102	28	108	29	103	
	0	92	1	93	2	107	3	99	4	94	5	104	6	105	7	94	8	92	9	92	10	106	11	109	12	102	13	92	14	98	15	91	16	92	17	107	18	105	19	109	20	95	21	101	22	105	23	91	24	91	25	93	26	100	27	100	28	96	29	95	
	0	67	1	75	2	72	3	69	4	72	5	62	6	66	7	58	8	67	9	60	10	61	11	58	12	65	13	77	14	66	15	64	16	70	17	71	18	75	19	77	20	69	21	61	22	77	23	65	24	66	25	72	26	60	27	66	28	65	29	77	