200 40 1
40
	0	95	1	95	2	103	3	105	4	101	5	102	6	105	7	107	8	110	9	112	10	106	11	108	12	106	13	106	14	108	15	104	16	107	17	109	18	111	19	102	20	112	21	94	22	100	23	111	24	112	25	99	26	107	27	107	28	108	29	107	30	97	31	112	32	111	33	99	34	103	35	104	36	103	37	105	38	102	39	112	
	0	30	1	16	2	31	3	29	4	25	5	33	6	31	7	18	8	31	9	31	10	29	11	21	12	18	13	24	14	16	15	15	16	18	17	29	18	28	19	18	20	18	21	33	22	18	23	29	24	20	25	24	26	19	27	32	28	24	29	14	30	19	31	18	32	23	33	24	34	27	35	31	36	21	37	16	38	22	39	17	
	0	56	1	59	2	60	3	62	4	54	5	68	6	53	7	71	8	70	9	70	10	59	11	58	12	59	13	60	14	67	15	65	16	64	17	67	18	54	19	61	20	69	21	70	22	66	23	65	24	68	25	69	26	71	27	60	28	57	29	66	30	53	31	71	32	63	33	65	34	71	35	59	36	70	37	69	38	55	39	67	
	0	43	1	31	2	38	3	27	4	35	5	40	6	32	7	27	8	36	9	39	10	38	11	43	12	40	13	30	14	41	15	35	16	29	17	35	18	45	19	29	20	30	21	31	22	31	23	27	24	35	25	40	26	44	27	44	28	38	29	44	30	27	31	43	32	36	33	42	34	46	35	37	36	41	37	37	38	29	39	44	
	0	45	1	51	2	46	3	47	4	37	5	47	6	44	7	53	8	38	9	38	10	51	11	40	12	52	13	37	14	38	15	38	16	46	17	54	18	37	19	46	20	45	21	49	22	44	23	46	24	48	25	47	26	46	27	51	28	53	29	46	30	52	31	38	32	52	33	54	34	52	35	55	36	52	37	42	38	41	39	56	
	0	52	1	51	2	49	3	57	4	46	5	53	6	43	7	48	8	50	9	58	10	46	11	44	12	41	13	58	14	50	15	47	16	55	17	48	18	57	19	51	20	45	21	41	22	53	23	44	24	58	25	55	26	51	27	45	28	53	29	39	30	41	31	40	32	56	33	57	34	39	35	51	36	56	37	48	38	47	39	52	
	0	75	1	83	2	79	3	80	4	72	5	77	6	76	7	81	8	86	9	80	10	87	11	69	12	88	13	83	14	82	15	83	16	83	17	76	18	72	19	70	20	78	21	70	22	81	23	80	24	75	25	87	26	76	27	80	28	69	29	79	30	83	31	78	32	77	33	77	34	82	35	82	36	72	37	73	38	77	39	81	
	0	14	1	15	2	19	3	5	4	19	5	12	6	20	7	14	8	5	9	15	10	7	11	9	12	10	13	23	14	9	15	9	16	10	17	14	18	13	19	10	20	6	21	15	22	13	23	11	24	15	25	4	26	8	27	12	28	6	29	22	30	14	31	16	32	18	33	17	34	11	35	16	36	11	37	21	38	22	39	4	
	0	63	1	55	2	64	3	67	4	58	5	64	6	63	7	54	8	49	9	50	10	52	11	55	12	65	13	58	14	49	15	57	16	65	17	54	18	61	19	51	20	54	21	63	22	51	23	67	24	58	25	50	26	61	27	63	28	53	29	56	30	63	31	48	32	58	33	57	34	52	35	65	36	52	37	57	38	64	39	57	
	0	44	1	50	2	41	3	50	4	52	5	45	6	50	7	48	8	36	9	44	10	45	11	53	12	53	13	52	14	51	15	34	16	43	17	45	18	40	19	49	20	36	21	34	22	50	23	53	24	44	25	53	26	53	27	43	28	40	29	37	30	37	31	41	32	47	33	46	34	37	35	49	36	45	37	43	38	45	39	47	
	0	94	1	100	2	97	3	109	4	101	5	95	6	108	7	97	8	97	9	96	10	95	11	95	12	103	13	98	14	91	15	92	16	95	17	93	18	93	19	103	20	92	21	104	22	97	23	99	24	95	25	97	26	93	27	106	28	109	29	101	30	91	31	104	32	92	33	109	34	109	35	95	36	98	37	91	38	102	39	103	
	0	44	1	59	2	62	3	60	4	48	5	51	6	55	7	51	8	62	9	59	10	63	11	62	12	53	13	61	14	51	15	62	16	58	17	62	18	52	19	47	20	58	21	53	22	58	23	47	24	45	25	44	26	49	27	57	28	58	29	48	30	48	31	52	32	54	33	49	34	60	35	51	36	47	37	58	38	59	39	49	
	0	95	1	94	2	90	3	89	4	80	5	89	6	76	7	95	8	79	9	83	10	92	11	89	12	91	13	86	14	93	15	88	16	95	17	93	18	88	19	81	20	82	21	81	22	95	23	92	24	93	25	81	26	79	27	92	28	92	29	90	30	93	31	87	32	78	33	95	34	88	35	88	36	91	37	90	38	77	39	79	
	0	90	1	95	2	99	3	104	4	94	5	98	6	90	7	90	8	98	9	93	10	98	11	93	12	89	13	89	14	104	15	102	16	97	17	88	18	93	19	91	20	105	21	105	22	103	23	104	24	87	25	91	26	99	27	96	28	105	29	96	30	86	31	96	32	89	33	96	34	95	35	99	36	91	37	97	38	90	39	97	
	0	90	1	100	2	97	3	94	4	96	5	102	6	96	7	95	8	101	9	92	10	87	11	89	12	91	13	102	14	99	15	86	16	92	17	102	18	92	19	98	20	100	21	97	22	99	23	83	24	93	25	96	26	93	27	98	28	93	29	93	30	102	31	93	32	83	33	91	34	93	35	95	36	83	37	83	38	96	39	101	
	0	81	1	88	2	77	3	79	4	95	5	92	6	84	7	89	8	80	9	78	10	91	11	89	12	95	13	88	14	96	15	95	16	82	17	93	18	95	19	90	20	88	21	81	22	94	23	87	24	84	25	78	26	84	27	77	28	89	29	93	30	80	31	88	32	79	33	90	34	77	35	88	36	95	37	85	38	92	39	91	
	0	68	1	65	2	70	3	68	4	70	5	56	6	58	7	73	8	59	9	57	10	65	11	58	12	71	13	68	14	60	15	59	16	62	17	71	18	57	19	65	20	65	21	72	22	60	23	70	24	66	25	63	26	59	27	62	28	62	29	73	30	58	31	61	32	71	33	63	34	56	35	72	36	70	37	58	38	70	39	70	
	0	33	1	46	2	38	3	37	4	46	5	33	6	50	7	49	8	50	9	49	10	38	11	46	12	50	13	36	14	41	15	43	16	33	17	33	18	48	19	51	20	52	21	42	22	51	23	51	24	46	25	42	26	46	27	35	28	48	29	38	30	51	31	45	32	37	33	46	34	50	35	39	36	38	37	45	38	41	39	42	
	0	69	1	73	2	64	3	75	4	69	5	61	6	62	7	76	8	73	9	78	10	72	11	67	12	64	13	80	14	71	15	79	16	78	17	69	18	80	19	66	20	78	21	68	22	67	23	77	24	71	25	66	26	62	27	77	28	62	29	73	30	73	31	77	32	78	33	65	34	80	35	72	36	64	37	75	38	76	39	70	
	0	107	1	115	2	106	3	96	4	111	5	97	6	107	7	112	8	105	9	100	10	114	11	104	12	112	13	101	14	112	15	106	16	111	17	107	18	102	19	102	20	101	21	113	22	98	23	99	24	110	25	106	26	108	27	115	28	103	29	104	30	101	31	111	32	114	33	110	34	103	35	100	36	99	37	104	38	99	39	99	
	0	39	1	53	2	51	3	50	4	50	5	38	6	49	7	49	8	54	9	40	10	38	11	56	12	53	13	38	14	48	15	42	16	41	17	37	18	42	19	47	20	53	21	56	22	46	23	39	24	46	25	53	26	43	27	38	28	53	29	47	30	46	31	44	32	54	33	53	34	46	35	40	36	51	37	39	38	42	39	48	
	0	37	1	35	2	53	3	52	4	52	5	47	6	54	7	39	8	44	9	40	10	49	11	50	12	43	13	53	14	49	15	38	16	38	17	42	18	37	19	50	20	44	21	37	22	39	23	51	24	41	25	54	26	43	27	47	28	35	29	38	30	48	31	46	32	44	33	51	34	54	35	35	36	38	37	38	38	40	39	42	
	0	59	1	61	2	53	3	60	4	46	5	47	6	53	7	55	8	51	9	47	10	55	11	55	12	62	13	52	14	55	15	46	16	62	17	46	18	47	19	58	20	45	21	58	22	46	23	59	24	53	25	45	26	61	27	62	28	54	29	55	30	60	31	62	32	47	33	59	34	50	35	46	36	51	37	61	38	59	39	63	
	0	54	1	53	2	39	3	41	4	39	5	38	6	47	7	35	8	50	9	46	10	40	11	46	12	36	13	38	14	42	15	53	16	51	17	51	18	50	19	54	20	35	21	51	22	49	23	43	24	53	25	49	26	37	27	46	28	42	29	51	30	36	31	42	32	37	33	53	34	44	35	36	36	50	37	47	38	43	39	52	
	0	111	1	115	2	108	3	118	4	101	5	110	6	107	7	107	8	116	9	100	10	108	11	112	12	113	13	102	14	102	15	102	16	104	17	108	18	112	19	113	20	100	21	110	22	114	23	111	24	112	25	113	26	99	27	110	28	104	29	112	30	114	31	102	32	105	33	102	34	111	35	107	36	100	37	104	38	110	39	112	
	0	59	1	47	2	43	3	57	4	49	5	58	6	45	7	58	8	56	9	52	10	47	11	47	12	60	13	48	14	59	15	47	16	51	17	51	18	43	19	48	20	55	21	50	22	51	23	56	24	57	25	57	26	61	27	49	28	44	29	53	30	45	31	47	32	48	33	59	34	51	35	45	36	53	37	61	38	55	39	47	
	0	99	1	116	2	115	3	113	4	115	5	117	6	108	7	112	8	105	9	111	10	108	11	105	12	112	13	111	14	109	15	110	16	105	17	112	18	101	19	113	20	107	21	118	22	99	23	111	24	102	25	104	26	116	27	110	28	102	29	108	30	104	31	102	32	108	33	113	34	99	35	111	36	115	37	108	38	107	39	118	
	0	74	1	83	2	82	3	78	4	78	5	79	6	83	7	78	8	70	9	70	10	69	11	73	12	79	13	77	14	72	15	75	16	81	17	65	18	71	19	66	20	67	21	68	22	71	23	69	24	68	25	66	26	69	27	68	28	76	29	64	30	65	31	82	32	80	33	83	34	83	35	83	36	69	37	77	38	80	39	70	
	0	43	1	38	2	35	3	40	4	36	5	40	6	42	7	31	8	31	9	49	10	37	11	38	12	34	13	41	14	33	15	33	16	48	17	39	18	49	19	37	20	43	21	38	22	47	23	32	24	45	25	45	26	34	27	31	28	40	29	45	30	41	31	38	32	35	33	43	34	46	35	43	36	45	37	31	38	40	39	37	
	0	62	1	59	2	57	3	52	4	59	5	46	6	53	7	62	8	60	9	59	10	47	11	63	12	59	13	50	14	51	15	47	16	60	17	59	18	59	19	57	20	44	21	51	22	44	23	45	24	60	25	50	26	52	27	61	28	48	29	44	30	53	31	50	32	58	33	63	34	58	35	61	36	54	37	56	38	56	39	56	
	0	9	1	10	2	14	3	11	4	11	5	14	6	10	7	22	8	22	9	13	10	10	11	13	12	6	13	6	14	10	15	17	16	14	17	21	18	9	19	16	20	20	21	6	22	19	23	16	24	19	25	12	26	3	27	7	28	4	29	19	30	4	31	21	32	8	33	9	34	18	35	14	36	19	37	19	38	4	39	7	
	0	38	1	38	2	37	3	37	4	38	5	41	6	45	7	29	8	37	9	47	10	33	11	44	12	42	13	42	14	37	15	33	16	30	17	47	18	37	19	48	20	42	21	38	22	38	23	43	24	42	25	36	26	47	27	45	28	40	29	40	30	39	31	40	32	45	33	46	34	32	35	31	36	39	37	46	38	29	39	47	
	0	93	1	102	2	96	3	100	4	99	5	98	6	103	7	106	8	98	9	93	10	98	11	97	12	107	13	90	14	92	15	101	16	105	17	107	18	105	19	98	20	107	21	97	22	108	23	94	24	99	25	93	26	101	27	107	28	98	29	106	30	99	31	98	32	100	33	96	34	96	35	97	36	93	37	101	38	105	39	104	
	0	18	1	25	2	11	3	18	4	23	5	7	6	17	7	21	8	20	9	8	10	12	11	22	12	12	13	19	14	6	15	17	16	24	17	7	18	21	19	11	20	16	21	23	22	8	23	14	24	7	25	21	26	10	27	18	28	12	29	22	30	7	31	22	32	18	33	11	34	25	35	21	36	20	37	8	38	21	39	21	
	0	41	1	28	2	37	3	32	4	26	5	38	6	39	7	33	8	29	9	30	10	33	11	45	12	36	13	31	14	29	15	27	16	40	17	34	18	29	19	43	20	32	21	40	22	41	23	28	24	43	25	37	26	44	27	38	28	45	29	29	30	45	31	30	32	34	33	38	34	37	35	35	36	33	37	34	38	31	39	41	
	0	87	1	79	2	87	3	87	4	70	5	85	6	75	7	86	8	72	9	85	10	84	11	70	12	74	13	84	14	78	15	79	16	83	17	80	18	71	19	74	20	77	21	79	22	72	23	73	24	75	25	80	26	81	27	81	28	68	29	77	30	72	31	68	32	69	33	84	34	82	35	85	36	75	37	80	38	78	39	72	
	0	27	1	25	2	26	3	18	4	11	5	27	6	21	7	26	8	15	9	13	10	14	11	12	12	25	13	26	14	26	15	14	16	11	17	29	18	29	19	22	20	17	21	28	22	21	23	19	24	17	25	26	26	14	27	12	28	12	29	13	30	12	31	13	32	26	33	20	34	22	35	26	36	27	37	20	38	12	39	27	
	0	68	1	81	2	71	3	79	4	71	5	67	6	75	7	79	8	64	9	65	10	81	11	78	12	80	13	83	14	77	15	76	16	69	17	83	18	81	19	81	20	81	21	82	22	70	23	77	24	64	25	65	26	82	27	83	28	65	29	75	30	79	31	71	32	77	33	68	34	67	35	75	36	65	37	73	38	83	39	77	
	0	75	1	70	2	70	3	82	4	86	5	74	6	85	7	72	8	76	9	74	10	75	11	68	12	84	13	77	14	81	15	79	16	84	17	82	18	77	19	79	20	82	21	82	22	75	23	76	24	70	25	86	26	83	27	74	28	71	29	81	30	71	31	86	32	73	33	74	34	74	35	72	36	78	37	79	38	77	39	87	
	0	15	1	14	2	16	3	5	4	14	5	19	6	20	7	12	8	20	9	9	10	7	11	18	12	8	13	10	14	3	15	10	16	15	17	22	18	3	19	14	20	16	21	22	22	19	23	9	24	6	25	11	26	18	27	17	28	17	29	13	30	11	31	22	32	10	33	7	34	7	35	21	36	12	37	4	38	11	39	15	
	0	41	1	45	2	42	3	48	4	41	5	51	6	54	7	44	8	42	9	51	10	54	11	45	12	37	13	38	14	42	15	44	16	50	17	38	18	38	19	51	20	43	21	40	22	40	23	43	24	35	25	54	26	46	27	38	28	39	29	37	30	43	31	47	32	47	33	51	34	48	35	53	36	44	37	44	38	53	39	44	
	0	22	1	28	2	23	3	25	4	15	5	18	6	28	7	25	8	25	9	25	10	18	11	30	12	22	13	31	14	23	15	28	16	14	17	24	18	22	19	24	20	30	21	33	22	19	23	32	24	17	25	15	26	29	27	29	28	22	29	25	30	19	31	22	32	21	33	19	34	32	35	33	36	23	37	31	38	17	39	18	
	0	53	1	45	2	59	3	43	4	46	5	41	6	55	7	44	8	42	9	46	10	60	11	51	12	60	13	45	14	60	15	58	16	53	17	46	18	50	19	56	20	44	21	53	22	45	23	55	24	44	25	53	26	54	27	51	28	42	29	42	30	43	31	57	32	46	33	50	34	58	35	45	36	43	37	60	38	48	39	60	
	0	30	1	22	2	20	3	29	4	33	5	31	6	21	7	21	8	28	9	38	10	35	11	30	12	26	13	36	14	28	15	32	16	20	17	27	18	34	19	38	20	39	21	33	22	37	23	27	24	34	25	38	26	32	27	20	28	36	29	23	30	28	31	28	32	34	33	32	34	26	35	28	36	24	37	26	38	20	39	32	
	0	48	1	49	2	41	3	44	4	46	5	51	6	49	7	59	8	54	9	48	10	43	11	46	12	50	13	55	14	54	15	50	16	49	17	48	18	60	19	52	20	42	21	56	22	49	23	43	24	49	25	45	26	47	27	59	28	49	29	58	30	59	31	60	32	45	33	47	34	53	35	48	36	54	37	47	38	45	39	50	
	0	40	1	36	2	41	3	44	4	42	5	41	6	41	7	37	8	38	9	44	10	32	11	39	12	45	13	43	14	47	15	32	16	31	17	47	18	44	19	39	20	31	21	39	22	49	23	30	24	35	25	46	26	36	27	32	28	49	29	37	30	36	31	49	32	49	33	47	34	47	35	34	36	36	37	39	38	49	39	39	
	0	117	1	117	2	106	3	103	4	102	5	100	6	107	7	102	8	105	9	106	10	108	11	118	12	110	13	104	14	118	15	111	16	105	17	104	18	109	19	105	20	108	21	115	22	114	23	102	24	112	25	110	26	110	27	112	28	99	29	117	30	106	31	108	32	114	33	99	34	110	35	114	36	113	37	110	38	118	39	100	
	0	90	1	79	2	82	3	83	4	86	5	73	6	80	7	74	8	77	9	85	10	73	11	73	12	71	13	79	14	82	15	83	16	85	17	90	18	83	19	90	20	79	21	75	22	78	23	80	24	77	25	88	26	79	27	78	28	85	29	81	30	89	31	76	32	81	33	77	34	81	35	89	36	88	37	88	38	89	39	81	
	0	32	1	25	2	20	3	15	4	26	5	31	6	16	7	18	8	21	9	21	10	31	11	21	12	22	13	22	14	32	15	23	16	18	17	26	18	26	19	17	20	19	21	32	22	13	23	19	24	25	25	24	26	16	27	25	28	20	29	18	30	22	31	24	32	20	33	15	34	24	35	31	36	32	37	28	38	14	39	13	
	0	60	1	77	2	63	3	69	4	73	5	79	6	67	7	79	8	73	9	72	10	62	11	70	12	72	13	72	14	60	15	76	16	67	17	78	18	72	19	64	20	60	21	70	22	62	23	76	24	79	25	63	26	79	27	61	28	70	29	64	30	79	31	65	32	76	33	73	34	69	35	66	36	77	37	67	38	78	39	63	
	0	15	1	22	2	27	3	21	4	13	5	24	6	14	7	24	8	18	9	28	10	12	11	15	12	17	13	23	14	28	15	11	16	16	17	13	18	30	19	29	20	21	21	25	22	25	23	12	24	28	25	17	26	19	27	26	28	19	29	12	30	24	31	18	32	29	33	20	34	23	35	18	36	17	37	23	38	28	39	17	
	0	11	1	23	2	23	3	14	4	19	5	14	6	5	7	24	8	7	9	19	10	6	11	9	12	14	13	24	14	11	15	19	16	6	17	9	18	13	19	10	20	14	21	10	22	15	23	14	24	22	25	16	26	21	27	16	28	22	29	20	30	5	31	6	32	17	33	19	34	9	35	15	36	11	37	7	38	21	39	5	
	0	76	1	67	2	76	3	75	4	83	5	85	6	76	7	72	8	75	9	78	10	66	11	73	12	78	13	69	14	67	15	80	16	82	17	74	18	84	19	82	20	73	21	68	22	83	23	68	24	84	25	73	26	81	27	68	28	69	29	69	30	75	31	82	32	76	33	78	34	66	35	78	36	66	37	79	38	85	39	73	
	0	101	1	109	2	116	3	110	4	111	5	113	6	100	7	110	8	103	9	101	10	107	11	108	12	107	13	114	14	107	15	115	16	109	17	100	18	111	19	105	20	115	21	106	22	100	23	117	24	102	25	103	26	102	27	111	28	98	29	110	30	112	31	103	32	107	33	117	34	104	35	100	36	103	37	100	38	104	39	109	
	0	22	1	28	2	33	3	35	4	33	5	33	6	36	7	31	8	32	9	35	10	36	11	27	12	31	13	37	14	24	15	26	16	26	17	24	18	30	19	31	20	38	21	31	22	35	23	37	24	36	25	31	26	26	27	22	28	30	29	33	30	36	31	26	32	35	33	34	34	22	35	36	36	32	37	30	38	30	39	25	
	0	18	1	15	2	18	3	20	4	16	5	20	6	32	7	33	8	18	9	23	10	20	11	30	12	33	13	32	14	31	15	19	16	31	17	31	18	18	19	21	20	26	21	18	22	25	23	27	24	24	25	20	26	21	27	19	28	33	29	22	30	26	31	30	32	19	33	20	34	31	35	21	36	18	37	19	38	14	39	14	
	0	102	1	107	2	100	3	104	4	102	5	117	6	102	7	107	8	107	9	98	10	112	11	113	12	104	13	109	14	115	15	105	16	108	17	110	18	103	19	99	20	107	21	101	22	116	23	98	24	101	25	115	26	98	27	98	28	109	29	110	30	111	31	107	32	114	33	99	34	98	35	114	36	116	37	107	38	101	39	107	
	0	46	1	51	2	58	3	55	4	41	5	52	6	44	7	41	8	45	9	44	10	56	11	51	12	44	13	44	14	52	15	52	16	41	17	49	18	47	19	48	20	43	21	54	22	55	23	47	24	59	25	51	26	49	27	59	28	54	29	44	30	44	31	41	32	41	33	52	34	41	35	47	36	53	37	44	38	51	39	59	
	0	11	1	26	2	15	3	25	4	15	5	21	6	24	7	27	8	12	9	13	10	27	11	25	12	25	13	10	14	21	15	10	16	17	17	11	18	16	19	24	20	15	21	14	22	22	23	20	24	10	25	13	26	15	27	20	28	20	29	10	30	18	31	26	32	10	33	26	34	27	35	23	36	17	37	14	38	9	39	9	
	0	26	1	39	2	27	3	21	4	35	5	28	6	24	7	32	8	29	9	35	10	27	11	29	12	30	13	27	14	22	15	34	16	31	17	35	18	32	19	24	20	28	21	34	22	33	23	34	24	26	25	38	26	30	27	27	28	38	29	38	30	27	31	28	32	29	33	24	34	22	35	37	36	32	37	25	38	33	39	28	
	0	71	1	63	2	66	3	78	4	80	5	79	6	82	7	79	8	77	9	79	10	80	11	68	12	80	13	74	14	76	15	82	16	72	17	81	18	70	19	68	20	82	21	63	22	69	23	64	24	69	25	79	26	71	27	72	28	65	29	70	30	63	31	67	32	69	33	71	34	65	35	69	36	65	37	68	38	80	39	63	
	0	106	1	110	2	106	3	108	4	112	5	101	6	103	7	102	8	101	9	100	10	110	11	98	12	94	13	104	14	105	15	110	16	105	17	101	18	109	19	107	20	96	21	94	22	112	23	108	24	109	25	104	26	111	27	102	28	104	29	107	30	99	31	113	32	97	33	94	34	103	35	101	36	98	37	100	38	94	39	112	
	0	46	1	40	2	40	3	47	4	45	5	42	6	54	7	47	8	37	9	51	10	52	11	36	12	39	13	37	14	47	15	35	16	54	17	53	18	40	19	52	20	53	21	52	22	41	23	50	24	42	25	51	26	54	27	44	28	47	29	38	30	51	31	51	32	51	33	37	34	49	35	47	36	52	37	43	38	41	39	42	
	0	77	1	68	2	79	3	75	4	80	5	73	6	72	7	79	8	79	9	86	10	69	11	75	12	71	13	78	14	82	15	86	16	80	17	68	18	71	19	76	20	73	21	80	22	86	23	74	24	69	25	83	26	77	27	75	28	86	29	80	30	67	31	67	32	83	33	78	34	86	35	84	36	77	37	82	38	68	39	77	
	0	13	1	9	2	9	3	5	4	19	5	11	6	14	7	22	8	16	9	10	10	12	11	16	12	6	13	9	14	6	15	6	16	10	17	9	18	18	19	17	20	23	21	16	22	15	23	15	24	15	25	20	26	19	27	23	28	22	29	24	30	14	31	12	32	20	33	8	34	6	35	12	36	5	37	18	38	6	39	15	
	0	75	1	78	2	82	3	72	4	71	5	84	6	73	7	72	8	88	9	76	10	72	11	80	12	82	13	74	14	86	15	84	16	74	17	74	18	71	19	86	20	87	21	79	22	82	23	73	24	78	25	89	26	83	27	75	28	87	29	80	30	84	31	74	32	89	33	77	34	83	35	71	36	78	37	80	38	79	39	89	
	0	99	1	103	2	89	3	96	4	95	5	103	6	92	7	90	8	94	9	108	10	98	11	94	12	98	13	100	14	107	15	91	16	91	17	96	18	105	19	93	20	98	21	93	22	92	23	97	24	101	25	97	26	98	27	108	28	93	29	90	30	97	31	92	32	103	33	101	34	98	35	100	36	97	37	90	38	90	39	99	
	0	80	1	81	2	85	3	76	4	75	5	84	6	78	7	80	8	74	9	86	10	84	11	72	12	73	13	78	14	80	15	85	16	80	17	81	18	88	19	86	20	78	21	71	22	76	23	78	24	84	25	77	26	87	27	79	28	84	29	77	30	77	31	79	32	71	33	69	34	83	35	78	36	84	37	83	38	71	39	74	
	0	94	1	83	2	90	3	83	4	95	5	89	6	91	7	83	8	95	9	89	10	86	11	85	12	84	13	79	14	92	15	77	16	83	17	91	18	96	19	87	20	84	21	87	22	93	23	88	24	79	25	92	26	84	27	78	28	79	29	85	30	81	31	85	32	77	33	86	34	79	35	87	36	95	37	89	38	83	39	87	
	0	40	1	46	2	40	3	38	4	38	5	50	6	56	7	40	8	42	9	42	10	39	11	46	12	38	13	49	14	57	15	47	16	45	17	49	18	46	19	51	20	38	21	38	22	43	23	55	24	54	25	43	26	39	27	55	28	56	29	46	30	41	31	55	32	55	33	43	34	45	35	52	36	48	37	47	38	41	39	40	
	0	48	1	39	2	49	3	42	4	37	5	53	6	44	7	53	8	50	9	44	10	49	11	40	12	37	13	41	14	44	15	41	16	40	17	49	18	38	19	54	20	52	21	40	22	45	23	40	24	53	25	54	26	42	27	35	28	52	29	52	30	45	31	54	32	40	33	50	34	53	35	46	36	44	37	54	38	47	39	35	
	0	21	1	28	2	11	3	24	4	13	5	30	6	20	7	22	8	15	9	11	10	17	11	23	12	22	13	22	14	13	15	16	16	14	17	12	18	11	19	27	20	15	21	30	22	26	23	13	24	26	25	21	26	25	27	20	28	26	29	14	30	27	31	26	32	27	33	13	34	11	35	21	36	17	37	15	38	18	39	30	
	0	43	1	58	2	52	3	45	4	50	5	58	6	42	7	56	8	49	9	43	10	53	11	40	12	48	13	40	14	45	15	41	16	42	17	57	18	40	19	53	20	48	21	47	22	40	23	39	24	52	25	40	26	54	27	44	28	50	29	41	30	51	31	48	32	58	33	58	34	44	35	49	36	45	37	49	38	46	39	50	
	0	22	1	14	2	22	3	29	4	15	5	24	6	16	7	11	8	21	9	23	10	14	11	25	12	16	13	15	14	19	15	28	16	22	17	24	18	14	19	27	20	22	21	21	22	28	23	19	24	11	25	29	26	28	27	19	28	23	29	21	30	18	31	23	32	25	33	19	34	27	35	27	36	17	37	28	38	24	39	26	
	0	96	1	94	2	106	3	106	4	103	5	97	6	103	7	102	8	100	9	105	10	103	11	104	12	111	13	99	14	100	15	112	16	109	17	113	18	94	19	103	20	107	21	102	22	109	23	103	24	108	25	113	26	94	27	108	28	107	29	108	30	106	31	95	32	97	33	96	34	108	35	102	36	108	37	112	38	112	39	99	
	0	80	1	74	2	75	3	77	4	89	5	80	6	83	7	87	8	82	9	76	10	85	11	84	12	78	13	74	14	77	15	71	16	77	17	74	18	78	19	74	20	76	21	79	22	85	23	70	24	70	25	79	26	77	27	86	28	73	29	79	30	82	31	80	32	86	33	71	34	77	35	82	36	81	37	88	38	72	39	76	
	0	101	1	90	2	103	3	103	4	91	5	89	6	97	7	89	8	101	9	92	10	96	11	92	12	85	13	102	14	90	15	101	16	95	17	102	18	104	19	85	20	104	21	90	22	87	23	103	24	90	25	94	26	92	27	86	28	97	29	103	30	102	31	90	32	90	33	97	34	93	35	85	36	85	37	90	38	95	39	104	
	0	56	1	49	2	58	3	54	4	47	5	58	6	45	7	43	8	41	9	49	10	46	11	49	12	50	13	39	14	58	15	47	16	41	17	46	18	52	19	48	20	39	21	53	22	56	23	52	24	39	25	40	26	43	27	44	28	40	29	55	30	47	31	45	32	51	33	52	34	39	35	58	36	57	37	39	38	39	39	55	
	0	58	1	63	2	67	3	54	4	58	5	52	6	49	7	48	8	53	9	51	10	50	11	53	12	66	13	65	14	62	15	57	16	62	17	52	18	51	19	64	20	52	21	51	22	60	23	65	24	55	25	53	26	57	27	50	28	63	29	64	30	54	31	65	32	51	33	48	34	62	35	66	36	62	37	57	38	48	39	54	
	0	46	1	32	2	43	3	31	4	33	5	28	6	45	7	27	8	30	9	44	10	42	11	35	12	42	13	45	14	27	15	29	16	37	17	38	18	45	19	28	20	29	21	32	22	34	23	32	24	45	25	38	26	31	27	30	28	29	29	29	30	46	31	33	32	29	33	38	34	32	35	31	36	46	37	32	38	40	39	37	
	0	43	1	41	2	44	3	44	4	37	5	45	6	44	7	47	8	47	9	54	10	44	11	36	12	46	13	48	14	36	15	49	16	55	17	44	18	50	19	38	20	39	21	41	22	50	23	39	24	49	25	41	26	46	27	41	28	44	29	37	30	39	31	51	32	40	33	39	34	38	35	48	36	52	37	52	38	49	39	40	
	0	67	1	68	2	69	3	61	4	60	5	64	6	67	7	65	8	62	9	67	10	54	11	67	12	63	13	60	14	66	15	62	16	65	17	64	18	65	19	55	20	66	21	59	22	56	23	71	24	61	25	69	26	66	27	57	28	58	29	64	30	54	31	65	32	56	33	59	34	67	35	60	36	55	37	56	38	60	39	72	
	0	28	1	26	2	29	3	29	4	19	5	27	6	22	7	29	8	31	9	17	10	17	11	16	12	25	13	32	14	25	15	25	16	26	17	29	18	22	19	25	20	21	21	20	22	32	23	30	24	31	25	24	26	21	27	32	28	21	29	31	30	14	31	27	32	26	33	25	34	29	35	18	36	32	37	27	38	20	39	28	
	0	37	1	38	2	46	3	42	4	39	5	35	6	37	7	35	8	37	9	31	10	34	11	46	12	30	13	36	14	32	15	47	16	40	17	36	18	32	19	43	20	31	21	37	22	40	23	41	24	36	25	32	26	35	27	30	28	32	29	30	30	46	31	43	32	46	33	39	34	37	35	29	36	33	37	45	38	40	39	30	
	0	71	1	75	2	74	3	71	4	87	5	85	6	70	7	70	8	79	9	86	10	80	11	71	12	86	13	70	14	81	15	73	16	72	17	75	18	69	19	82	20	82	21	73	22	68	23	82	24	79	25	72	26	87	27	73	28	74	29	86	30	80	31	74	32	69	33	76	34	83	35	85	36	69	37	83	38	86	39	87	
	0	79	1	75	2	76	3	76	4	81	5	78	6	94	7	79	8	83	9	90	10	91	11	84	12	94	13	79	14	91	15	94	16	76	17	79	18	92	19	75	20	75	21	94	22	90	23	91	24	81	25	90	26	86	27	82	28	77	29	90	30	78	31	83	32	80	33	75	34	79	35	90	36	94	37	86	38	88	39	77	
	0	74	1	79	2	71	3	63	4	78	5	70	6	73	7	78	8	79	9	72	10	65	11	80	12	67	13	77	14	82	15	77	16	63	17	68	18	78	19	81	20	71	21	65	22	64	23	64	24	67	25	80	26	69	27	81	28	79	29	81	30	74	31	64	32	72	33	65	34	76	35	70	36	82	37	73	38	73	39	65	
	0	55	1	40	2	42	3	37	4	43	5	50	6	40	7	48	8	48	9	44	10	54	11	45	12	43	13	44	14	52	15	54	16	51	17	52	18	42	19	53	20	51	21	54	22	38	23	52	24	50	25	46	26	36	27	42	28	54	29	44	30	42	31	44	32	45	33	42	34	46	35	45	36	45	37	42	38	45	39	39	
	0	50	1	51	2	56	3	60	4	53	5	47	6	45	7	59	8	60	9	48	10	54	11	57	12	53	13	48	14	62	15	61	16	63	17	45	18	60	19	48	20	59	21	47	22	61	23	47	24	57	25	51	26	62	27	62	28	64	29	52	30	48	31	54	32	53	33	47	34	62	35	58	36	54	37	59	38	48	39	51	
	0	41	1	48	2	35	3	39	4	42	5	43	6	52	7	40	8	54	9	42	10	47	11	51	12	43	13	38	14	37	15	37	16	44	17	38	18	42	19	43	20	49	21	45	22	35	23	39	24	43	25	42	26	37	27	35	28	45	29	50	30	38	31	48	32	37	33	54	34	43	35	50	36	46	37	40	38	38	39	54	
	0	66	1	59	2	54	3	67	4	66	5	54	6	66	7	65	8	62	9	67	10	55	11	57	12	59	13	49	14	50	15	62	16	54	17	59	18	53	19	49	20	53	21	50	22	52	23	53	24	59	25	53	26	66	27	65	28	65	29	61	30	60	31	64	32	62	33	50	34	63	35	59	36	63	37	65	38	56	39	54	
	0	31	1	36	2	32	3	20	4	31	5	23	6	31	7	24	8	37	9	30	10	38	11	26	12	33	13	22	14	23	15	27	16	39	17	29	18	28	19	20	20	39	21	27	22	28	23	35	24	28	25	34	26	26	27	37	28	29	29	33	30	35	31	23	32	26	33	27	34	26	35	35	36	34	37	30	38	37	39	23	
	0	50	1	54	2	52	3	53	4	60	5	63	6	48	7	58	8	55	9	52	10	54	11	44	12	46	13	60	14	56	15	52	16	46	17	51	18	55	19	58	20	59	21	59	22	51	23	50	24	46	25	53	26	62	27	46	28	49	29	60	30	62	31	54	32	55	33	57	34	51	35	55	36	48	37	53	38	63	39	56	
	0	31	1	33	2	42	3	39	4	30	5	41	6	44	7	44	8	44	9	35	10	29	11	29	12	43	13	41	14	27	15	37	16	38	17	31	18	41	19	45	20	42	21	40	22	31	23	29	24	30	25	30	26	37	27	41	28	32	29	42	30	34	31	27	32	27	33	39	34	39	35	44	36	30	37	27	38	41	39	39	
	0	42	1	51	2	34	3	41	4	46	5	49	6	45	7	52	8	40	9	44	10	34	11	44	12	43	13	51	14	52	15	50	16	41	17	44	18	36	19	35	20	35	21	46	22	36	23	50	24	37	25	42	26	43	27	52	28	37	29	38	30	49	31	50	32	36	33	49	34	48	35	48	36	44	37	51	38	34	39	45	
	0	32	1	49	2	32	3	31	4	35	5	38	6	38	7	47	8	33	9	41	10	41	11	38	12	32	13	49	14	37	15	30	16	44	17	30	18	38	19	31	20	41	21	43	22	39	23	38	24	43	25	43	26	30	27	37	28	33	29	31	30	32	31	47	32	44	33	33	34	41	35	40	36	41	37	41	38	32	39	49	
	0	15	1	11	2	24	3	11	4	14	5	23	6	15	7	9	8	26	9	16	10	25	11	22	12	18	13	15	14	12	15	25	16	15	17	14	18	15	19	8	20	11	21	11	22	27	23	22	24	25	25	19	26	26	27	8	28	23	29	16	30	18	31	21	32	13	33	16	34	25	35	20	36	20	37	10	38	24	39	23	
	0	15	1	20	2	19	3	16	4	18	5	23	6	10	7	15	8	12	9	15	10	11	11	7	12	7	13	13	14	20	15	12	16	13	17	20	18	17	19	19	20	18	21	19	22	19	23	18	24	15	25	17	26	10	27	9	28	11	29	12	30	9	31	20	32	8	33	9	34	11	35	17	36	6	37	13	38	24	39	13	
	0	19	1	16	2	7	3	13	4	7	5	10	6	8	7	8	8	23	9	25	10	12	11	6	12	12	13	10	14	17	15	16	16	22	17	19	18	13	19	15	20	13	21	8	22	21	23	25	24	24	25	14	26	6	27	7	28	11	29	15	30	25	31	18	32	9	33	22	34	18	35	12	36	8	37	7	38	8	39	22	
	0	80	1	95	2	91	3	84	4	95	5	83	6	87	7	81	8	81	9	96	10	84	11	93	12	90	13	89	14	96	15	80	16	89	17	99	18	95	19	92	20	95	21	97	22	99	23	93	24	95	25	88	26	87	27	90	28	98	29	99	30	98	31	96	32	87	33	94	34	84	35	94	36	91	37	85	38	90	39	99	
	0	90	1	97	2	91	3	95	4	100	5	106	6	109	7	106	8	108	9	99	10	96	11	109	12	102	13	108	14	95	15	98	16	91	17	91	18	96	19	93	20	103	21	107	22	100	23	100	24	108	25	106	26	103	27	106	28	100	29	92	30	97	31	93	32	105	33	92	34	105	35	108	36	100	37	109	38	95	39	93	
	0	23	1	29	2	33	3	34	4	19	5	32	6	25	7	29	8	29	9	22	10	23	11	28	12	31	13	19	14	22	15	23	16	34	17	19	18	34	19	31	20	22	21	23	22	37	23	23	24	20	25	37	26	24	27	36	28	30	29	32	30	22	31	22	32	23	33	37	34	32	35	32	36	33	37	35	38	33	39	35	
	0	44	1	36	2	51	3	50	4	49	5	48	6	53	7	39	8	51	9	45	10	46	11	48	12	48	13	43	14	41	15	38	16	46	17	48	18	38	19	53	20	53	21	42	22	47	23	35	24	42	25	45	26	38	27	37	28	41	29	46	30	40	31	34	32	36	33	37	34	40	35	50	36	48	37	51	38	34	39	40	
	0	19	1	18	2	18	3	26	4	27	5	21	6	15	7	15	8	25	9	17	10	12	11	19	12	13	13	10	14	11	15	13	16	27	17	15	18	23	19	16	20	15	21	21	22	19	23	10	24	9	25	17	26	20	27	25	28	22	29	19	30	22	31	8	32	9	33	22	34	8	35	11	36	17	37	10	38	10	39	23	
	0	29	1	16	2	30	3	30	4	35	5	30	6	33	7	28	8	17	9	23	10	21	11	21	12	20	13	27	14	21	15	35	16	24	17	21	18	32	19	25	20	35	21	29	22	19	23	25	24	25	25	31	26	17	27	30	28	17	29	16	30	22	31	18	32	21	33	35	34	31	35	29	36	27	37	21	38	24	39	23	
	0	48	1	32	2	37	3	46	4	31	5	38	6	43	7	34	8	44	9	42	10	42	11	47	12	48	13	32	14	43	15	31	16	33	17	34	18	41	19	40	20	41	21	48	22	30	23	41	24	42	25	33	26	46	27	41	28	48	29	35	30	39	31	41	32	42	33	35	34	30	35	42	36	39	37	48	38	33	39	44	
	0	69	1	62	2	61	3	64	4	71	5	63	6	60	7	58	8	66	9	69	10	59	11	70	12	66	13	68	14	70	15	72	16	65	17	73	18	68	19	60	20	63	21	76	22	63	23	75	24	73	25	71	26	62	27	68	28	74	29	67	30	69	31	62	32	73	33	65	34	65	35	63	36	57	37	58	38	61	39	69	
	0	69	1	62	2	64	3	65	4	70	5	66	6	70	7	69	8	61	9	71	10	71	11	62	12	76	13	58	14	69	15	63	16	62	17	64	18	71	19	76	20	65	21	57	22	57	23	74	24	60	25	68	26	70	27	75	28	58	29	67	30	62	31	59	32	57	33	63	34	75	35	75	36	75	37	66	38	70	39	60	
	0	43	1	28	2	33	3	46	4	27	5	40	6	39	7	38	8	35	9	31	10	28	11	42	12	27	13	42	14	29	15	30	16	29	17	41	18	43	19	33	20	37	21	38	22	34	23	27	24	33	25	39	26	33	27	27	28	30	29	46	30	30	31	34	32	37	33	36	34	30	35	37	36	30	37	44	38	39	39	41	
	0	49	1	52	2	55	3	43	4	39	5	52	6	48	7	44	8	39	9	37	10	45	11	54	12	47	13	42	14	56	15	41	16	43	17	44	18	49	19	42	20	45	21	55	22	55	23	48	24	55	25	43	26	45	27	43	28	50	29	37	30	48	31	43	32	42	33	54	34	50	35	50	36	42	37	53	38	38	39	51	
	0	71	1	62	2	60	3	62	4	67	5	77	6	72	7	75	8	73	9	62	10	69	11	59	12	62	13	68	14	75	15	67	16	68	17	77	18	72	19	75	20	67	21	60	22	68	23	63	24	65	25	75	26	63	27	68	28	61	29	73	30	78	31	74	32	68	33	66	34	71	35	64	36	71	37	68	38	75	39	61	
	0	33	1	34	2	30	3	31	4	29	5	42	6	32	7	38	8	31	9	41	10	27	11	31	12	34	13	39	14	43	15	37	16	41	17	30	18	43	19	37	20	39	21	33	22	41	23	40	24	26	25	29	26	30	27	39	28	36	29	39	30	36	31	27	32	28	33	37	34	42	35	37	36	30	37	42	38	36	39	38	
	0	75	1	80	2	68	3	79	4	78	5	81	6	77	7	75	8	83	9	71	10	74	11	80	12	80	13	76	14	73	15	67	16	83	17	70	18	73	19	69	20	78	21	81	22	78	23	64	24	74	25	80	26	76	27	66	28	81	29	80	30	76	31	68	32	74	33	65	34	69	35	66	36	75	37	70	38	66	39	71	
	0	19	1	32	2	16	3	16	4	17	5	28	6	18	7	19	8	31	9	28	10	30	11	20	12	29	13	27	14	18	15	21	16	28	17	21	18	22	19	31	20	21	21	20	22	17	23	20	24	25	25	29	26	30	27	16	28	24	29	33	30	26	31	28	32	17	33	23	34	31	35	34	36	31	37	24	38	23	39	17	
	0	37	1	38	2	49	3	30	4	46	5	35	6	36	7	30	8	37	9	36	10	37	11	46	12	35	13	37	14	38	15	32	16	35	17	44	18	33	19	48	20	37	21	33	22	36	23	34	24	37	25	48	26	45	27	38	28	44	29	48	30	33	31	35	32	36	33	47	34	49	35	31	36	48	37	34	38	47	39	48	
	0	60	1	56	2	59	3	55	4	59	5	54	6	56	7	59	8	57	9	69	10	52	11	62	12	58	13	63	14	57	15	65	16	66	17	67	18	67	19	70	20	69	21	61	22	67	23	61	24	57	25	60	26	62	27	60	28	53	29	54	30	61	31	69	32	63	33	66	34	59	35	56	36	70	37	70	38	51	39	61	
	0	15	1	19	2	29	3	25	4	29	5	19	6	20	7	17	8	26	9	28	10	16	11	24	12	28	13	14	14	21	15	12	16	16	17	22	18	21	19	16	20	14	21	27	22	28	23	27	24	10	25	11	26	20	27	12	28	12	29	29	30	10	31	21	32	27	33	10	34	16	35	22	36	17	37	14	38	28	39	19	
	0	45	1	51	2	46	3	47	4	56	5	44	6	52	7	56	8	47	9	52	10	46	11	46	12	48	13	45	14	52	15	51	16	45	17	43	18	41	19	39	20	46	21	55	22	51	23	51	24	43	25	48	26	38	27	41	28	46	29	44	30	48	31	40	32	42	33	39	34	57	35	44	36	43	37	44	38	48	39	46	
	0	63	1	64	2	75	3	77	4	67	5	71	6	77	7	62	8	63	9	68	10	64	11	77	12	77	13	72	14	66	15	67	16	69	17	77	18	61	19	76	20	71	21	73	22	78	23	75	24	70	25	63	26	61	27	77	28	79	29	73	30	60	31	79	32	77	33	74	34	68	35	63	36	69	37	66	38	61	39	70	
	0	70	1	66	2	76	3	78	4	74	5	77	6	65	7	66	8	80	9	74	10	66	11	66	12	65	13	73	14	71	15	66	16	78	17	64	18	77	19	71	20	62	21	70	22	73	23	68	24	77	25	71	26	77	27	72	28	67	29	62	30	77	31	65	32	73	33	77	34	64	35	73	36	64	37	63	38	80	39	65	
	0	45	1	34	2	42	3	41	4	43	5	50	6	43	7	39	8	34	9	39	10	38	11	51	12	46	13	37	14	37	15	51	16	43	17	51	18	46	19	49	20	44	21	34	22	46	23	47	24	48	25	46	26	50	27	35	28	45	29	51	30	51	31	37	32	42	33	48	34	39	35	33	36	35	37	42	38	42	39	34	
	0	70	1	58	2	53	3	58	4	53	5	60	6	54	7	57	8	59	9	54	10	64	11	66	12	68	13	71	14	55	15	54	16	68	17	58	18	68	19	71	20	64	21	68	22	66	23	59	24	56	25	52	26	54	27	64	28	60	29	57	30	54	31	61	32	52	33	69	34	54	35	52	36	53	37	70	38	65	39	71	
	0	93	1	85	2	80	3	99	4	98	5	92	6	86	7	94	8	94	9	83	10	86	11	84	12	82	13	83	14	83	15	98	16	86	17	94	18	95	19	85	20	94	21	92	22	82	23	92	24	84	25	96	26	94	27	82	28	85	29	99	30	84	31	88	32	90	33	83	34	81	35	88	36	89	37	84	38	81	39	80	
	0	60	1	58	2	58	3	64	4	49	5	55	6	49	7	64	8	58	9	56	10	50	11	64	12	67	13	61	14	56	15	53	16	49	17	61	18	50	19	51	20	50	21	52	22	48	23	50	24	61	25	54	26	57	27	62	28	59	29	53	30	60	31	57	32	58	33	67	34	61	35	66	36	55	37	52	38	60	39	50	
	0	96	1	95	2	88	3	89	4	84	5	84	6	97	7	92	8	86	9	80	10	80	11	85	12	97	13	85	14	78	15	86	16	85	17	94	18	93	19	79	20	82	21	91	22	90	23	85	24	82	25	93	26	85	27	91	28	80	29	81	30	87	31	90	32	92	33	81	34	87	35	78	36	79	37	92	38	85	39	89	
	0	101	1	94	2	90	3	92	4	87	5	96	6	87	7	94	8	90	9	105	10	89	11	87	12	104	13	92	14	91	15	89	16	102	17	96	18	94	19	92	20	106	21	91	22	91	23	90	24	96	25	96	26	97	27	105	28	102	29	90	30	98	31	91	32	89	33	104	34	96	35	98	36	106	37	106	38	95	39	90	
	0	96	1	92	2	92	3	81	4	99	5	93	6	93	7	89	8	95	9	99	10	99	11	92	12	84	13	95	14	83	15	86	16	87	17	83	18	98	19	94	20	99	21	83	22	95	23	87	24	91	25	86	26	88	27	94	28	81	29	94	30	95	31	81	32	81	33	91	34	88	35	95	36	99	37	86	38	100	39	89	
	0	65	1	52	2	65	3	56	4	56	5	56	6	57	7	64	8	59	9	51	10	54	11	62	12	59	13	59	14	67	15	57	16	60	17	63	18	54	19	53	20	51	21	58	22	55	23	60	24	66	25	60	26	65	27	59	28	49	29	55	30	50	31	52	32	56	33	54	34	54	35	52	36	67	37	66	38	63	39	50	
	0	11	1	20	2	7	3	23	4	11	5	12	6	22	7	25	8	23	9	22	10	15	11	18	12	17	13	15	14	15	15	9	16	20	17	24	18	22	19	22	20	12	21	22	22	10	23	24	24	15	25	24	26	13	27	14	28	6	29	17	30	10	31	13	32	25	33	23	34	17	35	6	36	13	37	24	38	24	39	11	
	0	17	1	13	2	23	3	13	4	13	5	10	6	8	7	26	8	22	9	18	10	26	11	18	12	21	13	16	14	21	15	13	16	16	17	8	18	20	19	13	20	26	21	8	22	15	23	14	24	25	25	14	26	26	27	23	28	25	29	22	30	18	31	14	32	16	33	15	34	27	35	10	36	25	37	26	38	12	39	14	
	0	65	1	79	2	80	3	81	4	77	5	65	6	79	7	67	8	69	9	65	10	81	11	66	12	78	13	78	14	76	15	71	16	76	17	69	18	71	19	74	20	76	21	65	22	79	23	79	24	73	25	84	26	76	27	80	28	69	29	76	30	71	31	79	32	73	33	65	34	73	35	66	36	81	37	72	38	82	39	73	
	0	53	1	63	2	61	3	57	4	58	5	65	6	60	7	60	8	61	9	50	10	59	11	61	12	64	13	63	14	62	15	65	16	66	17	50	18	49	19	61	20	65	21	53	22	48	23	47	24	50	25	65	26	55	27	58	28	49	29	63	30	54	31	50	32	65	33	56	34	66	35	51	36	66	37	47	38	64	39	47	
	0	12	1	13	2	17	3	22	4	20	5	27	6	29	7	15	8	21	9	11	10	16	11	22	12	28	13	18	14	13	15	29	16	22	17	15	18	20	19	24	20	23	21	13	22	14	23	16	24	15	25	20	26	25	27	29	28	13	29	13	30	14	31	15	32	14	33	25	34	24	35	24	36	28	37	24	38	20	39	13	
	0	106	1	105	2	113	3	110	4	103	5	111	6	103	7	120	8	120	9	119	10	119	11	119	12	108	13	115	14	101	15	114	16	105	17	116	18	114	19	110	20	107	21	110	22	102	23	114	24	119	25	107	26	106	27	107	28	103	29	113	30	107	31	118	32	111	33	119	34	101	35	114	36	108	37	104	38	103	39	108	
	0	66	1	80	2	75	3	69	4	70	5	62	6	66	7	64	8	81	9	78	10	74	11	72	12	78	13	64	14	74	15	75	16	79	17	80	18	70	19	70	20	62	21	79	22	70	23	75	24	72	25	62	26	75	27	73	28	78	29	81	30	77	31	80	32	73	33	64	34	67	35	73	36	65	37	65	38	77	39	76	
	0	19	1	16	2	10	3	2	4	20	5	4	6	2	7	11	8	20	9	20	10	18	11	8	12	7	13	20	14	2	15	3	16	8	17	3	18	9	19	11	20	13	21	17	22	21	23	4	24	16	25	19	26	10	27	19	28	7	29	7	30	15	31	12	32	16	33	15	34	17	35	12	36	7	37	17	38	16	39	21	
	0	93	1	89	2	88	3	92	4	86	5	89	6	101	7	89	8	99	9	89	10	86	11	98	12	82	13	91	14	90	15	88	16	85	17	92	18	82	19	92	20	93	21	97	22	95	23	94	24	89	25	90	26	95	27	83	28	91	29	83	30	88	31	90	32	100	33	86	34	83	35	97	36	91	37	90	38	90	39	86	
	0	41	1	50	2	58	3	45	4	40	5	49	6	58	7	53	8	39	9	55	10	44	11	43	12	50	13	44	14	55	15	53	16	53	17	51	18	39	19	58	20	47	21	51	22	41	23	40	24	46	25	45	26	44	27	40	28	57	29	39	30	55	31	49	32	43	33	52	34	42	35	39	36	50	37	39	38	50	39	56	
	0	71	1	71	2	66	3	75	4	69	5	77	6	76	7	66	8	74	9	78	10	79	11	70	12	67	13	74	14	67	15	61	16	77	17	68	18	77	19	61	20	78	21	71	22	66	23	74	24	71	25	69	26	71	27	79	28	69	29	76	30	62	31	65	32	75	33	63	34	77	35	70	36	70	37	75	38	68	39	79	
	0	11	1	11	2	3	3	18	4	11	5	10	6	4	7	12	8	21	9	11	10	6	11	5	12	7	13	16	14	5	15	9	16	2	17	12	18	11	19	5	20	11	21	2	22	6	23	9	24	21	25	12	26	9	27	14	28	4	29	15	30	3	31	10	32	5	33	4	34	17	35	12	36	19	37	5	38	19	39	4	
	0	77	1	66	2	64	3	79	4	71	5	68	6	80	7	71	8	79	9	66	10	65	11	67	12	80	13	72	14	61	15	77	16	66	17	65	18	68	19	71	20	70	21	61	22	62	23	69	24	71	25	78	26	68	27	77	28	79	29	75	30	77	31	77	32	64	33	67	34	78	35	79	36	75	37	64	38	63	39	62	
	0	103	1	93	2	104	3	99	4	103	5	108	6	93	7	109	8	111	9	106	10	104	11	111	12	106	13	92	14	98	15	100	16	108	17	109	18	93	19	96	20	101	21	96	22	105	23	101	24	104	25	107	26	94	27	99	28	94	29	93	30	105	31	99	32	110	33	101	34	97	35	95	36	111	37	93	38	100	39	98	
	0	66	1	58	2	61	3	63	4	62	5	65	6	51	7	61	8	52	9	51	10	56	11	58	12	70	13	58	14	54	15	63	16	62	17	64	18	70	19	56	20	62	21	55	22	55	23	59	24	69	25	66	26	64	27	59	28	69	29	53	30	64	31	61	32	59	33	61	34	67	35	63	36	67	37	58	38	70	39	59	
	0	118	1	110	2	105	3	113	4	111	5	102	6	117	7	103	8	119	9	112	10	112	11	109	12	108	13	119	14	112	15	115	16	118	17	101	18	110	19	109	20	119	21	115	22	119	23	119	24	104	25	105	26	114	27	107	28	112	29	110	30	107	31	104	32	113	33	105	34	115	35	112	36	118	37	106	38	118	39	105	
	0	32	1	26	2	33	3	34	4	25	5	34	6	27	7	36	8	25	9	31	10	27	11	34	12	37	13	30	14	21	15	38	16	39	17	29	18	23	19	24	20	38	21	24	22	33	23	39	24	31	25	33	26	34	27	34	28	31	29	35	30	21	31	25	32	25	33	31	34	33	35	37	36	28	37	37	38	39	39	38	
	0	43	1	39	2	34	3	47	4	46	5	43	6	44	7	33	8	35	9	50	10	34	11	47	12	44	13	39	14	49	15	50	16	42	17	35	18	41	19	45	20	36	21	34	22	38	23	43	24	37	25	46	26	48	27	38	28	40	29	41	30	50	31	42	32	50	33	49	34	35	35	40	36	47	37	31	38	36	39	39	
	0	33	1	34	2	25	3	27	4	17	5	27	6	35	7	17	8	34	9	23	10	25	11	29	12	21	13	33	14	17	15	22	16	25	17	20	18	35	19	20	20	25	21	29	22	18	23	17	24	21	25	19	26	24	27	31	28	25	29	19	30	32	31	21	32	16	33	29	34	17	35	24	36	19	37	27	38	26	39	22	
	0	106	1	101	2	115	3	111	4	108	5	106	6	110	7	107	8	105	9	112	10	106	11	109	12	113	13	112	14	113	15	109	16	101	17	113	18	111	19	99	20	114	21	99	22	106	23	98	24	104	25	104	26	111	27	101	28	98	29	105	30	113	31	102	32	113	33	100	34	116	35	111	36	109	37	99	38	108	39	112	
	0	28	1	32	2	27	3	31	4	32	5	36	6	43	7	37	8	30	9	27	10	37	11	29	12	30	13	43	14	31	15	42	16	24	17	35	18	26	19	34	20	41	21	30	22	26	23	35	24	25	25	30	26	28	27	40	28	26	29	29	30	35	31	37	32	30	33	29	34	42	35	25	36	30	37	36	38	31	39	24	
	0	23	1	15	2	17	3	23	4	17	5	29	6	18	7	18	8	15	9	21	10	11	11	29	12	20	13	20	14	26	15	21	16	16	17	17	18	30	19	22	20	30	21	26	22	21	23	23	24	26	25	23	26	24	27	24	28	11	29	13	30	21	31	17	32	26	33	19	34	24	35	11	36	29	37	29	38	24	39	28	
	0	19	1	16	2	20	3	18	4	26	5	14	6	11	7	20	8	8	9	20	10	14	11	22	12	12	13	20	14	22	15	19	16	18	17	11	18	8	19	8	20	9	21	17	22	23	23	24	24	8	25	23	26	13	27	7	28	11	29	25	30	16	31	25	32	11	33	19	34	18	35	23	36	9	37	15	38	7	39	25	
	0	73	1	70	2	66	3	77	4	72	5	68	6	77	7	75	8	77	9	73	10	68	11	77	12	67	13	74	14	68	15	73	16	78	17	76	18	82	19	81	20	85	21	82	22	73	23	68	24	75	25	74	26	69	27	78	28	68	29	82	30	82	31	72	32	69	33	71	34	85	35	74	36	78	37	83	38	85	39	85	
	0	86	1	85	2	100	3	100	4	91	5	87	6	86	7	99	8	93	9	97	10	92	11	100	12	87	13	85	14	94	15	85	16	82	17	85	18	81	19	86	20	85	21	88	22	91	23	88	24	90	25	83	26	94	27	89	28	99	29	90	30	85	31	83	32	93	33	95	34	93	35	100	36	82	37	90	38	90	39	82	
	0	90	1	88	2	94	3	81	4	84	5	93	6	88	7	87	8	82	9	90	10	91	11	82	12	94	13	88	14	85	15	81	16	87	17	83	18	84	19	89	20	92	21	85	22	93	23	92	24	83	25	80	26	85	27	76	28	78	29	92	30	88	31	78	32	77	33	83	34	94	35	79	36	89	37	76	38	75	39	89	
	0	100	1	92	2	106	3	96	4	103	5	104	6	95	7	94	8	107	9	92	10	104	11	96	12	103	13	102	14	102	15	99	16	111	17	108	18	111	19	96	20	97	21	102	22	107	23	107	24	100	25	99	26	101	27	110	28	93	29	98	30	92	31	102	32	95	33	100	34	101	35	98	36	96	37	101	38	100	39	111	
	0	97	1	101	2	96	3	100	4	102	5	96	6	102	7	97	8	96	9	107	10	100	11	107	12	100	13	101	14	98	15	105	16	98	17	97	18	115	19	100	20	101	21	104	22	97	23	100	24	105	25	106	26	96	27	107	28	110	29	104	30	108	31	115	32	103	33	104	34	102	35	97	36	102	37	104	38	105	39	111	
	0	77	1	87	2	86	3	81	4	75	5	86	6	77	7	85	8	76	9	84	10	89	11	92	12	77	13	91	14	89	15	80	16	73	17	85	18	78	19	78	20	78	21	77	22	89	23	80	24	80	25	78	26	82	27	84	28	89	29	74	30	82	31	77	32	84	33	81	34	85	35	73	36	85	37	76	38	73	39	88	
	0	13	1	16	2	13	3	28	4	12	5	24	6	12	7	15	8	26	9	24	10	22	11	12	12	21	13	18	14	15	15	16	16	29	17	16	18	29	19	16	20	20	21	29	22	11	23	21	24	18	25	26	26	24	27	10	28	15	29	19	30	15	31	25	32	18	33	15	34	28	35	18	36	26	37	16	38	11	39	19	
	0	85	1	89	2	94	3	97	4	83	5	84	6	89	7	102	8	85	9	83	10	99	11	102	12	101	13	95	14	83	15	98	16	84	17	88	18	98	19	88	20	99	21	90	22	96	23	95	24	98	25	89	26	83	27	91	28	96	29	83	30	92	31	91	32	88	33	94	34	99	35	84	36	101	37	89	38	94	39	99	
	0	53	1	56	2	40	3	54	4	41	5	44	6	49	7	42	8	41	9	59	10	59	11	56	12	48	13	41	14	44	15	54	16	56	17	48	18	47	19	41	20	53	21	49	22	55	23	46	24	59	25	57	26	50	27	48	28	56	29	44	30	52	31	49	32	42	33	53	34	53	35	45	36	49	37	40	38	46	39	57	
	0	62	1	66	2	73	3	73	4	76	5	76	6	67	7	77	8	78	9	61	10	65	11	62	12	60	13	75	14	70	15	62	16	70	17	71	18	74	19	61	20	73	21	65	22	69	23	67	24	62	25	71	26	61	27	72	28	79	29	62	30	64	31	73	32	78	33	62	34	79	35	78	36	69	37	75	38	62	39	68	
	0	46	1	40	2	42	3	40	4	42	5	51	6	39	7	57	8	38	9	40	10	45	11	53	12	38	13	38	14	51	15	43	16	48	17	55	18	52	19	53	20	39	21	41	22	46	23	43	24	57	25	49	26	44	27	43	28	41	29	45	30	51	31	51	32	45	33	39	34	56	35	38	36	55	37	57	38	40	39	38	
	0	84	1	92	2	80	3	76	4	89	5	92	6	79	7	91	8	79	9	76	10	82	11	89	12	86	13	83	14	87	15	80	16	90	17	84	18	77	19	89	20	91	21	82	22	83	23	93	24	77	25	83	26	80	27	86	28	89	29	89	30	87	31	93	32	83	33	90	34	91	35	87	36	76	37	82	38	75	39	82	
	0	60	1	46	2	55	3	56	4	62	5	43	6	46	7	45	8	53	9	47	10	49	11	60	12	52	13	50	14	53	15	59	16	56	17	50	18	55	19	46	20	54	21	49	22	44	23	59	24	58	25	48	26	49	27	43	28	57	29	58	30	59	31	49	32	58	33	50	34	46	35	51	36	45	37	52	38	52	39	61	
	0	46	1	45	2	42	3	48	4	40	5	46	6	41	7	48	8	47	9	47	10	48	11	33	12	39	13	31	14	36	15	50	16	36	17	44	18	34	19	35	20	41	21	31	22	46	23	42	24	36	25	41	26	34	27	33	28	34	29	39	30	46	31	39	32	40	33	40	34	34	35	41	36	33	37	34	38	42	39	45	
	0	92	1	84	2	90	3	87	4	87	5	88	6	88	7	96	8	79	9	87	10	84	11	96	12	86	13	95	14	96	15	83	16	89	17	92	18	93	19	94	20	91	21	87	22	93	23	80	24	94	25	95	26	96	27	80	28	95	29	96	30	82	31	82	32	78	33	79	34	92	35	80	36	84	37	84	38	84	39	93	
	0	57	1	62	2	61	3	55	4	69	5	69	6	56	7	70	8	65	9	60	10	69	11	69	12	70	13	59	14	59	15	62	16	70	17	58	18	71	19	64	20	61	21	60	22	57	23	58	24	58	25	68	26	65	27	60	28	68	29	73	30	59	31	55	32	63	33	69	34	58	35	64	36	54	37	73	38	58	39	69	
	0	23	1	14	2	12	3	15	4	29	5	20	6	25	7	15	8	18	9	16	10	15	11	17	12	23	13	12	14	18	15	15	16	24	17	19	18	16	19	23	20	20	21	25	22	29	23	24	24	23	25	29	26	10	27	17	28	16	29	10	30	19	31	12	32	12	33	20	34	17	35	17	36	10	37	21	38	16	39	22	
	0	27	1	14	2	29	3	21	4	16	5	17	6	29	7	25	8	14	9	13	10	27	11	27	12	18	13	28	14	23	15	20	16	27	17	14	18	13	19	19	20	26	21	18	22	13	23	16	24	27	25	14	26	22	27	14	28	21	29	12	30	25	31	14	32	15	33	22	34	29	35	29	36	14	37	31	38	27	39	23	
	0	68	1	65	2	83	3	74	4	75	5	77	6	80	7	65	8	77	9	77	10	77	11	82	12	71	13	70	14	80	15	75	16	66	17	67	18	72	19	79	20	72	21	72	22	82	23	71	24	81	25	80	26	83	27	84	28	75	29	66	30	65	31	70	32	78	33	70	34	79	35	66	36	79	37	78	38	71	39	83	
	0	104	1	119	2	107	3	118	4	106	5	120	6	116	7	115	8	113	9	120	10	107	11	107	12	112	13	103	14	109	15	118	16	109	17	116	18	109	19	106	20	110	21	117	22	115	23	112	24	106	25	117	26	115	27	102	28	107	29	114	30	106	31	120	32	115	33	109	34	113	35	107	36	115	37	110	38	115	39	102	
	0	72	1	85	2	86	3	78	4	77	5	82	6	77	7	76	8	83	9	86	10	83	11	81	12	77	13	80	14	80	15	85	16	73	17	79	18	70	19	75	20	86	21	70	22	75	23	79	24	69	25	73	26	76	27	69	28	72	29	88	30	82	31	73	32	72	33	70	34	80	35	82	36	82	37	87	38	70	39	85	
	0	68	1	59	2	65	3	57	4	56	5	55	6	69	7	60	8	51	9	58	10	65	11	59	12	69	13	65	14	57	15	66	16	60	17	54	18	58	19	62	20	53	21	53	22	68	23	54	24	55	25	52	26	70	27	63	28	56	29	68	30	63	31	67	32	59	33	53	34	70	35	59	36	65	37	58	38	67	39	59	
	0	42	1	50	2	36	3	45	4	51	5	42	6	40	7	40	8	37	9	34	10	44	11	47	12	49	13	40	14	42	15	46	16	44	17	50	18	42	19	47	20	43	21	42	22	36	23	47	24	38	25	38	26	41	27	48	28	38	29	41	30	36	31	49	32	48	33	50	34	36	35	36	36	36	37	43	38	36	39	32	
	0	96	1	107	2	95	3	106	4	97	5	90	6	107	7	91	8	96	9	106	10	89	11	101	12	107	13	102	14	95	15	103	16	101	17	102	18	95	19	93	20	107	21	103	22	105	23	101	24	91	25	105	26	97	27	90	28	101	29	96	30	91	31	104	32	89	33	106	34	92	35	100	36	95	37	92	38	94	39	97	
	0	55	1	60	2	63	3	56	4	51	5	52	6	47	7	49	8	53	9	55	10	58	11	49	12	54	13	51	14	57	15	49	16	48	17	45	18	51	19	45	20	48	21	49	22	62	23	62	24	50	25	58	26	54	27	44	28	49	29	47	30	58	31	55	32	51	33	59	34	44	35	49	36	49	37	58	38	45	39	53	
	0	18	1	12	2	13	3	21	4	5	5	14	6	13	7	14	8	13	9	6	10	15	11	9	12	23	13	13	14	13	15	12	16	20	17	7	18	22	19	8	20	8	21	9	22	18	23	6	24	15	25	9	26	17	27	13	28	8	29	22	30	9	31	22	32	23	33	21	34	11	35	12	36	21	37	11	38	12	39	18	
	0	101	1	97	2	100	3	90	4	90	5	93	6	99	7	104	8	101	9	87	10	98	11	102	12	95	13	102	14	98	15	100	16	91	17	98	18	88	19	85	20	85	21	102	22	98	23	89	24	85	25	85	26	89	27	98	28	91	29	102	30	87	31	96	32	92	33	90	34	89	35	86	36	90	37	97	38	99	39	85	
	0	57	1	43	2	51	3	49	4	48	5	60	6	52	7	56	8	46	9	48	10	57	11	42	12	54	13	50	14	59	15	48	16	41	17	47	18	48	19	56	20	45	21	55	22	41	23	59	24	41	25	45	26	43	27	41	28	46	29	48	30	48	31	60	32	57	33	56	34	51	35	46	36	48	37	52	38	52	39	47	
	0	37	1	33	2	36	3	37	4	49	5	49	6	39	7	33	8	43	9	38	10	47	11	47	12	44	13	48	14	43	15	47	16	48	17	34	18	39	19	44	20	38	21	41	22	50	23	46	24	36	25	33	26	36	27	42	28	47	29	50	30	41	31	44	32	39	33	44	34	43	35	47	36	39	37	42	38	33	39	49	
	0	66	1	65	2	78	3	79	4	80	5	76	6	79	7	74	8	80	9	80	10	75	11	66	12	78	13	79	14	74	15	81	16	74	17	75	18	66	19	72	20	81	21	73	22	75	23	66	24	80	25	67	26	80	27	70	28	77	29	72	30	68	31	65	32	74	33	72	34	64	35	76	36	65	37	73	38	74	39	78	
	0	96	1	79	2	82	3	95	4	80	5	86	6	93	7	93	8	96	9	79	10	91	11	81	12	88	13	96	14	93	15	94	16	84	17	83	18	90	19	95	20	89	21	78	22	82	23	86	24	81	25	93	26	85	27	90	28	89	29	89	30	89	31	82	32	78	33	87	34	92	35	78	36	94	37	95	38	84	39	87	
	0	77	1	83	2	80	3	79	4	82	5	83	6	79	7	92	8	88	9	93	10	80	11	92	12	82	13	84	14	85	15	91	16	86	17	82	18	92	19	82	20	88	21	77	22	94	23	79	24	87	25	78	26	79	27	89	28	80	29	86	30	86	31	89	32	86	33	78	34	94	35	86	36	95	37	87	38	81	39	79	
	0	89	1	95	2	97	3	104	4	89	5	95	6	92	7	104	8	89	9	100	10	101	11	89	12	98	13	93	14	100	15	97	16	87	17	99	18	99	19	100	20	102	21	94	22	100	23	90	24	93	25	101	26	105	27	103	28	101	29	95	30	87	31	98	32	91	33	101	34	100	35	99	36	103	37	92	38	87	39	105	
	0	70	1	68	2	70	3	77	4	59	5	60	6	77	7	61	8	74	9	62	10	74	11	65	12	68	13	78	14	75	15	61	16	70	17	78	18	70	19	67	20	76	21	60	22	77	23	69	24	68	25	60	26	75	27	60	28	63	29	72	30	70	31	74	32	71	33	74	34	66	35	59	36	72	37	74	38	72	39	67	
	0	75	1	81	2	72	3	69	4	71	5	74	6	72	7	75	8	81	9	71	10	70	11	77	12	78	13	79	14	78	15	79	16	83	17	71	18	79	19	79	20	76	21	72	22	81	23	75	24	79	25	76	26	87	27	77	28	80	29	73	30	79	31	68	32	72	33	73	34	82	35	79	36	76	37	70	38	68	39	70	
	0	102	1	101	2	117	3	108	4	111	5	106	6	117	7	116	8	116	9	114	10	114	11	116	12	108	13	119	14	111	15	102	16	117	17	118	18	106	19	116	20	102	21	112	22	115	23	103	24	106	25	103	26	116	27	113	28	107	29	118	30	115	31	101	32	106	33	117	34	112	35	103	36	114	37	108	38	119	39	105	
	0	89	1	105	2	101	3	91	4	89	5	106	6	93	7	101	8	94	9	87	10	106	11	94	12	105	13	88	14	94	15	103	16	91	17	102	18	105	19	106	20	101	21	91	22	106	23	96	24	96	25	105	26	105	27	106	28	93	29	96	30	105	31	100	32	100	33	101	34	89	35	95	36	99	37	100	38	89	39	91	
	0	105	1	101	2	111	3	105	4	93	5	93	6	100	7	102	8	98	9	107	10	105	11	97	12	109	13	108	14	107	15	98	16	102	17	100	18	109	19	96	20	112	21	106	22	106	23	94	24	95	25	97	26	97	27	96	28	105	29	100	30	107	31	95	32	110	33	102	34	98	35	93	36	95	37	100	38	112	39	102	
	0	91	1	95	2	88	3	90	4	101	5	98	6	87	7	94	8	85	9	91	10	87	11	93	12	92	13	99	14	98	15	96	16	92	17	91	18	90	19	88	20	92	21	96	22	99	23	96	24	88	25	101	26	98	27	98	28	99	29	101	30	97	31	93	32	91	33	92	34	91	35	88	36	90	37	96	38	97	39	100	
	0	77	1	79	2	84	3	76	4	78	5	74	6	78	7	71	8	83	9	78	10	70	11	70	12	71	13	84	14	74	15	76	16	67	17	81	18	68	19	66	20	81	21	74	22	79	23	68	24	75	25	65	26	70	27	82	28	81	29	80	30	65	31	75	32	66	33	78	34	67	35	74	36	79	37	67	38	73	39	67	
	0	24	1	17	2	18	3	24	4	20	5	22	6	19	7	26	8	22	9	26	10	15	11	20	12	11	13	21	14	14	15	14	16	26	17	16	18	29	19	17	20	30	21	20	22	18	23	15	24	29	25	23	26	25	27	22	28	16	29	25	30	18	31	23	32	19	33	16	34	12	35	19	36	17	37	13	38	19	39	24	
	0	75	1	71	2	60	3	77	4	63	5	74	6	67	7	62	8	66	9	68	10	61	11	69	12	74	13	66	14	65	15	73	16	60	17	77	18	73	19	75	20	72	21	73	22	60	23	62	24	71	25	58	26	65	27	68	28	77	29	58	30	74	31	72	32	71	33	69	34	71	35	60	36	60	37	77	38	67	39	61	
	0	21	1	21	2	19	3	12	4	14	5	20	6	15	7	21	8	7	9	14	10	19	11	22	12	12	13	4	14	4	15	18	16	23	17	10	18	9	19	22	20	18	21	20	22	17	23	18	24	10	25	21	26	16	27	17	28	15	29	18	30	12	31	7	32	5	33	7	34	16	35	7	36	13	37	11	38	6	39	19	
	0	84	1	91	2	90	3	80	4	86	5	92	6	84	7	87	8	90	9	94	10	94	11	83	12	93	13	97	14	86	15	91	16	91	17	86	18	88	19	87	20	86	21	84	22	91	23	85	24	90	25	94	26	81	27	89	28	90	29	88	30	85	31	97	32	90	33	96	34	99	35	89	36	88	37	84	38	87	39	94	
	0	53	1	52	2	62	3	50	4	62	5	60	6	61	7	46	8	55	9	48	10	55	11	59	12	57	13	58	14	50	15	48	16	61	17	59	18	62	19	59	20	53	21	48	22	51	23	63	24	47	25	56	26	56	27	50	28	48	29	59	30	63	31	51	32	60	33	55	34	53	35	45	36	49	37	48	38	52	39	50	
	0	46	1	33	2	45	3	48	4	43	5	49	6	31	7	31	8	31	9	42	10	50	11	37	12	33	13	44	14	42	15	42	16	41	17	32	18	50	19	35	20	43	21	50	22	34	23	48	24	31	25	34	26	46	27	35	28	41	29	48	30	46	31	41	32	36	33	41	34	34	35	46	36	36	37	36	38	49	39	31	
	0	29	1	13	2	21	3	24	4	13	5	25	6	17	7	12	8	15	9	12	10	12	11	17	12	16	13	11	14	28	15	29	16	22	17	30	18	16	19	29	20	14	21	29	22	17	23	17	24	12	25	16	26	30	27	12	28	20	29	18	30	16	31	25	32	28	33	23	34	23	35	26	36	14	37	28	38	16	39	27	
	0	96	1	109	2	105	3	97	4	105	5	114	6	97	7	110	8	95	9	106	10	111	11	106	12	109	13	113	14	103	15	96	16	97	17	109	18	103	19	104	20	96	21	105	22	113	23	109	24	103	25	97	26	109	27	102	28	98	29	114	30	98	31	107	32	109	33	113	34	105	35	107	36	106	37	111	38	114	39	112	
	0	29	1	31	2	27	3	38	4	25	5	37	6	35	7	39	8	41	9	25	10	37	11	38	12	27	13	25	14	26	15	30	16	34	17	35	18	37	19	24	20	29	21	27	22	35	23	26	24	34	25	38	26	29	27	28	28	23	29	33	30	37	31	34	32	25	33	33	34	38	35	36	36	37	37	41	38	30	39	31	