200 40 1
40
	0	26	1	24	2	15	3	30	4	16	5	23	6	20	7	32	8	18	9	30	10	29	11	25	12	18	13	28	14	32	15	25	16	15	17	26	18	31	19	20	20	15	21	27	22	15	23	32	24	19	25	20	26	30	27	29	28	19	29	13	30	24	31	25	32	26	33	32	34	18	35	13	36	15	37	18	38	14	39	29	
	0	106	1	117	2	110	3	118	4	109	5	102	6	99	7	99	8	110	9	117	10	116	11	114	12	114	13	110	14	116	15	100	16	113	17	111	18	104	19	99	20	114	21	106	22	106	23	118	24	103	25	105	26	114	27	118	28	99	29	115	30	118	31	107	32	111	33	113	34	106	35	109	36	105	37	110	38	113	39	118	
	0	88	1	92	2	92	3	96	4	93	5	101	6	93	7	105	8	97	9	104	10	103	11	104	12	91	13	105	14	99	15	102	16	96	17	89	18	105	19	94	20	101	21	87	22	93	23	90	24	91	25	103	26	102	27	90	28	88	29	99	30	105	31	93	32	106	33	102	34	90	35	100	36	101	37	103	38	106	39	89	
	0	74	1	68	2	85	3	84	4	70	5	73	6	86	7	71	8	71	9	67	10	85	11	68	12	78	13	79	14	80	15	84	16	68	17	79	18	80	19	85	20	80	21	71	22	69	23	76	24	74	25	73	26	79	27	68	28	81	29	80	30	85	31	71	32	67	33	78	34	85	35	74	36	68	37	69	38	68	39	84	
	0	61	1	65	2	57	3	57	4	56	5	49	6	60	7	67	8	53	9	63	10	50	11	49	12	51	13	62	14	58	15	52	16	65	17	48	18	49	19	52	20	57	21	63	22	64	23	63	24	51	25	48	26	50	27	48	28	48	29	60	30	55	31	55	32	52	33	63	34	64	35	52	36	64	37	59	38	49	39	53	
	0	47	1	33	2	44	3	34	4	33	5	38	6	46	7	37	8	50	9	48	10	50	11	49	12	48	13	48	14	38	15	33	16	50	17	49	18	32	19	33	20	44	21	35	22	44	23	45	24	34	25	44	26	38	27	42	28	36	29	48	30	32	31	49	32	36	33	38	34	43	35	41	36	36	37	50	38	51	39	41	
	0	26	1	28	2	27	3	26	4	32	5	35	6	28	7	35	8	25	9	34	10	39	11	42	12	28	13	33	14	42	15	24	16	42	17	42	18	27	19	43	20	34	21	28	22	37	23	41	24	35	25	40	26	32	27	38	28	37	29	33	30	42	31	43	32	37	33	38	34	37	35	28	36	24	37	30	38	25	39	38	
	0	37	1	44	2	42	3	39	4	54	5	45	6	55	7	55	8	45	9	49	10	42	11	55	12	37	13	37	14	45	15	55	16	54	17	40	18	52	19	44	20	42	21	41	22	44	23	40	24	42	25	42	26	43	27	49	28	42	29	44	30	49	31	45	32	49	33	55	34	39	35	42	36	50	37	42	38	38	39	45	
	0	62	1	63	2	50	3	52	4	64	5	61	6	61	7	55	8	59	9	62	10	54	11	60	12	56	13	47	14	47	15	62	16	59	17	63	18	47	19	60	20	56	21	60	22	53	23	63	24	52	25	50	26	51	27	51	28	63	29	61	30	54	31	64	32	60	33	50	34	51	35	61	36	46	37	49	38	54	39	62	
	0	10	1	11	2	7	3	22	4	18	5	17	6	17	7	13	8	22	9	24	10	19	11	18	12	12	13	25	14	21	15	19	16	13	17	17	18	18	19	25	20	11	21	15	22	13	23	6	24	15	25	13	26	12	27	12	28	18	29	13	30	12	31	9	32	10	33	19	34	24	35	13	36	12	37	15	38	16	39	19	
	0	74	1	69	2	76	3	75	4	65	5	72	6	59	7	62	8	60	9	73	10	58	11	73	12	66	13	76	14	70	15	70	16	58	17	67	18	73	19	72	20	72	21	77	22	60	23	69	24	70	25	58	26	77	27	67	28	72	29	71	30	75	31	58	32	72	33	66	34	69	35	69	36	66	37	77	38	62	39	61	
	0	99	1	96	2	97	3	86	4	91	5	97	6	99	7	85	8	89	9	100	10	90	11	99	12	97	13	98	14	82	15	88	16	93	17	84	18	84	19	89	20	97	21	99	22	85	23	89	24	85	25	94	26	85	27	99	28	85	29	97	30	87	31	93	32	93	33	94	34	95	35	88	36	98	37	84	38	83	39	90	
	0	66	1	56	2	65	3	62	4	55	5	54	6	64	7	57	8	58	9	61	10	60	11	59	12	70	13	64	14	53	15	61	16	51	17	63	18	63	19	54	20	58	21	70	22	58	23	69	24	61	25	67	26	51	27	65	28	63	29	63	30	64	31	69	32	58	33	69	34	60	35	57	36	59	37	52	38	69	39	68	
	0	98	1	97	2	95	3	101	4	85	5	83	6	94	7	100	8	85	9	91	10	98	11	90	12	85	13	99	14	87	15	84	16	100	17	89	18	101	19	100	20	100	21	87	22	83	23	97	24	94	25	101	26	95	27	94	28	96	29	101	30	89	31	85	32	85	33	89	34	102	35	89	36	83	37	90	38	101	39	102	
	0	38	1	50	2	48	3	36	4	47	5	51	6	40	7	45	8	48	9	53	10	47	11	47	12	34	13	52	14	35	15	52	16	40	17	39	18	40	19	51	20	40	21	47	22	50	23	49	24	48	25	37	26	41	27	48	28	52	29	39	30	37	31	34	32	35	33	36	34	37	35	37	36	42	37	52	38	52	39	50	
	0	93	1	90	2	96	3	105	4	99	5	93	6	91	7	95	8	103	9	91	10	103	11	99	12	99	13	97	14	91	15	89	16	90	17	102	18	90	19	96	20	95	21	103	22	98	23	88	24	91	25	103	26	88	27	98	28	97	29	86	30	99	31	101	32	94	33	100	34	92	35	102	36	91	37	91	38	104	39	92	
	0	99	1	99	2	110	3	106	4	105	5	105	6	114	7	107	8	106	9	110	10	108	11	96	12	95	13	105	14	104	15	109	16	105	17	113	18	101	19	114	20	96	21	102	22	108	23	95	24	105	25	108	26	102	27	108	28	105	29	102	30	114	31	114	32	107	33	109	34	107	35	98	36	113	37	108	38	101	39	95	
	0	11	1	18	2	24	3	13	4	24	5	9	6	24	7	10	8	12	9	17	10	16	11	18	12	25	13	25	14	15	15	11	16	11	17	18	18	19	19	28	20	22	21	23	22	10	23	20	24	17	25	22	26	9	27	11	28	26	29	19	30	18	31	21	32	15	33	11	34	13	35	11	36	16	37	13	38	11	39	11	
	0	76	1	87	2	75	3	89	4	73	5	75	6	73	7	73	8	73	9	87	10	91	11	80	12	76	13	90	14	86	15	89	16	77	17	75	18	91	19	84	20	81	21	86	22	74	23	78	24	82	25	87	26	82	27	82	28	85	29	82	30	81	31	74	32	81	33	86	34	76	35	81	36	75	37	73	38	87	39	75	
	0	27	1	16	2	21	3	26	4	19	5	23	6	30	7	18	8	16	9	26	10	17	11	21	12	16	13	14	14	20	15	24	16	22	17	28	18	21	19	32	20	28	21	26	22	17	23	29	24	26	25	24	26	19	27	25	28	14	29	13	30	16	31	16	32	30	33	24	34	26	35	17	36	26	37	30	38	26	39	28	
	0	79	1	62	2	67	3	68	4	61	5	60	6	76	7	78	8	78	9	61	10	69	11	78	12	72	13	63	14	76	15	67	16	73	17	75	18	74	19	60	20	64	21	78	22	62	23	76	24	69	25	71	26	78	27	75	28	68	29	60	30	69	31	77	32	69	33	67	34	74	35	69	36	70	37	61	38	77	39	70	
	0	81	1	80	2	93	3	77	4	84	5	85	6	78	7	85	8	84	9	82	10	77	11	91	12	91	13	79	14	89	15	92	16	82	17	83	18	77	19	92	20	79	21	86	22	79	23	92	24	93	25	92	26	94	27	92	28	95	29	91	30	88	31	84	32	80	33	88	34	94	35	84	36	86	37	91	38	84	39	83	
	0	38	1	50	2	39	3	56	4	40	5	51	6	40	7	39	8	57	9	40	10	53	11	55	12	41	13	56	14	50	15	55	16	40	17	38	18	57	19	55	20	51	21	42	22	53	23	39	24	43	25	57	26	43	27	51	28	41	29	47	30	51	31	47	32	45	33	39	34	49	35	38	36	54	37	53	38	41	39	40	
	0	25	1	15	2	23	3	19	4	19	5	16	6	22	7	12	8	26	9	15	10	23	11	15	12	16	13	8	14	26	15	19	16	22	17	24	18	14	19	16	20	14	21	13	22	9	23	21	24	16	25	11	26	8	27	12	28	17	29	9	30	27	31	19	32	12	33	26	34	24	35	26	36	26	37	16	38	18	39	14	
	0	43	1	56	2	56	3	48	4	60	5	59	6	47	7	56	8	43	9	54	10	48	11	53	12	53	13	47	14	42	15	48	16	60	17	45	18	48	19	50	20	51	21	60	22	50	23	56	24	56	25	46	26	46	27	52	28	43	29	42	30	57	31	56	32	57	33	44	34	58	35	49	36	56	37	49	38	46	39	53	
	0	17	1	23	2	18	3	18	4	15	5	15	6	23	7	22	8	14	9	8	10	6	11	19	12	7	13	21	14	6	15	7	16	10	17	12	18	25	19	9	20	13	21	15	22	14	23	24	24	19	25	10	26	8	27	13	28	15	29	22	30	12	31	24	32	10	33	20	34	22	35	21	36	11	37	25	38	17	39	19	
	0	63	1	70	2	63	3	71	4	62	5	62	6	59	7	77	8	65	9	73	10	63	11	75	12	60	13	72	14	72	15	67	16	61	17	66	18	76	19	63	20	75	21	63	22	71	23	77	24	58	25	74	26	59	27	71	28	66	29	69	30	60	31	63	32	72	33	59	34	58	35	60	36	75	37	66	38	67	39	68	
	0	93	1	93	2	81	3	92	4	86	5	97	6	87	7	100	8	86	9	84	10	89	11	91	12	99	13	95	14	95	15	84	16	100	17	99	18	94	19	91	20	86	21	82	22	95	23	90	24	99	25	84	26	81	27	81	28	99	29	85	30	85	31	95	32	100	33	96	34	99	35	100	36	92	37	99	38	96	39	83	
	0	47	1	60	2	62	3	54	4	63	5	50	6	54	7	56	8	47	9	47	10	56	11	47	12	49	13	58	14	57	15	58	16	55	17	61	18	48	19	54	20	46	21	59	22	47	23	61	24	53	25	51	26	62	27	52	28	51	29	54	30	57	31	64	32	54	33	64	34	53	35	57	36	52	37	52	38	60	39	51	
	0	96	1	88	2	96	3	89	4	89	5	87	6	103	7	91	8	91	9	103	10	97	11	100	12	94	13	99	14	101	15	103	16	102	17	96	18	101	19	102	20	98	21	103	22	99	23	97	24	102	25	103	26	103	27	98	28	90	29	93	30	91	31	98	32	84	33	100	34	100	35	97	36	93	37	97	38	95	39	92	
	0	60	1	59	2	41	3	43	4	45	5	54	6	57	7	50	8	49	9	45	10	52	11	45	12	49	13	51	14	45	15	58	16	60	17	53	18	52	19	49	20	54	21	50	22	58	23	49	24	58	25	44	26	41	27	48	28	58	29	48	30	58	31	50	32	42	33	42	34	49	35	43	36	42	37	44	38	54	39	43	
	0	50	1	48	2	53	3	39	4	42	5	38	6	40	7	35	8	41	9	48	10	40	11	49	12	41	13	48	14	45	15	38	16	42	17	53	18	45	19	50	20	34	21	43	22	49	23	53	24	49	25	45	26	47	27	39	28	40	29	41	30	39	31	37	32	53	33	43	34	48	35	36	36	42	37	44	38	45	39	41	
	0	64	1	79	2	82	3	69	4	70	5	82	6	65	7	79	8	68	9	78	10	69	11	73	12	77	13	71	14	75	15	77	16	79	17	67	18	64	19	74	20	82	21	74	22	66	23	71	24	66	25	81	26	76	27	68	28	81	29	78	30	74	31	83	32	67	33	68	34	78	35	74	36	64	37	77	38	76	39	68	
	0	86	1	83	2	90	3	96	4	90	5	80	6	81	7	98	8	80	9	97	10	92	11	95	12	87	13	81	14	93	15	98	16	84	17	93	18	85	19	93	20	79	21	89	22	92	23	95	24	98	25	87	26	89	27	83	28	92	29	87	30	82	31	92	32	85	33	88	34	93	35	91	36	91	37	94	38	97	39	82	
	0	52	1	57	2	56	3	69	4	60	5	58	6	58	7	61	8	68	9	58	10	56	11	57	12	58	13	60	14	60	15	68	16	59	17	63	18	68	19	60	20	63	21	57	22	59	23	68	24	69	25	53	26	54	27	66	28	67	29	53	30	59	31	55	32	61	33	67	34	52	35	59	36	67	37	58	38	57	39	58	
	0	113	1	100	2	118	3	115	4	116	5	113	6	110	7	107	8	103	9	113	10	114	11	119	12	101	13	105	14	116	15	111	16	113	17	104	18	117	19	110	20	119	21	103	22	119	23	113	24	102	25	109	26	108	27	102	28	106	29	118	30	111	31	117	32	103	33	105	34	105	35	117	36	110	37	113	38	109	39	100	
	0	70	1	73	2	72	3	74	4	73	5	83	6	72	7	74	8	82	9	77	10	76	11	65	12	67	13	66	14	69	15	75	16	78	17	70	18	72	19	71	20	76	21	64	22	76	23	64	24	80	25	82	26	68	27	80	28	66	29	65	30	79	31	74	32	65	33	72	34	76	35	74	36	69	37	80	38	70	39	75	
	0	35	1	38	2	35	3	24	4	34	5	37	6	31	7	32	8	27	9	23	10	28	11	23	12	31	13	32	14	32	15	37	16	36	17	21	18	25	19	27	20	37	21	28	22	26	23	35	24	36	25	27	26	25	27	37	28	25	29	40	30	30	31	33	32	37	33	38	34	26	35	24	36	36	37	23	38	27	39	22	
	0	38	1	50	2	36	3	46	4	45	5	39	6	40	7	53	8	38	9	51	10	34	11	37	12	46	13	49	14	48	15	39	16	51	17	43	18	44	19	40	20	40	21	46	22	38	23	37	24	49	25	46	26	41	27	51	28	37	29	50	30	50	31	38	32	51	33	51	34	53	35	49	36	45	37	39	38	51	39	47	
	0	82	1	90	2	79	3	90	4	77	5	83	6	79	7	89	8	82	9	77	10	73	11	75	12	75	13	86	14	85	15	87	16	85	17	79	18	73	19	75	20	75	21	90	22	77	23	86	24	85	25	88	26	73	27	82	28	80	29	89	30	90	31	90	32	73	33	88	34	85	35	74	36	75	37	76	38	89	39	83	
	0	92	1	75	2	86	3	86	4	89	5	89	6	74	7	86	8	86	9	85	10	90	11	87	12	77	13	80	14	74	15	77	16	85	17	79	18	77	19	93	20	83	21	89	22	88	23	84	24	87	25	80	26	90	27	83	28	87	29	78	30	79	31	80	32	91	33	76	34	88	35	74	36	87	37	74	38	88	39	78	
	0	8	1	25	2	14	3	13	4	10	5	15	6	18	7	17	8	23	9	14	10	13	11	11	12	25	13	23	14	10	15	16	16	9	17	20	18	17	19	13	20	20	21	13	22	21	23	9	24	16	25	16	26	11	27	14	28	24	29	14	30	21	31	22	32	24	33	15	34	14	35	18	36	25	37	11	38	16	39	6	
	0	21	1	14	2	22	3	5	4	14	5	18	6	14	7	17	8	10	9	20	10	7	11	21	12	7	13	18	14	4	15	4	16	21	17	23	18	5	19	13	20	16	21	22	22	21	23	16	24	19	25	23	26	13	27	9	28	14	29	7	30	14	31	14	32	22	33	12	34	5	35	18	36	15	37	18	38	16	39	17	
	0	85	1	99	2	92	3	90	4	101	5	85	6	97	7	86	8	87	9	104	10	86	11	96	12	93	13	102	14	92	15	85	16	88	17	96	18	93	19	91	20	86	21	94	22	96	23	104	24	97	25	103	26	91	27	94	28	92	29	101	30	104	31	102	32	89	33	97	34	101	35	90	36	104	37	96	38	100	39	94	
	0	115	1	109	2	107	3	104	4	108	5	111	6	100	7	111	8	101	9	105	10	105	11	118	12	108	13	100	14	108	15	103	16	99	17	108	18	106	19	116	20	105	21	104	22	115	23	115	24	111	25	113	26	109	27	103	28	104	29	111	30	117	31	100	32	99	33	115	34	116	35	100	36	117	37	100	38	111	39	102	
	0	51	1	48	2	51	3	48	4	53	5	49	6	59	7	42	8	53	9	61	10	58	11	56	12	55	13	43	14	46	15	49	16	58	17	44	18	50	19	52	20	46	21	52	22	56	23	54	24	61	25	50	26	47	27	48	28	59	29	45	30	58	31	58	32	56	33	52	34	58	35	50	36	43	37	44	38	48	39	59	
	0	105	1	107	2	97	3	109	4	101	5	97	6	102	7	103	8	109	9	104	10	92	11	108	12	90	13	97	14	109	15	97	16	96	17	97	18	104	19	103	20	91	21	105	22	94	23	107	24	91	25	92	26	93	27	94	28	98	29	103	30	102	31	101	32	106	33	100	34	109	35	108	36	93	37	100	38	94	39	109	
	0	69	1	80	2	69	3	71	4	76	5	77	6	78	7	74	8	72	9	78	10	63	11	78	12	66	13	75	14	81	15	75	16	67	17	78	18	78	19	82	20	78	21	63	22	77	23	68	24	64	25	68	26	69	27	66	28	79	29	65	30	75	31	65	32	67	33	66	34	76	35	82	36	75	37	72	38	68	39	74	
	0	107	1	107	2	116	3	105	4	105	5	109	6	107	7	115	8	112	9	118	10	114	11	103	12	110	13	107	14	108	15	117	16	105	17	108	18	117	19	103	20	111	21	110	22	104	23	104	24	112	25	106	26	107	27	119	28	115	29	111	30	101	31	110	32	104	33	105	34	104	35	104	36	119	37	102	38	106	39	110	
	0	23	1	35	2	27	3	26	4	21	5	28	6	39	7	37	8	36	9	25	10	25	11	27	12	28	13	37	14	40	15	29	16	35	17	24	18	36	19	34	20	32	21	35	22	26	23	26	24	35	25	32	26	31	27	26	28	37	29	37	30	26	31	27	32	32	33	35	34	21	35	27	36	36	37	36	38	33	39	33	
	0	87	1	96	2	82	3	78	4	80	5	93	6	94	7	94	8	86	9	89	10	88	11	89	12	84	13	93	14	87	15	93	16	96	17	86	18	94	19	95	20	97	21	78	22	96	23	97	24	88	25	90	26	78	27	87	28	78	29	81	30	88	31	80	32	80	33	97	34	83	35	83	36	84	37	84	38	88	39	78	
	0	98	1	104	2	98	3	91	4	86	5	88	6	93	7	86	8	95	9	101	10	101	11	103	12	102	13	93	14	94	15	104	16	89	17	98	18	104	19	104	20	98	21	104	22	103	23	103	24	86	25	93	26	104	27	90	28	93	29	89	30	93	31	88	32	92	33	101	34	96	35	105	36	103	37	88	38	100	39	99	
	0	56	1	49	2	48	3	44	4	51	5	55	6	56	7	50	8	47	9	39	10	53	11	55	12	53	13	55	14	55	15	49	16	50	17	56	18	52	19	39	20	40	21	49	22	51	23	38	24	47	25	54	26	56	27	50	28	44	29	42	30	42	31	56	32	44	33	47	34	41	35	40	36	54	37	49	38	45	39	50	
	0	12	1	15	2	15	3	23	4	7	5	22	6	8	7	12	8	23	9	7	10	18	11	26	12	15	13	11	14	7	15	9	16	16	17	13	18	11	19	19	20	23	21	12	22	7	23	7	24	21	25	21	26	14	27	8	28	9	29	16	30	23	31	20	32	26	33	15	34	19	35	21	36	11	37	17	38	7	39	26	
	0	69	1	65	2	63	3	76	4	75	5	66	6	78	7	76	8	66	9	64	10	75	11	72	12	66	13	77	14	63	15	78	16	69	17	81	18	81	19	79	20	64	21	80	22	77	23	62	24	78	25	64	26	77	27	75	28	80	29	78	30	74	31	75	32	73	33	74	34	76	35	68	36	62	37	70	38	69	39	69	
	0	74	1	68	2	66	3	73	4	71	5	74	6	63	7	63	8	66	9	68	10	75	11	67	12	77	13	74	14	62	15	73	16	67	17	76	18	70	19	71	20	66	21	59	22	64	23	65	24	67	25	78	26	76	27	65	28	72	29	64	30	65	31	75	32	62	33	73	34	74	35	71	36	69	37	68	38	69	39	64	
	0	58	1	65	2	51	3	54	4	61	5	51	6	65	7	68	8	58	9	52	10	64	11	63	12	67	13	51	14	55	15	51	16	51	17	67	18	54	19	52	20	55	21	63	22	51	23	56	24	56	25	64	26	50	27	68	28	57	29	51	30	66	31	68	32	54	33	53	34	65	35	68	36	68	37	52	38	68	39	57	
	0	54	1	61	2	58	3	57	4	60	5	58	6	64	7	63	8	52	9	53	10	64	11	49	12	64	13	49	14	55	15	50	16	61	17	55	18	54	19	61	20	62	21	60	22	58	23	49	24	58	25	53	26	57	27	65	28	54	29	49	30	60	31	58	32	65	33	58	34	60	35	64	36	60	37	65	38	54	39	60	
	0	110	1	99	2	105	3	113	4	101	5	97	6	107	7	96	8	102	9	106	10	101	11	98	12	112	13	99	14	111	15	111	16	96	17	104	18	99	19	105	20	102	21	99	22	105	23	105	24	108	25	110	26	106	27	108	28	99	29	94	30	97	31	103	32	100	33	110	34	105	35	99	36	108	37	106	38	100	39	94	
	0	22	1	21	2	18	3	19	4	23	5	14	6	15	7	22	8	20	9	17	10	22	11	30	12	18	13	32	14	25	15	15	16	18	17	29	18	15	19	29	20	24	21	32	22	29	23	20	24	18	25	28	26	14	27	28	28	25	29	28	30	31	31	18	32	20	33	30	34	22	35	22	36	16	37	30	38	25	39	25	
	0	39	1	32	2	42	3	36	4	32	5	37	6	49	7	32	8	33	9	44	10	39	11	42	12	35	13	47	14	36	15	48	16	44	17	31	18	37	19	34	20	30	21	33	22	36	23	38	24	32	25	48	26	47	27	34	28	41	29	36	30	30	31	48	32	41	33	32	34	41	35	42	36	40	37	37	38	48	39	33	
	0	36	1	34	2	28	3	33	4	35	5	33	6	26	7	30	8	19	9	20	10	24	11	23	12	37	13	25	14	36	15	34	16	31	17	22	18	31	19	24	20	18	21	26	22	30	23	33	24	23	25	28	26	30	27	35	28	19	29	19	30	33	31	34	32	24	33	35	34	25	35	26	36	33	37	25	38	20	39	32	
	0	105	1	97	2	107	3	112	4	112	5	98	6	116	7	100	8	108	9	108	10	110	11	100	12	109	13	101	14	97	15	104	16	112	17	105	18	102	19	97	20	99	21	100	22	107	23	103	24	108	25	107	26	100	27	100	28	102	29	98	30	97	31	107	32	113	33	102	34	112	35	115	36	111	37	100	38	111	39	111	
	0	93	1	94	2	86	3	97	4	91	5	83	6	80	7	96	8	94	9	88	10	84	11	89	12	99	13	87	14	93	15	99	16	84	17	98	18	90	19	85	20	81	21	85	22	94	23	84	24	80	25	84	26	85	27	80	28	90	29	94	30	95	31	80	32	94	33	92	34	94	35	90	36	81	37	87	38	99	39	95	
	0	59	1	53	2	51	3	65	4	70	5	68	6	52	7	62	8	55	9	59	10	67	11	68	12	69	13	61	14	69	15	63	16	64	17	62	18	65	19	61	20	61	21	65	22	58	23	55	24	54	25	69	26	62	27	60	28	52	29	53	30	61	31	68	32	66	33	68	34	60	35	64	36	56	37	51	38	60	39	64	
	0	66	1	71	2	61	3	57	4	59	5	70	6	61	7	61	8	67	9	74	10	72	11	70	12	73	13	72	14	66	15	69	16	65	17	71	18	55	19	68	20	62	21	72	22	62	23	71	24	61	25	66	26	55	27	64	28	66	29	74	30	59	31	59	32	73	33	66	34	71	35	73	36	57	37	65	38	74	39	67	
	0	102	1	104	2	99	3	112	4	98	5	96	6	110	7	110	8	105	9	108	10	105	11	114	12	113	13	100	14	98	15	103	16	102	17	97	18	111	19	105	20	101	21	105	22	114	23	113	24	104	25	109	26	104	27	108	28	100	29	107	30	108	31	108	32	97	33	113	34	109	35	113	36	100	37	102	38	108	39	100	
	0	103	1	110	2	101	3	105	4	107	5	105	6	102	7	101	8	106	9	116	10	99	11	109	12	104	13	103	14	115	15	114	16	107	17	106	18	112	19	116	20	109	21	100	22	99	23	115	24	115	25	98	26	98	27	116	28	108	29	106	30	116	31	116	32	98	33	115	34	103	35	111	36	100	37	104	38	115	39	111	
	0	33	1	31	2	17	3	24	4	25	5	29	6	25	7	28	8	21	9	34	10	21	11	25	12	31	13	23	14	22	15	17	16	34	17	32	18	18	19	32	20	19	21	31	22	24	23	24	24	17	25	17	26	19	27	15	28	22	29	26	30	19	31	30	32	23	33	26	34	34	35	28	36	33	37	21	38	29	39	32	
	0	51	1	42	2	54	3	51	4	61	5	59	6	51	7	52	8	49	9	50	10	58	11	59	12	49	13	58	14	44	15	59	16	56	17	42	18	53	19	60	20	45	21	59	22	46	23	48	24	60	25	59	26	49	27	43	28	46	29	59	30	52	31	56	32	54	33	60	34	51	35	56	36	47	37	55	38	55	39	48	
	0	102	1	104	2	108	3	107	4	112	5	101	6	107	7	94	8	97	9	100	10	96	11	105	12	104	13	105	14	110	15	94	16	98	17	97	18	108	19	98	20	98	21	109	22	112	23	96	24	111	25	107	26	101	27	103	28	98	29	96	30	104	31	110	32	107	33	103	34	99	35	98	36	99	37	95	38	105	39	95	
	0	3	1	5	2	17	3	13	4	3	5	18	6	10	7	22	8	10	9	7	10	15	11	15	12	13	13	10	14	19	15	12	16	8	17	4	18	10	19	15	20	10	21	15	22	12	23	5	24	4	25	13	26	20	27	13	28	9	29	19	30	10	31	18	32	22	33	18	34	21	35	9	36	11	37	11	38	13	39	22	
	0	30	1	35	2	28	3	23	4	25	5	32	6	37	7	26	8	37	9	33	10	21	11	30	12	27	13	29	14	24	15	23	16	21	17	35	18	24	19	35	20	35	21	21	22	28	23	21	24	20	25	30	26	18	27	30	28	29	29	34	30	19	31	25	32	33	33	19	34	31	35	30	36	21	37	18	38	30	39	28	
	0	72	1	79	2	73	3	77	4	65	5	68	6	71	7	79	8	63	9	68	10	80	11	74	12	67	13	75	14	66	15	73	16	80	17	73	18	73	19	79	20	69	21	62	22	78	23	72	24	65	25	65	26	74	27	68	28	62	29	73	30	69	31	64	32	71	33	64	34	65	35	64	36	63	37	64	38	67	39	63	
	0	14	1	30	2	24	3	26	4	26	5	22	6	30	7	14	8	27	9	30	10	18	11	17	12	29	13	28	14	15	15	24	16	31	17	21	18	16	19	12	20	25	21	15	22	23	23	20	24	30	25	17	26	17	27	21	28	30	29	13	30	21	31	12	32	31	33	21	34	14	35	27	36	31	37	29	38	27	39	28	
	0	70	1	62	2	77	3	70	4	71	5	69	6	73	7	68	8	77	9	68	10	79	11	76	12	80	13	79	14	68	15	76	16	67	17	63	18	64	19	79	20	75	21	80	22	67	23	74	24	64	25	72	26	64	27	71	28	79	29	80	30	81	31	65	32	80	33	68	34	79	35	71	36	75	37	76	38	67	39	80	
	0	79	1	66	2	77	3	76	4	81	5	82	6	68	7	66	8	68	9	81	10	75	11	76	12	71	13	66	14	68	15	81	16	73	17	71	18	82	19	78	20	78	21	74	22	82	23	79	24	73	25	74	26	82	27	70	28	75	29	63	30	76	31	79	32	72	33	77	34	68	35	65	36	71	37	74	38	70	39	81	
	0	42	1	34	2	29	3	27	4	25	5	26	6	40	7	28	8	36	9	38	10	32	11	29	12	40	13	23	14	33	15	39	16	36	17	34	18	30	19	25	20	34	21	42	22	34	23	33	24	37	25	29	26	38	27	33	28	34	29	39	30	26	31	38	32	30	33	36	34	33	35	31	36	28	37	24	38	25	39	32	
	0	66	1	64	2	70	3	63	4	62	5	66	6	76	7	66	8	64	9	60	10	69	11	78	12	65	13	59	14	69	15	70	16	77	17	78	18	71	19	78	20	68	21	60	22	59	23	59	24	75	25	74	26	60	27	67	28	78	29	61	30	73	31	63	32	59	33	65	34	66	35	64	36	66	37	67	38	60	39	63	
	0	65	1	65	2	81	3	75	4	67	5	77	6	72	7	76	8	69	9	76	10	76	11	68	12	68	13	74	14	70	15	81	16	79	17	63	18	67	19	77	20	76	21	80	22	64	23	69	24	79	25	71	26	78	27	71	28	67	29	74	30	77	31	66	32	71	33	63	34	71	35	71	36	73	37	76	38	75	39	70	
	0	97	1	98	2	90	3	89	4	96	5	98	6	102	7	87	8	105	9	90	10	90	11	92	12	100	13	92	14	86	15	98	16	89	17	88	18	100	19	90	20	101	21	97	22	104	23	87	24	99	25	86	26	97	27	90	28	98	29	101	30	105	31	95	32	87	33	95	34	101	35	96	36	103	37	93	38	104	39	104	
	0	82	1	68	2	79	3	69	4	75	5	77	6	77	7	66	8	80	9	83	10	81	11	80	12	82	13	72	14	81	15	67	16	71	17	84	18	72	19	72	20	65	21	83	22	71	23	76	24	79	25	74	26	84	27	66	28	81	29	68	30	77	31	74	32	79	33	68	34	82	35	77	36	65	37	65	38	71	39	77	
	0	118	1	118	2	111	3	109	4	109	5	108	6	108	7	118	8	117	9	113	10	107	11	112	12	115	13	109	14	108	15	110	16	113	17	117	18	100	19	113	20	104	21	108	22	118	23	106	24	117	25	101	26	100	27	100	28	104	29	107	30	108	31	104	32	108	33	101	34	99	35	118	36	110	37	111	38	103	39	117	
	0	55	1	63	2	68	3	58	4	49	5	68	6	67	7	63	8	60	9	67	10	68	11	63	12	64	13	68	14	58	15	59	16	51	17	61	18	55	19	63	20	49	21	54	22	67	23	54	24	50	25	68	26	57	27	59	28	54	29	54	30	56	31	52	32	60	33	60	34	56	35	50	36	67	37	65	38	67	39	63	
	0	7	1	13	2	22	3	4	4	11	5	6	6	21	7	19	8	7	9	12	10	12	11	20	12	13	13	3	14	17	15	14	16	19	17	12	18	5	19	12	20	5	21	10	22	20	23	11	24	14	25	18	26	10	27	19	28	9	29	15	30	4	31	19	32	21	33	17	34	10	35	14	36	12	37	9	38	10	39	17	
	0	39	1	36	2	28	3	30	4	32	5	28	6	37	7	40	8	30	9	28	10	31	11	30	12	30	13	37	14	31	15	43	16	24	17	40	18	36	19	32	20	34	21	39	22	30	23	32	24	36	25	28	26	29	27	28	28	37	29	31	30	30	31	33	32	36	33	28	34	39	35	43	36	33	37	35	38	43	39	34	
	0	85	1	91	2	85	3	103	4	92	5	86	6	96	7	91	8	93	9	96	10	88	11	89	12	90	13	94	14	92	15	102	16	93	17	97	18	104	19	89	20	89	21	85	22	95	23	101	24	90	25	89	26	88	27	101	28	93	29	94	30	104	31	101	32	86	33	93	34	99	35	94	36	97	37	86	38	87	39	89	
	0	83	1	86	2	78	3	87	4	86	5	72	6	76	7	85	8	75	9	69	10	69	11	83	12	74	13	69	14	87	15	75	16	78	17	73	18	69	19	71	20	75	21	84	22	77	23	70	24	85	25	80	26	88	27	72	28	86	29	86	30	77	31	73	32	81	33	80	34	78	35	83	36	81	37	84	38	88	39	85	
	0	21	1	31	2	30	3	20	4	31	5	27	6	32	7	31	8	35	9	21	10	32	11	21	12	31	13	28	14	25	15	38	16	21	17	26	18	31	19	32	20	22	21	32	22	32	23	20	24	36	25	32	26	20	27	35	28	19	29	32	30	19	31	23	32	32	33	20	34	20	35	31	36	32	37	36	38	31	39	19	
	0	12	1	18	2	22	3	21	4	21	5	13	6	7	7	13	8	9	9	15	10	15	11	17	12	10	13	20	14	17	15	11	16	16	17	16	18	13	19	5	20	5	21	23	22	23	23	4	24	10	25	23	26	21	27	20	28	4	29	4	30	5	31	13	32	21	33	16	34	22	35	20	36	6	37	6	38	14	39	23	
	0	57	1	49	2	58	3	53	4	57	5	56	6	53	7	58	8	42	9	45	10	51	11	55	12	42	13	54	14	49	15	43	16	50	17	57	18	49	19	55	20	41	21	56	22	51	23	42	24	55	25	54	26	41	27	42	28	40	29	58	30	56	31	45	32	45	33	59	34	46	35	40	36	46	37	42	38	47	39	48	
	0	22	1	14	2	23	3	26	4	30	5	24	6	18	7	21	8	16	9	32	10	25	11	15	12	20	13	20	14	22	15	32	16	14	17	30	18	19	19	26	20	30	21	21	22	16	23	20	24	20	25	24	26	26	27	30	28	29	29	27	30	18	31	28	32	21	33	13	34	29	35	29	36	18	37	27	38	13	39	28	
	0	36	1	18	2	22	3	22	4	27	5	36	6	19	7	22	8	34	9	32	10	25	11	32	12	33	13	25	14	18	15	25	16	37	17	24	18	22	19	31	20	18	21	28	22	33	23	30	24	37	25	18	26	28	27	30	28	28	29	32	30	24	31	34	32	18	33	29	34	25	35	31	36	26	37	18	38	22	39	25	
	0	85	1	90	2	81	3	80	4	76	5	78	6	82	7	77	8	87	9	88	10	76	11	93	12	93	13	89	14	89	15	90	16	92	17	87	18	83	19	94	20	76	21	81	22	90	23	81	24	76	25	90	26	83	27	77	28	86	29	79	30	88	31	76	32	81	33	75	34	86	35	89	36	85	37	83	38	84	39	92	
	0	25	1	37	2	34	3	39	4	30	5	35	6	44	7	41	8	39	9	29	10	34	11	38	12	31	13	29	14	39	15	35	16	41	17	29	18	27	19	25	20	26	21	32	22	44	23	31	24	25	25	43	26	31	27	38	28	41	29	40	30	32	31	44	32	32	33	31	34	40	35	34	36	39	37	40	38	25	39	43	
	0	18	1	6	2	11	3	8	4	13	5	6	6	4	7	7	8	20	9	18	10	16	11	18	12	3	13	2	14	16	15	3	16	10	17	19	18	13	19	19	20	15	21	11	22	5	23	18	24	5	25	11	26	17	27	5	28	16	29	16	30	3	31	8	32	18	33	18	34	11	35	16	36	8	37	13	38	3	39	17	
	0	50	1	44	2	34	3	40	4	53	5	43	6	46	7	38	8	41	9	53	10	47	11	42	12	37	13	51	14	42	15	42	16	50	17	51	18	53	19	48	20	38	21	52	22	45	23	39	24	35	25	48	26	53	27	53	28	42	29	49	30	52	31	38	32	40	33	48	34	52	35	45	36	38	37	35	38	43	39	40	
	0	63	1	50	2	62	3	66	4	58	5	57	6	61	7	56	8	52	9	69	10	63	11	56	12	59	13	54	14	51	15	65	16	57	17	66	18	65	19	68	20	65	21	68	22	50	23	60	24	59	25	50	26	53	27	55	28	66	29	61	30	68	31	66	32	52	33	66	34	55	35	50	36	69	37	59	38	64	39	55	
	0	26	1	25	2	29	3	34	4	37	5	34	6	34	7	36	8	37	9	41	10	42	11	31	12	35	13	38	14	24	15	33	16	32	17	43	18	24	19	24	20	36	21	24	22	31	23	37	24	39	25	42	26	32	27	32	28	33	29	40	30	27	31	30	32	28	33	34	34	33	35	36	36	26	37	39	38	38	39	38	
	0	86	1	75	2	81	3	72	4	77	5	72	6	82	7	81	8	87	9	85	10	71	11	86	12	85	13	77	14	75	15	84	16	80	17	80	18	81	19	80	20	77	21	70	22	86	23	85	24	77	25	77	26	73	27	87	28	84	29	80	30	77	31	72	32	70	33	82	34	82	35	74	36	82	37	74	38	80	39	84	
	0	6	1	15	2	11	3	8	4	23	5	12	6	21	7	15	8	20	9	12	10	11	11	6	12	6	13	5	14	11	15	11	16	22	17	21	18	16	19	14	20	15	21	20	22	19	23	9	24	8	25	20	26	10	27	24	28	15	29	21	30	12	31	11	32	20	33	14	34	8	35	9	36	8	37	6	38	10	39	7	
	0	94	1	95	2	81	3	99	4	90	5	82	6	81	7	83	8	84	9	99	10	91	11	85	12	83	13	97	14	97	15	97	16	94	17	89	18	89	19	96	20	90	21	93	22	89	23	84	24	96	25	95	26	87	27	82	28	90	29	89	30	94	31	96	32	87	33	91	34	91	35	86	36	84	37	93	38	85	39	84	
	0	80	1	81	2	78	3	83	4	92	5	82	6	89	7	85	8	82	9	90	10	73	11	89	12	80	13	76	14	85	15	84	16	85	17	77	18	81	19	78	20	80	21	79	22	83	23	88	24	90	25	90	26	86	27	74	28	92	29	91	30	83	31	84	32	80	33	75	34	88	35	75	36	75	37	92	38	78	39	74	
	0	102	1	103	2	109	3	102	4	117	5	106	6	114	7	103	8	103	9	110	10	107	11	112	12	115	13	107	14	101	15	106	16	114	17	103	18	113	19	101	20	102	21	101	22	117	23	114	24	104	25	109	26	106	27	113	28	116	29	111	30	112	31	116	32	100	33	107	34	118	35	107	36	103	37	114	38	108	39	112	
	0	25	1	38	2	38	3	24	4	23	5	23	6	29	7	25	8	33	9	28	10	33	11	30	12	28	13	24	14	40	15	37	16	28	17	42	18	28	19	39	20	35	21	30	22	26	23	38	24	32	25	36	26	36	27	23	28	24	29	30	30	29	31	27	32	32	33	40	34	39	35	42	36	27	37	27	38	36	39	24	
	0	55	1	57	2	57	3	59	4	70	5	67	6	71	7	68	8	55	9	60	10	69	11	60	12	72	13	62	14	70	15	64	16	57	17	64	18	65	19	58	20	64	21	66	22	57	23	59	24	61	25	74	26	74	27	67	28	63	29	57	30	55	31	71	32	58	33	65	34	65	35	68	36	62	37	66	38	61	39	57	
	0	105	1	103	2	104	3	105	4	115	5	109	6	100	7	115	8	98	9	106	10	107	11	96	12	97	13	98	14	101	15	102	16	97	17	114	18	111	19	114	20	110	21	113	22	98	23	101	24	101	25	104	26	98	27	101	28	98	29	108	30	109	31	112	32	113	33	115	34	97	35	113	36	112	37	107	38	100	39	115	
	0	29	1	27	2	40	3	35	4	26	5	32	6	33	7	27	8	37	9	32	10	38	11	39	12	32	13	23	14	24	15	29	16	34	17	29	18	27	19	26	20	33	21	22	22	40	23	39	24	27	25	37	26	41	27	40	28	41	29	41	30	29	31	41	32	41	33	33	34	34	35	29	36	38	37	31	38	33	39	33	
	0	42	1	30	2	37	3	28	4	30	5	41	6	38	7	31	8	39	9	44	10	36	11	40	12	39	13	31	14	32	15	32	16	45	17	38	18	35	19	42	20	33	21	43	22	33	23	44	24	44	25	28	26	36	27	36	28	42	29	44	30	26	31	32	32	40	33	26	34	38	35	35	36	37	37	33	38	43	39	38	
	0	39	1	37	2	42	3	40	4	45	5	44	6	51	7	41	8	41	9	33	10	43	11	46	12	38	13	42	14	39	15	42	16	41	17	44	18	40	19	38	20	44	21	51	22	45	23	45	24	34	25	48	26	40	27	39	28	36	29	42	30	42	31	39	32	49	33	35	34	37	35	42	36	37	37	34	38	45	39	52	
	0	10	1	11	2	16	3	7	4	18	5	11	6	11	7	20	8	5	9	16	10	20	11	12	12	5	13	13	14	15	15	21	16	15	17	14	18	11	19	12	20	2	21	9	22	4	23	17	24	17	25	17	26	19	27	18	28	5	29	19	30	17	31	7	32	3	33	8	34	14	35	6	36	7	37	6	38	19	39	10	
	0	7	1	19	2	9	3	16	4	24	5	11	6	19	7	7	8	10	9	9	10	22	11	24	12	24	13	15	14	17	15	13	16	7	17	6	18	21	19	10	20	9	21	6	22	11	23	12	24	20	25	10	26	8	27	16	28	19	29	24	30	7	31	23	32	6	33	21	34	9	35	5	36	20	37	11	38	23	39	23	
	0	77	1	84	2	71	3	67	4	73	5	85	6	79	7	80	8	73	9	71	10	73	11	72	12	70	13	84	14	72	15	76	16	74	17	70	18	83	19	78	20	73	21	85	22	80	23	76	24	76	25	76	26	78	27	70	28	79	29	72	30	66	31	85	32	80	33	82	34	72	35	82	36	66	37	78	38	68	39	79	
	0	114	1	101	2	115	3	105	4	105	5	109	6	118	7	116	8	107	9	110	10	114	11	102	12	117	13	109	14	114	15	115	16	115	17	107	18	106	19	108	20	112	21	113	22	117	23	118	24	116	25	114	26	105	27	105	28	107	29	103	30	117	31	110	32	100	33	108	34	103	35	116	36	110	37	117	38	115	39	111	
	0	52	1	44	2	52	3	39	4	54	5	40	6	52	7	52	8	56	9	49	10	44	11	48	12	50	13	43	14	42	15	49	16	55	17	53	18	53	19	45	20	40	21	54	22	39	23	51	24	40	25	42	26	37	27	40	28	47	29	46	30	53	31	53	32	39	33	49	34	52	35	37	36	43	37	52	38	50	39	45	
	0	31	1	41	2	30	3	28	4	30	5	32	6	40	7	45	8	44	9	34	10	35	11	31	12	37	13	36	14	37	15	43	16	42	17	37	18	34	19	28	20	28	21	34	22	35	23	38	24	44	25	38	26	41	27	30	28	44	29	31	30	41	31	43	32	31	33	43	34	34	35	38	36	42	37	47	38	47	39	35	
	0	46	1	28	2	31	3	42	4	35	5	35	6	34	7	29	8	44	9	45	10	30	11	33	12	39	13	43	14	28	15	33	16	31	17	46	18	35	19	40	20	40	21	47	22	38	23	39	24	36	25	36	26	30	27	40	28	38	29	33	30	36	31	42	32	29	33	42	34	39	35	42	36	31	37	43	38	38	39	43	
	0	37	1	25	2	37	3	41	4	23	5	29	6	40	7	33	8	30	9	25	10	37	11	31	12	39	13	35	14	31	15	32	16	33	17	28	18	33	19	41	20	38	21	36	22	30	23	29	24	42	25	25	26	30	27	39	28	33	29	30	30	23	31	38	32	25	33	25	34	32	35	42	36	38	37	37	38	35	39	27	
	0	25	1	25	2	29	3	18	4	34	5	24	6	36	7	31	8	37	9	37	10	31	11	22	12	23	13	36	14	37	15	23	16	20	17	30	18	36	19	28	20	29	21	26	22	32	23	19	24	33	25	35	26	35	27	33	28	33	29	29	30	19	31	35	32	20	33	19	34	19	35	19	36	36	37	18	38	27	39	19	
	0	25	1	14	2	18	3	11	4	13	5	10	6	8	7	19	8	11	9	11	10	9	11	10	12	8	13	21	14	21	15	10	16	20	17	16	18	11	19	12	20	24	21	10	22	20	23	24	24	7	25	20	26	20	27	16	28	25	29	15	30	12	31	10	32	20	33	10	34	18	35	21	36	7	37	20	38	18	39	17	
	0	73	1	64	2	69	3	71	4	70	5	60	6	75	7	60	8	77	9	76	10	62	11	73	12	62	13	63	14	77	15	76	16	70	17	76	18	77	19	75	20	72	21	64	22	78	23	72	24	63	25	64	26	69	27	65	28	76	29	68	30	78	31	67	32	78	33	69	34	62	35	74	36	66	37	68	38	62	39	68	
	0	9	1	23	2	19	3	18	4	7	5	21	6	5	7	5	8	13	9	6	10	15	11	14	12	22	13	19	14	10	15	23	16	6	17	18	18	18	19	7	20	14	21	4	22	20	23	8	24	11	25	20	26	16	27	20	28	14	29	10	30	16	31	5	32	7	33	5	34	5	35	13	36	20	37	18	38	8	39	15	
	0	116	1	103	2	111	3	105	4	110	5	105	6	105	7	107	8	102	9	109	10	114	11	109	12	118	13	117	14	118	15	108	16	105	17	108	18	118	19	103	20	102	21	101	22	105	23	109	24	116	25	106	26	105	27	103	28	105	29	116	30	111	31	109	32	110	33	116	34	109	35	101	36	101	37	113	38	113	39	105	
	0	107	1	112	2	97	3	94	4	109	5	96	6	112	7	109	8	105	9	109	10	97	11	97	12	106	13	94	14	100	15	111	16	97	17	107	18	109	19	96	20	101	21	101	22	108	23	96	24	97	25	104	26	101	27	96	28	110	29	98	30	96	31	107	32	102	33	100	34	105	35	103	36	111	37	97	38	107	39	96	
	0	42	1	40	2	42	3	45	4	42	5	49	6	44	7	49	8	40	9	45	10	42	11	50	12	52	13	41	14	53	15	55	16	39	17	54	18	55	19	47	20	45	21	55	22	52	23	45	24	53	25	54	26	52	27	44	28	55	29	42	30	38	31	43	32	50	33	54	34	54	35	38	36	45	37	37	38	55	39	41	
	0	36	1	34	2	44	3	33	4	37	5	32	6	29	7	39	8	28	9	45	10	36	11	27	12	34	13	37	14	34	15	45	16	40	17	32	18	45	19	37	20	44	21	40	22	33	23	35	24	34	25	28	26	40	27	37	28	40	29	27	30	44	31	27	32	28	33	33	34	42	35	30	36	41	37	39	38	45	39	38	
	0	76	1	65	2	68	3	62	4	63	5	62	6	60	7	63	8	78	9	68	10	70	11	62	12	64	13	76	14	67	15	79	16	66	17	76	18	73	19	68	20	70	21	69	22	66	23	73	24	70	25	63	26	75	27	60	28	77	29	67	30	74	31	63	32	68	33	73	34	60	35	69	36	63	37	76	38	71	39	74	
	0	92	1	104	2	99	3	93	4	86	5	88	6	99	7	100	8	102	9	96	10	97	11	94	12	101	13	96	14	90	15	86	16	94	17	88	18	89	19	85	20	102	21	86	22	94	23	101	24	88	25	88	26	92	27	103	28	87	29	95	30	100	31	97	32	86	33	95	34	92	35	104	36	89	37	98	38	101	39	99	
	0	39	1	30	2	39	3	33	4	43	5	25	6	30	7	26	8	42	9	31	10	27	11	32	12	32	13	40	14	31	15	38	16	32	17	29	18	34	19	40	20	27	21	28	22	41	23	37	24	34	25	29	26	33	27	27	28	38	29	30	30	26	31	39	32	32	33	36	34	41	35	43	36	40	37	25	38	28	39	25	
	0	63	1	58	2	58	3	57	4	47	5	55	6	58	7	63	8	49	9	55	10	49	11	50	12	60	13	60	14	47	15	61	16	54	17	48	18	63	19	46	20	57	21	48	22	46	23	46	24	51	25	47	26	57	27	47	28	48	29	54	30	44	31	51	32	47	33	60	34	53	35	46	36	52	37	46	38	62	39	54	
	0	75	1	80	2	66	3	78	4	79	5	69	6	70	7	67	8	80	9	69	10	63	11	70	12	64	13	74	14	67	15	76	16	82	17	82	18	81	19	74	20	82	21	78	22	77	23	68	24	67	25	80	26	66	27	81	28	80	29	65	30	73	31	80	32	68	33	77	34	68	35	79	36	71	37	68	38	80	39	82	
	0	56	1	48	2	57	3	54	4	53	5	55	6	56	7	57	8	57	9	43	10	47	11	43	12	56	13	49	14	45	15	59	16	46	17	44	18	44	19	58	20	52	21	50	22	52	23	53	24	49	25	54	26	47	27	44	28	49	29	49	30	42	31	59	32	57	33	46	34	45	35	52	36	45	37	56	38	56	39	44	
	0	59	1	66	2	60	3	55	4	58	5	52	6	60	7	67	8	68	9	67	10	62	11	58	12	66	13	58	14	56	15	54	16	69	17	63	18	63	19	56	20	53	21	69	22	57	23	56	24	65	25	65	26	55	27	66	28	68	29	69	30	68	31	71	32	57	33	53	34	54	35	52	36	63	37	61	38	59	39	58	
	0	105	1	114	2	120	3	115	4	117	5	119	6	105	7	113	8	119	9	103	10	101	11	116	12	118	13	108	14	115	15	107	16	112	17	108	18	101	19	102	20	109	21	119	22	101	23	115	24	101	25	104	26	108	27	111	28	113	29	113	30	101	31	115	32	106	33	119	34	120	35	111	36	102	37	113	38	117	39	104	
	0	69	1	76	2	73	3	81	4	69	5	79	6	68	7	72	8	80	9	75	10	77	11	69	12	69	13	68	14	73	15	83	16	73	17	73	18	69	19	78	20	72	21	76	22	76	23	75	24	83	25	86	26	78	27	70	28	81	29	82	30	75	31	85	32	72	33	80	34	69	35	78	36	75	37	86	38	76	39	72	
	0	106	1	109	2	98	3	104	4	99	5	114	6	105	7	112	8	99	9	106	10	102	11	97	12	95	13	106	14	105	15	109	16	103	17	105	18	109	19	96	20	108	21	99	22	96	23	105	24	111	25	97	26	106	27	109	28	95	29	104	30	110	31	114	32	107	33	113	34	105	35	113	36	107	37	98	38	104	39	98	
	0	27	1	29	2	15	3	24	4	24	5	26	6	12	7	14	8	30	9	25	10	17	11	22	12	25	13	20	14	20	15	25	16	19	17	24	18	21	19	20	20	16	21	29	22	18	23	19	24	15	25	27	26	17	27	27	28	22	29	16	30	23	31	18	32	15	33	18	34	13	35	18	36	13	37	19	38	21	39	14	
	0	84	1	92	2	89	3	90	4	96	5	102	6	101	7	86	8	98	9	96	10	100	11	84	12	98	13	101	14	99	15	99	16	89	17	93	18	94	19	91	20	90	21	100	22	92	23	94	24	102	25	94	26	92	27	90	28	101	29	84	30	86	31	94	32	102	33	90	34	101	35	93	36	102	37	84	38	86	39	86	
	0	82	1	87	2	96	3	96	4	84	5	82	6	86	7	78	8	80	9	91	10	85	11	91	12	85	13	95	14	93	15	82	16	95	17	93	18	88	19	85	20	88	21	95	22	84	23	94	24	85	25	89	26	93	27	96	28	96	29	81	30	97	31	93	32	94	33	92	34	96	35	94	36	93	37	96	38	78	39	87	
	0	114	1	113	2	110	3	103	4	102	5	103	6	107	7	110	8	113	9	101	10	110	11	110	12	98	13	113	14	100	15	95	16	106	17	97	18	95	19	114	20	99	21	103	22	105	23	99	24	100	25	114	26	113	27	100	28	112	29	97	30	106	31	112	32	112	33	102	34	113	35	114	36	107	37	111	38	106	39	106	
	0	17	1	27	2	31	3	12	4	19	5	18	6	12	7	20	8	18	9	24	10	16	11	13	12	15	13	26	14	20	15	31	16	29	17	22	18	19	19	21	20	29	21	15	22	14	23	15	24	18	25	16	26	12	27	18	28	27	29	12	30	13	31	15	32	28	33	25	34	14	35	13	36	15	37	14	38	23	39	19	
	0	37	1	45	2	46	3	47	4	49	5	33	6	43	7	37	8	37	9	43	10	42	11	39	12	36	13	48	14	48	15	48	16	46	17	38	18	39	19	41	20	40	21	45	22	36	23	50	24	47	25	35	26	32	27	47	28	45	29	41	30	48	31	39	32	45	33	42	34	48	35	32	36	38	37	46	38	43	39	35	
	0	81	1	67	2	69	3	73	4	66	5	63	6	71	7	78	8	72	9	68	10	64	11	64	12	74	13	76	14	70	15	64	16	81	17	69	18	73	19	66	20	73	21	76	22	63	23	80	24	76	25	63	26	68	27	68	28	77	29	78	30	80	31	75	32	70	33	67	34	67	35	80	36	79	37	68	38	70	39	68	
	0	57	1	59	2	48	3	54	4	42	5	55	6	60	7	44	8	47	9	54	10	52	11	46	12	52	13	56	14	52	15	53	16	57	17	59	18	45	19	54	20	55	21	48	22	47	23	52	24	56	25	55	26	58	27	61	28	60	29	47	30	42	31	57	32	57	33	54	34	51	35	46	36	50	37	60	38	49	39	58	
	0	52	1	67	2	53	3	56	4	65	5	55	6	63	7	61	8	65	9	61	10	66	11	56	12	52	13	56	14	65	15	56	16	62	17	66	18	62	19	66	20	65	21	58	22	65	23	60	24	70	25	62	26	69	27	56	28	62	29	69	30	53	31	54	32	68	33	64	34	60	35	67	36	68	37	66	38	55	39	67	
	0	31	1	24	2	30	3	20	4	30	5	20	6	31	7	26	8	23	9	19	10	29	11	20	12	16	13	28	14	12	15	23	16	30	17	21	18	12	19	30	20	28	21	12	22	26	23	29	24	28	25	31	26	28	27	15	28	20	29	22	30	25	31	24	32	17	33	19	34	22	35	17	36	14	37	12	38	28	39	24	
	0	91	1	78	2	79	3	83	4	91	5	84	6	86	7	74	8	89	9	76	10	92	11	90	12	80	13	82	14	83	15	86	16	91	17	84	18	85	19	85	20	80	21	78	22	93	23	86	24	91	25	91	26	78	27	88	28	83	29	91	30	78	31	77	32	83	33	81	34	83	35	93	36	90	37	88	38	85	39	74	
	0	28	1	22	2	21	3	40	4	27	5	31	6	28	7	24	8	35	9	37	10	21	11	26	12	31	13	36	14	36	15	25	16	28	17	29	18	34	19	28	20	21	21	31	22	24	23	38	24	39	25	24	26	25	27	29	28	37	29	22	30	40	31	23	32	39	33	40	34	39	35	31	36	31	37	31	38	27	39	21	
	0	27	1	21	2	26	3	35	4	18	5	24	6	18	7	33	8	20	9	32	10	27	11	22	12	36	13	27	14	21	15	26	16	34	17	31	18	33	19	22	20	32	21	18	22	32	23	23	24	31	25	18	26	35	27	32	28	21	29	22	30	26	31	30	32	36	33	29	34	32	35	18	36	28	37	20	38	37	39	24	
	0	9	1	20	2	16	3	3	4	7	5	21	6	9	7	15	8	18	9	18	10	6	11	9	12	19	13	13	14	8	15	14	16	10	17	21	18	5	19	10	20	12	21	6	22	16	23	3	24	13	25	4	26	6	27	13	28	6	29	6	30	3	31	13	32	17	33	4	34	18	35	3	36	20	37	14	38	14	39	20	
	0	91	1	93	2	91	3	88	4	85	5	84	6	94	7	94	8	88	9	94	10	82	11	96	12	92	13	82	14	101	15	89	16	97	17	92	18	88	19	85	20	93	21	94	22	91	23	82	24	100	25	92	26	100	27	89	28	90	29	87	30	96	31	99	32	91	33	84	34	94	35	92	36	93	37	85	38	87	39	95	
	0	36	1	36	2	45	3	35	4	35	5	33	6	44	7	40	8	49	9	34	10	44	11	42	12	34	13	40	14	44	15	46	16	34	17	46	18	41	19	31	20	44	21	40	22	49	23	33	24	46	25	40	26	48	27	48	28	40	29	44	30	42	31	49	32	41	33	36	34	45	35	48	36	49	37	45	38	36	39	50	
	0	96	1	105	2	91	3	88	4	101	5	104	6	93	7	104	8	88	9	106	10	87	11	93	12	105	13	106	14	92	15	101	16	96	17	89	18	88	19	94	20	92	21	101	22	94	23	89	24	105	25	92	26	104	27	105	28	97	29	95	30	104	31	96	32	100	33	99	34	92	35	88	36	100	37	95	38	88	39	102	
	0	60	1	60	2	57	3	49	4	54	5	49	6	62	7	55	8	61	9	62	10	53	11	47	12	49	13	45	14	55	15	54	16	54	17	44	18	51	19	62	20	59	21	49	22	52	23	52	24	53	25	57	26	47	27	53	28	53	29	48	30	62	31	50	32	52	33	47	34	53	35	52	36	51	37	52	38	62	39	46	
	0	6	1	24	2	13	3	8	4	18	5	25	6	25	7	15	8	22	9	21	10	22	11	12	12	21	13	10	14	12	15	19	16	13	17	20	18	14	19	16	20	16	21	6	22	18	23	20	24	18	25	11	26	20	27	23	28	12	29	18	30	14	31	18	32	25	33	25	34	7	35	14	36	22	37	14	38	22	39	24	
	0	103	1	98	2	114	3	104	4	105	5	105	6	104	7	101	8	106	9	107	10	110	11	111	12	99	13	114	14	96	15	106	16	96	17	113	18	109	19	100	20	100	21	97	22	111	23	113	24	108	25	103	26	111	27	96	28	104	29	101	30	111	31	108	32	114	33	108	34	100	35	109	36	97	37	112	38	100	39	107	
	0	47	1	36	2	37	3	37	4	37	5	39	6	36	7	46	8	34	9	37	10	43	11	45	12	39	13	40	14	43	15	33	16	39	17	37	18	33	19	31	20	49	21	50	22	40	23	45	24	42	25	47	26	45	27	36	28	48	29	35	30	44	31	50	32	46	33	33	34	44	35	38	36	44	37	44	38	44	39	36	
	0	12	1	20	2	20	3	17	4	22	5	24	6	22	7	19	8	25	9	25	10	28	11	17	12	28	13	23	14	22	15	21	16	28	17	12	18	24	19	28	20	10	21	18	22	17	23	13	24	24	25	11	26	15	27	19	28	22	29	28	30	17	31	29	32	28	33	12	34	22	35	14	36	20	37	13	38	21	39	12	
	0	101	1	102	2	110	3	103	4	102	5	117	6	113	7	103	8	104	9	101	10	99	11	99	12	109	13	100	14	115	15	112	16	115	17	109	18	101	19	98	20	98	21	115	22	99	23	100	24	117	25	114	26	99	27	109	28	103	29	109	30	116	31	108	32	103	33	115	34	103	35	105	36	101	37	106	38	101	39	109	
	0	84	1	88	2	90	3	82	4	88	5	80	6	88	7	83	8	80	9	80	10	77	11	84	12	75	13	81	14	90	15	91	16	87	17	76	18	86	19	74	20	75	21	77	22	77	23	79	24	77	25	90	26	85	27	81	28	83	29	72	30	82	31	86	32	85	33	85	34	88	35	73	36	88	37	81	38	81	39	77	
	0	65	1	47	2	48	3	51	4	59	5	49	6	51	7	50	8	62	9	66	10	52	11	47	12	51	13	48	14	62	15	64	16	50	17	65	18	61	19	50	20	49	21	55	22	56	23	57	24	54	25	49	26	60	27	50	28	66	29	64	30	51	31	54	32	66	33	51	34	47	35	55	36	56	37	53	38	50	39	57	
	0	86	1	77	2	93	3	82	4	85	5	81	6	94	7	83	8	93	9	94	10	84	11	91	12	94	13	84	14	78	15	84	16	79	17	80	18	83	19	86	20	83	21	75	22	78	23	80	24	93	25	91	26	84	27	88	28	89	29	94	30	78	31	76	32	84	33	85	34	83	35	80	36	91	37	82	38	84	39	80	
	0	111	1	113	2	106	3	104	4	96	5	97	6	109	7	103	8	105	9	105	10	108	11	97	12	109	13	103	14	98	15	105	16	100	17	113	18	100	19	105	20	98	21	106	22	109	23	114	24	100	25	111	26	102	27	111	28	104	29	101	30	102	31	109	32	106	33	102	34	109	35	99	36	114	37	102	38	114	39	102	
	0	59	1	55	2	46	3	58	4	45	5	45	6	53	7	55	8	52	9	44	10	49	11	62	12	60	13	44	14	44	15	56	16	51	17	44	18	62	19	59	20	57	21	63	22	52	23	56	24	45	25	57	26	48	27	61	28	60	29	44	30	58	31	55	32	45	33	56	34	46	35	48	36	60	37	61	38	59	39	50	
	0	38	1	50	2	54	3	45	4	52	5	44	6	41	7	54	8	42	9	53	10	51	11	50	12	46	13	44	14	44	15	52	16	55	17	45	18	45	19	48	20	40	21	52	22	54	23	43	24	52	25	42	26	57	27	54	28	42	29	41	30	53	31	40	32	52	33	38	34	50	35	43	36	48	37	48	38	45	39	39	
	0	46	1	44	2	33	3	39	4	37	5	45	6	34	7	40	8	42	9	39	10	42	11	44	12	33	13	47	14	38	15	47	16	44	17	33	18	48	19	31	20	37	21	35	22	47	23	40	24	37	25	43	26	42	27	44	28	42	29	40	30	32	31	42	32	49	33	44	34	38	35	36	36	38	37	33	38	34	39	41	
	0	24	1	16	2	28	3	28	4	16	5	19	6	15	7	15	8	28	9	25	10	28	11	18	12	18	13	20	14	14	15	15	16	21	17	15	18	22	19	17	20	25	21	9	22	20	23	19	24	21	25	26	26	9	27	18	28	11	29	11	30	26	31	24	32	14	33	10	34	18	35	22	36	18	37	11	38	14	39	18	
	0	51	1	51	2	56	3	64	4	56	5	66	6	56	7	61	8	57	9	70	10	66	11	70	12	66	13	65	14	57	15	52	16	67	17	64	18	55	19	56	20	56	21	66	22	61	23	62	24	63	25	63	26	69	27	70	28	51	29	52	30	62	31	66	32	56	33	66	34	65	35	62	36	54	37	54	38	59	39	63	
	0	82	1	95	2	99	3	97	4	91	5	97	6	91	7	97	8	96	9	89	10	93	11	96	12	100	13	92	14	94	15	101	16	94	17	86	18	100	19	84	20	92	21	94	22	91	23	101	24	82	25	86	26	92	27	82	28	84	29	93	30	95	31	95	32	90	33	82	34	95	35	89	36	89	37	95	38	90	39	91	
	0	12	1	19	2	2	3	8	4	19	5	19	6	8	7	7	8	9	9	3	10	12	11	12	12	6	13	3	14	16	15	21	16	2	17	17	18	11	19	17	20	16	21	10	22	17	23	17	24	5	25	2	26	6	27	14	28	6	29	3	30	16	31	3	32	10	33	19	34	15	35	12	36	7	37	16	38	7	39	21	
	0	44	1	53	2	58	3	63	4	53	5	50	6	60	7	61	8	61	9	54	10	54	11	56	12	52	13	60	14	49	15	47	16	45	17	58	18	45	19	52	20	62	21	55	22	46	23	57	24	61	25	51	26	46	27	51	28	62	29	56	30	62	31	45	32	63	33	54	34	48	35	45	36	59	37	59	38	62	39	51	
	0	96	1	99	2	93	3	100	4	97	5	100	6	96	7	102	8	102	9	91	10	91	11	87	12	88	13	86	14	104	15	102	16	92	17	101	18	93	19	101	20	97	21	104	22	99	23	93	24	88	25	98	26	88	27	91	28	100	29	101	30	93	31	102	32	100	33	103	34	96	35	100	36	102	37	104	38	102	39	95	
	0	90	1	99	2	100	3	82	4	94	5	91	6	84	7	100	8	93	9	86	10	88	11	84	12	84	13	94	14	84	15	94	16	86	17	94	18	100	19	99	20	87	21	90	22	99	23	94	24	98	25	85	26	92	27	100	28	98	29	84	30	89	31	88	32	82	33	90	34	84	35	96	36	84	37	95	38	82	39	87	
	0	94	1	92	2	108	3	90	4	98	5	100	6	91	7	93	8	101	9	104	10	92	11	104	12	108	13	102	14	101	15	104	16	99	17	91	18	101	19	92	20	91	21	95	22	100	23	89	24	105	25	108	26	89	27	93	28	94	29	103	30	108	31	98	32	92	33	104	34	91	35	93	36	95	37	100	38	95	39	90	
	0	86	1	72	2	69	3	83	4	68	5	74	6	70	7	80	8	83	9	67	10	72	11	69	12	77	13	71	14	86	15	72	16	80	17	83	18	81	19	86	20	85	21	76	22	83	23	73	24	69	25	73	26	72	27	83	28	75	29	80	30	85	31	84	32	75	33	67	34	75	35	80	36	81	37	85	38	69	39	82	
	0	102	1	106	2	118	3	118	4	110	5	102	6	115	7	107	8	112	9	101	10	106	11	119	12	118	13	101	14	109	15	106	16	112	17	111	18	110	19	102	20	104	21	119	22	118	23	119	24	109	25	116	26	109	27	110	28	101	29	112	30	106	31	112	32	118	33	101	34	112	35	118	36	112	37	103	38	117	39	111	
	0	84	1	93	2	84	3	97	4	91	5	102	6	87	7	98	8	99	9	83	10	93	11	102	12	86	13	90	14	96	15	97	16	91	17	99	18	96	19	85	20	102	21	90	22	97	23	94	24	97	25	102	26	99	27	93	28	99	29	90	30	91	31	86	32	94	33	101	34	98	35	88	36	92	37	92	38	90	39	99	
	0	51	1	65	2	62	3	50	4	53	5	49	6	57	7	64	8	59	9	51	10	60	11	59	12	66	13	55	14	52	15	61	16	58	17	63	18	59	19	53	20	68	21	58	22	61	23	50	24	59	25	53	26	51	27	67	28	53	29	63	30	57	31	53	32	66	33	59	34	64	35	66	36	57	37	57	38	49	39	49	
	0	72	1	71	2	74	3	57	4	55	5	64	6	59	7	73	8	56	9	61	10	67	11	55	12	69	13	55	14	65	15	65	16	64	17	67	18	63	19	72	20	63	21	56	22	56	23	63	24	63	25	70	26	58	27	73	28	60	29	72	30	62	31	69	32	68	33	60	34	57	35	71	36	63	37	61	38	74	39	64	
	0	48	1	61	2	63	3	57	4	48	5	53	6	54	7	58	8	46	9	47	10	62	11	56	12	59	13	64	14	57	15	48	16	54	17	59	18	45	19	56	20	52	21	54	22	61	23	55	24	50	25	61	26	59	27	58	28	49	29	59	30	63	31	52	32	45	33	45	34	61	35	47	36	54	37	63	38	48	39	57	
	0	61	1	74	2	61	3	75	4	75	5	68	6	73	7	62	8	66	9	73	10	74	11	66	12	60	13	63	14	76	15	74	16	65	17	75	18	65	19	65	20	79	21	66	22	78	23	62	24	74	25	76	26	79	27	66	28	76	29	68	30	75	31	70	32	60	33	60	34	62	35	68	36	71	37	65	38	60	39	78	
	0	90	1	95	2	97	3	87	4	82	5	82	6	83	7	86	8	86	9	92	10	86	11	82	12	94	13	84	14	87	15	99	16	86	17	88	18	89	19	84	20	95	21	91	22	89	23	82	24	87	25	90	26	92	27	95	28	88	29	90	30	99	31	86	32	101	33	95	34	87	35	87	36	100	37	99	38	87	39	91	
	0	13	1	9	2	15	3	17	4	9	5	25	6	11	7	18	8	20	9	19	10	23	11	26	12	22	13	10	14	12	15	12	16	17	17	11	18	27	19	15	20	15	21	22	22	21	23	20	24	14	25	11	26	18	27	18	28	23	29	12	30	14	31	15	32	18	33	12	34	26	35	12	36	14	37	25	38	20	39	20	
	0	108	1	92	2	101	3	105	4	93	5	96	6	104	7	109	8	96	9	98	10	96	11	98	12	101	13	107	14	91	15	103	16	94	17	97	18	94	19	106	20	97	21	91	22	99	23	95	24	108	25	110	26	108	27	97	28	92	29	108	30	110	31	103	32	106	33	98	34	108	35	105	36	107	37	110	38	94	39	110	
	0	40	1	28	2	32	3	26	4	33	5	36	6	23	7	33	8	40	9	26	10	21	11	34	12	39	13	38	14	21	15	30	16	25	17	30	18	29	19	28	20	31	21	40	22	24	23	29	24	30	25	40	26	26	27	37	28	34	29	25	30	37	31	38	32	30	33	35	34	33	35	39	36	35	37	35	38	39	39	39	
	0	94	1	107	2	100	3	106	4	99	5	103	6	91	7	108	8	105	9	89	10	102	11	103	12	97	13	101	14	102	15	104	16	106	17	104	18	94	19	92	20	95	21	93	22	100	23	89	24	94	25	101	26	107	27	98	28	107	29	95	30	91	31	89	32	92	33	90	34	106	35	105	36	96	37	91	38	95	39	91	
	0	20	1	10	2	7	3	12	4	10	5	18	6	7	7	17	8	19	9	6	10	17	11	12	12	15	13	12	14	21	15	14	16	15	17	23	18	12	19	20	20	8	21	20	22	22	23	15	24	8	25	20	26	11	27	14	28	10	29	10	30	18	31	14	32	13	33	13	34	22	35	23	36	20	37	17	38	13	39	6	
	0	45	1	42	2	37	3	37	4	36	5	48	6	40	7	47	8	34	9	44	10	41	11	48	12	44	13	45	14	45	15	44	16	51	17	48	18	44	19	35	20	36	21	32	22	49	23	46	24	47	25	47	26	45	27	32	28	33	29	45	30	36	31	34	32	47	33	50	34	49	35	48	36	43	37	38	38	48	39	40	
	0	72	1	91	2	74	3	87	4	81	5	83	6	87	7	84	8	90	9	85	10	73	11	75	12	72	13	81	14	83	15	80	16	81	17	90	18	84	19	82	20	84	21	84	22	73	23	75	24	91	25	91	26	76	27	82	28	84	29	77	30	82	31	80	32	78	33	91	34	89	35	87	36	74	37	90	38	72	39	88	
	0	13	1	7	2	19	3	19	4	11	5	10	6	17	7	7	8	23	9	19	10	10	11	14	12	7	13	12	14	5	15	16	16	23	17	19	18	21	19	16	20	18	21	12	22	17	23	13	24	7	25	5	26	12	27	22	28	14	29	22	30	12	31	9	32	18	33	4	34	14	35	5	36	4	37	12	38	11	39	16	
	0	57	1	53	2	56	3	65	4	50	5	52	6	62	7	60	8	55	9	56	10	61	11	56	12	59	13	53	14	49	15	57	16	58	17	50	18	64	19	64	20	49	21	51	22	51	23	58	24	59	25	58	26	54	27	55	28	64	29	50	30	57	31	49	32	58	33	55	34	66	35	63	36	55	37	49	38	60	39	64	
	0	50	1	38	2	33	3	48	4	47	5	46	6	34	7	39	8	41	9	35	10	42	11	36	12	46	13	38	14	37	15	34	16	36	17	37	18	36	19	33	20	40	21	48	22	32	23	48	24	44	25	31	26	35	27	42	28	42	29	34	30	41	31	35	32	42	33	45	34	31	35	43	36	40	37	50	38	38	39	45	
	0	74	1	92	2	92	3	83	4	90	5	83	6	90	7	75	8	89	9	74	10	76	11	78	12	82	13	79	14	80	15	91	16	80	17	78	18	88	19	73	20	91	21	90	22	76	23	79	24	75	25	87	26	76	27	78	28	85	29	79	30	74	31	77	32	74	33	86	34	83	35	89	36	83	37	75	38	90	39	82	
	0	95	1	90	2	94	3	100	4	104	5	88	6	89	7	89	8	93	9	106	10	90	11	90	12	99	13	93	14	98	15	107	16	106	17	91	18	91	19	98	20	96	21	101	22	107	23	107	24	100	25	90	26	95	27	94	28	94	29	103	30	103	31	99	32	96	33	107	34	99	35	95	36	95	37	104	38	88	39	95	
	0	56	1	52	2	53	3	45	4	46	5	41	6	40	7	40	8	42	9	47	10	50	11	44	12	52	13	58	14	58	15	44	16	54	17	47	18	51	19	45	20	49	21	41	22	42	23	54	24	50	25	44	26	45	27	58	28	57	29	42	30	53	31	39	32	57	33	57	34	42	35	50	36	56	37	57	38	55	39	48	
	0	117	1	113	2	110	3	116	4	102	5	110	6	108	7	107	8	103	9	110	10	102	11	120	12	101	13	115	14	106	15	109	16	109	17	112	18	117	19	117	20	105	21	105	22	115	23	116	24	106	25	114	26	111	27	107	28	111	29	113	30	110	31	112	32	103	33	116	34	109	35	102	36	104	37	110	38	120	39	119	
	0	81	1	94	2	79	3	85	4	85	5	86	6	77	7	96	8	94	9	91	10	77	11	89	12	92	13	93	14	80	15	91	16	88	17	96	18	85	19	80	20	90	21	79	22	89	23	96	24	89	25	86	26	89	27	96	28	88	29	77	30	85	31	81	32	95	33	93	34	80	35	95	36	91	37	96	38	80	39	96	
	0	28	1	19	2	28	3	25	4	17	5	31	6	20	7	25	8	14	9	29	10	23	11	31	12	19	13	25	14	31	15	26	16	14	17	12	18	19	19	31	20	26	21	30	22	17	23	18	24	24	25	18	26	26	27	30	28	28	29	31	30	15	31	14	32	12	33	20	34	23	35	24	36	13	37	18	38	12	39	12	
	0	11	1	13	2	15	3	22	4	23	5	15	6	23	7	22	8	17	9	14	10	14	11	23	12	7	13	14	14	14	15	24	16	15	17	9	18	14	19	8	20	7	21	5	22	12	23	9	24	6	25	10	26	19	27	22	28	9	29	22	30	21	31	7	32	12	33	22	34	23	35	23	36	5	37	8	38	9	39	17	
	0	48	1	49	2	55	3	47	4	45	5	46	6	54	7	44	8	41	9	55	10	37	11	47	12	42	13	38	14	54	15	40	16	42	17	53	18	45	19	53	20	41	21	44	22	43	23	51	24	46	25	43	26	45	27	53	28	42	29	46	30	37	31	52	32	36	33	39	34	45	35	46	36	36	37	54	38	46	39	52	