200 40 1
40
	0	40	1	50	2	49	3	52	4	38	5	37	6	50	7	42	8	36	9	52	10	51	11	43	12	36	13	50	14	38	15	43	16	37	17	52	18	49	19	46	20	37	21	49	22	49	23	54	24	45	25	38	26	52	27	39	28	45	29	43	30	46	31	47	32	36	33	42	34	48	35	39	36	49	37	48	38	36	39	43	
	0	32	1	31	2	24	3	20	4	31	5	16	6	25	7	29	8	32	9	31	10	18	11	28	12	20	13	16	14	30	15	14	16	15	17	29	18	30	19	33	20	28	21	20	22	16	23	28	24	29	25	19	26	16	27	28	28	33	29	25	30	16	31	29	32	29	33	15	34	28	35	19	36	31	37	24	38	31	39	24	
	0	62	1	58	2	50	3	62	4	55	5	59	6	59	7	51	8	51	9	62	10	53	11	54	12	69	13	51	14	69	15	52	16	54	17	67	18	63	19	64	20	67	21	53	22	67	23	60	24	53	25	53	26	60	27	68	28	54	29	61	30	63	31	63	32	68	33	52	34	56	35	58	36	55	37	61	38	60	39	55	
	0	28	1	26	2	19	3	22	4	12	5	15	6	12	7	25	8	17	9	29	10	27	11	10	12	20	13	13	14	22	15	18	16	22	17	25	18	18	19	27	20	26	21	13	22	23	23	26	24	24	25	23	26	29	27	14	28	27	29	10	30	11	31	21	32	17	33	12	34	19	35	16	36	18	37	23	38	26	39	26	
	0	31	1	15	2	23	3	19	4	18	5	23	6	26	7	17	8	31	9	21	10	24	11	15	12	21	13	20	14	32	15	34	16	23	17	34	18	23	19	18	20	15	21	33	22	18	23	33	24	21	25	22	26	16	27	22	28	30	29	22	30	33	31	33	32	18	33	21	34	34	35	22	36	26	37	17	38	31	39	27	
	0	85	1	91	2	86	3	100	4	95	5	88	6	88	7	91	8	88	9	86	10	96	11	91	12	90	13	94	14	96	15	83	16	100	17	91	18	86	19	95	20	102	21	93	22	90	23	87	24	96	25	102	26	88	27	84	28	98	29	98	30	94	31	95	32	86	33	84	34	101	35	91	36	102	37	92	38	93	39	91	
	0	56	1	54	2	61	3	52	4	58	5	69	6	58	7	53	8	63	9	64	10	69	11	68	12	58	13	55	14	56	15	54	16	68	17	52	18	61	19	53	20	56	21	62	22	55	23	67	24	57	25	58	26	66	27	52	28	67	29	59	30	56	31	65	32	51	33	60	34	67	35	70	36	66	37	64	38	63	39	56	
	0	83	1	82	2	76	3	85	4	88	5	87	6	93	7	93	8	91	9	79	10	84	11	93	12	95	13	95	14	79	15	81	16	92	17	86	18	82	19	90	20	88	21	83	22	86	23	78	24	84	25	80	26	89	27	83	28	76	29	94	30	79	31	91	32	87	33	85	34	81	35	76	36	84	37	92	38	80	39	95	
	0	64	1	45	2	52	3	62	4	50	5	63	6	63	7	61	8	53	9	56	10	60	11	50	12	58	13	61	14	49	15	64	16	57	17	53	18	61	19	54	20	54	21	46	22	55	23	45	24	62	25	56	26	53	27	45	28	57	29	47	30	56	31	58	32	50	33	52	34	61	35	63	36	60	37	55	38	56	39	48	
	0	104	1	113	2	109	3	120	4	112	5	119	6	111	7	111	8	120	9	102	10	101	11	104	12	106	13	119	14	119	15	117	16	107	17	115	18	104	19	119	20	113	21	101	22	111	23	108	24	117	25	107	26	118	27	102	28	116	29	111	30	106	31	107	32	104	33	101	34	118	35	111	36	118	37	117	38	106	39	117	
	0	12	1	23	2	6	3	13	4	23	5	18	6	21	7	16	8	6	9	23	10	12	11	23	12	16	13	22	14	16	15	20	16	8	17	13	18	7	19	18	20	18	21	11	22	10	23	11	24	12	25	8	26	23	27	5	28	14	29	9	30	21	31	12	32	14	33	12	34	23	35	23	36	16	37	19	38	16	39	19	
	0	101	1	118	2	103	3	116	4	117	5	107	6	113	7	107	8	119	9	102	10	100	11	109	12	103	13	108	14	112	15	110	16	111	17	106	18	106	19	115	20	119	21	105	22	115	23	111	24	103	25	104	26	103	27	101	28	111	29	111	30	105	31	119	32	107	33	100	34	101	35	118	36	116	37	106	38	109	39	112	
	0	72	1	66	2	55	3	72	4	61	5	60	6	66	7	55	8	72	9	63	10	54	11	65	12	56	13	58	14	71	15	71	16	73	17	69	18	57	19	72	20	56	21	68	22	56	23	67	24	63	25	69	26	61	27	55	28	73	29	57	30	70	31	71	32	60	33	71	34	58	35	67	36	69	37	66	38	55	39	58	
	0	72	1	71	2	89	3	83	4	79	5	73	6	88	7	82	8	79	9	81	10	72	11	80	12	87	13	81	14	85	15	78	16	70	17	71	18	71	19	78	20	70	21	89	22	73	23	71	24	88	25	83	26	81	27	76	28	82	29	75	30	75	31	83	32	71	33	83	34	76	35	71	36	77	37	76	38	75	39	84	
	0	44	1	36	2	34	3	50	4	49	5	45	6	50	7	35	8	46	9	35	10	33	11	49	12	44	13	50	14	49	15	38	16	46	17	45	18	50	19	37	20	50	21	45	22	40	23	35	24	34	25	39	26	47	27	42	28	42	29	37	30	35	31	48	32	49	33	42	34	39	35	43	36	52	37	38	38	34	39	52	
	0	59	1	52	2	54	3	59	4	53	5	63	6	57	7	53	8	53	9	49	10	57	11	53	12	45	13	47	14	53	15	51	16	56	17	52	18	48	19	50	20	53	21	45	22	56	23	50	24	45	25	45	26	54	27	52	28	47	29	48	30	53	31	47	32	64	33	58	34	58	35	60	36	61	37	57	38	46	39	62	
	0	37	1	41	2	28	3	36	4	43	5	43	6	36	7	41	8	28	9	32	10	42	11	26	12	37	13	35	14	38	15	39	16	27	17	35	18	39	19	32	20	26	21	36	22	30	23	37	24	31	25	34	26	28	27	26	28	43	29	44	30	44	31	32	32	45	33	39	34	29	35	44	36	35	37	34	38	27	39	29	
	0	85	1	80	2	86	3	83	4	74	5	75	6	86	7	72	8	74	9	71	10	86	11	76	12	79	13	87	14	73	15	73	16	73	17	76	18	85	19	78	20	76	21	73	22	84	23	74	24	75	25	68	26	75	27	81	28	80	29	81	30	76	31	71	32	77	33	85	34	79	35	85	36	78	37	75	38	73	39	69	
	0	94	1	97	2	81	3	91	4	87	5	81	6	83	7	91	8	87	9	85	10	81	11	98	12	98	13	96	14	92	15	79	16	79	17	85	18	81	19	98	20	95	21	84	22	92	23	80	24	92	25	85	26	80	27	96	28	83	29	92	30	79	31	84	32	83	33	80	34	94	35	83	36	81	37	95	38	93	39	97	
	0	77	1	70	2	79	3	68	4	81	5	77	6	76	7	68	8	70	9	72	10	71	11	67	12	82	13	76	14	78	15	74	16	72	17	74	18	83	19	78	20	70	21	68	22	67	23	71	24	68	25	82	26	73	27	79	28	68	29	75	30	70	31	74	32	68	33	82	34	68	35	83	36	64	37	64	38	80	39	70	
	0	93	1	96	2	101	3	98	4	103	5	102	6	110	7	104	8	104	9	107	10	95	11	108	12	98	13	109	14	94	15	105	16	103	17	101	18	100	19	106	20	110	21	104	22	92	23	94	24	103	25	109	26	100	27	93	28	94	29	94	30	91	31	103	32	107	33	105	34	104	35	91	36	100	37	103	38	103	39	100	
	0	19	1	22	2	23	3	15	4	22	5	19	6	32	7	31	8	30	9	28	10	23	11	29	12	29	13	33	14	27	15	26	16	32	17	29	18	31	19	26	20	21	21	24	22	17	23	30	24	31	25	18	26	16	27	26	28	17	29	25	30	34	31	22	32	18	33	22	34	20	35	30	36	32	37	33	38	34	39	25	
	0	64	1	60	2	61	3	50	4	54	5	57	6	54	7	57	8	67	9	58	10	51	11	57	12	51	13	62	14	68	15	49	16	62	17	60	18	55	19	57	20	65	21	56	22	55	23	49	24	57	25	51	26	57	27	65	28	59	29	49	30	65	31	65	32	67	33	53	34	55	35	52	36	60	37	63	38	55	39	58	
	0	103	1	93	2	101	3	101	4	89	5	94	6	96	7	98	8	92	9	93	10	101	11	93	12	102	13	106	14	92	15	105	16	88	17	106	18	96	19	98	20	96	21	99	22	95	23	95	24	98	25	93	26	90	27	94	28	99	29	91	30	93	31	97	32	98	33	88	34	102	35	88	36	92	37	98	38	100	39	92	
	0	41	1	50	2	46	3	50	4	50	5	53	6	53	7	54	8	41	9	60	10	58	11	59	12	43	13	57	14	52	15	50	16	46	17	51	18	50	19	56	20	41	21	58	22	60	23	46	24	58	25	48	26	48	27	42	28	57	29	56	30	51	31	46	32	59	33	46	34	48	35	55	36	54	37	51	38	56	39	59	
	0	103	1	97	2	104	3	88	4	97	5	85	6	101	7	92	8	100	9	90	10	96	11	97	12	93	13	103	14	88	15	89	16	104	17	98	18	95	19	103	20	95	21	101	22	92	23	94	24	97	25	88	26	94	27	87	28	101	29	100	30	98	31	102	32	92	33	94	34	92	35	103	36	93	37	87	38	87	39	89	
	0	17	1	16	2	25	3	21	4	16	5	12	6	21	7	11	8	11	9	23	10	17	11	17	12	14	13	22	14	22	15	13	16	11	17	20	18	18	19	21	20	21	21	13	22	25	23	15	24	28	25	16	26	21	27	9	28	28	29	27	30	22	31	9	32	10	33	13	34	28	35	22	36	17	37	16	38	17	39	10	
	0	83	1	95	2	95	3	82	4	96	5	95	6	89	7	98	8	96	9	98	10	99	11	93	12	97	13	85	14	93	15	90	16	98	17	85	18	80	19	89	20	96	21	92	22	85	23	88	24	81	25	98	26	83	27	91	28	93	29	91	30	91	31	93	32	98	33	98	34	81	35	98	36	86	37	85	38	86	39	97	
	0	81	1	86	2	88	3	80	4	77	5	88	6	88	7	86	8	81	9	81	10	90	11	77	12	87	13	76	14	83	15	92	16	77	17	75	18	90	19	92	20	80	21	89	22	85	23	79	24	75	25	81	26	80	27	86	28	73	29	92	30	87	31	74	32	88	33	74	34	83	35	91	36	90	37	86	38	74	39	77	
	0	90	1	90	2	94	3	91	4	91	5	97	6	81	7	81	8	85	9	81	10	91	11	94	12	88	13	85	14	79	15	93	16	84	17	82	18	95	19	88	20	80	21	93	22	97	23	79	24	96	25	85	26	89	27	80	28	96	29	79	30	97	31	84	32	82	33	86	34	94	35	91	36	95	37	91	38	89	39	90	
	0	26	1	17	2	35	3	25	4	35	5	28	6	35	7	24	8	23	9	23	10	22	11	31	12	19	13	21	14	31	15	32	16	26	17	35	18	26	19	27	20	16	21	16	22	32	23	31	24	24	25	30	26	19	27	34	28	24	29	34	30	24	31	28	32	28	33	32	34	23	35	25	36	24	37	18	38	28	39	25	
	0	28	1	30	2	27	3	25	4	24	5	28	6	34	7	21	8	31	9	22	10	18	11	35	12	23	13	18	14	19	15	36	16	20	17	23	18	23	19	36	20	24	21	25	22	23	23	35	24	23	25	19	26	33	27	33	28	30	29	27	30	29	31	35	32	23	33	21	34	30	35	18	36	36	37	22	38	35	39	35	
	0	22	1	17	2	20	3	3	4	16	5	20	6	15	7	13	8	18	9	12	10	3	11	3	12	3	13	17	14	5	15	11	16	17	17	13	18	10	19	8	20	12	21	4	22	4	23	17	24	16	25	3	26	18	27	22	28	3	29	20	30	16	31	17	32	21	33	10	34	16	35	12	36	14	37	7	38	22	39	14	
	0	80	1	73	2	84	3	82	4	76	5	82	6	79	7	72	8	70	9	79	10	66	11	77	12	85	13	71	14	75	15	72	16	66	17	83	18	79	19	75	20	77	21	75	22	70	23	81	24	68	25	69	26	83	27	69	28	66	29	69	30	84	31	78	32	67	33	74	34	79	35	81	36	77	37	76	38	83	39	76	
	0	82	1	83	2	78	3	83	4	74	5	68	6	80	7	83	8	86	9	72	10	82	11	79	12	80	13	86	14	74	15	70	16	81	17	85	18	70	19	86	20	69	21	67	22	77	23	78	24	67	25	83	26	72	27	68	28	73	29	75	30	85	31	85	32	71	33	73	34	78	35	69	36	69	37	76	38	67	39	68	
	0	55	1	42	2	44	3	41	4	58	5	43	6	56	7	57	8	41	9	47	10	56	11	49	12	55	13	39	14	50	15	53	16	47	17	46	18	43	19	56	20	45	21	57	22	53	23	55	24	40	25	47	26	42	27	40	28	56	29	48	30	49	31	51	32	49	33	55	34	47	35	47	36	52	37	47	38	39	39	50	
	0	44	1	55	2	46	3	44	4	55	5	41	6	46	7	44	8	40	9	51	10	46	11	55	12	53	13	56	14	55	15	41	16	40	17	56	18	54	19	53	20	42	21	54	22	54	23	42	24	54	25	40	26	42	27	46	28	48	29	39	30	49	31	48	32	47	33	58	34	54	35	52	36	55	37	50	38	48	39	41	
	0	17	1	16	2	9	3	26	4	12	5	27	6	21	7	10	8	25	9	13	10	10	11	21	12	25	13	14	14	22	15	11	16	26	17	27	18	27	19	9	20	15	21	18	22	20	23	21	24	26	25	21	26	19	27	15	28	11	29	26	30	16	31	11	32	15	33	8	34	24	35	22	36	14	37	25	38	21	39	12	
	0	44	1	44	2	34	3	48	4	47	5	49	6	42	7	51	8	44	9	45	10	36	11	35	12	48	13	35	14	34	15	37	16	49	17	49	18	38	19	42	20	42	21	36	22	44	23	35	24	39	25	40	26	35	27	37	28	43	29	44	30	40	31	52	32	49	33	41	34	51	35	39	36	43	37	37	38	49	39	45	
	0	48	1	48	2	53	3	40	4	39	5	53	6	53	7	43	8	52	9	51	10	35	11	53	12	45	13	48	14	39	15	45	16	35	17	49	18	39	19	49	20	53	21	52	22	39	23	52	24	35	25	42	26	51	27	44	28	50	29	35	30	52	31	40	32	39	33	34	34	43	35	40	36	45	37	42	38	43	39	41	
	0	18	1	25	2	16	3	28	4	23	5	23	6	20	7	20	8	20	9	23	10	20	11	29	12	31	13	22	14	24	15	23	16	23	17	13	18	27	19	27	20	29	21	27	22	22	23	26	24	17	25	14	26	24	27	25	28	17	29	32	30	29	31	22	32	21	33	18	34	14	35	16	36	25	37	16	38	30	39	28	
	0	22	1	31	2	40	3	31	4	36	5	25	6	36	7	35	8	29	9	28	10	27	11	21	12	31	13	21	14	24	15	26	16	23	17	38	18	39	19	23	20	34	21	27	22	27	23	35	24	34	25	30	26	25	27	24	28	38	29	28	30	39	31	24	32	30	33	21	34	36	35	32	36	35	37	33	38	26	39	32	
	0	43	1	40	2	44	3	35	4	36	5	40	6	40	7	43	8	36	9	42	10	33	11	47	12	33	13	48	14	38	15	34	16	35	17	33	18	35	19	31	20	34	21	48	22	39	23	46	24	49	25	45	26	39	27	35	28	44	29	45	30	36	31	36	32	32	33	38	34	35	35	44	36	37	37	32	38	38	39	43	
	0	71	1	69	2	82	3	64	4	83	5	83	6	67	7	68	8	65	9	78	10	72	11	78	12	75	13	64	14	78	15	83	16	70	17	82	18	75	19	73	20	80	21	68	22	78	23	82	24	75	25	69	26	77	27	64	28	82	29	83	30	70	31	80	32	75	33	71	34	83	35	72	36	66	37	74	38	70	39	64	
	0	101	1	99	2	101	3	94	4	110	5	113	6	102	7	109	8	107	9	103	10	99	11	108	12	94	13	98	14	106	15	113	16	101	17	102	18	112	19	106	20	107	21	106	22	101	23	101	24	109	25	99	26	95	27	105	28	106	29	101	30	99	31	94	32	113	33	113	34	102	35	106	36	111	37	98	38	101	39	112	
	0	37	1	22	2	33	3	22	4	35	5	23	6	33	7	40	8	27	9	31	10	36	11	26	12	21	13	25	14	28	15	39	16	24	17	30	18	32	19	30	20	28	21	22	22	34	23	40	24	39	25	36	26	29	27	22	28	37	29	35	30	36	31	36	32	38	33	26	34	28	35	32	36	29	37	34	38	22	39	21	
	0	95	1	81	2	79	3	95	4	83	5	79	6	96	7	85	8	95	9	94	10	94	11	86	12	88	13	91	14	83	15	79	16	94	17	79	18	94	19	93	20	89	21	91	22	88	23	77	24	77	25	78	26	91	27	84	28	92	29	85	30	80	31	95	32	96	33	90	34	91	35	82	36	87	37	86	38	84	39	91	
	0	83	1	70	2	79	3	73	4	82	5	79	6	80	7	80	8	66	9	84	10	77	11	80	12	84	13	73	14	71	15	85	16	85	17	68	18	72	19	76	20	76	21	85	22	71	23	74	24	74	25	78	26	71	27	68	28	77	29	75	30	85	31	67	32	73	33	84	34	74	35	76	36	85	37	78	38	70	39	76	
	0	69	1	73	2	74	3	79	4	75	5	75	6	69	7	77	8	66	9	68	10	80	11	69	12	68	13	65	14	74	15	71	16	71	17	74	18	67	19	73	20	69	21	64	22	66	23	70	24	74	25	64	26	81	27	65	28	73	29	73	30	71	31	72	32	70	33	71	34	66	35	78	36	77	37	76	38	72	39	76	
	0	45	1	33	2	37	3	44	4	35	5	46	6	33	7	47	8	38	9	35	10	35	11	45	12	42	13	35	14	34	15	43	16	41	17	46	18	46	19	36	20	50	21	41	22	36	23	36	24	49	25	46	26	37	27	36	28	39	29	35	30	40	31	33	32	38	33	41	34	35	35	41	36	50	37	46	38	47	39	35	
	0	49	1	34	2	48	3	52	4	34	5	35	6	36	7	48	8	48	9	51	10	34	11	51	12	34	13	47	14	49	15	39	16	42	17	52	18	40	19	45	20	43	21	36	22	46	23	39	24	42	25	52	26	52	27	33	28	40	29	51	30	46	31	46	32	46	33	35	34	37	35	45	36	38	37	42	38	34	39	52	
	0	76	1	78	2	76	3	77	4	76	5	78	6	75	7	76	8	81	9	91	10	91	11	85	12	84	13	87	14	76	15	82	16	87	17	80	18	74	19	90	20	84	21	74	22	81	23	77	24	80	25	87	26	78	27	88	28	91	29	91	30	75	31	86	32	86	33	79	34	82	35	79	36	73	37	78	38	82	39	77	
	0	34	1	35	2	22	3	22	4	33	5	29	6	30	7	32	8	25	9	17	10	31	11	21	12	23	13	25	14	33	15	35	16	32	17	18	18	30	19	17	20	22	21	19	22	33	23	28	24	21	25	28	26	34	27	28	28	18	29	24	30	32	31	26	32	22	33	25	34	27	35	26	36	32	37	19	38	19	39	32	
	0	62	1	69	2	73	3	65	4	73	5	76	6	62	7	62	8	77	9	73	10	76	11	64	12	81	13	69	14	77	15	63	16	70	17	71	18	69	19	77	20	77	21	62	22	73	23	65	24	75	25	75	26	64	27	70	28	75	29	66	30	73	31	70	32	80	33	73	34	69	35	79	36	65	37	63	38	69	39	76	
	0	75	1	83	2	73	3	82	4	81	5	84	6	88	7	86	8	80	9	90	10	89	11	86	12	84	13	87	14	81	15	80	16	75	17	75	18	87	19	73	20	74	21	78	22	75	23	84	24	92	25	74	26	83	27	73	28	78	29	88	30	76	31	73	32	87	33	76	34	74	35	90	36	88	37	84	38	83	39	87	
	0	32	1	30	2	32	3	31	4	45	5	40	6	41	7	33	8	44	9	30	10	33	11	37	12	43	13	28	14	36	15	27	16	45	17	26	18	36	19	41	20	44	21	33	22	30	23	35	24	45	25	32	26	42	27	39	28	30	29	38	30	39	31	33	32	36	33	27	34	44	35	33	36	39	37	30	38	43	39	42	
	0	28	1	27	2	25	3	24	4	19	5	13	6	31	7	22	8	16	9	18	10	18	11	25	12	29	13	17	14	25	15	17	16	21	17	17	18	12	19	18	20	25	21	17	22	29	23	26	24	14	25	22	26	24	27	18	28	27	29	13	30	12	31	26	32	20	33	15	34	31	35	22	36	26	37	14	38	22	39	15	
	0	40	1	39	2	44	3	39	4	38	5	32	6	30	7	29	8	34	9	31	10	30	11	35	12	46	13	31	14	37	15	32	16	35	17	45	18	40	19	35	20	44	21	34	22	32	23	43	24	32	25	43	26	31	27	47	28	32	29	47	30	42	31	44	32	31	33	48	34	30	35	30	36	46	37	35	38	32	39	34	
	0	28	1	13	2	27	3	19	4	27	5	27	6	13	7	22	8	16	9	24	10	27	11	24	12	22	13	21	14	21	15	13	16	14	17	30	18	17	19	27	20	32	21	25	22	27	23	23	24	22	25	24	26	32	27	26	28	17	29	16	30	23	31	25	32	18	33	16	34	15	35	13	36	26	37	20	38	18	39	20	
	0	72	1	83	2	80	3	77	4	69	5	72	6	81	7	76	8	82	9	79	10	80	11	68	12	76	13	78	14	87	15	85	16	80	17	71	18	77	19	71	20	74	21	86	22	87	23	86	24	84	25	86	26	72	27	82	28	83	29	78	30	81	31	68	32	86	33	72	34	76	35	76	36	74	37	68	38	87	39	87	
	0	93	1	90	2	80	3	90	4	82	5	91	6	83	7	90	8	87	9	82	10	77	11	96	12	81	13	93	14	78	15	90	16	90	17	77	18	83	19	92	20	84	21	83	22	94	23	88	24	78	25	94	26	77	27	88	28	95	29	78	30	80	31	86	32	79	33	78	34	95	35	92	36	86	37	87	38	82	39	91	
	0	26	1	40	2	38	3	43	4	41	5	27	6	44	7	40	8	33	9	34	10	30	11	41	12	31	13	31	14	26	15	28	16	33	17	36	18	25	19	42	20	28	21	44	22	40	23	43	24	41	25	26	26	32	27	37	28	33	29	25	30	27	31	40	32	34	33	29	34	27	35	36	36	43	37	27	38	42	39	38	
	0	27	1	27	2	37	3	42	4	38	5	36	6	42	7	42	8	30	9	34	10	32	11	34	12	39	13	35	14	27	15	42	16	42	17	31	18	28	19	31	20	33	21	30	22	29	23	29	24	38	25	29	26	34	27	34	28	36	29	36	30	39	31	41	32	31	33	28	34	42	35	25	36	37	37	34	38	25	39	41	
	0	15	1	12	2	24	3	15	4	21	5	17	6	26	7	22	8	24	9	10	10	22	11	11	12	21	13	25	14	7	15	25	16	14	17	24	18	16	19	7	20	7	21	19	22	24	23	10	24	14	25	22	26	23	27	26	28	8	29	16	30	21	31	26	32	8	33	18	34	8	35	12	36	11	37	9	38	9	39	17	
	0	89	1	91	2	89	3	83	4	96	5	94	6	94	7	92	8	101	9	93	10	97	11	98	12	83	13	99	14	87	15	97	16	86	17	100	18	87	19	87	20	87	21	95	22	100	23	97	24	88	25	87	26	88	27	86	28	98	29	87	30	99	31	90	32	96	33	82	34	82	35	98	36	90	37	85	38	98	39	94	
	0	12	1	17	2	27	3	23	4	21	5	20	6	23	7	15	8	17	9	28	10	18	11	12	12	23	13	26	14	24	15	19	16	23	17	21	18	17	19	22	20	28	21	14	22	16	23	29	24	11	25	20	26	29	27	10	28	20	29	20	30	17	31	25	32	23	33	12	34	21	35	11	36	23	37	15	38	16	39	13	
	0	40	1	38	2	41	3	50	4	48	5	38	6	48	7	44	8	47	9	46	10	51	11	40	12	43	13	50	14	56	15	53	16	48	17	51	18	49	19	55	20	47	21	51	22	56	23	47	24	42	25	43	26	50	27	42	28	42	29	57	30	46	31	50	32	43	33	43	34	47	35	43	36	42	37	44	38	42	39	42	
	0	33	1	44	2	39	3	43	4	29	5	39	6	36	7	43	8	36	9	26	10	41	11	35	12	34	13	25	14	33	15	36	16	29	17	28	18	26	19	26	20	35	21	42	22	29	23	33	24	25	25	28	26	44	27	34	28	34	29	36	30	30	31	34	32	40	33	29	34	41	35	41	36	30	37	38	38	33	39	33	
	0	55	1	53	2	59	3	58	4	59	5	51	6	55	7	66	8	51	9	52	10	59	11	63	12	61	13	65	14	68	15	67	16	56	17	62	18	52	19	62	20	69	21	61	22	62	23	66	24	51	25	55	26	65	27	61	28	64	29	56	30	65	31	64	32	65	33	60	34	60	35	62	36	59	37	63	38	67	39	54	
	0	33	1	32	2	36	3	21	4	35	5	25	6	33	7	34	8	23	9	28	10	24	11	25	12	31	13	24	14	22	15	21	16	30	17	24	18	23	19	26	20	39	21	33	22	40	23	30	24	34	25	37	26	35	27	25	28	32	29	21	30	34	31	26	32	40	33	38	34	33	35	30	36	25	37	33	38	21	39	38	
	0	96	1	94	2	94	3	105	4	94	5	99	6	105	7	108	8	107	9	110	10	94	11	111	12	94	13	107	14	92	15	96	16	100	17	95	18	102	19	104	20	96	21	111	22	110	23	106	24	97	25	101	26	95	27	93	28	108	29	98	30	102	31	108	32	93	33	105	34	101	35	92	36	105	37	101	38	107	39	105	
	0	57	1	59	2	63	3	63	4	61	5	68	6	52	7	56	8	52	9	61	10	61	11	69	12	67	13	56	14	57	15	54	16	54	17	50	18	64	19	69	20	64	21	61	22	54	23	63	24	62	25	63	26	50	27	67	28	59	29	65	30	56	31	52	32	68	33	52	34	63	35	63	36	69	37	53	38	55	39	56	
	0	52	1	41	2	54	3	49	4	43	5	50	6	55	7	52	8	43	9	51	10	47	11	56	12	53	13	39	14	54	15	45	16	43	17	37	18	42	19	45	20	53	21	47	22	46	23	43	24	54	25	44	26	40	27	40	28	43	29	40	30	41	31	55	32	39	33	53	34	41	35	44	36	55	37	56	38	48	39	54	
	0	26	1	41	2	27	3	39	4	39	5	26	6	29	7	25	8	25	9	26	10	30	11	36	12	37	13	37	14	36	15	43	16	38	17	43	18	31	19	25	20	31	21	32	22	40	23	42	24	31	25	39	26	44	27	26	28	28	29	43	30	39	31	38	32	33	33	34	34	31	35	30	36	33	37	26	38	37	39	37	
	0	40	1	24	2	34	3	32	4	28	5	32	6	24	7	40	8	41	9	24	10	24	11	27	12	35	13	38	14	37	15	26	16	41	17	23	18	26	19	42	20	27	21	29	22	25	23	30	24	36	25	27	26	39	27	31	28	40	29	23	30	35	31	34	32	41	33	27	34	24	35	25	36	33	37	31	38	25	39	30	
	0	44	1	32	2	39	3	44	4	29	5	35	6	27	7	30	8	35	9	26	10	29	11	30	12	34	13	29	14	42	15	34	16	29	17	37	18	34	19	37	20	37	21	26	22	37	23	32	24	38	25	26	26	30	27	25	28	29	29	38	30	43	31	39	32	34	33	38	34	33	35	33	36	29	37	30	38	25	39	38	
	0	81	1	84	2	75	3	78	4	79	5	84	6	90	7	76	8	82	9	83	10	89	11	82	12	85	13	84	14	82	15	79	16	91	17	77	18	84	19	92	20	88	21	92	22	92	23	81	24	91	25	80	26	80	27	84	28	85	29	85	30	78	31	93	32	78	33	79	34	74	35	87	36	89	37	92	38	92	39	79	
	0	44	1	44	2	43	3	33	4	27	5	40	6	26	7	38	8	26	9	40	10	42	11	35	12	38	13	29	14	35	15	41	16	30	17	40	18	36	19	31	20	36	21	32	22	28	23	31	24	43	25	31	26	28	27	39	28	32	29	45	30	40	31	36	32	28	33	42	34	39	35	41	36	38	37	38	38	43	39	42	
	0	32	1	30	2	28	3	33	4	36	5	32	6	34	7	20	8	30	9	22	10	23	11	36	12	19	13	33	14	19	15	24	16	35	17	32	18	25	19	36	20	26	21	30	22	25	23	21	24	21	25	28	26	26	27	29	28	24	29	35	30	23	31	33	32	29	33	19	34	24	35	26	36	24	37	25	38	18	39	29	
	0	87	1	87	2	91	3	101	4	97	5	87	6	82	7	90	8	83	9	90	10	98	11	90	12	82	13	100	14	88	15	87	16	85	17	89	18	89	19	99	20	94	21	98	22	82	23	83	24	85	25	85	26	88	27	85	28	93	29	100	30	83	31	96	32	93	33	97	34	93	35	85	36	91	37	90	38	93	39	96	
	0	51	1	48	2	56	3	59	4	54	5	56	6	52	7	57	8	51	9	52	10	56	11	46	12	42	13	50	14	52	15	60	16	55	17	50	18	50	19	60	20	55	21	47	22	46	23	53	24	53	25	56	26	55	27	60	28	44	29	59	30	51	31	45	32	45	33	45	34	51	35	58	36	45	37	55	38	46	39	42	
	0	40	1	50	2	45	3	39	4	41	5	39	6	55	7	48	8	50	9	37	10	47	11	46	12	52	13	46	14	51	15	37	16	37	17	54	18	42	19	38	20	43	21	45	22	53	23	42	24	49	25	44	26	50	27	44	28	43	29	38	30	43	31	52	32	37	33	42	34	52	35	55	36	55	37	43	38	53	39	39	
	0	76	1	68	2	73	3	83	4	79	5	74	6	82	7	84	8	71	9	71	10	85	11	74	12	81	13	83	14	74	15	76	16	75	17	75	18	66	19	75	20	70	21	66	22	80	23	76	24	83	25	75	26	78	27	66	28	78	29	81	30	78	31	66	32	66	33	79	34	85	35	84	36	68	37	77	38	77	39	83	
	0	69	1	69	2	82	3	80	4	83	5	82	6	81	7	77	8	70	9	81	10	70	11	73	12	86	13	86	14	80	15	69	16	85	17	75	18	85	19	81	20	83	21	84	22	69	23	80	24	84	25	86	26	75	27	77	28	72	29	80	30	78	31	86	32	78	33	86	34	86	35	84	36	73	37	83	38	81	39	77	
	0	21	1	19	2	28	3	30	4	21	5	16	6	27	7	25	8	25	9	18	10	26	11	26	12	19	13	29	14	15	15	28	16	21	17	22	18	23	19	18	20	23	21	16	22	22	23	21	24	16	25	20	26	32	27	33	28	19	29	25	30	30	31	21	32	23	33	31	34	28	35	24	36	18	37	19	38	32	39	27	
	0	25	1	30	2	34	3	20	4	26	5	34	6	27	7	34	8	24	9	30	10	25	11	20	12	32	13	23	14	21	15	33	16	30	17	34	18	22	19	34	20	32	21	33	22	32	23	34	24	22	25	38	26	27	27	22	28	23	29	33	30	28	31	23	32	22	33	30	34	37	35	33	36	31	37	29	38	21	39	36	
	0	83	1	85	2	79	3	77	4	70	5	80	6	74	7	81	8	71	9	70	10	82	11	75	12	80	13	84	14	70	15	76	16	75	17	87	18	74	19	75	20	71	21	79	22	81	23	71	24	84	25	75	26	86	27	71	28	87	29	68	30	70	31	71	32	76	33	71	34	77	35	84	36	71	37	76	38	85	39	79	
	0	29	1	20	2	20	3	33	4	36	5	38	6	34	7	23	8	21	9	27	10	27	11	33	12	24	13	23	14	33	15	21	16	20	17	39	18	35	19	29	20	29	21	34	22	39	23	24	24	27	25	26	26	30	27	38	28	32	29	24	30	31	31	35	32	35	33	34	34	24	35	29	36	35	37	22	38	22	39	31	
	0	19	1	21	2	12	3	10	4	13	5	9	6	6	7	13	8	13	9	11	10	10	11	11	12	13	13	6	14	15	15	20	16	23	17	16	18	17	19	10	20	16	21	18	22	6	23	10	24	22	25	10	26	10	27	17	28	13	29	22	30	25	31	9	32	14	33	14	34	6	35	25	36	18	37	6	38	13	39	25	
	0	70	1	76	2	60	3	71	4	71	5	71	6	61	7	71	8	59	9	61	10	61	11	59	12	68	13	66	14	75	15	61	16	74	17	62	18	71	19	67	20	59	21	65	22	77	23	62	24	60	25	65	26	75	27	66	28	70	29	70	30	71	31	59	32	67	33	74	34	60	35	70	36	60	37	72	38	68	39	61	
	0	91	1	91	2	92	3	79	4	83	5	86	6	91	7	88	8	88	9	91	10	85	11	89	12	96	13	92	14	95	15	85	16	84	17	95	18	83	19	97	20	83	21	94	22	89	23	96	24	93	25	84	26	87	27	96	28	94	29	88	30	90	31	91	32	79	33	89	34	80	35	90	36	84	37	92	38	89	39	98	
	0	84	1	76	2	89	3	84	4	84	5	74	6	72	7	91	8	82	9	74	10	83	11	73	12	78	13	78	14	88	15	90	16	84	17	84	18	77	19	84	20	80	21	79	22	90	23	82	24	78	25	74	26	88	27	80	28	75	29	89	30	88	31	82	32	91	33	91	34	75	35	91	36	84	37	73	38	79	39	90	
	0	74	1	68	2	76	3	76	4	61	5	62	6	61	7	80	8	64	9	70	10	71	11	70	12	79	13	63	14	68	15	75	16	75	17	74	18	72	19	61	20	80	21	78	22	75	23	64	24	75	25	80	26	78	27	72	28	70	29	78	30	74	31	68	32	64	33	79	34	71	35	73	36	68	37	64	38	68	39	63	
	0	59	1	76	2	67	3	70	4	62	5	72	6	72	7	67	8	69	9	66	10	58	11	63	12	67	13	67	14	67	15	76	16	74	17	77	18	65	19	72	20	70	21	71	22	76	23	59	24	74	25	60	26	65	27	75	28	60	29	77	30	66	31	74	32	59	33	73	34	76	35	75	36	67	37	77	38	66	39	62	
	0	43	1	39	2	28	3	41	4	40	5	37	6	30	7	39	8	33	9	35	10	36	11	44	12	29	13	43	14	29	15	37	16	47	17	47	18	33	19	35	20	28	21	38	22	34	23	45	24	35	25	33	26	37	27	36	28	35	29	34	30	38	31	30	32	34	33	33	34	30	35	36	36	37	37	42	38	39	39	45	
	0	44	1	48	2	41	3	42	4	51	5	56	6	38	7	53	8	38	9	56	10	50	11	52	12	37	13	56	14	42	15	53	16	40	17	45	18	39	19	41	20	49	21	49	22	55	23	52	24	43	25	37	26	39	27	51	28	46	29	46	30	41	31	42	32	44	33	44	34	53	35	50	36	54	37	55	38	49	39	43	
	0	64	1	50	2	52	3	54	4	55	5	57	6	68	7	68	8	59	9	63	10	61	11	56	12	63	13	65	14	68	15	56	16	56	17	65	18	59	19	50	20	52	21	54	22	63	23	57	24	53	25	50	26	55	27	67	28	56	29	55	30	54	31	60	32	58	33	58	34	50	35	59	36	52	37	49	38	61	39	62	
	0	81	1	92	2	84	3	84	4	76	5	87	6	75	7	90	8	78	9	79	10	73	11	90	12	77	13	84	14	89	15	83	16	87	17	92	18	75	19	86	20	79	21	74	22	80	23	78	24	81	25	76	26	91	27	81	28	92	29	75	30	78	31	76	32	90	33	80	34	77	35	80	36	75	37	73	38	82	39	77	
	0	44	1	39	2	43	3	48	4	39	5	52	6	48	7	42	8	47	9	43	10	52	11	41	12	49	13	56	14	54	15	43	16	58	17	57	18	54	19	58	20	50	21	42	22	41	23	51	24	57	25	48	26	54	27	58	28	39	29	46	30	53	31	40	32	58	33	44	34	47	35	42	36	44	37	41	38	56	39	44	
	0	104	1	101	2	115	3	118	4	115	5	114	6	104	7	103	8	113	9	103	10	113	11	104	12	99	13	115	14	109	15	118	16	106	17	118	18	103	19	118	20	111	21	116	22	116	23	103	24	107	25	99	26	99	27	117	28	102	29	118	30	107	31	110	32	116	33	104	34	104	35	108	36	112	37	112	38	118	39	110	
	0	44	1	53	2	53	3	42	4	41	5	58	6	47	7	45	8	42	9	58	10	41	11	48	12	40	13	59	14	57	15	53	16	48	17	55	18	58	19	56	20	49	21	54	22	53	23	59	24	58	25	58	26	48	27	46	28	57	29	51	30	54	31	41	32	54	33	52	34	58	35	43	36	54	37	48	38	40	39	45	
	0	112	1	97	2	103	3	101	4	108	5	96	6	95	7	97	8	98	9	97	10	101	11	111	12	101	13	103	14	111	15	95	16	112	17	111	18	103	19	98	20	108	21	95	22	111	23	98	24	114	25	105	26	105	27	112	28	112	29	95	30	112	31	110	32	105	33	109	34	109	35	100	36	110	37	107	38	95	39	114	
	0	102	1	115	2	116	3	117	4	102	5	100	6	107	7	119	8	108	9	112	10	111	11	115	12	110	13	110	14	119	15	114	16	111	17	111	18	115	19	100	20	114	21	101	22	113	23	114	24	108	25	108	26	112	27	112	28	106	29	101	30	109	31	110	32	106	33	113	34	106	35	105	36	101	37	114	38	112	39	100	
	0	64	1	61	2	59	3	60	4	59	5	60	6	68	7	61	8	53	9	68	10	61	11	66	12	53	13	53	14	63	15	68	16	64	17	53	18	51	19	55	20	56	21	51	22	63	23	68	24	54	25	63	26	64	27	51	28	66	29	53	30	54	31	62	32	58	33	65	34	64	35	61	36	69	37	64	38	54	39	62	
	0	19	1	28	2	28	3	22	4	25	5	25	6	23	7	15	8	27	9	14	10	19	11	28	12	10	13	22	14	26	15	23	16	10	17	16	18	22	19	13	20	21	21	28	22	28	23	12	24	18	25	22	26	26	27	13	28	26	29	16	30	27	31	25	32	22	33	18	34	25	35	28	36	29	37	17	38	10	39	26	
	0	65	1	67	2	63	3	65	4	64	5	77	6	77	7	66	8	73	9	66	10	71	11	62	12	58	13	64	14	68	15	58	16	63	17	70	18	71	19	72	20	62	21	64	22	67	23	77	24	63	25	60	26	76	27	69	28	77	29	63	30	65	31	73	32	64	33	71	34	71	35	70	36	60	37	72	38	63	39	71	
	0	39	1	29	2	30	3	39	4	37	5	39	6	38	7	37	8	28	9	36	10	37	11	30	12	27	13	40	14	23	15	40	16	23	17	40	18	33	19	24	20	36	21	39	22	40	23	39	24	27	25	34	26	32	27	39	28	40	29	42	30	31	31	30	32	31	33	37	34	31	35	23	36	30	37	41	38	38	39	33	
	0	67	1	61	2	78	3	73	4	68	5	62	6	67	7	65	8	63	9	70	10	68	11	77	12	62	13	77	14	66	15	75	16	80	17	79	18	77	19	64	20	67	21	68	22	66	23	69	24	65	25	75	26	63	27	62	28	63	29	67	30	63	31	79	32	79	33	79	34	64	35	67	36	72	37	73	38	67	39	71	
	0	20	1	24	2	23	3	30	4	20	5	15	6	20	7	21	8	17	9	18	10	30	11	14	12	29	13	25	14	14	15	30	16	19	17	28	18	17	19	24	20	19	21	29	22	27	23	30	24	22	25	14	26	14	27	18	28	28	29	18	30	16	31	30	32	22	33	24	34	28	35	17	36	31	37	19	38	17	39	28	
	0	21	1	31	2	20	3	30	4	23	5	18	6	29	7	19	8	23	9	15	10	29	11	28	12	20	13	28	14	29	15	28	16	15	17	14	18	22	19	12	20	22	21	25	22	31	23	31	24	12	25	22	26	30	27	29	28	14	29	16	30	12	31	29	32	23	33	21	34	31	35	16	36	31	37	28	38	19	39	18	
	0	24	1	17	2	18	3	13	4	24	5	25	6	13	7	18	8	19	9	14	10	10	11	14	12	11	13	19	14	13	15	23	16	25	17	28	18	25	19	18	20	28	21	15	22	22	23	27	24	11	25	19	26	25	27	16	28	23	29	17	30	11	31	21	32	9	33	10	34	16	35	16	36	21	37	12	38	25	39	24	
	0	105	1	101	2	95	3	90	4	90	5	101	6	101	7	93	8	100	9	107	10	88	11	90	12	106	13	97	14	95	15	103	16	93	17	88	18	99	19	96	20	107	21	96	22	93	23	102	24	102	25	92	26	98	27	98	28	89	29	106	30	105	31	97	32	104	33	91	34	103	35	99	36	106	37	101	38	97	39	105	
	0	91	1	102	2	97	3	105	4	103	5	95	6	101	7	90	8	99	9	97	10	99	11	102	12	100	13	94	14	98	15	94	16	92	17	104	18	97	19	92	20	95	21	107	22	98	23	94	24	102	25	94	26	100	27	104	28	93	29	106	30	92	31	91	32	106	33	104	34	94	35	96	36	104	37	104	38	94	39	105	
	0	12	1	3	2	17	3	7	4	15	5	3	6	8	7	10	8	13	9	16	10	16	11	16	12	7	13	11	14	4	15	21	16	13	17	9	18	12	19	6	20	10	21	15	22	7	23	12	24	14	25	4	26	7	27	7	28	17	29	13	30	3	31	12	32	22	33	14	34	5	35	6	36	4	37	19	38	9	39	9	
	0	94	1	94	2	78	3	93	4	80	5	78	6	90	7	94	8	78	9	95	10	82	11	78	12	84	13	93	14	88	15	95	16	85	17	83	18	79	19	95	20	90	21	84	22	85	23	81	24	78	25	80	26	87	27	86	28	81	29	84	30	87	31	91	32	89	33	95	34	94	35	95	36	85	37	86	38	80	39	87	
	0	97	1	91	2	100	3	98	4	104	5	102	6	98	7	99	8	106	9	96	10	89	11	101	12	95	13	90	14	103	15	89	16	96	17	91	18	104	19	102	20	106	21	88	22	89	23	92	24	102	25	100	26	87	27	92	28	90	29	89	30	87	31	89	32	101	33	101	34	96	35	92	36	100	37	101	38	101	39	89	
	0	40	1	50	2	53	3	48	4	41	5	49	6	44	7	47	8	46	9	47	10	48	11	43	12	45	13	49	14	42	15	47	16	41	17	52	18	45	19	58	20	42	21	45	22	44	23	57	24	58	25	54	26	56	27	42	28	48	29	43	30	54	31	52	32	39	33	48	34	45	35	52	36	49	37	49	38	48	39	57	
	0	91	1	79	2	87	3	91	4	97	5	83	6	86	7	83	8	96	9	79	10	95	11	89	12	81	13	93	14	89	15	94	16	95	17	78	18	87	19	95	20	88	21	78	22	84	23	79	24	84	25	83	26	88	27	85	28	79	29	96	30	81	31	80	32	91	33	95	34	86	35	84	36	80	37	83	38	81	39	85	
	0	35	1	35	2	35	3	40	4	28	5	34	6	30	7	25	8	31	9	35	10	33	11	40	12	29	13	38	14	31	15	41	16	30	17	40	18	30	19	34	20	43	21	40	22	26	23	33	24	39	25	25	26	29	27	39	28	27	29	43	30	29	31	29	32	30	33	37	34	25	35	25	36	34	37	28	38	37	39	41	
	0	35	1	32	2	44	3	37	4	39	5	28	6	42	7	29	8	25	9	37	10	27	11	32	12	26	13	31	14	27	15	28	16	42	17	34	18	25	19	26	20	38	21	40	22	42	23	26	24	33	25	30	26	30	27	26	28	43	29	29	30	30	31	28	32	30	33	40	34	32	35	31	36	37	37	26	38	36	39	31	
	0	31	1	38	2	39	3	33	4	40	5	38	6	37	7	34	8	31	9	42	10	40	11	31	12	28	13	41	14	35	15	42	16	44	17	46	18	27	19	29	20	46	21	34	22	44	23	34	24	37	25	30	26	27	27	39	28	42	29	42	30	28	31	45	32	40	33	27	34	28	35	40	36	40	37	34	38	28	39	30	
	0	35	1	29	2	25	3	20	4	29	5	19	6	35	7	31	8	27	9	24	10	25	11	24	12	24	13	33	14	20	15	25	16	24	17	20	18	36	19	21	20	28	21	22	22	34	23	30	24	29	25	30	26	22	27	22	28	36	29	28	30	34	31	23	32	25	33	27	34	23	35	23	36	30	37	36	38	38	39	33	
	0	58	1	77	2	65	3	63	4	64	5	75	6	67	7	77	8	68	9	75	10	72	11	75	12	68	13	75	14	68	15	62	16	59	17	74	18	64	19	61	20	72	21	75	22	75	23	75	24	74	25	76	26	59	27	73	28	67	29	66	30	73	31	67	32	68	33	58	34	75	35	67	36	67	37	71	38	71	39	59	
	0	61	1	66	2	79	3	76	4	63	5	66	6	78	7	79	8	67	9	75	10	67	11	71	12	72	13	60	14	74	15	69	16	71	17	73	18	63	19	70	20	75	21	75	22	78	23	62	24	71	25	78	26	67	27	78	28	76	29	72	30	74	31	77	32	76	33	70	34	67	35	77	36	65	37	79	38	61	39	66	
	0	104	1	94	2	92	3	103	4	100	5	99	6	102	7	95	8	94	9	107	10	100	11	92	12	102	13	91	14	95	15	93	16	109	17	104	18	105	19	101	20	107	21	105	22	94	23	103	24	95	25	100	26	98	27	98	28	97	29	96	30	108	31	109	32	104	33	100	34	108	35	92	36	99	37	107	38	93	39	107	
	0	38	1	36	2	30	3	39	4	47	5	30	6	39	7	33	8	46	9	31	10	38	11	49	12	48	13	35	14	32	15	35	16	38	17	46	18	39	19	31	20	42	21	46	22	43	23	45	24	44	25	42	26	42	27	43	28	46	29	37	30	46	31	33	32	38	33	31	34	48	35	48	36	43	37	33	38	47	39	32	
	0	86	1	91	2	94	3	80	4	89	5	80	6	94	7	89	8	80	9	98	10	96	11	92	12	90	13	94	14	89	15	97	16	88	17	90	18	83	19	86	20	80	21	95	22	88	23	79	24	80	25	93	26	97	27	98	28	79	29	81	30	96	31	89	32	90	33	87	34	90	35	79	36	93	37	86	38	93	39	80	
	0	102	1	110	2	109	3	111	4	108	5	102	6	101	7	118	8	100	9	102	10	115	11	108	12	103	13	102	14	116	15	112	16	108	17	118	18	115	19	119	20	108	21	116	22	100	23	103	24	114	25	118	26	110	27	117	28	105	29	109	30	118	31	107	32	104	33	113	34	110	35	110	36	115	37	112	38	119	39	117	
	0	81	1	84	2	81	3	87	4	89	5	87	6	96	7	96	8	80	9	93	10	97	11	98	12	94	13	94	14	97	15	84	16	98	17	83	18	80	19	98	20	89	21	90	22	95	23	99	24	84	25	91	26	91	27	97	28	88	29	92	30	80	31	93	32	86	33	82	34	91	35	93	36	82	37	99	38	94	39	87	
	0	61	1	64	2	72	3	59	4	73	5	73	6	60	7	77	8	63	9	77	10	71	11	64	12	62	13	74	14	73	15	75	16	60	17	70	18	73	19	64	20	63	21	74	22	76	23	60	24	61	25	77	26	63	27	77	28	70	29	76	30	78	31	61	32	69	33	70	34	67	35	68	36	74	37	60	38	68	39	72	
	0	77	1	74	2	72	3	64	4	73	5	75	6	60	7	77	8	62	9	59	10	69	11	64	12	66	13	60	14	69	15	62	16	72	17	76	18	75	19	76	20	64	21	64	22	63	23	74	24	69	25	62	26	76	27	67	28	62	29	67	30	71	31	70	32	66	33	59	34	70	35	77	36	73	37	70	38	62	39	60	
	0	46	1	62	2	55	3	44	4	55	5	53	6	62	7	55	8	47	9	49	10	53	11	53	12	46	13	51	14	51	15	61	16	56	17	58	18	46	19	52	20	50	21	48	22	62	23	55	24	43	25	60	26	61	27	46	28	47	29	55	30	52	31	61	32	55	33	60	34	43	35	46	36	51	37	54	38	58	39	62	
	0	25	1	12	2	30	3	21	4	24	5	22	6	18	7	21	8	14	9	13	10	12	11	28	12	28	13	28	14	22	15	16	16	11	17	17	18	29	19	14	20	27	21	11	22	15	23	22	24	15	25	27	26	21	27	28	28	22	29	15	30	30	31	21	32	11	33	27	34	12	35	18	36	25	37	23	38	13	39	28	
	0	7	1	16	2	14	3	17	4	19	5	9	6	23	7	19	8	13	9	21	10	19	11	14	12	12	13	14	14	9	15	5	16	10	17	18	18	19	19	20	20	19	21	13	22	15	23	5	24	19	25	18	26	10	27	17	28	7	29	19	30	11	31	21	32	8	33	5	34	22	35	9	36	20	37	23	38	15	39	6	
	0	23	1	22	2	19	3	11	4	7	5	25	6	14	7	18	8	18	9	13	10	19	11	23	12	19	13	22	14	7	15	17	16	23	17	19	18	23	19	16	20	22	21	26	22	10	23	25	24	21	25	16	26	20	27	16	28	15	29	12	30	13	31	19	32	26	33	14	34	19	35	20	36	13	37	16	38	22	39	10	
	0	100	1	103	2	108	3	106	4	97	5	104	6	103	7	102	8	97	9	108	10	100	11	107	12	97	13	100	14	95	15	107	16	101	17	107	18	99	19	102	20	110	21	109	22	98	23	111	24	109	25	103	26	100	27	103	28	101	29	94	30	112	31	96	32	101	33	99	34	99	35	103	36	113	37	100	38	98	39	104	
	0	105	1	103	2	89	3	94	4	98	5	104	6	90	7	88	8	96	9	99	10	95	11	96	12	103	13	94	14	90	15	91	16	101	17	102	18	91	19	94	20	106	21	103	22	104	23	101	24	97	25	97	26	91	27	101	28	96	29	98	30	89	31	104	32	101	33	104	34	91	35	104	36	87	37	101	38	95	39	96	
	0	54	1	58	2	47	3	44	4	46	5	56	6	55	7	48	8	52	9	46	10	46	11	46	12	56	13	43	14	45	15	45	16	51	17	51	18	48	19	45	20	44	21	50	22	46	23	44	24	44	25	56	26	58	27	40	28	39	29	46	30	48	31	52	32	44	33	40	34	55	35	39	36	48	37	50	38	56	39	44	
	0	84	1	93	2	86	3	86	4	90	5	84	6	84	7	88	8	94	9	97	10	99	11	81	12	99	13	85	14	87	15	92	16	97	17	95	18	98	19	91	20	82	21	93	22	82	23	92	24	99	25	87	26	91	27	86	28	86	29	83	30	87	31	99	32	100	33	82	34	90	35	92	36	99	37	90	38	100	39	85	
	0	108	1	95	2	100	3	101	4	108	5	109	6	97	7	104	8	107	9	95	10	100	11	100	12	112	13	99	14	94	15	97	16	112	17	99	18	101	19	100	20	113	21	109	22	107	23	97	24	98	25	100	26	111	27	110	28	110	29	107	30	104	31	106	32	106	33	112	34	95	35	100	36	109	37	113	38	100	39	112	
	0	23	1	17	2	29	3	18	4	33	5	16	6	18	7	30	8	28	9	18	10	26	11	31	12	25	13	32	14	18	15	33	16	31	17	20	18	25	19	23	20	31	21	21	22	32	23	25	24	32	25	30	26	30	27	24	28	33	29	30	30	15	31	17	32	34	33	27	34	20	35	19	36	25	37	24	38	17	39	33	
	0	87	1	75	2	84	3	81	4	71	5	75	6	85	7	79	8	87	9	73	10	84	11	73	12	78	13	86	14	78	15	82	16	80	17	72	18	81	19	83	20	74	21	75	22	90	23	88	24	89	25	85	26	82	27	89	28	75	29	79	30	78	31	77	32	87	33	76	34	90	35	86	36	84	37	80	38	89	39	85	
	0	43	1	41	2	31	3	35	4	36	5	33	6	45	7	36	8	42	9	34	10	34	11	38	12	32	13	42	14	44	15	38	16	31	17	35	18	39	19	44	20	47	21	38	22	41	23	34	24	42	25	29	26	42	27	38	28	47	29	36	30	42	31	33	32	40	33	29	34	33	35	34	36	37	37	46	38	44	39	42	
	0	47	1	37	2	30	3	40	4	40	5	41	6	34	7	34	8	33	9	44	10	34	11	48	12	42	13	42	14	42	15	39	16	39	17	33	18	39	19	48	20	37	21	46	22	45	23	46	24	46	25	45	26	40	27	31	28	42	29	29	30	32	31	47	32	39	33	44	34	45	35	36	36	36	37	30	38	43	39	32	
	0	98	1	85	2	79	3	98	4	87	5	97	6	89	7	95	8	91	9	95	10	92	11	86	12	94	13	94	14	95	15	82	16	92	17	80	18	96	19	96	20	91	21	92	22	79	23	90	24	80	25	84	26	83	27	82	28	96	29	83	30	83	31	80	32	94	33	98	34	94	35	97	36	98	37	92	38	85	39	89	
	0	21	1	22	2	12	3	10	4	20	5	18	6	13	7	4	8	5	9	9	10	15	11	10	12	6	13	18	14	22	15	9	16	12	17	19	18	22	19	12	20	10	21	18	22	12	23	3	24	6	25	5	26	6	27	5	28	10	29	8	30	11	31	18	32	15	33	9	34	16	35	19	36	8	37	18	38	14	39	22	
	0	77	1	80	2	81	3	85	4	89	5	90	6	80	7	80	8	83	9	90	10	82	11	92	12	82	13	92	14	93	15	84	16	77	17	78	18	91	19	87	20	86	21	92	22	83	23	92	24	93	25	85	26	88	27	90	28	81	29	77	30	96	31	83	32	89	33	91	34	81	35	83	36	92	37	90	38	91	39	92	
	0	22	1	24	2	27	3	18	4	13	5	25	6	22	7	14	8	13	9	15	10	19	11	20	12	17	13	22	14	30	15	31	16	26	17	23	18	20	19	18	20	23	21	13	22	18	23	20	24	13	25	14	26	23	27	19	28	31	29	20	30	14	31	21	32	29	33	18	34	13	35	13	36	21	37	25	38	25	39	15	
	0	45	1	35	2	48	3	41	4	44	5	38	6	52	7	47	8	42	9	42	10	41	11	52	12	46	13	41	14	35	15	40	16	44	17	41	18	35	19	36	20	34	21	40	22	46	23	37	24	45	25	40	26	49	27	42	28	47	29	52	30	44	31	52	32	34	33	51	34	38	35	36	36	34	37	38	38	47	39	50	
	0	71	1	62	2	58	3	61	4	69	5	55	6	59	7	69	8	64	9	64	10	64	11	55	12	65	13	71	14	70	15	68	16	72	17	67	18	67	19	60	20	70	21	56	22	62	23	65	24	67	25	66	26	72	27	67	28	60	29	68	30	69	31	55	32	63	33	66	34	68	35	69	36	54	37	72	38	68	39	66	
	0	45	1	39	2	33	3	50	4	51	5	46	6	48	7	36	8	42	9	52	10	48	11	46	12	34	13	36	14	35	15	35	16	51	17	42	18	38	19	39	20	47	21	48	22	33	23	52	24	38	25	46	26	34	27	39	28	52	29	49	30	46	31	33	32	41	33	42	34	44	35	38	36	43	37	39	38	33	39	33	
	0	14	1	22	2	19	3	33	4	25	5	31	6	22	7	22	8	31	9	28	10	30	11	16	12	32	13	22	14	30	15	32	16	28	17	24	18	19	19	33	20	30	21	30	22	27	23	23	24	24	25	14	26	22	27	22	28	30	29	14	30	28	31	19	32	15	33	30	34	23	35	14	36	19	37	27	38	22	39	16	
	0	22	1	39	2	29	3	30	4	39	5	22	6	35	7	34	8	26	9	28	10	33	11	23	12	35	13	32	14	34	15	35	16	22	17	35	18	38	19	24	20	30	21	23	22	40	23	23	24	39	25	38	26	34	27	23	28	39	29	33	30	30	31	30	32	34	33	29	34	22	35	26	36	22	37	25	38	34	39	40	
	0	110	1	102	2	111	3	111	4	100	5	103	6	104	7	105	8	99	9	112	10	111	11	109	12	99	13	103	14	113	15	96	16	100	17	110	18	113	19	96	20	97	21	95	22	110	23	106	24	111	25	107	26	113	27	99	28	103	29	94	30	104	31	108	32	98	33	109	34	95	35	94	36	109	37	110	38	112	39	100	
	0	40	1	54	2	55	3	46	4	48	5	43	6	51	7	41	8	56	9	43	10	56	11	42	12	51	13	48	14	42	15	49	16	47	17	38	18	56	19	54	20	42	21	40	22	48	23	42	24	40	25	37	26	46	27	41	28	50	29	44	30	40	31	40	32	43	33	47	34	45	35	40	36	44	37	48	38	56	39	42	
	0	17	1	12	2	8	3	18	4	7	5	11	6	18	7	15	8	20	9	9	10	20	11	17	12	5	13	16	14	22	15	16	16	10	17	7	18	11	19	22	20	10	21	3	22	5	23	15	24	22	25	21	26	9	27	6	28	6	29	15	30	21	31	18	32	12	33	18	34	14	35	7	36	11	37	10	38	6	39	21	
	0	53	1	42	2	47	3	51	4	47	5	45	6	38	7	48	8	56	9	55	10	45	11	51	12	41	13	54	14	45	15	51	16	45	17	51	18	55	19	41	20	47	21	56	22	38	23	51	24	56	25	41	26	55	27	46	28	38	29	57	30	46	31	40	32	44	33	55	34	38	35	48	36	46	37	54	38	54	39	46	
	0	22	1	26	2	38	3	31	4	36	5	34	6	40	7	33	8	35	9	31	10	26	11	35	12	34	13	33	14	24	15	31	16	38	17	38	18	34	19	38	20	24	21	24	22	31	23	23	24	34	25	29	26	37	27	37	28	32	29	34	30	35	31	27	32	34	33	22	34	32	35	36	36	26	37	35	38	31	39	30	
	0	31	1	48	2	44	3	37	4	32	5	35	6	47	7	37	8	38	9	47	10	41	11	41	12	43	13	42	14	33	15	46	16	33	17	47	18	35	19	32	20	32	21	41	22	45	23	34	24	31	25	44	26	37	27	31	28	41	29	35	30	46	31	30	32	37	33	45	34	45	35	35	36	39	37	36	38	31	39	43	
	0	78	1	74	2	72	3	84	4	70	5	86	6	74	7	69	8	78	9	74	10	75	11	70	12	85	13	79	14	72	15	81	16	73	17	78	18	68	19	68	20	85	21	75	22	75	23	81	24	83	25	68	26	67	27	83	28	81	29	70	30	72	31	84	32	71	33	71	34	78	35	67	36	86	37	75	38	83	39	71	
	0	19	1	13	2	14	3	25	4	25	5	11	6	21	7	16	8	28	9	20	10	10	11	29	12	25	13	18	14	20	15	14	16	12	17	15	18	15	19	28	20	15	21	21	22	26	23	15	24	16	25	23	26	18	27	24	28	12	29	10	30	29	31	16	32	24	33	21	34	29	35	21	36	22	37	23	38	20	39	27	
	0	116	1	107	2	99	3	104	4	107	5	99	6	116	7	113	8	115	9	108	10	98	11	105	12	108	13	98	14	104	15	98	16	113	17	98	18	105	19	108	20	101	21	117	22	108	23	102	24	103	25	109	26	114	27	114	28	115	29	112	30	108	31	114	32	106	33	107	34	117	35	106	36	117	37	104	38	114	39	114	
	0	97	1	99	2	100	3	94	4	90	5	91	6	91	7	89	8	87	9	87	10	86	11	99	12	87	13	85	14	96	15	99	16	94	17	83	18	98	19	95	20	100	21	84	22	83	23	96	24	94	25	89	26	96	27	101	28	94	29	99	30	100	31	99	32	96	33	96	34	99	35	93	36	88	37	96	38	92	39	92	
	0	21	1	21	2	4	3	8	4	15	5	15	6	11	7	21	8	14	9	6	10	11	11	20	12	14	13	22	14	6	15	18	16	17	17	10	18	4	19	13	20	7	21	9	22	10	23	18	24	11	25	7	26	14	27	3	28	18	29	6	30	8	31	5	32	7	33	14	34	20	35	10	36	22	37	7	38	21	39	20	
	0	32	1	32	2	32	3	39	4	30	5	22	6	39	7	40	8	32	9	39	10	33	11	36	12	36	13	26	14	30	15	38	16	25	17	23	18	39	19	26	20	26	21	22	22	32	23	29	24	34	25	32	26	39	27	28	28	28	29	31	30	31	31	34	32	26	33	32	34	28	35	33	36	34	37	38	38	27	39	33	
	0	68	1	66	2	67	3	49	4	51	5	67	6	56	7	66	8	60	9	49	10	64	11	62	12	63	13	57	14	68	15	57	16	58	17	51	18	50	19	65	20	59	21	65	22	49	23	62	24	67	25	53	26	68	27	62	28	68	29	62	30	62	31	56	32	51	33	66	34	60	35	50	36	56	37	59	38	64	39	67	
	0	86	1	94	2	90	3	94	4	86	5	97	6	97	7	81	8	82	9	91	10	86	11	92	12	92	13	86	14	88	15	85	16	87	17	93	18	88	19	99	20	95	21	91	22	98	23	89	24	99	25	96	26	95	27	88	28	85	29	93	30	92	31	86	32	80	33	84	34	96	35	84	36	96	37	81	38	88	39	92	
	0	101	1	105	2	94	3	90	4	90	5	100	6	102	7	95	8	87	9	92	10	96	11	96	12	88	13	87	14	103	15	98	16	105	17	98	18	101	19	98	20	102	21	96	22	87	23	100	24	89	25	89	26	103	27	88	28	105	29	94	30	96	31	100	32	94	33	96	34	91	35	104	36	96	37	100	38	97	39	105	
	0	104	1	105	2	109	3	107	4	109	5	115	6	109	7	107	8	114	9	103	10	103	11	106	12	110	13	106	14	104	15	107	16	116	17	116	18	102	19	114	20	114	21	116	22	113	23	107	24	104	25	120	26	106	27	116	28	110	29	103	30	105	31	109	32	108	33	104	34	101	35	107	36	107	37	105	38	112	39	113	
	0	30	1	37	2	32	3	42	4	37	5	33	6	38	7	45	8	43	9	33	10	46	11	30	12	36	13	33	14	30	15	35	16	36	17	39	18	45	19	43	20	38	21	40	22	31	23	39	24	39	25	32	26	44	27	32	28	40	29	29	30	46	31	29	32	40	33	29	34	37	35	34	36	41	37	42	38	29	39	47	
	0	54	1	51	2	48	3	57	4	51	5	56	6	66	7	47	8	55	9	60	10	60	11	58	12	58	13	54	14	47	15	57	16	55	17	60	18	63	19	66	20	48	21	49	22	56	23	47	24	59	25	65	26	48	27	65	28	60	29	50	30	64	31	55	32	61	33	60	34	50	35	51	36	57	37	49	38	56	39	49	
	0	102	1	105	2	91	3	90	4	99	5	94	6	90	7	96	8	104	9	93	10	93	11	101	12	106	13	96	14	98	15	96	16	94	17	91	18	95	19	95	20	103	21	90	22	97	23	107	24	106	25	96	26	98	27	101	28	94	29	99	30	99	31	100	32	102	33	93	34	90	35	94	36	108	37	90	38	100	39	101	
	0	72	1	65	2	82	3	72	4	80	5	65	6	78	7	70	8	67	9	64	10	66	11	74	12	82	13	64	14	70	15	68	16	72	17	76	18	66	19	73	20	73	21	72	22	81	23	76	24	76	25	83	26	66	27	78	28	64	29	82	30	71	31	66	32	64	33	64	34	78	35	82	36	70	37	65	38	64	39	73	
	0	44	1	46	2	46	3	52	4	36	5	50	6	49	7	47	8	51	9	42	10	42	11	54	12	46	13	48	14	55	15	54	16	45	17	41	18	47	19	38	20	45	21	41	22	46	23	47	24	51	25	54	26	51	27	55	28	44	29	53	30	46	31	48	32	38	33	42	34	49	35	51	36	45	37	50	38	45	39	52	
	0	100	1	90	2	103	3	97	4	86	5	96	6	100	7	98	8	93	9	93	10	86	11	99	12	103	13	93	14	96	15	90	16	98	17	97	18	87	19	88	20	87	21	90	22	93	23	99	24	99	25	87	26	86	27	101	28	89	29	94	30	91	31	90	32	97	33	105	34	89	35	98	36	103	37	95	38	99	39	100	
	0	60	1	52	2	44	3	56	4	52	5	60	6	57	7	45	8	58	9	47	10	52	11	61	12	60	13	59	14	63	15	60	16	62	17	57	18	56	19	44	20	62	21	53	22	48	23	49	24	47	25	46	26	51	27	48	28	51	29	50	30	44	31	54	32	60	33	47	34	58	35	52	36	46	37	45	38	59	39	53	
	0	10	1	19	2	26	3	19	4	21	5	28	6	21	7	16	8	13	9	17	10	23	11	16	12	12	13	16	14	14	15	23	16	13	17	29	18	18	19	27	20	28	21	24	22	23	23	12	24	15	25	28	26	17	27	23	28	17	29	16	30	17	31	24	32	20	33	15	34	20	35	18	36	10	37	10	38	20	39	17	
	0	89	1	99	2	96	3	96	4	91	5	99	6	99	7	102	8	85	9	93	10	90	11	85	12	96	13	89	14	94	15	103	16	84	17	101	18	89	19	91	20	98	21	100	22	87	23	96	24	97	25	87	26	89	27	93	28	103	29	93	30	91	31	91	32	92	33	89	34	102	35	92	36	95	37	87	38	95	39	103	
	0	102	1	109	2	96	3	111	4	109	5	98	6	113	7	107	8	110	9	95	10	109	11	105	12	111	13	105	14	103	15	111	16	106	17	97	18	109	19	98	20	101	21	106	22	98	23	113	24	105	25	112	26	108	27	111	28	110	29	106	30	108	31	107	32	98	33	110	34	111	35	97	36	113	37	107	38	104	39	110	
	0	30	1	23	2	25	3	19	4	14	5	23	6	28	7	16	8	20	9	17	10	28	11	14	12	25	13	18	14	23	15	14	16	20	17	21	18	31	19	30	20	14	21	24	22	15	23	17	24	12	25	27	26	17	27	16	28	27	29	13	30	13	31	26	32	27	33	19	34	31	35	21	36	12	37	21	38	30	39	19	
	0	3	1	20	2	3	3	21	4	9	5	14	6	3	7	12	8	4	9	11	10	16	11	8	12	10	13	13	14	6	15	4	16	15	17	5	18	3	19	15	20	9	21	4	22	16	23	12	24	4	25	22	26	13	27	4	28	6	29	18	30	13	31	8	32	10	33	6	34	12	35	22	36	13	37	7	38	10	39	12	
	0	12	1	5	2	7	3	13	4	12	5	16	6	5	7	20	8	20	9	14	10	8	11	16	12	24	13	18	14	5	15	9	16	16	17	18	18	11	19	6	20	13	21	17	22	7	23	12	24	5	25	8	26	22	27	21	28	18	29	20	30	13	31	12	32	23	33	9	34	9	35	17	36	22	37	21	38	21	39	21	
	0	43	1	51	2	49	3	47	4	47	5	43	6	45	7	60	8	58	9	61	10	49	11	44	12	60	13	52	14	62	15	58	16	55	17	57	18	61	19	45	20	49	21	44	22	47	23	46	24	44	25	57	26	56	27	44	28	49	29	46	30	60	31	45	32	52	33	46	34	52	35	62	36	60	37	47	38	46	39	62	
	0	62	1	70	2	63	3	67	4	63	5	66	6	70	7	67	8	74	9	64	10	78	11	68	12	79	13	81	14	77	15	65	16	72	17	71	18	64	19	76	20	63	21	65	22	77	23	65	24	70	25	72	26	70	27	71	28	78	29	74	30	64	31	81	32	80	33	64	34	78	35	67	36	69	37	76	38	72	39	64	
	0	106	1	110	2	110	3	100	4	99	5	98	6	97	7	107	8	114	9	104	10	103	11	108	12	113	13	96	14	99	15	100	16	107	17	96	18	115	19	114	20	97	21	102	22	114	23	99	24	96	25	106	26	100	27	103	28	96	29	107	30	111	31	100	32	104	33	109	34	115	35	97	36	109	37	105	38	101	39	97	
	0	8	1	13	2	22	3	12	4	21	5	13	6	21	7	22	8	27	9	23	10	20	11	21	12	11	13	23	14	12	15	18	16	24	17	14	18	20	19	10	20	17	21	19	22	26	23	23	24	12	25	23	26	17	27	24	28	25	29	9	30	13	31	15	32	10	33	12	34	8	35	15	36	18	37	9	38	9	39	25	
	0	102	1	112	2	97	3	98	4	100	5	100	6	97	7	115	8	101	9	100	10	107	11	114	12	105	13	110	14	115	15	108	16	101	17	109	18	110	19	106	20	106	21	106	22	108	23	113	24	110	25	110	26	109	27	108	28	112	29	112	30	112	31	100	32	111	33	99	34	100	35	105	36	114	37	99	38	99	39	104	
	0	107	1	100	2	115	3	111	4	110	5	106	6	110	7	117	8	104	9	102	10	103	11	102	12	102	13	103	14	115	15	118	16	113	17	102	18	110	19	105	20	114	21	106	22	107	23	112	24	109	25	113	26	107	27	110	28	107	29	107	30	118	31	100	32	117	33	100	34	103	35	106	36	113	37	108	38	110	39	114	
	0	50	1	45	2	52	3	53	4	55	5	57	6	53	7	50	8	48	9	59	10	43	11	57	12	62	13	59	14	45	15	46	16	47	17	56	18	46	19	44	20	54	21	46	22	51	23	57	24	45	25	49	26	58	27	56	28	58	29	59	30	60	31	54	32	52	33	53	34	59	35	45	36	44	37	60	38	62	39	54	
	0	79	1	81	2	85	3	77	4	89	5	88	6	83	7	89	8	89	9	89	10	80	11	80	12	93	13	90	14	75	15	86	16	85	17	93	18	87	19	94	20	84	21	94	22	75	23	87	24	81	25	87	26	78	27	88	28	92	29	84	30	82	31	75	32	80	33	94	34	92	35	75	36	78	37	78	38	81	39	82	
	0	47	1	39	2	54	3	55	4	44	5	50	6	48	7	46	8	41	9	50	10	55	11	50	12	45	13	55	14	55	15	39	16	44	17	56	18	42	19	50	20	43	21	45	22	57	23	52	24	53	25	48	26	52	27	57	28	46	29	48	30	55	31	39	32	52	33	45	34	40	35	53	36	49	37	51	38	50	39	46	
	0	20	1	12	2	3	3	10	4	5	5	20	6	4	7	21	8	11	9	21	10	4	11	10	12	8	13	12	14	7	15	12	16	18	17	19	18	14	19	15	20	14	21	14	22	2	23	14	24	6	25	21	26	9	27	8	28	4	29	12	30	7	31	9	32	16	33	3	34	9	35	21	36	10	37	8	38	12	39	19	
	0	80	1	82	2	82	3	73	4	76	5	73	6	72	7	65	8	79	9	76	10	74	11	76	12	72	13	65	14	74	15	77	16	78	17	76	18	74	19	71	20	69	21	80	22	66	23	73	24	77	25	73	26	66	27	80	28	71	29	81	30	68	31	71	32	68	33	80	34	73	35	67	36	73	37	77	38	72	39	68	
	0	61	1	56	2	48	3	58	4	66	5	66	6	51	7	63	8	63	9	52	10	48	11	56	12	53	13	59	14	60	15	49	16	52	17	49	18	65	19	56	20	58	21	47	22	57	23	61	24	50	25	52	26	65	27	48	28	48	29	53	30	57	31	57	32	62	33	65	34	49	35	53	36	49	37	58	38	58	39	65	
	0	42	1	34	2	35	3	47	4	36	5	39	6	42	7	34	8	52	9	49	10	48	11	50	12	38	13	40	14	48	15	46	16	48	17	45	18	49	19	47	20	39	21	47	22	44	23	36	24	40	25	46	26	51	27	52	28	47	29	48	30	47	31	49	32	43	33	47	34	52	35	48	36	46	37	51	38	49	39	46	
	0	39	1	39	2	48	3	42	4	36	5	44	6	38	7	53	8	45	9	52	10	40	11	46	12	47	13	45	14	52	15	43	16	39	17	54	18	51	19	51	20	43	21	39	22	45	23	50	24	52	25	44	26	49	27	49	28	37	29	39	30	44	31	38	32	53	33	46	34	55	35	52	36	38	37	44	38	42	39	49	
	0	59	1	60	2	57	3	59	4	75	5	64	6	59	7	66	8	64	9	73	10	63	11	75	12	58	13	75	14	58	15	65	16	74	17	62	18	75	19	58	20	56	21	57	22	71	23	74	24	63	25	60	26	63	27	58	28	62	29	59	30	59	31	67	32	65	33	75	34	74	35	69	36	57	37	70	38	66	39	62	
	0	90	1	73	2	82	3	75	4	83	5	81	6	74	7	79	8	88	9	75	10	73	11	81	12	81	13	87	14	85	15	84	16	80	17	74	18	77	19	77	20	72	21	80	22	87	23	80	24	90	25	72	26	88	27	88	28	82	29	73	30	81	31	72	32	82	33	78	34	77	35	74	36	83	37	80	38	82	39	78	
	0	85	1	83	2	89	3	76	4	85	5	81	6	85	7	88	8	83	9	84	10	88	11	73	12	81	13	80	14	76	15	78	16	85	17	83	18	84	19	90	20	89	21	75	22	90	23	75	24	80	25	80	26	73	27	76	28	87	29	80	30	87	31	73	32	82	33	72	34	81	35	77	36	83	37	78	38	87	39	79	
	0	14	1	11	2	21	3	21	4	11	5	12	6	16	7	18	8	11	9	17	10	19	11	25	12	12	13	24	14	16	15	18	16	28	17	23	18	15	19	15	20	11	21	30	22	17	23	25	24	28	25	21	26	27	27	15	28	20	29	20	30	27	31	26	32	22	33	13	34	27	35	20	36	14	37	24	38	28	39	14	