500 10 1
10
	0	33	1	21	2	33	3	23	4	39	5	28	6	35	7	21	8	40	9	30	
	0	106	1	100	2	108	3	102	4	102	5	109	6	115	7	105	8	100	9	102	
	0	18	1	17	2	30	3	25	4	21	5	17	6	26	7	17	8	23	9	18	
	0	54	1	46	2	51	3	42	4	48	5	53	6	47	7	61	8	53	9	51	
	0	116	1	108	2	112	3	106	4	117	5	102	6	110	7	104	8	108	9	101	
	0	8	1	7	2	6	3	17	4	4	5	22	6	6	7	9	8	14	9	5	
	0	52	1	63	2	64	3	56	4	58	5	55	6	50	7	47	8	56	9	55	
	0	52	1	47	2	45	3	44	4	47	5	61	6	44	7	57	8	43	9	59	
	0	17	1	19	2	26	3	26	4	23	5	26	6	19	7	24	8	23	9	25	
	0	83	1	90	2	89	3	85	4	94	5	82	6	89	7	88	8	93	9	91	
	0	45	1	46	2	45	3	47	4	59	5	45	6	59	7	55	8	50	9	57	
	0	22	1	32	2	27	3	35	4	34	5	35	6	23	7	24	8	28	9	23	
	0	81	1	80	2	73	3	70	4	72	5	63	6	65	7	71	8	81	9	75	
	0	29	1	14	2	22	3	30	4	30	5	27	6	19	7	15	8	13	9	11	
	0	20	1	25	2	23	3	27	4	26	5	22	6	22	7	26	8	25	9	31	
	0	54	1	49	2	50	3	56	4	54	5	47	6	52	7	61	8	53	9	50	
	0	94	1	87	2	92	3	92	4	76	5	84	6	79	7	84	8	91	9	87	
	0	16	1	22	2	21	3	24	4	9	5	11	6	20	7	18	8	12	9	26	
	0	100	1	111	2	100	3	102	4	113	5	100	6	98	7	94	8	105	9	95	
	0	113	1	108	2	102	3	103	4	109	5	101	6	97	7	111	8	104	9	105	
	0	31	1	39	2	36	3	45	4	39	5	45	6	29	7	45	8	44	9	38	
	0	72	1	66	2	66	3	72	4	74	5	69	6	65	7	74	8	76	9	80	
	0	98	1	97	2	106	3	100	4	95	5	107	6	103	7	92	8	100	9	109	
	0	95	1	92	2	102	3	89	4	103	5	86	6	97	7	100	8	85	9	93	
	0	14	1	16	2	28	3	20	4	15	5	14	6	29	7	17	8	18	9	18	
	0	90	1	86	2	93	3	104	4	96	5	85	6	85	7	91	8	104	9	88	
	0	98	1	82	2	83	3	91	4	93	5	91	6	84	7	84	8	94	9	97	
	0	46	1	32	2	41	3	42	4	28	5	32	6	33	7	37	8	28	9	29	
	0	13	1	23	2	25	3	17	4	18	5	26	6	22	7	20	8	12	9	12	
	0	22	1	33	2	31	3	24	4	35	5	25	6	30	7	28	8	22	9	31	
	0	23	1	18	2	5	3	7	4	22	5	17	6	20	7	9	8	23	9	22	
	0	91	1	94	2	90	3	102	4	103	5	98	6	96	7	107	8	96	9	104	
	0	53	1	53	2	52	3	62	4	44	5	47	6	46	7	47	8	45	9	60	
	0	5	1	16	2	21	3	24	4	21	5	12	6	10	7	24	8	11	9	16	
	0	77	1	94	2	80	3	76	4	76	5	93	6	77	7	89	8	92	9	83	
	0	57	1	51	2	66	3	63	4	66	5	64	6	64	7	59	8	58	9	55	
	0	16	1	21	2	14	3	18	4	10	5	20	6	19	7	26	8	22	9	22	
	0	88	1	86	2	82	3	88	4	86	5	87	6	95	7	95	8	89	9	82	
	0	72	1	75	2	90	3	86	4	74	5	77	6	90	7	79	8	90	9	72	
	0	30	1	11	2	19	3	24	4	26	5	22	6	28	7	24	8	25	9	28	
	0	46	1	59	2	51	3	44	4	48	5	46	6	49	7	50	8	57	9	46	
	0	18	1	13	2	16	3	26	4	22	5	13	6	29	7	25	8	24	9	21	
	0	29	1	12	2	16	3	26	4	25	5	29	6	21	7	31	8	14	9	29	
	0	15	1	20	2	18	3	21	4	26	5	22	6	15	7	13	8	13	9	17	
	0	111	1	102	2	97	3	101	4	108	5	97	6	111	7	108	8	101	9	108	
	0	7	1	14	2	11	3	10	4	17	5	21	6	21	7	26	8	11	9	25	
	0	67	1	70	2	65	3	67	4	70	5	63	6	68	7	59	8	77	9	70	
	0	46	1	48	2	45	3	45	4	35	5	42	6	40	7	47	8	44	9	45	
	0	47	1	42	2	45	3	43	4	36	5	52	6	41	7	33	8	38	9	40	
	0	36	1	40	2	32	3	39	4	48	5	43	6	31	7	35	8	30	9	36	
	0	69	1	78	2	68	3	70	4	74	5	80	6	81	7	76	8	84	9	84	
	0	61	1	48	2	62	3	56	4	45	5	56	6	51	7	51	8	47	9	57	
	0	79	1	81	2	91	3	85	4	86	5	83	6	85	7	75	8	73	9	84	
	0	55	1	70	2	68	3	54	4	53	5	62	6	69	7	67	8	57	9	51	
	0	44	1	29	2	31	3	35	4	33	5	32	6	45	7	46	8	41	9	41	
	0	49	1	55	2	51	3	61	4	63	5	59	6	67	7	52	8	65	9	54	
	0	67	1	72	2	78	3	74	4	75	5	75	6	84	7	83	8	77	9	78	
	0	30	1	19	2	27	3	22	4	21	5	20	6	34	7	21	8	27	9	28	
	0	23	1	8	2	10	3	8	4	9	5	25	6	13	7	16	8	24	9	19	
	0	69	1	60	2	55	3	61	4	52	5	67	6	51	7	53	8	54	9	67	
	0	78	1	76	2	78	3	73	4	67	5	81	6	69	7	78	8	79	9	84	
	0	15	1	18	2	19	3	17	4	9	5	13	6	8	7	16	8	6	9	22	
	0	62	1	57	2	57	3	56	4	65	5	52	6	54	7	54	8	63	9	51	
	0	84	1	88	2	76	3	77	4	82	5	75	6	87	7	82	8	87	9	78	
	0	93	1	90	2	81	3	78	4	82	5	78	6	76	7	81	8	91	9	93	
	0	103	1	114	2	119	3	113	4	106	5	106	6	117	7	109	8	113	9	114	
	0	72	1	73	2	71	3	75	4	56	5	72	6	73	7	56	8	63	9	59	
	0	68	1	53	2	65	3	64	4	55	5	53	6	57	7	50	8	52	9	65	
	0	80	1	91	2	96	3	92	4	95	5	91	6	90	7	81	8	88	9	94	
	0	72	1	71	2	73	3	75	4	78	5	74	6	81	7	66	8	65	9	65	
	0	33	1	40	2	51	3	39	4	47	5	42	6	43	7	45	8	38	9	35	
	0	37	1	31	2	38	3	32	4	26	5	39	6	32	7	43	8	41	9	31	
	0	77	1	88	2	94	3	87	4	91	5	82	6	82	7	77	8	77	9	90	
	0	101	1	105	2	115	3	98	4	110	5	103	6	96	7	110	8	105	9	109	
	0	15	1	22	2	15	3	18	4	10	5	10	6	5	7	11	8	17	9	4	
	0	102	1	109	2	101	3	94	4	100	5	102	6	108	7	109	8	106	9	100	
	0	101	1	93	2	102	3	95	4	105	5	100	6	94	7	103	8	102	9	101	
	0	95	1	106	2	104	3	99	4	89	5	87	6	94	7	95	8	105	9	100	
	0	107	1	109	2	103	3	108	4	102	5	104	6	107	7	95	8	106	9	109	
	0	25	1	21	2	18	3	23	4	12	5	10	6	10	7	19	8	27	9	23	
	0	77	1	71	2	76	3	62	4	78	5	76	6	73	7	70	8	62	9	78	
	0	80	1	82	2	72	3	87	4	74	5	87	6	74	7	86	8	84	9	86	
	0	77	1	79	2	83	3	90	4	88	5	77	6	83	7	81	8	89	9	77	
	0	26	1	13	2	15	3	30	4	17	5	25	6	13	7	18	8	29	9	24	
	0	88	1	77	2	91	3	75	4	91	5	92	6	84	7	81	8	90	9	92	
	0	26	1	17	2	17	3	26	4	20	5	18	6	18	7	28	8	22	9	17	
	0	106	1	104	2	99	3	100	4	104	5	107	6	107	7	101	8	111	9	97	
	0	106	1	109	2	99	3	99	4	98	5	110	6	103	7	103	8	105	9	99	
	0	108	1	104	2	97	3	105	4	102	5	103	6	101	7	92	8	108	9	103	
	0	64	1	57	2	57	3	54	4	58	5	69	6	69	7	54	8	64	9	55	
	0	107	1	107	2	112	3	112	4	96	5	112	6	97	7	102	8	98	9	106	
	0	102	1	114	2	99	3	114	4	116	5	100	6	101	7	106	8	107	9	117	
	0	112	1	112	2	102	3	110	4	117	5	102	6	107	7	119	8	116	9	104	
	0	84	1	91	2	76	3	80	4	92	5	90	6	86	7	95	8	90	9	95	
	0	84	1	83	2	91	3	76	4	76	5	87	6	87	7	79	8	87	9	83	
	0	87	1	82	2	79	3	80	4	77	5	89	6	81	7	73	8	84	9	89	
	0	52	1	61	2	56	3	60	4	66	5	58	6	70	7	64	8	64	9	52	
	0	41	1	44	2	38	3	48	4	46	5	33	6	37	7	34	8	44	9	37	
	0	91	1	102	2	84	3	89	4	92	5	99	6	96	7	96	8	90	9	93	
	0	24	1	23	2	5	3	21	4	23	5	19	6	5	7	17	8	19	9	21	
	0	78	1	70	2	74	3	75	4	66	5	77	6	68	7	76	8	65	9	72	
	0	56	1	45	2	49	3	60	4	52	5	52	6	55	7	47	8	45	9	47	
	0	31	1	29	2	29	3	23	4	30	5	23	6	36	7	27	8	21	9	28	
	0	91	1	90	2	78	3	90	4	79	5	80	6	94	7	93	8	81	9	85	
	0	50	1	41	2	43	3	46	4	37	5	36	6	53	7	34	8	42	9	46	
	0	79	1	87	2	77	3	81	4	90	5	86	6	89	7	77	8	73	9	72	
	0	58	1	42	2	52	3	55	4	48	5	41	6	42	7	50	8	43	9	44	
	0	71	1	79	2	72	3	77	4	73	5	72	6	65	7	67	8	69	9	62	
	0	40	1	48	2	49	3	35	4	42	5	41	6	44	7	39	8	36	9	46	
	0	50	1	46	2	50	3	57	4	58	5	62	6	59	7	54	8	46	9	44	
	0	107	1	120	2	113	3	104	4	106	5	112	6	101	7	120	8	108	9	113	
	0	96	1	101	2	88	3	91	4	100	5	90	6	90	7	98	8	95	9	96	
	0	46	1	39	2	39	3	54	4	54	5	38	6	50	7	37	8	50	9	49	
	0	30	1	30	2	25	3	14	4	25	5	17	6	24	7	28	8	14	9	23	
	0	89	1	86	2	89	3	81	4	78	5	89	6	74	7	79	8	70	9	87	
	0	18	1	23	2	15	3	20	4	11	5	14	6	8	7	20	8	11	9	19	
	0	53	1	53	2	65	3	65	4	59	5	61	6	60	7	62	8	58	9	61	
	0	65	1	74	2	60	3	71	4	57	5	65	6	65	7	66	8	57	9	59	
	0	62	1	61	2	69	3	72	4	65	5	70	6	63	7	65	8	56	9	56	
	0	25	1	27	2	29	3	20	4	29	5	19	6	27	7	30	8	21	9	26	
	0	32	1	35	2	40	3	35	4	41	5	28	6	30	7	31	8	43	9	37	
	0	107	1	104	2	90	3	93	4	107	5	92	6	98	7	106	8	88	9	95	
	0	61	1	76	2	66	3	74	4	62	5	75	6	71	7	71	8	59	9	62	
	0	112	1	95	2	93	3	112	4	109	5	93	6	111	7	99	8	110	9	98	
	0	98	1	108	2	99	3	102	4	105	5	96	6	103	7	105	8	107	9	100	
	0	27	1	17	2	30	3	20	4	33	5	33	6	15	7	33	8	26	9	17	
	0	37	1	39	2	35	3	34	4	38	5	39	6	39	7	48	8	43	9	50	
	0	17	1	19	2	27	3	20	4	34	5	34	6	31	7	26	8	26	9	25	
	0	48	1	34	2	35	3	45	4	44	5	38	6	47	7	43	8	52	9	47	
	0	4	1	11	2	9	3	8	4	12	5	4	6	9	7	17	8	17	9	16	
	0	12	1	13	2	26	3	12	4	19	5	12	6	12	7	28	8	24	9	27	
	0	80	1	67	2	85	3	74	4	77	5	83	6	79	7	77	8	67	9	72	
	0	83	1	90	2	97	3	92	4	94	5	95	6	96	7	86	8	95	9	92	
	0	21	1	26	2	21	3	13	4	18	5	29	6	23	7	14	8	28	9	25	
	0	98	1	98	2	99	3	93	4	90	5	102	6	99	7	87	8	93	9	94	
	0	80	1	81	2	91	3	96	4	85	5	93	6	93	7	94	8	96	9	92	
	0	19	1	22	2	23	3	29	4	31	5	28	6	28	7	18	8	26	9	19	
	0	53	1	38	2	44	3	42	4	38	5	35	6	36	7	36	8	39	9	44	
	0	93	1	91	2	95	3	83	4	95	5	87	6	99	7	88	8	81	9	85	
	0	86	1	85	2	83	3	82	4	71	5	73	6	79	7	67	8	79	9	80	
	0	115	1	106	2	99	3	112	4	117	5	111	6	101	7	105	8	113	9	99	
	0	43	1	39	2	37	3	25	4	43	5	25	6	38	7	35	8	34	9	26	
	0	76	1	76	2	75	3	78	4	74	5	80	6	85	7	74	8	74	9	75	
	0	20	1	33	2	23	3	26	4	32	5	31	6	31	7	20	8	25	9	19	
	0	57	1	52	2	69	3	67	4	57	5	68	6	55	7	64	8	52	9	62	
	0	93	1	87	2	89	3	99	4	90	5	85	6	91	7	84	8	101	9	98	
	0	18	1	30	2	35	3	33	4	36	5	22	6	32	7	21	8	32	9	33	
	0	103	1	102	2	108	3	102	4	103	5	105	6	106	7	99	8	102	9	101	
	0	100	1	102	2	109	3	101	4	110	5	106	6	112	7	95	8	103	9	114	
	0	77	1	78	2	78	3	91	4	73	5	78	6	80	7	83	8	81	9	79	
	0	23	1	14	2	26	3	27	4	23	5	13	6	15	7	19	8	31	9	32	
	0	85	1	81	2	84	3	76	4	75	5	87	6	83	7	84	8	82	9	72	
	0	52	1	48	2	45	3	46	4	49	5	61	6	50	7	57	8	52	9	48	
	0	115	1	113	2	103	3	118	4	104	5	113	6	105	7	109	8	106	9	110	
	0	21	1	21	2	22	3	20	4	18	5	16	6	18	7	16	8	7	9	5	
	0	77	1	67	2	69	3	69	4	86	5	85	6	75	7	86	8	81	9	75	
	0	101	1	103	2	107	3	97	4	110	5	93	6	98	7	94	8	96	9	100	
	0	25	1	19	2	36	3	34	4	22	5	28	6	19	7	20	8	33	9	20	
	0	113	1	102	2	110	3	104	4	104	5	97	6	113	7	95	8	100	9	105	
	0	35	1	26	2	34	3	23	4	21	5	34	6	18	7	22	8	37	9	23	
	0	66	1	62	2	57	3	69	4	69	5	67	6	56	7	64	8	70	9	72	
	0	57	1	59	2	56	3	47	4	63	5	53	6	61	7	57	8	57	9	48	
	0	64	1	65	2	63	3	67	4	77	5	68	6	60	7	70	8	70	9	66	
	0	51	1	39	2	53	3	39	4	53	5	43	6	51	7	45	8	51	9	55	
	0	46	1	51	2	47	3	50	4	48	5	49	6	47	7	61	8	48	9	58	
	0	83	1	83	2	80	3	75	4	71	5	74	6	81	7	73	8	81	9	75	
	0	55	1	45	2	39	3	43	4	53	5	49	6	39	7	44	8	45	9	42	
	0	42	1	36	2	39	3	37	4	34	5	32	6	33	7	40	8	26	9	30	
	0	89	1	83	2	98	3	82	4	98	5	87	6	81	7	97	8	84	9	90	
	0	26	1	39	2	30	3	38	4	27	5	30	6	26	7	38	8	36	9	41	
	0	97	1	87	2	87	3	96	4	88	5	79	6	80	7	80	8	82	9	90	
	0	38	1	33	2	39	3	37	4	41	5	30	6	42	7	43	8	40	9	31	
	0	41	1	48	2	47	3	36	4	34	5	40	6	48	7	42	8	40	9	37	
	0	103	1	108	2	104	3	99	4	114	5	109	6	109	7	111	8	113	9	101	
	0	109	1	99	2	100	3	106	4	108	5	101	6	112	7	112	8	107	9	108	
	0	76	1	80	2	74	3	83	4	70	5	79	6	70	7	73	8	76	9	70	
	0	76	1	80	2	80	3	86	4	74	5	69	6	82	7	68	8	69	9	70	
	0	67	1	75	2	82	3	76	4	81	5	72	6	75	7	74	8	65	9	65	
	0	51	1	52	2	40	3	52	4	48	5	39	6	47	7	44	8	48	9	41	
	0	63	1	50	2	45	3	56	4	61	5	46	6	52	7	51	8	51	9	49	
	0	105	1	97	2	103	3	106	4	97	5	101	6	109	7	108	8	98	9	111	
	0	78	1	80	2	75	3	67	4	68	5	75	6	65	7	65	8	71	9	83	
	0	61	1	52	2	57	3	61	4	43	5	46	6	48	7	50	8	51	9	49	
	0	26	1	12	2	16	3	24	4	10	5	29	6	15	7	23	8	29	9	29	
	0	12	1	19	2	14	3	24	4	24	5	20	6	26	7	10	8	24	9	15	
	0	78	1	80	2	93	3	79	4	82	5	80	6	87	7	84	8	80	9	89	
	0	44	1	43	2	44	3	34	4	37	5	28	6	37	7	27	8	27	9	38	
	0	76	1	78	2	92	3	80	4	91	5	93	6	87	7	92	8	79	9	76	
	0	61	1	56	2	56	3	56	4	56	5	59	6	55	7	68	8	66	9	57	
	0	93	1	97	2	87	3	90	4	89	5	100	6	87	7	86	8	92	9	85	
	0	13	1	16	2	16	3	12	4	23	5	24	6	15	7	22	8	21	9	24	
	0	39	1	50	2	31	3	41	4	48	5	40	6	43	7	50	8	38	9	43	
	0	22	1	39	2	38	3	38	4	28	5	33	6	36	7	22	8	36	9	33	
	0	37	1	19	2	33	3	23	4	19	5	31	6	33	7	29	8	29	9	27	
	0	39	1	42	2	34	3	40	4	35	5	47	6	42	7	37	8	45	9	36	
	0	79	1	81	2	70	3	76	4	72	5	66	6	84	7	75	8	82	9	81	
	0	44	1	33	2	33	3	36	4	41	5	37	6	27	7	46	8	32	9	30	
	0	12	1	16	2	21	3	15	4	23	5	16	6	15	7	23	8	22	9	20	
	0	96	1	83	2	89	3	78	4	84	5	78	6	87	7	90	8	97	9	86	
	0	64	1	63	2	70	3	76	4	66	5	69	6	63	7	68	8	69	9	66	
	0	113	1	104	2	112	3	102	4	101	5	109	6	119	7	102	8	114	9	117	
	0	60	1	57	2	44	3	56	4	62	5	47	6	61	7	55	8	55	9	50	
	0	63	1	62	2	71	3	62	4	62	5	60	6	71	7	73	8	61	9	67	
	0	73	1	64	2	73	3	69	4	67	5	62	6	73	7	68	8	76	9	72	
	0	105	1	107	2	104	3	99	4	111	5	105	6	109	7	103	8	111	9	102	
	0	32	1	37	2	36	3	26	4	30	5	38	6	30	7	39	8	24	9	33	
	0	106	1	97	2	104	3	99	4	91	5	107	6	95	7	94	8	93	9	110	
	0	95	1	89	2	90	3	102	4	107	5	97	6	103	7	108	8	92	9	104	
	0	107	1	102	2	104	3	113	4	114	5	101	6	113	7	105	8	101	9	98	
	0	36	1	26	2	21	3	38	4	35	5	19	6	22	7	24	8	33	9	36	
	0	12	1	14	2	9	3	23	4	20	5	20	6	16	7	6	8	13	9	19	
	0	84	1	75	2	79	3	78	4	83	5	76	6	72	7	87	8	80	9	71	
	0	46	1	49	2	63	3	53	4	59	5	57	6	58	7	61	8	46	9	64	
	0	46	1	47	2	51	3	58	4	42	5	57	6	54	7	54	8	50	9	50	
	0	32	1	18	2	27	3	30	4	21	5	22	6	22	7	34	8	22	9	28	
	0	47	1	49	2	33	3	46	4	38	5	37	6	34	7	40	8	42	9	33	
	0	24	1	24	2	21	3	12	4	25	5	19	6	13	7	15	8	30	9	17	
	0	33	1	27	2	25	3	25	4	18	5	25	6	30	7	21	8	23	9	24	
	0	103	1	102	2	110	3	116	4	106	5	113	6	103	7	120	8	108	9	106	
	0	24	1	8	2	12	3	25	4	13	5	19	6	20	7	7	8	23	9	20	
	0	33	1	37	2	35	3	25	4	42	5	30	6	42	7	31	8	37	9	25	
	0	15	1	24	2	27	3	15	4	28	5	32	6	21	7	29	8	29	9	27	
	0	23	1	23	2	11	3	11	4	12	5	23	6	7	7	16	8	17	9	10	
	0	62	1	53	2	56	3	53	4	69	5	64	6	65	7	56	8	60	9	67	
	0	24	1	23	2	22	3	23	4	33	5	31	6	24	7	32	8	24	9	22	
	0	72	1	70	2	87	3	72	4	78	5	88	6	89	7	71	8	74	9	79	
	0	24	1	25	2	22	3	23	4	16	5	24	6	18	7	24	8	10	9	18	
	0	35	1	43	2	38	3	38	4	50	5	34	6	42	7	36	8	40	9	41	
	0	85	1	72	2	71	3	85	4	81	5	85	6	79	7	80	8	73	9	84	
	0	70	1	68	2	85	3	75	4	85	5	73	6	74	7	69	8	68	9	75	
	0	63	1	63	2	69	3	73	4	74	5	71	6	65	7	66	8	72	9	62	
	0	71	1	61	2	67	3	75	4	78	5	68	6	61	7	73	8	62	9	64	
	0	57	1	53	2	60	3	66	4	64	5	56	6	71	7	58	8	61	9	65	
	0	39	1	44	2	29	3	29	4	38	5	29	6	31	7	38	8	41	9	34	
	0	48	1	42	2	50	3	52	4	49	5	48	6	46	7	55	8	45	9	54	
	0	77	1	85	2	82	3	83	4	82	5	77	6	81	7	76	8	79	9	77	
	0	83	1	71	2	87	3	81	4	69	5	72	6	69	7	70	8	85	9	71	
	0	29	1	27	2	25	3	35	4	18	5	24	6	23	7	31	8	27	9	22	
	0	68	1	61	2	74	3	72	4	69	5	74	6	75	7	59	8	75	9	75	
	0	80	1	67	2	67	3	65	4	79	5	73	6	69	7	79	8	74	9	63	
	0	90	1	85	2	98	3	89	4	99	5	100	6	95	7	91	8	83	9	100	
	0	100	1	91	2	101	3	95	4	105	5	105	6	101	7	87	8	93	9	94	
	0	42	1	51	2	41	3	42	4	37	5	49	6	43	7	34	8	51	9	52	
	0	112	1	104	2	116	3	100	4	110	5	102	6	118	7	100	8	110	9	102	
	0	85	1	94	2	82	3	89	4	92	5	93	6	84	7	82	8	94	9	98	
	0	24	1	22	2	9	3	21	4	7	5	19	6	14	7	16	8	19	9	9	
	0	65	1	73	2	75	3	74	4	61	5	65	6	66	7	60	8	64	9	74	
	0	94	1	90	2	96	3	103	4	91	5	91	6	100	7	109	8	97	9	102	
	0	19	1	32	2	20	3	20	4	17	5	23	6	32	7	13	8	24	9	27	
	0	50	1	55	2	53	3	50	4	63	5	51	6	56	7	57	8	57	9	66	
	0	51	1	42	2	47	3	49	4	39	5	41	6	49	7	51	8	39	9	44	
	0	36	1	33	2	32	3	37	4	32	5	22	6	38	7	31	8	36	9	30	
	0	95	1	97	2	97	3	90	4	87	5	95	6	97	7	101	8	103	9	97	
	0	80	1	91	2	83	3	74	4	76	5	90	6	79	7	90	8	75	9	83	
	0	98	1	106	2	98	3	104	4	97	5	96	6	103	7	98	8	107	9	92	
	0	36	1	37	2	20	3	33	4	28	5	22	6	33	7	20	8	29	9	29	
	0	31	1	49	2	45	3	41	4	41	5	42	6	31	7	31	8	43	9	37	
	0	56	1	66	2	68	3	58	4	52	5	66	6	62	7	54	8	52	9	60	
	0	96	1	93	2	100	3	88	4	87	5	99	6	97	7	99	8	95	9	88	
	0	53	1	53	2	46	3	58	4	49	5	50	6	46	7	58	8	59	9	61	
	0	44	1	52	2	60	3	54	4	53	5	45	6	44	7	62	8	61	9	60	
	0	109	1	103	2	92	3	99	4	107	5	106	6	99	7	96	8	90	9	95	
	0	71	1	83	2	74	3	67	4	74	5	71	6	72	7	84	8	66	9	78	
	0	27	1	40	2	25	3	41	4	42	5	39	6	31	7	28	8	33	9	23	
	0	57	1	54	2	56	3	46	4	59	5	43	6	48	7	53	8	40	9	47	
	0	15	1	20	2	14	3	28	4	13	5	17	6	11	7	25	8	20	9	12	
	0	107	1	113	2	103	3	114	4	98	5	114	6	113	7	113	8	108	9	105	
	0	84	1	87	2	93	3	101	4	98	5	89	6	94	7	88	8	98	9	88	
	0	42	1	57	2	41	3	39	4	50	5	53	6	47	7	40	8	57	9	45	
	0	36	1	41	2	39	3	33	4	44	5	36	6	32	7	45	8	45	9	46	
	0	99	1	104	2	95	3	114	4	111	5	114	6	99	7	95	8	113	9	107	
	0	77	1	67	2	68	3	70	4	82	5	76	6	77	7	77	8	65	9	78	
	0	23	1	11	2	15	3	19	4	18	5	4	6	21	7	5	8	16	9	14	
	0	57	1	44	2	55	3	50	4	50	5	39	6	41	7	43	8	45	9	54	
	0	87	1	90	2	89	3	101	4	87	5	86	6	89	7	89	8	87	9	88	
	0	68	1	70	2	70	3	70	4	80	5	71	6	75	7	69	8	69	9	79	
	0	100	1	84	2	81	3	87	4	97	5	92	6	94	7	95	8	81	9	90	
	0	82	1	75	2	91	3	92	4	80	5	93	6	78	7	82	8	89	9	84	
	0	91	1	92	2	105	3	103	4	86	5	87	6	93	7	102	8	92	9	99	
	0	90	1	72	2	88	3	80	4	71	5	90	6	88	7	82	8	71	9	73	
	0	53	1	56	2	52	3	59	4	57	5	58	6	53	7	71	8	55	9	58	
	0	56	1	61	2	57	3	69	4	67	5	66	6	52	7	69	8	65	9	58	
	0	103	1	106	2	96	3	107	4	97	5	103	6	104	7	106	8	103	9	98	
	0	104	1	112	2	109	3	98	4	103	5	104	6	112	7	100	8	102	9	110	
	0	28	1	15	2	15	3	27	4	20	5	9	6	25	7	28	8	26	9	21	
	0	43	1	50	2	40	3	41	4	45	5	36	6	36	7	42	8	36	9	43	
	0	79	1	91	2	79	3	90	4	82	5	86	6	98	7	83	8	96	9	85	
	0	102	1	95	2	100	3	100	4	105	5	100	6	103	7	109	8	99	9	95	
	0	57	1	58	2	51	3	54	4	43	5	45	6	46	7	48	8	44	9	47	
	0	35	1	39	2	38	3	39	4	50	5	35	6	47	7	42	8	38	9	48	
	0	101	1	108	2	107	3	106	4	104	5	100	6	112	7	102	8	102	9	115	
	0	33	1	25	2	35	3	32	4	39	5	24	6	42	7	37	8	28	9	33	
	0	95	1	90	2	87	3	93	4	104	5	93	6	93	7	92	8	101	9	102	
	0	12	1	16	2	29	3	26	4	19	5	17	6	24	7	14	8	27	9	25	
	0	24	1	11	2	18	3	20	4	19	5	17	6	11	7	26	8	14	9	20	
	0	95	1	85	2	96	3	82	4	92	5	97	6	88	7	87	8	93	9	83	
	0	17	1	28	2	11	3	12	4	23	5	29	6	23	7	20	8	13	9	22	
	0	113	1	113	2	106	3	109	4	113	5	114	6	96	7	99	8	98	9	112	
	0	51	1	51	2	48	3	38	4	41	5	45	6	42	7	46	8	49	9	52	
	0	105	1	119	2	103	3	109	4	111	5	115	6	100	7	102	8	107	9	117	
	0	85	1	87	2	84	3	77	4	75	5	83	6	76	7	83	8	86	9	87	
	0	58	1	59	2	62	3	53	4	51	5	51	6	59	7	48	8	47	9	62	
	0	113	1	106	2	98	3	109	4	109	5	100	6	102	7	95	8	108	9	95	
	0	104	1	101	2	107	3	111	4	110	5	109	6	110	7	100	8	115	9	112	
	0	53	1	51	2	51	3	60	4	63	5	60	6	46	7	56	8	51	9	46	
	0	12	1	21	2	20	3	17	4	21	5	17	6	17	7	21	8	27	9	22	
	0	38	1	46	2	37	3	40	4	42	5	32	6	48	7	35	8	40	9	43	
	0	16	1	17	2	32	3	29	4	20	5	32	6	15	7	15	8	25	9	30	
	0	111	1	94	2	103	3	105	4	92	5	93	6	96	7	103	8	99	9	96	
	0	81	1	70	2	78	3	78	4	83	5	76	6	80	7	80	8	85	9	77	
	0	10	1	12	2	14	3	25	4	21	5	25	6	19	7	19	8	10	9	11	
	0	114	1	109	2	105	3	107	4	102	5	115	6	102	7	98	8	109	9	104	
	0	64	1	68	2	69	3	76	4	81	5	79	6	67	7	83	8	67	9	78	
	0	27	1	20	2	32	3	31	4	20	5	28	6	18	7	23	8	19	9	32	
	0	94	1	97	2	84	3	88	4	99	5	91	6	98	7	97	8	83	9	100	
	0	103	1	102	2	92	3	93	4	106	5	89	6	103	7	96	8	104	9	106	
	0	47	1	54	2	45	3	47	4	43	5	61	6	52	7	45	8	43	9	58	
	0	93	1	97	2	82	3	87	4	87	5	84	6	92	7	87	8	84	9	85	
	0	39	1	47	2	38	3	32	4	31	5	40	6	35	7	43	8	34	9	34	
	0	86	1	99	2	99	3	83	4	82	5	91	6	95	7	92	8	85	9	100	
	0	83	1	95	2	95	3	89	4	78	5	81	6	95	7	84	8	96	9	96	
	0	94	1	81	2	82	3	91	4	92	5	81	6	88	7	95	8	89	9	94	
	0	70	1	75	2	69	3	76	4	66	5	76	6	67	7	63	8	78	9	75	
	0	36	1	38	2	36	3	45	4	35	5	43	6	40	7	39	8	45	9	53	
	0	20	1	16	2	24	3	17	4	10	5	24	6	11	7	25	8	8	9	14	
	0	40	1	32	2	38	3	41	4	39	5	40	6	40	7	42	8	39	9	44	
	0	95	1	101	2	108	3	100	4	114	5	96	6	104	7	106	8	96	9	112	
	0	98	1	116	2	97	3	110	4	98	5	109	6	109	7	102	8	109	9	111	
	0	68	1	57	2	54	3	58	4	63	5	57	6	59	7	69	8	70	9	58	
	0	61	1	57	2	68	3	54	4	53	5	55	6	61	7	52	8	68	9	55	
	0	86	1	72	2	78	3	72	4	71	5	71	6	73	7	69	8	69	9	67	
	0	42	1	53	2	57	3	49	4	54	5	51	6	46	7	53	8	42	9	57	
	0	40	1	51	2	48	3	41	4	37	5	55	6	55	7	56	8	56	9	44	
	0	101	1	101	2	92	3	94	4	102	5	107	6	93	7	109	8	107	9	107	
	0	95	1	110	2	112	3	102	4	95	5	103	6	109	7	102	8	103	9	100	
	0	54	1	56	2	62	3	54	4	58	5	60	6	57	7	52	8	61	9	64	
	0	90	1	101	2	98	3	91	4	107	5	105	6	91	7	105	8	106	9	98	
	0	75	1	85	2	69	3	81	4	66	5	76	6	77	7	79	8	81	9	82	
	0	64	1	60	2	59	3	63	4	49	5	57	6	54	7	54	8	54	9	68	
	0	92	1	105	2	110	3	111	4	111	5	95	6	94	7	98	8	110	9	111	
	0	71	1	71	2	67	3	62	4	71	5	80	6	68	7	72	8	70	9	81	
	0	59	1	59	2	64	3	51	4	52	5	66	6	50	7	53	8	65	9	49	
	0	114	1	109	2	110	3	97	4	106	5	105	6	97	7	108	8	98	9	109	
	0	20	1	14	2	7	3	22	4	21	5	10	6	8	7	17	8	22	9	20	
	0	102	1	88	2	104	3	96	4	90	5	95	6	103	7	94	8	91	9	95	
	0	25	1	37	2	20	3	21	4	29	5	20	6	27	7	21	8	33	9	22	
	0	44	1	40	2	33	3	42	4	44	5	45	6	42	7	41	8	27	9	40	
	0	31	1	30	2	33	3	33	4	17	5	20	6	30	7	34	8	24	9	18	
	0	34	1	23	2	32	3	38	4	22	5	35	6	33	7	28	8	38	9	31	
	0	25	1	33	2	16	3	34	4	26	5	31	6	35	7	31	8	23	9	24	
	0	111	1	101	2	111	3	115	4	111	5	112	6	119	7	102	8	119	9	106	
	0	25	1	17	2	21	3	35	4	17	5	28	6	24	7	29	8	31	9	22	
	0	108	1	115	2	115	3	114	4	116	5	118	6	113	7	114	8	99	9	116	
	0	51	1	62	2	67	3	53	4	54	5	57	6	57	7	49	8	52	9	63	
	0	43	1	53	2	46	3	41	4	52	5	52	6	43	7	43	8	36	9	54	
	0	18	1	23	2	21	3	22	4	10	5	23	6	21	7	15	8	19	9	12	
	0	48	1	40	2	43	3	56	4	40	5	43	6	50	7	46	8	48	9	53	
	0	39	1	32	2	32	3	31	4	44	5	40	6	27	7	36	8	39	9	36	
	0	23	1	18	2	29	3	18	4	14	5	16	6	13	7	27	8	20	9	21	
	0	69	1	62	2	55	3	69	4	56	5	61	6	70	7	69	8	57	9	73	
	0	95	1	97	2	92	3	90	4	97	5	86	6	80	7	83	8	95	9	90	
	0	25	1	37	2	39	3	29	4	28	5	28	6	35	7	32	8	27	9	40	
	0	67	1	58	2	55	3	68	4	51	5	63	6	51	7	55	8	69	9	60	
	0	119	1	102	2	107	3	117	4	112	5	117	6	109	7	100	8	105	9	107	
	0	25	1	11	2	8	3	17	4	12	5	16	6	13	7	23	8	13	9	22	
	0	67	1	84	2	76	3	81	4	82	5	65	6	71	7	73	8	68	9	82	
	0	99	1	97	2	96	3	102	4	100	5	90	6	101	7	92	8	106	9	103	
	0	44	1	62	2	49	3	50	4	54	5	61	6	47	7	63	8	44	9	60	
	0	16	1	17	2	20	3	17	4	17	5	11	6	11	7	10	8	11	9	9	
	0	42	1	45	2	33	3	34	4	45	5	37	6	33	7	27	8	39	9	42	
	0	49	1	42	2	49	3	60	4	60	5	49	6	51	7	59	8	56	9	43	
	0	40	1	26	2	32	3	37	4	28	5	35	6	27	7	24	8	35	9	33	
	0	113	1	111	2	105	3	114	4	96	5	97	6	102	7	107	8	99	9	114	
	0	98	1	103	2	109	3	108	4	101	5	103	6	110	7	107	8	104	9	113	
	0	39	1	54	2	43	3	51	4	48	5	49	6	55	7	55	8	44	9	52	
	0	26	1	15	2	26	3	8	4	16	5	17	6	9	7	25	8	16	9	9	
	0	28	1	25	2	23	3	25	4	31	5	34	6	24	7	40	8	41	9	34	
	0	35	1	39	2	43	3	44	4	37	5	46	6	41	7	33	8	40	9	41	
	0	7	1	18	2	23	3	18	4	11	5	17	6	19	7	16	8	9	9	8	
	0	84	1	74	2	72	3	76	4	77	5	67	6	70	7	78	8	67	9	73	
	0	26	1	22	2	32	3	24	4	31	5	34	6	21	7	28	8	29	9	23	
	0	76	1	69	2	71	3	79	4	66	5	72	6	73	7	85	8	83	9	73	
	0	42	1	43	2	40	3	40	4	31	5	42	6	31	7	34	8	30	9	39	
	0	30	1	24	2	33	3	20	4	22	5	28	6	19	7	26	8	28	9	28	
	0	77	1	81	2	69	3	70	4	72	5	86	6	74	7	68	8	84	9	75	
	0	72	1	65	2	66	3	60	4	66	5	62	6	58	7	67	8	62	9	60	
	0	13	1	16	2	12	3	31	4	20	5	25	6	22	7	17	8	27	9	24	
	0	90	1	89	2	87	3	104	4	92	5	89	6	104	7	91	8	90	9	88	
	0	69	1	68	2	59	3	74	4	63	5	61	6	75	7	67	8	66	9	69	
	0	56	1	65	2	58	3	57	4	70	5	60	6	54	7	72	8	70	9	70	
	0	80	1	77	2	84	3	83	4	81	5	93	6	88	7	94	8	90	9	88	
	0	88	1	99	2	94	3	103	4	97	5	101	6	98	7	95	8	100	9	95	
	0	101	1	99	2	101	3	97	4	110	5	107	6	107	7	102	8	98	9	108	
	0	111	1	118	2	119	3	114	4	120	5	115	6	108	7	115	8	116	9	111	
	0	39	1	23	2	33	3	42	4	31	5	26	6	34	7	23	8	32	9	33	
	0	57	1	58	2	55	3	58	4	53	5	44	6	48	7	41	8	39	9	51	
	0	98	1	101	2	93	3	99	4	85	5	95	6	100	7	104	8	103	9	87	
	0	69	1	60	2	72	3	70	4	64	5	59	6	77	7	59	8	72	9	70	
	0	81	1	73	2	85	3	79	4	81	5	70	6	77	7	73	8	72	9	73	
	0	108	1	117	2	98	3	114	4	102	5	117	6	109	7	111	8	107	9	106	
	0	12	1	19	2	5	3	16	4	22	5	9	6	14	7	11	8	11	9	11	
	0	96	1	92	2	98	3	99	4	94	5	95	6	86	7	99	8	97	9	95	
	0	96	1	88	2	83	3	87	4	93	5	91	6	94	7	87	8	84	9	85	
	0	37	1	48	2	51	3	40	4	52	5	45	6	55	7	48	8	39	9	46	
	0	101	1	105	2	111	3	105	4	105	5	102	6	98	7	99	8	101	9	107	
	0	102	1	101	2	105	3	97	4	97	5	96	6	103	7	97	8	104	9	93	
	0	81	1	75	2	80	3	85	4	80	5	67	6	71	7	71	8	76	9	80	
	0	109	1	99	2	99	3	100	4	101	5	100	6	98	7	99	8	105	9	102	
	0	5	1	12	2	10	3	10	4	15	5	22	6	18	7	20	8	18	9	9	
	0	111	1	106	2	109	3	109	4	93	5	97	6	105	7	112	8	109	9	94	
	0	9	1	16	2	18	3	8	4	21	5	15	6	6	7	5	8	19	9	12	
	0	94	1	89	2	95	3	90	4	94	5	87	6	92	7	87	8	98	9	94	
	0	22	1	21	2	35	3	37	4	21	5	22	6	31	7	27	8	28	9	36	
	0	4	1	13	2	6	3	5	4	2	5	5	6	7	7	20	8	17	9	6	
	0	51	1	69	2	58	3	52	4	62	5	59	6	61	7	59	8	63	9	62	
	0	80	1	74	2	82	3	87	4	88	5	74	6	80	7	82	8	86	9	89	
	0	29	1	38	2	27	3	44	4	43	5	28	6	27	7	28	8	45	9	42	
	0	25	1	25	2	39	3	37	4	30	5	43	6	44	7	36	8	39	9	38	
	0	102	1	108	2	104	3	96	4	103	5	109	6	113	7	101	8	110	9	100	
	0	37	1	40	2	32	3	49	4	32	5	49	6	47	7	45	8	51	9	39	
	0	91	1	106	2	94	3	94	4	104	5	103	6	103	7	88	8	105	9	96	
	0	5	1	7	2	6	3	7	4	15	5	3	6	4	7	15	8	9	9	14	
	0	61	1	67	2	57	3	62	4	68	5	63	6	66	7	61	8	62	9	51	
	0	74	1	73	2	78	3	69	4	66	5	78	6	63	7	61	8	73	9	78	
	0	104	1	105	2	107	3	111	4	102	5	115	6	104	7	107	8	105	9	111	
	0	99	1	98	2	111	3	99	4	96	5	101	6	107	7	102	8	105	9	102	
	0	105	1	95	2	96	3	106	4	101	5	102	6	99	7	106	8	99	9	107	
	0	42	1	41	2	44	3	45	4	50	5	44	6	40	7	45	8	39	9	44	
	0	108	1	98	2	91	3	97	4	90	5	91	6	94	7	94	8	102	9	93	
	0	64	1	63	2	57	3	64	4	46	5	46	6	49	7	47	8	47	9	60	
	0	20	1	29	2	30	3	30	4	29	5	32	6	24	7	34	8	32	9	20	
	0	28	1	30	2	27	3	32	4	27	5	43	6	45	7	44	8	45	9	26	
	0	18	1	19	2	17	3	23	4	28	5	24	6	34	7	30	8	30	9	24	
	0	97	1	86	2	96	3	88	4	80	5	80	6	94	7	93	8	92	9	96	
	0	43	1	58	2	60	3	57	4	54	5	49	6	48	7	45	8	58	9	58	
	0	101	1	94	2	105	3	91	4	94	5	96	6	94	7	101	8	98	9	96	
	0	93	1	88	2	82	3	93	4	94	5	95	6	91	7	95	8	83	9	86	
	0	10	1	18	2	8	3	21	4	16	5	15	6	17	7	15	8	13	9	23	
	0	85	1	85	2	77	3	81	4	78	5	96	6	95	7	80	8	78	9	78	
	0	30	1	19	2	17	3	20	4	19	5	28	6	24	7	30	8	28	9	17	
	0	107	1	105	2	103	3	99	4	109	5	102	6	95	7	104	8	100	9	93	
	0	89	1	83	2	96	3	82	4	90	5	90	6	89	7	96	8	86	9	83	
	0	85	1	74	2	88	3	88	4	78	5	88	6	79	7	90	8	80	9	89	
	0	87	1	73	2	82	3	73	4	78	5	92	6	84	7	92	8	82	9	88	
	0	111	1	103	2	112	3	98	4	100	5	104	6	112	7	111	8	107	9	105	
	0	92	1	98	2	95	3	93	4	96	5	100	6	99	7	86	8	87	9	93	
	0	73	1	76	2	83	3	66	4	70	5	74	6	74	7	81	8	74	9	81	
	0	59	1	72	2	72	3	65	4	74	5	74	6	61	7	59	8	58	9	63	
	0	3	1	16	2	11	3	20	4	11	5	22	6	6	7	4	8	16	9	4	
	0	69	1	72	2	74	3	70	4	59	5	60	6	74	7	62	8	59	9	69	
	0	56	1	70	2	63	3	57	4	56	5	70	6	60	7	51	8	67	9	59	
	0	40	1	40	2	23	3	28	4	35	5	30	6	36	7	39	8	29	9	24	
	0	106	1	104	2	111	3	99	4	94	5	108	6	110	7	96	8	99	9	108	
	0	30	1	39	2	40	3	36	4	38	5	28	6	28	7	25	8	34	9	37	
	0	101	1	106	2	96	3	97	4	94	5	97	6	107	7	110	8	93	9	97	
	0	67	1	62	2	68	3	54	4	66	5	62	6	63	7	54	8	68	9	54	
	0	42	1	41	2	37	3	37	4	38	5	40	6	41	7	39	8	45	9	47	
	0	56	1	46	2	42	3	37	4	43	5	52	6	56	7	38	8	47	9	53	
	0	85	1	92	2	93	3	88	4	86	5	96	6	98	7	82	8	84	9	81	
	0	68	1	75	2	65	3	59	4	61	5	75	6	66	7	60	8	75	9	60	
	0	18	1	15	2	16	3	11	4	17	5	21	6	27	7	26	8	23	9	18	
	0	13	1	23	2	22	3	7	4	12	5	13	6	15	7	16	8	21	9	14	
	0	106	1	108	2	102	3	109	4	114	5	107	6	98	7	98	8	103	9	102	
	0	86	1	90	2	99	3	87	4	91	5	96	6	88	7	83	8	88	9	99	
	0	81	1	74	2	85	3	88	4	93	5	84	6	84	7	74	8	75	9	88	
	0	97	1	87	2	100	3	102	4	97	5	94	6	99	7	100	8	104	9	94	
	0	73	1	65	2	59	3	66	4	67	5	74	6	73	7	69	8	76	9	76	
	0	73	1	69	2	64	3	74	4	67	5	69	6	63	7	61	8	75	9	72	
	0	43	1	49	2	37	3	54	4	46	5	39	6	47	7	39	8	56	9	54	
	0	26	1	24	2	20	3	32	4	21	5	28	6	32	7	28	8	32	9	24	
	0	78	1	80	2	84	3	68	4	66	5	66	6	78	7	71	8	71	9	74	
	0	19	1	8	2	8	3	15	4	23	5	20	6	20	7	24	8	16	9	12	
	0	88	1	82	2	85	3	78	4	79	5	97	6	81	7	83	8	96	9	91	
	0	91	1	93	2	94	3	85	4	90	5	81	6	90	7	77	8	81	9	93	
	0	55	1	62	2	58	3	49	4	61	5	62	6	46	7	58	8	48	9	51	
	0	19	1	30	2	28	3	35	4	28	5	33	6	27	7	33	8	26	9	32	
	0	26	1	17	2	31	3	35	4	29	5	17	6	35	7	22	8	33	9	22	
	0	65	1	62	2	55	3	54	4	62	5	62	6	63	7	49	8	52	9	62	
	0	25	1	36	2	23	3	29	4	33	5	31	6	22	7	38	8	36	9	36	
	0	102	1	90	2	100	3	99	4	88	5	101	6	90	7	102	8	97	9	94	
	0	74	1	80	2	82	3	79	4	74	5	77	6	81	7	76	8	77	9	72	
	0	64	1	54	2	58	3	51	4	61	5	67	6	63	7	67	8	55	9	59	
	0	81	1	62	2	66	3	81	4	65	5	73	6	74	7	71	8	69	9	68	
	0	31	1	36	2	24	3	29	4	23	5	36	6	20	7	36	8	38	9	37	
	0	93	1	80	2	77	3	95	4	85	5	78	6	83	7	93	8	78	9	83	
	0	64	1	54	2	66	3	56	4	56	5	64	6	61	7	57	8	65	9	67	
	0	109	1	110	2	108	3	107	4	105	5	106	6	104	7	116	8	106	9	113	
	0	50	1	55	2	62	3	61	4	57	5	63	6	55	7	67	8	56	9	55	
	0	56	1	47	2	44	3	57	4	47	5	49	6	57	7	42	8	57	9	44	
	0	7	1	8	2	9	3	3	4	2	5	13	6	8	7	7	8	16	9	4	
	0	48	1	60	2	60	3	47	4	54	5	53	6	48	7	66	8	49	9	64	
	0	99	1	111	2	110	3	113	4	111	5	104	6	115	7	108	8	97	9	108	
	0	74	1	83	2	87	3	88	4	86	5	73	6	79	7	77	8	75	9	81	
	0	42	1	56	2	46	3	57	4	45	5	50	6	51	7	56	8	44	9	51	
	0	51	1	57	2	60	3	57	4	62	5	58	6	62	7	62	8	55	9	56	
	0	63	1	54	2	54	3	62	4	54	5	50	6	51	7	59	8	53	9	48	
	0	85	1	98	2	86	3	94	4	103	5	95	6	90	7	90	8	102	9	103	
	0	82	1	83	2	90	3	81	4	75	5	75	6	88	7	91	8	83	9	91	
	0	64	1	47	2	52	3	48	4	54	5	56	6	51	7	52	8	48	9	50	
	0	88	1	76	2	79	3	88	4	81	5	89	6	87	7	74	8	88	9	77	