500 20 1
20
	0	98	1	96	2	83	3	82	4	84	5	99	6	96	7	100	8	94	9	94	10	89	11	97	12	86	13	96	14	92	15	97	16	83	17	86	18	83	19	92	
	0	42	1	54	2	43	3	58	4	51	5	57	6	52	7	54	8	52	9	55	10	40	11	57	12	55	13	53	14	40	15	46	16	57	17	45	18	48	19	57	
	0	47	1	48	2	44	3	47	4	40	5	37	6	49	7	48	8	35	9	38	10	48	11	48	12	44	13	42	14	46	15	39	16	45	17	50	18	41	19	40	
	0	56	1	56	2	37	3	55	4	48	5	48	6	41	7	49	8	52	9	53	10	53	11	43	12	44	13	55	14	43	15	52	16	51	17	40	18	50	19	46	
	0	72	1	72	2	61	3	77	4	65	5	77	6	61	7	64	8	67	9	60	10	59	11	61	12	75	13	78	14	72	15	77	16	65	17	74	18	65	19	71	
	0	63	1	56	2	56	3	63	4	67	5	69	6	68	7	62	8	58	9	71	10	59	11	67	12	53	13	54	14	64	15	59	16	58	17	69	18	59	19	53	
	0	109	1	103	2	106	3	95	4	104	5	104	6	96	7	110	8	109	9	103	10	108	11	93	12	101	13	97	14	96	15	93	16	106	17	105	18	104	19	110	
	0	38	1	45	2	47	3	40	4	45	5	44	6	37	7	47	8	43	9	54	10	45	11	38	12	52	13	49	14	36	15	48	16	37	17	40	18	40	19	44	
	0	23	1	32	2	27	3	30	4	16	5	18	6	17	7	32	8	30	9	21	10	29	11	19	12	24	13	23	14	32	15	27	16	32	17	34	18	19	19	34	
	0	81	1	87	2	81	3	97	4	81	5	96	6	100	7	85	8	88	9	81	10	93	11	89	12	100	13	86	14	90	15	91	16	84	17	94	18	97	19	91	
	0	97	1	113	2	100	3	113	4	111	5	109	6	100	7	99	8	107	9	105	10	104	11	101	12	100	13	107	14	112	15	95	16	110	17	95	18	96	19	101	
	0	40	1	40	2	50	3	50	4	42	5	39	6	38	7	40	8	49	9	43	10	46	11	48	12	53	13	39	14	48	15	44	16	50	17	37	18	36	19	34	
	0	9	1	12	2	18	3	15	4	24	5	7	6	5	7	6	8	15	9	17	10	7	11	23	12	20	13	24	14	15	15	21	16	18	17	22	18	24	19	5	
	0	64	1	71	2	71	3	76	4	77	5	75	6	64	7	67	8	74	9	66	10	68	11	75	12	72	13	73	14	66	15	73	16	79	17	68	18	79	19	62	
	0	30	1	32	2	36	3	33	4	38	5	44	6	28	7	40	8	46	9	33	10	31	11	39	12	39	13	37	14	36	15	31	16	35	17	29	18	33	19	46	
	0	27	1	37	2	26	3	42	4	42	5	44	6	32	7	27	8	39	9	35	10	31	11	34	12	26	13	30	14	39	15	26	16	36	17	44	18	45	19	37	
	0	72	1	75	2	71	3	65	4	73	5	64	6	68	7	75	8	60	9	68	10	64	11	69	12	65	13	69	14	74	15	68	16	73	17	67	18	72	19	68	
	0	62	1	67	2	77	3	65	4	71	5	68	6	74	7	59	8	78	9	63	10	75	11	67	12	67	13	72	14	64	15	63	16	71	17	74	18	74	19	66	
	0	72	1	55	2	62	3	72	4	61	5	57	6	59	7	65	8	57	9	62	10	65	11	71	12	63	13	57	14	54	15	67	16	73	17	72	18	64	19	58	
	0	99	1	92	2	101	3	90	4	91	5	92	6	107	7	98	8	107	9	94	10	101	11	89	12	104	13	95	14	102	15	92	16	99	17	94	18	101	19	99	
	0	21	1	20	2	17	3	19	4	21	5	21	6	13	7	14	8	32	9	31	10	19	11	28	12	27	13	24	14	25	15	21	16	32	17	22	18	31	19	30	
	0	83	1	85	2	79	3	98	4	90	5	87	6	94	7	83	8	94	9	98	10	81	11	82	12	83	13	80	14	93	15	87	16	85	17	95	18	91	19	90	
	0	41	1	31	2	32	3	32	4	38	5	27	6	34	7	34	8	39	9	27	10	41	11	23	12	27	13	39	14	40	15	35	16	37	17	35	18	31	19	25	
	0	58	1	67	2	72	3	69	4	59	5	73	6	64	7	59	8	59	9	61	10	59	11	76	12	61	13	62	14	69	15	71	16	76	17	77	18	76	19	67	
	0	81	1	83	2	88	3	92	4	78	5	78	6	94	7	89	8	81	9	85	10	89	11	96	12	96	13	90	14	90	15	96	16	86	17	82	18	91	19	88	
	0	31	1	42	2	47	3	33	4	30	5	31	6	38	7	46	8	48	9	31	10	33	11	47	12	35	13	37	14	44	15	38	16	35	17	37	18	36	19	48	
	0	24	1	20	2	9	3	25	4	26	5	10	6	13	7	13	8	12	9	8	10	26	11	23	12	22	13	8	14	23	15	9	16	10	17	26	18	26	19	10	
	0	79	1	82	2	80	3	91	4	86	5	75	6	80	7	72	8	72	9	78	10	82	11	85	12	81	13	82	14	79	15	90	16	87	17	77	18	77	19	80	
	0	73	1	74	2	86	3	73	4	78	5	77	6	70	7	85	8	72	9	79	10	86	11	83	12	83	13	70	14	86	15	81	16	83	17	80	18	85	19	82	
	0	76	1	65	2	59	3	63	4	69	5	73	6	60	7	61	8	63	9	68	10	58	11	68	12	66	13	66	14	70	15	74	16	58	17	74	18	74	19	76	
	0	10	1	11	2	19	3	11	4	5	5	12	6	16	7	7	8	5	9	12	10	8	11	9	12	15	13	18	14	11	15	4	16	14	17	7	18	21	19	5	
	0	51	1	55	2	60	3	48	4	63	5	62	6	54	7	57	8	53	9	56	10	48	11	49	12	46	13	53	14	61	15	51	16	55	17	50	18	64	19	51	
	0	110	1	102	2	102	3	99	4	109	5	111	6	93	7	96	8	102	9	105	10	99	11	105	12	98	13	103	14	95	15	103	16	108	17	98	18	104	19	107	
	0	81	1	94	2	92	3	91	4	90	5	81	6	79	7	92	8	87	9	80	10	83	11	77	12	79	13	76	14	95	15	81	16	84	17	76	18	78	19	94	
	0	61	1	62	2	59	3	65	4	74	5	69	6	59	7	56	8	57	9	56	10	70	11	73	12	66	13	57	14	72	15	70	16	74	17	60	18	70	19	63	
	0	68	1	72	2	72	3	58	4	57	5	57	6	67	7	55	8	61	9	71	10	71	11	67	12	61	13	73	14	62	15	70	16	72	17	60	18	63	19	59	
	0	60	1	49	2	62	3	51	4	59	5	63	6	63	7	60	8	67	9	51	10	62	11	67	12	58	13	51	14	66	15	55	16	49	17	62	18	52	19	66	
	0	56	1	56	2	51	3	60	4	49	5	58	6	55	7	43	8	54	9	42	10	56	11	42	12	49	13	45	14	48	15	46	16	48	17	48	18	54	19	48	
	0	85	1	97	2	91	3	94	4	86	5	99	6	85	7	92	8	82	9	87	10	98	11	97	12	93	13	95	14	85	15	83	16	86	17	87	18	87	19	87	
	0	55	1	60	2	55	3	72	4	57	5	66	6	57	7	65	8	71	9	67	10	66	11	54	12	71	13	53	14	72	15	53	16	60	17	58	18	60	19	59	
	0	62	1	68	2	64	3	66	4	51	5	69	6	64	7	69	8	66	9	54	10	67	11	51	12	67	13	61	14	52	15	63	16	52	17	63	18	63	19	52	
	0	5	1	16	2	13	3	5	4	4	5	13	6	6	7	5	8	16	9	18	10	21	11	7	12	7	13	23	14	21	15	16	16	18	17	11	18	13	19	4	
	0	31	1	28	2	25	3	26	4	37	5	27	6	41	7	36	8	32	9	37	10	33	11	33	12	33	13	35	14	33	15	39	16	44	17	25	18	28	19	33	
	0	70	1	83	2	80	3	84	4	83	5	80	6	75	7	69	8	76	9	69	10	79	11	73	12	80	13	66	14	67	15	68	16	74	17	81	18	79	19	75	
	0	21	1	23	2	19	3	13	4	23	5	15	6	9	7	11	8	23	9	23	10	17	11	11	12	13	13	6	14	22	15	9	16	13	17	12	18	16	19	23	
	0	104	1	112	2	100	3	101	4	107	5	93	6	95	7	100	8	100	9	100	10	105	11	93	12	107	13	100	14	103	15	101	16	95	17	93	18	95	19	110	
	0	4	1	19	2	6	3	3	4	7	5	16	6	16	7	14	8	6	9	11	10	21	11	15	12	5	13	21	14	7	15	21	16	17	17	3	18	4	19	5	
	0	90	1	90	2	89	3	89	4	102	5	93	6	92	7	98	8	103	9	99	10	93	11	88	12	106	13	98	14	91	15	102	16	92	17	89	18	106	19	100	
	0	18	1	4	2	4	3	14	4	13	5	4	6	19	7	14	8	19	9	22	10	20	11	7	12	6	13	15	14	4	15	7	16	8	17	7	18	5	19	20	
	0	99	1	83	2	91	3	82	4	98	5	96	6	86	7	87	8	83	9	101	10	82	11	95	12	94	13	88	14	97	15	101	16	101	17	87	18	94	19	96	
	0	51	1	65	2	54	3	68	4	63	5	65	6	57	7	51	8	53	9	67	10	66	11	68	12	54	13	58	14	64	15	67	16	64	17	55	18	52	19	64	
	0	74	1	71	2	77	3	61	4	73	5	67	6	75	7	68	8	60	9	64	10	67	11	77	12	66	13	72	14	75	15	59	16	71	17	59	18	61	19	66	
	0	15	1	15	2	30	3	33	4	16	5	19	6	20	7	27	8	18	9	16	10	15	11	22	12	31	13	20	14	29	15	22	16	14	17	30	18	21	19	23	
	0	52	1	41	2	47	3	53	4	38	5	40	6	36	7	44	8	48	9	41	10	45	11	36	12	47	13	40	14	35	15	43	16	36	17	43	18	36	19	49	
	0	50	1	60	2	58	3	58	4	56	5	65	6	69	7	64	8	69	9	69	10	68	11	53	12	56	13	62	14	67	15	56	16	58	17	54	18	51	19	50	
	0	24	1	19	2	15	3	12	4	23	5	29	6	26	7	21	8	14	9	27	10	17	11	24	12	10	13	18	14	15	15	19	16	25	17	13	18	11	19	14	
	0	101	1	84	2	103	3	102	4	92	5	86	6	99	7	95	8	90	9	98	10	98	11	93	12	90	13	92	14	96	15	92	16	101	17	93	18	91	19	99	
	0	60	1	52	2	66	3	61	4	51	5	64	6	54	7	64	8	63	9	61	10	66	11	55	12	51	13	52	14	64	15	54	16	67	17	52	18	56	19	55	
	0	97	1	87	2	94	3	84	4	100	5	92	6	97	7	101	8	101	9	87	10	96	11	95	12	99	13	102	14	100	15	86	16	100	17	97	18	84	19	85	
	0	30	1	33	2	30	3	26	4	32	5	22	6	31	7	29	8	38	9	33	10	22	11	31	12	35	13	27	14	34	15	23	16	33	17	22	18	29	19	31	
	0	50	1	42	2	38	3	42	4	37	5	55	6	46	7	40	8	38	9	43	10	49	11	49	12	43	13	56	14	38	15	45	16	37	17	51	18	54	19	52	
	0	62	1	71	2	67	3	66	4	71	5	68	6	60	7	71	8	71	9	60	10	64	11	73	12	67	13	63	14	75	15	75	16	65	17	73	18	70	19	79	
	0	94	1	102	2	92	3	97	4	97	5	103	6	105	7	98	8	102	9	97	10	99	11	98	12	97	13	88	14	97	15	89	16	96	17	94	18	91	19	105	
	0	24	1	24	2	26	3	18	4	32	5	26	6	26	7	15	8	21	9	29	10	33	11	29	12	34	13	17	14	16	15	15	16	23	17	20	18	17	19	21	
	0	60	1	61	2	67	3	71	4	69	5	62	6	65	7	57	8	62	9	72	10	69	11	56	12	58	13	72	14	54	15	63	16	68	17	62	18	55	19	66	
	0	94	1	104	2	108	3	93	4	103	5	104	6	92	7	100	8	94	9	108	10	99	11	102	12	101	13	94	14	96	15	94	16	99	17	90	18	109	19	103	
	0	93	1	82	2	76	3	80	4	95	5	82	6	95	7	82	8	80	9	89	10	80	11	81	12	92	13	94	14	94	15	81	16	76	17	90	18	92	19	85	
	0	48	1	48	2	52	3	67	4	67	5	56	6	48	7	51	8	49	9	63	10	52	11	49	12	61	13	54	14	62	15	63	16	61	17	55	18	63	19	61	
	0	97	1	112	2	108	3	115	4	110	5	103	6	99	7	106	8	105	9	99	10	100	11	105	12	106	13	115	14	104	15	112	16	102	17	99	18	104	19	106	
	0	87	1	90	2	80	3	83	4	84	5	81	6	90	7	90	8	86	9	92	10	89	11	80	12	95	13	81	14	85	15	85	16	94	17	84	18	90	19	84	
	0	36	1	29	2	40	3	28	4	31	5	45	6	33	7	36	8	43	9	33	10	40	11	46	12	31	13	45	14	41	15	44	16	27	17	44	18	30	19	41	
	0	94	1	97	2	101	3	91	4	98	5	95	6	99	7	91	8	91	9	87	10	93	11	91	12	83	13	89	14	88	15	94	16	101	17	84	18	87	19	99	
	0	21	1	24	2	22	3	31	4	23	5	18	6	33	7	30	8	31	9	33	10	28	11	18	12	19	13	34	14	18	15	23	16	22	17	34	18	31	19	19	
	0	25	1	10	2	10	3	28	4	18	5	21	6	11	7	16	8	13	9	24	10	10	11	14	12	26	13	29	14	19	15	26	16	26	17	23	18	23	19	25	
	0	39	1	35	2	34	3	33	4	37	5	41	6	31	7	29	8	44	9	34	10	31	11	36	12	45	13	46	14	29	15	44	16	37	17	44	18	31	19	38	
	0	100	1	97	2	101	3	109	4	103	5	107	6	102	7	98	8	107	9	98	10	96	11	98	12	95	13	107	14	99	15	104	16	104	17	110	18	102	19	102	
	0	12	1	12	2	12	3	26	4	30	5	19	6	22	7	25	8	15	9	23	10	29	11	22	12	29	13	21	14	27	15	15	16	30	17	29	18	19	19	13	
	0	68	1	66	2	66	3	65	4	56	5	65	6	56	7	59	8	64	9	69	10	67	11	56	12	57	13	53	14	52	15	51	16	52	17	69	18	58	19	59	
	0	24	1	16	2	30	3	29	4	16	5	20	6	31	7	23	8	16	9	24	10	20	11	27	12	20	13	25	14	23	15	22	16	24	17	31	18	23	19	25	
	0	108	1	106	2	120	3	115	4	103	5	110	6	115	7	117	8	102	9	106	10	101	11	110	12	115	13	114	14	115	15	111	16	109	17	118	18	113	19	115	
	0	46	1	64	2	49	3	58	4	57	5	62	6	59	7	58	8	65	9	51	10	50	11	53	12	63	13	61	14	51	15	46	16	52	17	65	18	56	19	57	
	0	43	1	40	2	52	3	44	4	51	5	47	6	38	7	37	8	51	9	49	10	52	11	49	12	39	13	42	14	45	15	33	16	52	17	38	18	43	19	37	
	0	41	1	34	2	50	3	37	4	46	5	46	6	42	7	49	8	42	9	48	10	47	11	33	12	39	13	38	14	32	15	36	16	45	17	43	18	45	19	41	
	0	100	1	99	2	106	3	101	4	109	5	111	6	99	7	104	8	109	9	100	10	112	11	112	12	114	13	103	14	116	15	105	16	112	17	102	18	107	19	101	
	0	52	1	45	2	51	3	38	4	38	5	46	6	43	7	48	8	49	9	55	10	41	11	42	12	51	13	53	14	38	15	57	16	53	17	50	18	40	19	51	
	0	26	1	14	2	11	3	25	4	17	5	20	6	26	7	19	8	22	9	20	10	7	11	15	12	15	13	16	14	14	15	10	16	14	17	16	18	12	19	15	
	0	108	1	109	2	109	3	100	4	105	5	104	6	102	7	98	8	94	9	95	10	105	11	93	12	93	13	96	14	104	15	97	16	95	17	109	18	94	19	93	
	0	2	1	6	2	20	3	8	4	18	5	15	6	2	7	16	8	11	9	14	10	14	11	19	12	7	13	4	14	3	15	2	16	17	17	6	18	7	19	4	
	0	73	1	90	2	82	3	84	4	75	5	82	6	78	7	71	8	81	9	88	10	76	11	87	12	74	13	83	14	77	15	71	16	73	17	71	18	89	19	81	
	0	109	1	98	2	95	3	100	4	103	5	109	6	90	7	102	8	104	9	96	10	98	11	94	12	103	13	96	14	108	15	99	16	102	17	93	18	99	19	97	
	0	60	1	72	2	73	3	66	4	68	5	75	6	63	7	63	8	61	9	68	10	76	11	68	12	59	13	68	14	71	15	58	16	74	17	72	18	65	19	58	
	0	53	1	50	2	63	3	51	4	56	5	59	6	62	7	59	8	61	9	58	10	49	11	50	12	57	13	55	14	62	15	48	16	57	17	56	18	65	19	47	
	0	49	1	50	2	42	3	44	4	54	5	51	6	42	7	46	8	43	9	49	10	51	11	47	12	54	13	42	14	46	15	54	16	43	17	57	18	52	19	40	
	0	13	1	6	2	15	3	13	4	3	5	5	6	3	7	6	8	4	9	14	10	7	11	8	12	4	13	18	14	13	15	14	16	18	17	11	18	20	19	12	
	0	82	1	78	2	87	3	81	4	73	5	74	6	77	7	82	8	83	9	76	10	72	11	71	12	80	13	86	14	74	15	89	16	79	17	79	18	75	19	89	
	0	100	1	92	2	104	3	94	4	91	5	101	6	98	7	97	8	93	9	92	10	103	11	87	12	99	13	100	14	87	15	91	16	91	17	102	18	93	19	96	
	0	96	1	111	2	100	3	96	4	102	5	99	6	92	7	95	8	100	9	94	10	103	11	107	12	93	13	103	14	106	15	97	16	93	17	94	18	103	19	98	
	0	67	1	55	2	68	3	57	4	58	5	65	6	71	7	57	8	74	9	62	10	63	11	59	12	55	13	56	14	69	15	71	16	59	17	69	18	74	19	59	
	0	18	1	9	2	16	3	21	4	24	5	13	6	15	7	25	8	12	9	10	10	6	11	15	12	21	13	6	14	8	15	17	16	20	17	14	18	10	19	23	
	0	53	1	52	2	40	3	52	4	53	5	51	6	43	7	52	8	48	9	44	10	46	11	54	12	38	13	44	14	54	15	39	16	42	17	40	18	41	19	50	
	0	110	1	102	2	112	3	107	4	102	5	103	6	113	7	106	8	111	9	117	10	105	11	115	12	105	13	108	14	112	15	103	16	102	17	105	18	99	19	110	
	0	36	1	39	2	51	3	36	4	47	5	36	6	46	7	51	8	51	9	34	10	48	11	48	12	49	13	40	14	36	15	35	16	47	17	48	18	34	19	51	
	0	36	1	42	2	44	3	42	4	50	5	44	6	49	7	55	8	51	9	54	10	47	11	44	12	42	13	37	14	46	15	53	16	55	17	45	18	43	19	41	
	0	58	1	54	2	49	3	59	4	58	5	48	6	55	7	51	8	52	9	52	10	60	11	51	12	51	13	51	14	59	15	54	16	52	17	48	18	43	19	59	
	0	72	1	65	2	61	3	73	4	63	5	58	6	67	7	57	8	61	9	61	10	66	11	57	12	57	13	67	14	71	15	64	16	62	17	59	18	66	19	61	
	0	42	1	51	2	43	3	49	4	35	5	41	6	35	7	46	8	47	9	42	10	54	11	44	12	41	13	48	14	35	15	35	16	49	17	35	18	41	19	52	
	0	32	1	51	2	33	3	44	4	51	5	35	6	51	7	41	8	46	9	34	10	43	11	40	12	40	13	46	14	39	15	33	16	42	17	48	18	44	19	49	
	0	77	1	75	2	71	3	69	4	81	5	76	6	76	7	78	8	68	9	74	10	80	11	67	12	81	13	76	14	69	15	81	16	84	17	78	18	81	19	81	
	0	91	1	91	2	102	3	100	4	89	5	91	6	88	7	87	8	100	9	89	10	86	11	96	12	95	13	101	14	86	15	93	16	93	17	90	18	88	19	103	
	0	67	1	60	2	62	3	73	4	58	5	57	6	59	7	73	8	64	9	58	10	57	11	60	12	74	13	72	14	63	15	57	16	59	17	71	18	66	19	58	
	0	54	1	54	2	46	3	38	4	53	5	47	6	38	7	50	8	46	9	51	10	47	11	39	12	37	13	51	14	36	15	50	16	41	17	43	18	53	19	48	
	0	25	1	9	2	9	3	13	4	22	5	6	6	6	7	13	8	18	9	13	10	8	11	10	12	24	13	11	14	16	15	21	16	16	17	9	18	16	19	9	
	0	95	1	102	2	112	3	103	4	110	5	107	6	109	7	95	8	102	9	103	10	98	11	114	12	114	13	107	14	106	15	101	16	111	17	110	18	103	19	113	
	0	46	1	43	2	44	3	46	4	40	5	44	6	37	7	43	8	43	9	39	10	43	11	45	12	34	13	44	14	44	15	47	16	36	17	38	18	45	19	41	
	0	57	1	53	2	48	3	58	4	51	5	52	6	58	7	62	8	49	9	51	10	59	11	61	12	64	13	51	14	62	15	52	16	49	17	55	18	66	19	60	
	0	24	1	34	2	24	3	35	4	25	5	32	6	41	7	42	8	26	9	41	10	42	11	33	12	35	13	36	14	37	15	41	16	37	17	39	18	28	19	42	
	0	79	1	73	2	71	3	66	4	82	5	75	6	70	7	72	8	70	9	80	10	74	11	71	12	82	13	65	14	72	15	82	16	72	17	72	18	80	19	78	
	0	103	1	87	2	99	3	92	4	89	5	87	6	105	7	101	8	94	9	102	10	93	11	98	12	93	13	96	14	103	15	96	16	96	17	93	18	97	19	97	
	0	74	1	63	2	67	3	70	4	65	5	75	6	77	7	69	8	60	9	75	10	62	11	61	12	67	13	61	14	70	15	77	16	70	17	59	18	77	19	62	
	0	87	1	84	2	78	3	80	4	70	5	75	6	77	7	75	8	84	9	68	10	77	11	82	12	86	13	69	14	75	15	71	16	74	17	68	18	73	19	84	
	0	41	1	39	2	39	3	35	4	38	5	48	6	33	7	35	8	36	9	32	10	40	11	34	12	31	13	37	14	40	15	46	16	43	17	50	18	38	19	41	
	0	15	1	4	2	4	3	14	4	19	5	23	6	17	7	7	8	19	9	23	10	19	11	5	12	11	13	8	14	16	15	12	16	19	17	23	18	4	19	5	
	0	76	1	61	2	76	3	60	4	61	5	60	6	77	7	65	8	67	9	67	10	66	11	60	12	58	13	67	14	73	15	60	16	64	17	77	18	64	19	76	
	0	105	1	118	2	118	3	101	4	103	5	103	6	108	7	116	8	114	9	116	10	104	11	105	12	111	13	103	14	105	15	111	16	104	17	106	18	102	19	101	
	0	52	1	61	2	47	3	47	4	63	5	52	6	51	7	61	8	53	9	54	10	51	11	61	12	63	13	65	14	57	15	64	16	58	17	58	18	58	19	64	
	0	92	1	102	2	100	3	93	4	91	5	99	6	105	7	86	8	98	9	86	10	99	11	88	12	104	13	104	14	98	15	99	16	89	17	88	18	96	19	100	
	0	55	1	44	2	51	3	50	4	43	5	53	6	41	7	42	8	38	9	53	10	55	11	45	12	41	13	53	14	41	15	40	16	41	17	49	18	45	19	43	
	0	28	1	32	2	22	3	21	4	20	5	24	6	30	7	25	8	27	9	29	10	32	11	27	12	21	13	32	14	16	15	14	16	18	17	27	18	21	19	31	
	0	81	1	71	2	80	3	69	4	82	5	80	6	80	7	77	8	73	9	75	10	76	11	77	12	83	13	71	14	79	15	80	16	81	17	78	18	72	19	78	
	0	23	1	41	2	27	3	25	4	33	5	32	6	23	7	40	8	41	9	36	10	27	11	33	12	22	13	25	14	32	15	34	16	36	17	36	18	24	19	33	
	0	37	1	38	2	41	3	41	4	49	5	40	6	41	7	53	8	42	9	38	10	42	11	50	12	53	13	47	14	45	15	45	16	44	17	37	18	48	19	47	
	0	30	1	40	2	25	3	40	4	37	5	35	6	22	7	32	8	35	9	38	10	34	11	25	12	38	13	37	14	35	15	23	16	32	17	23	18	22	19	38	
	0	47	1	47	2	57	3	49	4	43	5	57	6	57	7	39	8	52	9	48	10	44	11	41	12	49	13	44	14	44	15	56	16	53	17	43	18	53	19	40	
	0	50	1	42	2	49	3	42	4	47	5	54	6	54	7	52	8	40	9	47	10	50	11	55	12	41	13	59	14	49	15	44	16	56	17	45	18	49	19	54	
	0	16	1	12	2	15	3	11	4	4	5	15	6	20	7	15	8	7	9	21	10	18	11	14	12	6	13	13	14	4	15	17	16	16	17	12	18	13	19	19	
	0	56	1	53	2	42	3	39	4	51	5	52	6	46	7	47	8	53	9	48	10	45	11	51	12	46	13	57	14	50	15	56	16	47	17	49	18	49	19	48	
	0	22	1	21	2	22	3	19	4	15	5	21	6	15	7	10	8	11	9	26	10	14	11	22	12	11	13	28	14	14	15	20	16	12	17	15	18	20	19	17	
	0	25	1	20	2	19	3	27	4	20	5	15	6	12	7	21	8	25	9	17	10	12	11	15	12	25	13	21	14	12	15	15	16	27	17	18	18	22	19	12	
	0	69	1	79	2	75	3	69	4	74	5	70	6	78	7	65	8	78	9	62	10	68	11	78	12	61	13	64	14	78	15	66	16	70	17	64	18	79	19	71	
	0	48	1	53	2	37	3	41	4	51	5	48	6	49	7	46	8	54	9	38	10	52	11	37	12	40	13	45	14	46	15	39	16	46	17	39	18	46	19	39	
	0	108	1	115	2	119	3	115	4	103	5	102	6	114	7	112	8	100	9	106	10	103	11	116	12	112	13	117	14	106	15	101	16	115	17	102	18	115	19	112	
	0	48	1	44	2	45	3	30	4	48	5	43	6	30	7	48	8	38	9	47	10	34	11	34	12	48	13	35	14	40	15	35	16	41	17	29	18	33	19	32	
	0	23	1	37	2	21	3	23	4	35	5	34	6	29	7	18	8	18	9	24	10	22	11	20	12	23	13	25	14	21	15	37	16	36	17	23	18	31	19	23	
	0	50	1	52	2	37	3	41	4	52	5	51	6	46	7	51	8	51	9	53	10	55	11	52	12	36	13	54	14	43	15	51	16	44	17	42	18	48	19	47	
	0	79	1	86	2	75	3	76	4	71	5	70	6	71	7	86	8	70	9	71	10	79	11	79	12	81	13	79	14	71	15	75	16	71	17	87	18	88	19	79	
	0	37	1	49	2	52	3	51	4	36	5	43	6	37	7	44	8	40	9	49	10	39	11	43	12	44	13	38	14	41	15	41	16	53	17	50	18	53	19	45	
	0	89	1	75	2	92	3	89	4	77	5	87	6	77	7	74	8	74	9	86	10	82	11	77	12	82	13	75	14	93	15	77	16	88	17	89	18	80	19	83	
	0	22	1	17	2	26	3	14	4	17	5	9	6	18	7	9	8	9	9	22	10	13	11	24	12	18	13	10	14	26	15	21	16	9	17	14	18	11	19	19	
	0	66	1	73	2	65	3	73	4	82	5	77	6	78	7	69	8	72	9	79	10	66	11	73	12	66	13	67	14	69	15	75	16	69	17	82	18	72	19	73	
	0	57	1	39	2	44	3	44	4	38	5	57	6	57	7	41	8	41	9	53	10	38	11	52	12	45	13	41	14	49	15	50	16	50	17	43	18	42	19	51	
	0	17	1	18	2	28	3	19	4	19	5	22	6	25	7	19	8	15	9	18	10	20	11	26	12	31	13	25	14	17	15	29	16	23	17	17	18	30	19	17	
	0	92	1	86	2	79	3	85	4	89	5	76	6	81	7	89	8	89	9	88	10	92	11	88	12	81	13	76	14	93	15	90	16	81	17	93	18	77	19	75	
	0	84	1	97	2	93	3	98	4	93	5	89	6	99	7	85	8	91	9	88	10	99	11	99	12	85	13	91	14	97	15	89	16	94	17	91	18	90	19	96	
	0	103	1	102	2	107	3	104	4	95	5	93	6	93	7	104	8	96	9	96	10	103	11	105	12	100	13	99	14	110	15	98	16	96	17	96	18	94	19	103	
	0	26	1	27	2	24	3	39	4	36	5	29	6	25	7	41	8	23	9	31	10	25	11	32	12	32	13	25	14	24	15	28	16	24	17	36	18	26	19	26	
	0	48	1	40	2	44	3	46	4	41	5	57	6	41	7	46	8	48	9	56	10	51	11	48	12	44	13	47	14	58	15	55	16	48	17	44	18	40	19	44	
	0	33	1	40	2	35	3	28	4	43	5	32	6	36	7	35	8	34	9	32	10	28	11	41	12	39	13	36	14	32	15	26	16	34	17	30	18	24	19	24	
	0	63	1	63	2	49	3	68	4	52	5	51	6	50	7	58	8	61	9	52	10	65	11	61	12	52	13	52	14	50	15	62	16	54	17	56	18	59	19	66	
	0	83	1	79	2	68	3	78	4	68	5	83	6	77	7	67	8	69	9	69	10	78	11	84	12	79	13	73	14	84	15	74	16	68	17	73	18	83	19	67	
	0	116	1	116	2	105	3	119	4	119	5	108	6	107	7	114	8	120	9	110	10	117	11	112	12	105	13	102	14	103	15	112	16	102	17	101	18	109	19	105	
	0	64	1	53	2	63	3	51	4	48	5	66	6	58	7	61	8	49	9	59	10	54	11	54	12	52	13	65	14	52	15	66	16	57	17	55	18	62	19	58	
	0	101	1	96	2	104	3	106	4	106	5	93	6	101	7	92	8	104	9	92	10	91	11	92	12	100	13	100	14	97	15	87	16	102	17	98	18	95	19	103	
	0	75	1	58	2	74	3	75	4	69	5	64	6	63	7	74	8	74	9	75	10	62	11	75	12	70	13	75	14	75	15	73	16	74	17	62	18	64	19	66	
	0	16	1	5	2	18	3	17	4	13	5	15	6	4	7	22	8	5	9	17	10	19	11	11	12	15	13	19	14	11	15	5	16	14	17	16	18	6	19	18	
	0	51	1	49	2	58	3	56	4	51	5	66	6	53	7	55	8	63	9	52	10	60	11	52	12	65	13	63	14	61	15	54	16	63	17	56	18	61	19	56	
	0	39	1	25	2	20	3	31	4	31	5	27	6	28	7	38	8	20	9	37	10	20	11	34	12	22	13	35	14	27	15	21	16	22	17	31	18	26	19	38	
	0	33	1	29	2	39	3	29	4	45	5	38	6	37	7	43	8	29	9	36	10	43	11	35	12	46	13	40	14	32	15	29	16	45	17	33	18	29	19	35	
	0	99	1	97	2	105	3	105	4	98	5	101	6	106	7	104	8	91	9	90	10	89	11	97	12	92	13	108	14	98	15	96	16	92	17	107	18	108	19	93	
	0	88	1	98	2	91	3	93	4	87	5	90	6	96	7	99	8	103	9	84	10	97	11	97	12	87	13	97	14	84	15	88	16	87	17	88	18	96	19	96	
	0	88	1	85	2	84	3	87	4	80	5	80	6	81	7	91	8	80	9	93	10	88	11	94	12	89	13	80	14	85	15	86	16	88	17	95	18	94	19	77	
	0	61	1	76	2	78	3	74	4	59	5	77	6	59	7	71	8	61	9	68	10	71	11	77	12	69	13	76	14	67	15	63	16	73	17	77	18	78	19	59	
	0	23	1	10	2	14	3	18	4	8	5	16	6	15	7	11	8	23	9	14	10	24	11	21	12	7	13	22	14	10	15	15	16	16	17	13	18	19	19	22	
	0	103	1	111	2	100	3	107	4	107	5	101	6	108	7	105	8	103	9	116	10	105	11	110	12	105	13	106	14	103	15	112	16	118	17	100	18	116	19	100	
	0	12	1	8	2	19	3	23	4	20	5	19	6	7	7	20	8	20	9	8	10	19	11	24	12	8	13	15	14	11	15	13	16	15	17	25	18	17	19	8	
	0	100	1	90	2	92	3	96	4	90	5	102	6	96	7	89	8	87	9	104	10	90	11	95	12	95	13	92	14	100	15	104	16	98	17	98	18	103	19	105	
	0	58	1	65	2	61	3	69	4	62	5	74	6	62	7	73	8	75	9	57	10	59	11	67	12	71	13	64	14	63	15	66	16	70	17	71	18	70	19	62	
	0	51	1	56	2	56	3	63	4	61	5	57	6	68	7	60	8	63	9	69	10	52	11	67	12	51	13	69	14	55	15	50	16	53	17	68	18	69	19	60	
	0	21	1	19	2	21	3	19	4	12	5	24	6	26	7	13	8	15	9	25	10	29	11	18	12	27	13	14	14	24	15	20	16	13	17	24	18	20	19	14	
	0	75	1	78	2	74	3	83	4	85	5	74	6	74	7	76	8	82	9	80	10	72	11	85	12	76	13	76	14	71	15	78	16	78	17	74	18	86	19	76	
	0	43	1	37	2	40	3	50	4	47	5	39	6	39	7	47	8	44	9	53	10	47	11	54	12	51	13	41	14	35	15	35	16	35	17	44	18	41	19	36	
	0	42	1	44	2	57	3	52	4	53	5	45	6	50	7	57	8	41	9	52	10	42	11	51	12	38	13	40	14	49	15	38	16	57	17	54	18	56	19	46	
	0	50	1	50	2	44	3	40	4	43	5	39	6	45	7	44	8	44	9	36	10	43	11	53	12	50	13	43	14	42	15	41	16	45	17	39	18	55	19	46	
	0	43	1	47	2	56	3	44	4	56	5	48	6	49	7	55	8	42	9	54	10	57	11	43	12	40	13	49	14	56	15	51	16	49	17	42	18	48	19	45	
	0	91	1	83	2	80	3	86	4	89	5	80	6	92	7	82	8	75	9	87	10	85	11	86	12	82	13	79	14	76	15	91	16	76	17	85	18	86	19	84	
	0	51	1	51	2	48	3	38	4	44	5	56	6	42	7	46	8	52	9	38	10	39	11	45	12	53	13	56	14	54	15	40	16	48	17	47	18	50	19	41	
	0	84	1	92	2	79	3	92	4	74	5	87	6	92	7	73	8	87	9	77	10	81	11	81	12	86	13	83	14	76	15	77	16	79	17	86	18	83	19	81	
	0	12	1	17	2	12	3	10	4	17	5	4	6	5	7	15	8	21	9	17	10	13	11	7	12	20	13	11	14	5	15	11	16	23	17	22	18	10	19	5	
	0	96	1	100	2	97	3	106	4	102	5	99	6	105	7	107	8	92	9	88	10	98	11	96	12	102	13	91	14	93	15	96	16	100	17	91	18	95	19	105	
	0	61	1	63	2	66	3	50	4	50	5	55	6	53	7	56	8	50	9	52	10	65	11	59	12	63	13	56	14	61	15	57	16	58	17	57	18	64	19	58	
	0	118	1	118	2	119	3	104	4	113	5	113	6	106	7	112	8	101	9	116	10	104	11	116	12	116	13	107	14	119	15	106	16	106	17	119	18	113	19	102	
	0	67	1	52	2	66	3	54	4	55	5	62	6	61	7	62	8	69	9	59	10	69	11	68	12	55	13	62	14	52	15	67	16	58	17	69	18	67	19	57	
	0	99	1	86	2	89	3	95	4	96	5	95	6	104	7	104	8	103	9	91	10	96	11	95	12	96	13	96	14	102	15	99	16	99	17	92	18	89	19	93	
	0	24	1	25	2	20	3	23	4	16	5	16	6	16	7	32	8	19	9	25	10	35	11	30	12	32	13	16	14	17	15	20	16	31	17	34	18	24	19	18	
	0	23	1	29	2	30	3	25	4	41	5	33	6	25	7	38	8	24	9	27	10	28	11	35	12	29	13	32	14	38	15	32	16	42	17	25	18	40	19	40	
	0	57	1	61	2	49	3	66	4	57	5	58	6	51	7	51	8	66	9	58	10	58	11	62	12	52	13	57	14	49	15	58	16	49	17	67	18	67	19	55	
	0	94	1	94	2	80	3	84	4	83	5	85	6	86	7	90	8	83	9	82	10	91	11	80	12	94	13	83	14	87	15	90	16	85	17	81	18	92	19	82	
	0	45	1	56	2	59	3	49	4	42	5	59	6	58	7	44	8	43	9	55	10	53	11	43	12	54	13	56	14	51	15	54	16	47	17	41	18	43	19	56	
	0	30	1	30	2	23	3	15	4	23	5	24	6	18	7	24	8	15	9	27	10	18	11	28	12	25	13	28	14	28	15	30	16	20	17	18	18	22	19	22	
	0	113	1	105	2	100	3	106	4	97	5	113	6	100	7	100	8	99	9	99	10	114	11	98	12	113	13	114	14	100	15	115	16	99	17	111	18	98	19	96	
	0	108	1	103	2	106	3	110	4	107	5	112	6	117	7	118	8	100	9	115	10	103	11	108	12	112	13	107	14	103	15	114	16	102	17	111	18	114	19	107	
	0	54	1	51	2	45	3	40	4	48	5	53	6	47	7	47	8	47	9	43	10	57	11	40	12	44	13	49	14	49	15	44	16	49	17	52	18	48	19	45	
	0	88	1	105	2	105	3	94	4	100	5	101	6	104	7	89	8	101	9	106	10	102	11	93	12	90	13	103	14	106	15	90	16	92	17	101	18	97	19	102	
	0	20	1	9	2	24	3	20	4	25	5	15	6	8	7	21	8	24	9	15	10	22	11	7	12	11	13	19	14	26	15	13	16	10	17	18	18	21	19	15	
	0	79	1	92	2	77	3	77	4	87	5	86	6	90	7	92	8	80	9	92	10	75	11	80	12	93	13	75	14	75	15	75	16	80	17	83	18	81	19	75	
	0	54	1	53	2	53	3	45	4	43	5	51	6	43	7	38	8	39	9	45	10	44	11	54	12	55	13	51	14	46	15	45	16	38	17	38	18	51	19	55	
	0	83	1	77	2	69	3	83	4	78	5	71	6	75	7	72	8	83	9	72	10	69	11	72	12	76	13	74	14	82	15	68	16	77	17	68	18	85	19	70	
	0	62	1	53	2	63	3	61	4	70	5	66	6	51	7	51	8	69	9	51	10	55	11	62	12	53	13	65	14	64	15	54	16	62	17	69	18	69	19	53	
	0	86	1	83	2	72	3	90	4	72	5	75	6	90	7	89	8	85	9	86	10	87	11	88	12	77	13	88	14	77	15	76	16	89	17	86	18	73	19	73	
	0	25	1	12	2	12	3	23	4	25	5	16	6	13	7	19	8	16	9	23	10	24	11	22	12	20	13	12	14	23	15	14	16	7	17	10	18	7	19	10	
	0	25	1	24	2	27	3	25	4	26	5	20	6	30	7	17	8	23	9	32	10	17	11	16	12	21	13	34	14	27	15	18	16	32	17	15	18	18	19	19	
	0	65	1	65	2	67	3	59	4	70	5	59	6	59	7	63	8	71	9	67	10	59	11	72	12	63	13	72	14	57	15	63	16	71	17	68	18	72	19	64	
	0	83	1	85	2	88	3	77	4	90	5	82	6	91	7	75	8	75	9	86	10	78	11	79	12	79	13	76	14	73	15	90	16	85	17	88	18	78	19	84	
	0	106	1	106	2	106	3	98	4	112	5	114	6	104	7	98	8	102	9	104	10	100	11	97	12	111	13	103	14	105	15	100	16	99	17	110	18	108	19	101	
	0	21	1	32	2	27	3	17	4	29	5	21	6	15	7	18	8	30	9	30	10	23	11	18	12	29	13	20	14	32	15	26	16	16	17	19	18	13	19	21	
	0	50	1	54	2	37	3	54	4	44	5	40	6	49	7	43	8	53	9	39	10	36	11	39	12	48	13	35	14	46	15	43	16	39	17	48	18	49	19	36	
	0	55	1	55	2	68	3	57	4	56	5	56	6	60	7	61	8	57	9	63	10	61	11	55	12	58	13	63	14	64	15	66	16	65	17	64	18	65	19	65	
	0	78	1	73	2	84	3	74	4	88	5	70	6	78	7	79	8	77	9	77	10	70	11	73	12	82	13	77	14	80	15	71	16	75	17	73	18	80	19	76	
	0	46	1	58	2	57	3	48	4	45	5	55	6	51	7	62	8	44	9	48	10	62	11	53	12	44	13	53	14	52	15	53	16	58	17	55	18	47	19	53	
	0	68	1	59	2	60	3	59	4	59	5	62	6	65	7	65	8	61	9	64	10	67	11	59	12	59	13	69	14	64	15	59	16	66	17	70	18	56	19	72	
	0	41	1	34	2	40	3	30	4	37	5	31	6	33	7	29	8	41	9	27	10	39	11	36	12	39	13	30	14	26	15	37	16	25	17	41	18	25	19	39	
	0	83	1	84	2	78	3	81	4	92	5	74	6	92	7	90	8	90	9	74	10	76	11	83	12	80	13	84	14	91	15	85	16	83	17	75	18	91	19	88	
	0	93	1	88	2	92	3	88	4	95	5	79	6	80	7	81	8	93	9	85	10	96	11	90	12	78	13	95	14	79	15	84	16	90	17	88	18	79	19	83	
	0	76	1	66	2	75	3	65	4	65	5	76	6	61	7	71	8	70	9	64	10	80	11	72	12	68	13	68	14	76	15	67	16	78	17	68	18	76	19	68	
	0	21	1	32	2	32	3	38	4	31	5	22	6	37	7	35	8	29	9	25	10	29	11	32	12	30	13	27	14	23	15	24	16	34	17	21	18	24	19	35	
	0	83	1	79	2	81	3	79	4	86	5	75	6	77	7	86	8	76	9	79	10	85	11	78	12	72	13	73	14	75	15	73	16	71	17	83	18	88	19	79	
	0	67	1	67	2	77	3	76	4	61	5	79	6	66	7	73	8	70	9	68	10	60	11	78	12	71	13	70	14	68	15	70	16	65	17	70	18	60	19	79	
	0	110	1	102	2	94	3	101	4	105	5	109	6	106	7	102	8	106	9	93	10	101	11	99	12	94	13	109	14	98	15	94	16	101	17	92	18	107	19	104	
	0	49	1	67	2	55	3	48	4	57	5	55	6	54	7	59	8	60	9	56	10	51	11	58	12	59	13	60	14	52	15	50	16	64	17	58	18	61	19	64	
	0	25	1	26	2	31	3	18	4	23	5	19	6	34	7	31	8	33	9	26	10	26	11	22	12	26	13	32	14	22	15	29	16	18	17	35	18	30	19	34	
	0	58	1	62	2	54	3	51	4	60	5	59	6	52	7	52	8	53	9	67	10	61	11	68	12	57	13	68	14	61	15	54	16	68	17	53	18	62	19	61	
	0	38	1	37	2	51	3	47	4	50	5	48	6	48	7	44	8	51	9	51	10	51	11	32	12	36	13	34	14	38	15	41	16	43	17	43	18	33	19	32	
	0	49	1	50	2	56	3	57	4	51	5	57	6	65	7	54	8	55	9	65	10	60	11	66	12	56	13	52	14	58	15	54	16	62	17	56	18	52	19	57	
	0	44	1	52	2	49	3	39	4	40	5	56	6	43	7	46	8	43	9	51	10	48	11	54	12	51	13	53	14	48	15	56	16	40	17	46	18	39	19	57	
	0	52	1	41	2	39	3	43	4	54	5	43	6	51	7	49	8	43	9	39	10	42	11	51	12	47	13	47	14	52	15	38	16	39	17	45	18	43	19	37	
	0	81	1	83	2	72	3	66	4	77	5	84	6	83	7	82	8	83	9	81	10	84	11	66	12	85	13	74	14	83	15	78	16	76	17	79	18	68	19	73	
	0	39	1	37	2	51	3	48	4	50	5	39	6	39	7	37	8	47	9	50	10	47	11	44	12	40	13	39	14	47	15	41	16	50	17	45	18	36	19	53	
	0	70	1	68	2	74	3	68	4	78	5	81	6	87	7	75	8	86	9	87	10	77	11	85	12	85	13	77	14	86	15	87	16	78	17	86	18	79	19	82	
	0	75	1	71	2	75	3	84	4	79	5	69	6	73	7	73	8	76	9	77	10	69	11	81	12	75	13	67	14	69	15	82	16	84	17	70	18	66	19	70	
	0	88	1	78	2	85	3	83	4	71	5	82	6	86	7	88	8	89	9	80	10	72	11	82	12	73	13	84	14	81	15	76	16	73	17	76	18	85	19	71	
	0	33	1	27	2	28	3	39	4	38	5	26	6	30	7	41	8	43	9	30	10	24	11	26	12	25	13	36	14	38	15	31	16	29	17	34	18	38	19	26	
	0	90	1	90	2	91	3	90	4	83	5	76	6	89	7	76	8	87	9	87	10	72	11	72	12	84	13	88	14	84	15	85	16	81	17	91	18	82	19	84	
	0	56	1	63	2	44	3	44	4	59	5	51	6	60	7	51	8	60	9	47	10	49	11	57	12	51	13	62	14	53	15	55	16	48	17	46	18	58	19	56	
	0	103	1	114	2	98	3	108	4	110	5	113	6	98	7	105	8	104	9	97	10	104	11	101	12	102	13	114	14	100	15	113	16	101	17	115	18	111	19	106	
	0	88	1	74	2	92	3	77	4	74	5	90	6	83	7	89	8	77	9	92	10	87	11	91	12	80	13	79	14	91	15	79	16	83	17	74	18	74	19	84	
	0	76	1	80	2	74	3	72	4	77	5	81	6	88	7	89	8	71	9	84	10	85	11	72	12	83	13	90	14	73	15	78	16	73	17	80	18	88	19	85	
	0	65	1	77	2	82	3	68	4	79	5	65	6	65	7	78	8	81	9	68	10	81	11	72	12	81	13	78	14	67	15	67	16	74	17	68	18	74	19	83	
	0	96	1	97	2	100	3	98	4	103	5	98	6	112	7	103	8	106	9	100	10	98	11	114	12	112	13	104	14	99	15	111	16	98	17	100	18	105	19	96	
	0	17	1	18	2	25	3	26	4	23	5	27	6	16	7	29	8	23	9	34	10	35	11	16	12	29	13	24	14	25	15	31	16	24	17	35	18	34	19	23	
	0	32	1	39	2	21	3	30	4	28	5	31	6	24	7	26	8	40	9	21	10	26	11	37	12	28	13	26	14	30	15	30	16	36	17	37	18	21	19	26	
	0	84	1	91	2	98	3	90	4	90	5	97	6	81	7	85	8	94	9	87	10	88	11	97	12	86	13	98	14	83	15	88	16	91	17	85	18	82	19	89	
	0	113	1	111	2	113	3	95	4	100	5	112	6	112	7	97	8	97	9	106	10	102	11	102	12	113	13	100	14	102	15	111	16	100	17	98	18	113	19	102	
	0	94	1	111	2	106	3	94	4	104	5	111	6	111	7	95	8	96	9	109	10	105	11	110	12	100	13	109	14	106	15	113	16	102	17	104	18	113	19	108	
	0	89	1	83	2	79	3	82	4	83	5	85	6	83	7	81	8	86	9	80	10	84	11	91	12	81	13	86	14	76	15	91	16	90	17	77	18	88	19	90	
	0	55	1	55	2	37	3	43	4	52	5	50	6	36	7	51	8	39	9	52	10	45	11	46	12	40	13	50	14	50	15	46	16	45	17	40	18	53	19	43	
	0	29	1	35	2	48	3	29	4	46	5	43	6	45	7	48	8	30	9	36	10	37	11	38	12	32	13	44	14	35	15	36	16	48	17	48	18	43	19	30	
	0	95	1	85	2	80	3	79	4	92	5	88	6	95	7	95	8	88	9	83	10	86	11	94	12	95	13	91	14	81	15	88	16	82	17	86	18	83	19	88	
	0	18	1	15	2	16	3	8	4	10	5	18	6	22	7	7	8	4	9	12	10	18	11	5	12	7	13	7	14	5	15	11	16	13	17	3	18	16	19	8	
	0	59	1	60	2	49	3	53	4	54	5	51	6	49	7	50	8	49	9	60	10	57	11	56	12	48	13	60	14	62	15	67	16	66	17	48	18	59	19	58	
	0	26	1	33	2	26	3	33	4	24	5	40	6	40	7	28	8	34	9	40	10	39	11	41	12	37	13	26	14	35	15	31	16	35	17	38	18	23	19	23	
	0	67	1	69	2	58	3	69	4	68	5	74	6	58	7	67	8	73	9	64	10	62	11	64	12	59	13	72	14	61	15	66	16	68	17	71	18	73	19	67	
	0	102	1	104	2	116	3	114	4	117	5	115	6	109	7	116	8	108	9	101	10	113	11	102	12	103	13	98	14	116	15	102	16	104	17	110	18	101	19	117	
	0	64	1	52	2	52	3	54	4	53	5	54	6	51	7	54	8	65	9	64	10	64	11	51	12	54	13	61	14	64	15	65	16	57	17	61	18	55	19	48	
	0	58	1	73	2	67	3	71	4	67	5	58	6	67	7	65	8	71	9	59	10	63	11	60	12	62	13	70	14	70	15	69	16	61	17	60	18	64	19	72	
	0	37	1	26	2	36	3	35	4	19	5	28	6	25	7	38	8	29	9	19	10	35	11	28	12	34	13	33	14	34	15	32	16	27	17	26	18	21	19	20	
	0	17	1	9	2	20	3	6	4	17	5	8	6	16	7	6	8	20	9	12	10	15	11	19	12	10	13	15	14	16	15	10	16	4	17	5	18	4	19	10	
	0	70	1	70	2	67	3	57	4	73	5	61	6	71	7	62	8	72	9	66	10	61	11	66	12	64	13	62	14	59	15	67	16	61	17	55	18	73	19	61	
	0	108	1	113	2	108	3	111	4	103	5	100	6	98	7	107	8	108	9	95	10	99	11	108	12	105	13	110	14	110	15	106	16	104	17	98	18	105	19	103	
	0	87	1	88	2	87	3	86	4	83	5	98	6	100	7	82	8	95	9	95	10	89	11	93	12	86	13	83	14	89	15	87	16	86	17	87	18	95	19	85	
	0	94	1	88	2	79	3	85	4	97	5	83	6	83	7	80	8	89	9	96	10	90	11	94	12	80	13	84	14	92	15	86	16	84	17	79	18	82	19	96	
	0	86	1	98	2	97	3	93	4	86	5	96	6	86	7	98	8	80	9	96	10	93	11	94	12	82	13	86	14	92	15	92	16	80	17	86	18	81	19	91	
	0	50	1	36	2	50	3	47	4	40	5	50	6	33	7	46	8	49	9	32	10	49	11	39	12	42	13	50	14	38	15	49	16	33	17	34	18	38	19	50	
	0	52	1	40	2	38	3	49	4	48	5	54	6	39	7	43	8	57	9	52	10	57	11	50	12	57	13	54	14	42	15	53	16	40	17	48	18	45	19	57	
	0	119	1	118	2	101	3	108	4	107	5	109	6	112	7	109	8	117	9	107	10	101	11	118	12	116	13	111	14	118	15	110	16	119	17	120	18	110	19	118	
	0	103	1	108	2	105	3	93	4	108	5	100	6	107	7	94	8	96	9	104	10	93	11	108	12	103	13	97	14	101	15	99	16	97	17	97	18	110	19	112	
	0	40	1	39	2	37	3	54	4	47	5	45	6	41	7	43	8	54	9	51	10	54	11	52	12	44	13	42	14	47	15	52	16	49	17	55	18	40	19	41	
	0	57	1	59	2	50	3	47	4	55	5	42	6	45	7	49	8	42	9	59	10	45	11	45	12	43	13	41	14	53	15	55	16	42	17	51	18	44	19	44	
	0	114	1	116	2	116	3	109	4	111	5	110	6	115	7	106	8	108	9	109	10	105	11	110	12	117	13	107	14	115	15	110	16	105	17	99	18	108	19	98	
	0	96	1	100	2	93	3	101	4	90	5	89	6	91	7	97	8	85	9	94	10	91	11	99	12	86	13	84	14	100	15	100	16	92	17	82	18	92	19	86	
	0	103	1	115	2	115	3	100	4	115	5	102	6	105	7	106	8	106	9	105	10	110	11	114	12	111	13	116	14	114	15	117	16	100	17	113	18	101	19	110	
	0	33	1	31	2	41	3	31	4	26	5	28	6	41	7	27	8	31	9	36	10	25	11	37	12	40	13	35	14	25	15	35	16	33	17	41	18	25	19	34	
	0	90	1	96	2	93	3	94	4	99	5	82	6	87	7	83	8	86	9	93	10	88	11	99	12	94	13	93	14	84	15	100	16	93	17	86	18	81	19	97	
	0	47	1	40	2	42	3	52	4	59	5	41	6	44	7	49	8	47	9	43	10	53	11	57	12	49	13	58	14	48	15	52	16	40	17	41	18	56	19	58	
	0	86	1	86	2	73	3	82	4	89	5	84	6	90	7	78	8	85	9	88	10	74	11	89	12	85	13	74	14	88	15	80	16	80	17	75	18	72	19	74	
	0	40	1	47	2	44	3	53	4	47	5	41	6	47	7	53	8	52	9	47	10	44	11	40	12	38	13	45	14	53	15	49	16	53	17	52	18	55	19	46	
	0	52	1	50	2	58	3	64	4	67	5	58	6	65	7	62	8	57	9	50	10	64	11	51	12	66	13	51	14	69	15	56	16	63	17	64	18	50	19	62	
	0	42	1	51	2	58	3	51	4	43	5	55	6	48	7	54	8	46	9	49	10	48	11	44	12	42	13	60	14	46	15	59	16	54	17	59	18	60	19	49	
	0	107	1	101	2	100	3	97	4	94	5	90	6	101	7	107	8	94	9	94	10	101	11	100	12	98	13	104	14	102	15	96	16	93	17	103	18	108	19	97	
	0	68	1	66	2	61	3	52	4	59	5	55	6	52	7	64	8	51	9	53	10	49	11	54	12	67	13	52	14	60	15	49	16	60	17	65	18	62	19	68	
	0	40	1	41	2	43	3	32	4	37	5	34	6	38	7	34	8	43	9	33	10	36	11	44	12	41	13	44	14	44	15	44	16	32	17	32	18	30	19	30	
	0	74	1	79	2	84	3	83	4	73	5	79	6	78	7	81	8	85	9	72	10	75	11	85	12	68	13	70	14	83	15	79	16	76	17	82	18	71	19	73	
	0	32	1	31	2	27	3	18	4	19	5	24	6	29	7	18	8	22	9	26	10	32	11	33	12	20	13	30	14	32	15	24	16	33	17	28	18	31	19	28	
	0	60	1	63	2	71	3	61	4	69	5	71	6	70	7	62	8	58	9	65	10	67	11	61	12	56	13	70	14	66	15	57	16	69	17	58	18	60	19	66	
	0	35	1	37	2	52	3	50	4	41	5	38	6	50	7	35	8	53	9	53	10	48	11	38	12	35	13	36	14	54	15	54	16	36	17	35	18	48	19	38	
	0	49	1	54	2	49	3	47	4	51	5	41	6	47	7	47	8	57	9	49	10	43	11	50	12	46	13	46	14	45	15	53	16	54	17	46	18	51	19	40	
	0	92	1	104	2	104	3	93	4	98	5	103	6	96	7	87	8	87	9	100	10	90	11	92	12	101	13	101	14	99	15	91	16	91	17	91	18	103	19	100	
	0	54	1	64	2	63	3	59	4	72	5	73	6	55	7	65	8	57	9	63	10	55	11	57	12	57	13	73	14	68	15	62	16	63	17	55	18	72	19	64	
	0	82	1	78	2	86	3	70	4	78	5	84	6	87	7	79	8	70	9	83	10	86	11	75	12	87	13	78	14	88	15	70	16	70	17	79	18	73	19	70	
	0	93	1	90	2	93	3	93	4	91	5	96	6	94	7	86	8	99	9	85	10	86	11	97	12	86	13	81	14	83	15	85	16	86	17	83	18	94	19	90	
	0	80	1	81	2	85	3	91	4	92	5	96	6	96	7	87	8	80	9	80	10	84	11	95	12	80	13	90	14	84	15	80	16	84	17	89	18	97	19	94	
	0	75	1	80	2	78	3	91	4	86	5	72	6	74	7	78	8	72	9	75	10	83	11	73	12	72	13	79	14	76	15	86	16	85	17	89	18	82	19	90	
	0	100	1	88	2	99	3	93	4	89	5	87	6	86	7	104	8	103	9	94	10	91	11	101	12	93	13	90	14	90	15	92	16	93	17	96	18	94	19	93	
	0	70	1	81	2	76	3	85	4	83	5	80	6	69	7	71	8	86	9	72	10	71	11	77	12	71	13	71	14	73	15	73	16	79	17	73	18	78	19	79	
	0	81	1	79	2	87	3	87	4	98	5	86	6	96	7	79	8	95	9	87	10	87	11	97	12	81	13	86	14	97	15	81	16	87	17	92	18	84	19	83	
	0	45	1	50	2	49	3	58	4	46	5	41	6	43	7	57	8	43	9	52	10	48	11	43	12	43	13	40	14	42	15	52	16	43	17	46	18	54	19	51	
	0	91	1	109	2	98	3	96	4	102	5	98	6	95	7	103	8	98	9	102	10	109	11	91	12	90	13	107	14	92	15	96	16	92	17	90	18	103	19	93	
	0	99	1	93	2	99	3	93	4	98	5	105	6	95	7	89	8	107	9	99	10	97	11	103	12	104	13	90	14	107	15	100	16	93	17	91	18	98	19	106	
	0	59	1	65	2	61	3	68	4	55	5	57	6	63	7	59	8	55	9	63	10	54	11	56	12	56	13	64	14	73	15	58	16	60	17	58	18	63	19	57	
	0	47	1	64	2	51	3	54	4	61	5	56	6	63	7	47	8	51	9	59	10	53	11	57	12	64	13	48	14	47	15	50	16	50	17	46	18	57	19	55	
	0	64	1	79	2	67	3	61	4	61	5	67	6	72	7	68	8	67	9	69	10	80	11	65	12	61	13	66	14	69	15	72	16	64	17	66	18	63	19	72	
	0	100	1	98	2	105	3	104	4	101	5	104	6	110	7	114	8	111	9	95	10	100	11	108	12	97	13	102	14	95	15	104	16	102	17	108	18	102	19	101	
	0	105	1	105	2	105	3	119	4	103	5	116	6	103	7	107	8	114	9	104	10	104	11	118	12	118	13	116	14	112	15	112	16	107	17	116	18	112	19	113	
	0	61	1	63	2	64	3	61	4	73	5	62	6	60	7	68	8	73	9	71	10	63	11	65	12	71	13	72	14	67	15	55	16	57	17	54	18	60	19	72	
	0	96	1	95	2	92	3	87	4	104	5	96	6	96	7	88	8	89	9	103	10	104	11	103	12	91	13	105	14	95	15	102	16	94	17	106	18	88	19	99	
	0	87	1	105	2	91	3	105	4	92	5	92	6	105	7	104	8	94	9	91	10	92	11	105	12	104	13	95	14	105	15	101	16	91	17	94	18	105	19	105	
	0	94	1	98	2	95	3	100	4	93	5	100	6	87	7	101	8	92	9	88	10	93	11	84	12	92	13	89	14	82	15	100	16	97	17	99	18	98	19	101	
	0	102	1	108	2	107	3	100	4	99	5	102	6	107	7	107	8	114	9	100	10	105	11	111	12	100	13	116	14	105	15	102	16	110	17	116	18	100	19	101	
	0	39	1	38	2	49	3	35	4	35	5	44	6	45	7	39	8	36	9	38	10	34	11	47	12	31	13	37	14	39	15	31	16	30	17	39	18	31	19	45	
	0	101	1	112	2	117	3	112	4	105	5	102	6	106	7	113	8	102	9	100	10	107	11	110	12	103	13	108	14	113	15	114	16	117	17	118	18	114	19	113	
	0	75	1	79	2	87	3	71	4	71	5	88	6	76	7	75	8	79	9	74	10	74	11	70	12	72	13	81	14	69	15	74	16	87	17	77	18	73	19	81	
	0	69	1	66	2	68	3	73	4	75	5	69	6	62	7	74	8	75	9	75	10	74	11	75	12	62	13	58	14	60	15	77	16	59	17	74	18	72	19	70	
	0	63	1	61	2	56	3	58	4	58	5	50	6	50	7	57	8	52	9	64	10	53	11	46	12	62	13	61	14	59	15	58	16	54	17	52	18	56	19	56	
	0	118	1	110	2	101	3	117	4	117	5	107	6	100	7	105	8	111	9	106	10	99	11	107	12	118	13	114	14	113	15	101	16	107	17	103	18	108	19	105	
	0	95	1	85	2	96	3	96	4	86	5	95	6	97	7	87	8	99	9	84	10	90	11	84	12	93	13	80	14	86	15	91	16	81	17	92	18	93	19	94	
	0	79	1	82	2	76	3	66	4	78	5	71	6	80	7	82	8	77	9	79	10	73	11	75	12	71	13	73	14	68	15	83	16	73	17	71	18	65	19	76	
	0	89	1	89	2	89	3	77	4	85	5	93	6	77	7	80	8	80	9	76	10	85	11	78	12	89	13	83	14	83	15	89	16	79	17	84	18	86	19	84	
	0	75	1	87	2	79	3	82	4	73	5	75	6	80	7	75	8	84	9	81	10	85	11	80	12	74	13	80	14	76	15	80	16	72	17	72	18	81	19	80	
	0	112	1	107	2	99	3	116	4	112	5	112	6	114	7	100	8	105	9	109	10	106	11	118	12	114	13	110	14	113	15	117	16	112	17	103	18	112	19	115	
	0	88	1	94	2	85	3	86	4	87	5	83	6	101	7	90	8	91	9	100	10	102	11	94	12	100	13	94	14	93	15	98	16	102	17	94	18	87	19	95	
	0	22	1	27	2	31	3	21	4	19	5	33	6	23	7	37	8	20	9	37	10	29	11	28	12	20	13	36	14	18	15	25	16	34	17	30	18	32	19	20	
	0	40	1	29	2	31	3	32	4	28	5	42	6	28	7	42	8	27	9	37	10	29	11	24	12	36	13	29	14	35	15	35	16	25	17	36	18	37	19	36	
	0	25	1	20	2	38	3	29	4	33	5	38	6	33	7	31	8	21	9	22	10	30	11	20	12	37	13	34	14	39	15	20	16	23	17	33	18	23	19	38	
	0	49	1	57	2	49	3	42	4	38	5	42	6	50	7	39	8	40	9	51	10	54	11	39	12	51	13	56	14	47	15	44	16	43	17	57	18	52	19	42	
	0	17	1	30	2	20	3	13	4	23	5	16	6	24	7	29	8	13	9	27	10	15	11	27	12	28	13	26	14	12	15	29	16	28	17	23	18	29	19	18	
	0	85	1	85	2	103	3	98	4	91	5	90	6	88	7	102	8	93	9	103	10	90	11	100	12	85	13	103	14	103	15	102	16	91	17	96	18	86	19	101	
	0	23	1	32	2	23	3	39	4	25	5	33	6	22	7	34	8	26	9	31	10	37	11	23	12	29	13	35	14	32	15	36	16	32	17	36	18	31	19	34	
	0	67	1	53	2	59	3	70	4	71	5	64	6	72	7	57	8	55	9	62	10	55	11	59	12	69	13	55	14	57	15	54	16	68	17	70	18	59	19	60	
	0	104	1	109	2	118	3	118	4	103	5	112	6	114	7	106	8	106	9	116	10	102	11	116	12	104	13	100	14	106	15	117	16	113	17	116	18	113	19	108	
	0	27	1	30	2	22	3	28	4	34	5	19	6	34	7	20	8	20	9	18	10	30	11	30	12	33	13	32	14	21	15	30	16	16	17	18	18	22	19	20	
	0	78	1	85	2	67	3	71	4	82	5	82	6	70	7	70	8	80	9	75	10	86	11	73	12	81	13	75	14	74	15	81	16	77	17	70	18	71	19	71	
	0	97	1	97	2	114	3	103	4	100	5	114	6	100	7	104	8	103	9	105	10	103	11	116	12	103	13	98	14	98	15	104	16	114	17	103	18	101	19	114	
	0	84	1	78	2	73	3	73	4	74	5	67	6	79	7	81	8	72	9	74	10	82	11	81	12	83	13	84	14	75	15	70	16	69	17	71	18	83	19	75	
	0	79	1	91	2	88	3	89	4	76	5	75	6	87	7	79	8	88	9	93	10	93	11	85	12	86	13	94	14	88	15	84	16	92	17	88	18	84	19	80	
	0	26	1	35	2	28	3	29	4	38	5	33	6	28	7	28	8	21	9	27	10	30	11	21	12	33	13	39	14	38	15	33	16	22	17	28	18	35	19	36	
	0	79	1	90	2	96	3	94	4	92	5	79	6	98	7	84	8	90	9	81	10	91	11	85	12	88	13	92	14	89	15	92	16	81	17	87	18	90	19	91	
	0	37	1	37	2	55	3	52	4	44	5	48	6	46	7	55	8	45	9	41	10	50	11	55	12	44	13	44	14	43	15	44	16	55	17	48	18	37	19	51	
	0	25	1	22	2	13	3	17	4	24	5	17	6	19	7	19	8	11	9	13	10	10	11	25	12	12	13	14	14	15	15	27	16	26	17	26	18	14	19	17	
	0	78	1	91	2	90	3	81	4	90	5	95	6	88	7	85	8	94	9	82	10	76	11	87	12	77	13	80	14	89	15	90	16	88	17	94	18	78	19	88	
	0	28	1	36	2	41	3	30	4	43	5	33	6	44	7	40	8	36	9	44	10	41	11	29	12	44	13	39	14	42	15	40	16	33	17	40	18	34	19	29	
	0	80	1	88	2	86	3	92	4	98	5	82	6	97	7	88	8	88	9	85	10	92	11	97	12	93	13	80	14	96	15	87	16	99	17	86	18	89	19	89	
	0	19	1	26	2	22	3	27	4	21	5	25	6	11	7	20	8	10	9	24	10	12	11	17	12	19	13	13	14	16	15	9	16	26	17	26	18	22	19	15	
	0	74	1	61	2	62	3	75	4	78	5	64	6	65	7	67	8	66	9	62	10	72	11	75	12	69	13	64	14	63	15	77	16	76	17	67	18	69	19	69	
	0	77	1	85	2	69	3	87	4	74	5	87	6	84	7	85	8	83	9	86	10	75	11	78	12	76	13	80	14	73	15	78	16	71	17	71	18	70	19	71	
	0	80	1	71	2	76	3	74	4	81	5	71	6	65	7	81	8	67	9	74	10	74	11	66	12	74	13	64	14	79	15	78	16	76	17	80	18	83	19	70	
	0	94	1	100	2	98	3	85	4	83	5	86	6	100	7	90	8	98	9	83	10	85	11	83	12	82	13	86	14	91	15	90	16	82	17	96	18	94	19	86	
	0	44	1	43	2	47	3	34	4	32	5	41	6	32	7	39	8	35	9	45	10	46	11	43	12	46	13	44	14	43	15	48	16	38	17	47	18	38	19	41	
	0	24	1	36	2	29	3	24	4	24	5	20	6	29	7	36	8	36	9	38	10	32	11	32	12	32	13	26	14	21	15	35	16	30	17	38	18	25	19	29	
	0	28	1	24	2	25	3	31	4	15	5	15	6	31	7	26	8	17	9	16	10	22	11	23	12	26	13	18	14	27	15	16	16	22	17	15	18	18	19	28	
	0	52	1	42	2	57	3	52	4	52	5	53	6	57	7	53	8	42	9	42	10	42	11	49	12	53	13	58	14	57	15	55	16	53	17	59	18	58	19	44	
	0	34	1	37	2	36	3	33	4	33	5	24	6	18	7	30	8	26	9	35	10	29	11	27	12	20	13	19	14	31	15	29	16	22	17	29	18	37	19	27	
	0	44	1	63	2	47	3	63	4	55	5	51	6	47	7	59	8	57	9	44	10	51	11	54	12	48	13	55	14	57	15	48	16	53	17	50	18	49	19	48	
	0	31	1	32	2	35	3	26	4	37	5	26	6	38	7	19	8	24	9	26	10	36	11	23	12	24	13	23	14	27	15	24	16	28	17	33	18	19	19	21	
	0	30	1	30	2	26	3	23	4	29	5	22	6	31	7	25	8	18	9	26	10	30	11	27	12	20	13	12	14	13	15	22	16	28	17	20	18	29	19	19	
	0	38	1	20	2	30	3	29	4	27	5	34	6	27	7	36	8	35	9	21	10	24	11	21	12	33	13	37	14	19	15	26	16	28	17	36	18	35	19	38	
	0	94	1	102	2	88	3	98	4	104	5	93	6	102	7	96	8	92	9	89	10	91	11	89	12	96	13	103	14	94	15	93	16	106	17	103	18	88	19	89	
	0	57	1	61	2	49	3	57	4	59	5	56	6	53	7	65	8	48	9	59	10	47	11	51	12	63	13	63	14	58	15	50	16	47	17	64	18	61	19	62	
	0	41	1	51	2	58	3	55	4	46	5	54	6	41	7	53	8	53	9	44	10	43	11	53	12	46	13	53	14	41	15	46	16	54	17	41	18	48	19	49	
	0	61	1	62	2	70	3	63	4	72	5	65	6	69	7	63	8	74	9	71	10	71	11	66	12	64	13	69	14	72	15	63	16	62	17	65	18	72	19	58	
	0	88	1	78	2	85	3	84	4	77	5	75	6	77	7	77	8	70	9	84	10	83	11	87	12	73	13	70	14	83	15	81	16	70	17	75	18	80	19	70	
	0	88	1	96	2	97	3	95	4	95	5	91	6	80	7	98	8	88	9	85	10	98	11	84	12	90	13	95	14	85	15	95	16	90	17	98	18	80	19	88	
	0	37	1	51	2	35	3	47	4	35	5	46	6	41	7	35	8	43	9	39	10	38	11	46	12	43	13	32	14	49	15	32	16	43	17	47	18	41	19	32	
	0	48	1	49	2	53	3	55	4	57	5	60	6	62	7	62	8	66	9	60	10	65	11	50	12	52	13	58	14	57	15	60	16	60	17	55	18	48	19	54	
	0	12	1	23	2	20	3	13	4	7	5	9	6	15	7	18	8	7	9	8	10	11	11	10	12	8	13	24	14	12	15	13	16	21	17	15	18	11	19	16	
	0	88	1	79	2	76	3	71	4	75	5	84	6	77	7	83	8	82	9	74	10	71	11	76	12	75	13	72	14	76	15	86	16	77	17	85	18	78	19	88	
	0	75	1	70	2	73	3	72	4	64	5	73	6	79	7	77	8	68	9	70	10	72	11	64	12	79	13	76	14	74	15	63	16	74	17	71	18	66	19	74	
	0	92	1	96	2	87	3	87	4	90	5	102	6	94	7	101	8	95	9	94	10	97	11	103	12	91	13	92	14	106	15	106	16	97	17	94	18	104	19	98	
	0	35	1	18	2	31	3	34	4	19	5	25	6	18	7	32	8	26	9	22	10	23	11	20	12	27	13	24	14	22	15	20	16	29	17	31	18	18	19	32	
	0	42	1	50	2	51	3	45	4	52	5	38	6	53	7	52	8	49	9	41	10	54	11	48	12	50	13	42	14	45	15	53	16	38	17	55	18	50	19	50	
	0	62	1	54	2	47	3	59	4	63	5	56	6	56	7	52	8	65	9	55	10	52	11	65	12	60	13	53	14	49	15	48	16	46	17	55	18	57	19	57	
	0	76	1	81	2	68	3	68	4	77	5	77	6	77	7	74	8	69	9	85	10	85	11	77	12	66	13	70	14	81	15	75	16	71	17	67	18	68	19	68	
	0	71	1	70	2	66	3	60	4	73	5	76	6	58	7	70	8	60	9	76	10	58	11	68	12	69	13	69	14	63	15	67	16	75	17	64	18	72	19	64	
	0	53	1	58	2	57	3	62	4	49	5	59	6	53	7	53	8	50	9	62	10	60	11	61	12	47	13	48	14	50	15	59	16	47	17	60	18	58	19	60	
	0	86	1	77	2	73	3	72	4	76	5	82	6	87	7	77	8	88	9	79	10	79	11	78	12	87	13	83	14	87	15	79	16	81	17	82	18	88	19	72	
	0	14	1	18	2	16	3	13	4	23	5	22	6	31	7	24	8	29	9	19	10	29	11	31	12	14	13	15	14	28	15	21	16	30	17	20	18	12	19	25	
	0	85	1	83	2	84	3	94	4	82	5	93	6	82	7	89	8	80	9	93	10	81	11	94	12	85	13	91	14	84	15	82	16	89	17	94	18	87	19	94	
	0	24	1	33	2	33	3	25	4	23	5	25	6	32	7	19	8	19	9	36	10	20	11	24	12	19	13	25	14	32	15	17	16	22	17	26	18	28	19	33	
	0	61	1	64	2	58	3	50	4	66	5	56	6	62	7	53	8	49	9	59	10	58	11	54	12	61	13	53	14	48	15	53	16	51	17	57	18	53	19	53	
	0	45	1	49	2	52	3	42	4	46	5	53	6	38	7	51	8	56	9	54	10	38	11	53	12	56	13	42	14	56	15	47	16	56	17	48	18	56	19	39	
	0	111	1	107	2	112	3	112	4	107	5	99	6	105	7	100	8	102	9	111	10	101	11	104	12	114	13	105	14	114	15	115	16	115	17	108	18	103	19	110	
	0	111	1	101	2	114	3	100	4	113	5	101	6	99	7	102	8	95	9	111	10	109	11	103	12	112	13	110	14	102	15	104	16	113	17	109	18	111	19	112	
	0	66	1	68	2	59	3	63	4	55	5	53	6	51	7	54	8	66	9	54	10	66	11	65	12	68	13	68	14	55	15	60	16	58	17	62	18	63	19	51	
	0	47	1	39	2	50	3	44	4	45	5	31	6	41	7	49	8	43	9	46	10	31	11	32	12	34	13	44	14	36	15	39	16	45	17	33	18	42	19	50	
	0	37	1	33	2	41	3	36	4	43	5	38	6	40	7	47	8	41	9	47	10	45	11	43	12	34	13	47	14	45	15	30	16	39	17	28	18	41	19	42	
	0	58	1	65	2	62	3	74	4	62	5	69	6	61	7	68	8	76	9	68	10	72	11	58	12	60	13	76	14	74	15	62	16	75	17	69	18	76	19	64	
	0	79	1	81	2	67	3	76	4	82	5	70	6	73	7	64	8	63	9	72	10	74	11	63	12	79	13	63	14	63	15	81	16	70	17	81	18	75	19	64	
	0	110	1	109	2	105	3	105	4	108	5	103	6	102	7	111	8	105	9	110	10	109	11	103	12	100	13	113	14	106	15	103	16	98	17	98	18	114	19	107	
	0	57	1	55	2	60	3	59	4	69	5	57	6	57	7	65	8	55	9	68	10	65	11	60	12	67	13	71	14	66	15	56	16	53	17	60	18	67	19	60	
	0	7	1	5	2	14	3	15	4	9	5	4	6	2	7	21	8	21	9	15	10	8	11	13	12	9	13	11	14	9	15	12	16	15	17	16	18	11	19	13	
	0	21	1	13	2	25	3	25	4	31	5	15	6	21	7	17	8	27	9	22	10	13	11	20	12	27	13	26	14	23	15	20	16	27	17	29	18	24	19	23	
	0	44	1	35	2	30	3	31	4	44	5	41	6	32	7	35	8	43	9	45	10	35	11	38	12	32	13	40	14	34	15	37	16	32	17	37	18	34	19	41	
	0	4	1	8	2	22	3	17	4	10	5	14	6	6	7	11	8	6	9	14	10	14	11	5	12	12	13	23	14	20	15	11	16	18	17	22	18	16	19	12	
	0	72	1	72	2	74	3	69	4	64	5	81	6	73	7	66	8	65	9	76	10	78	11	83	12	73	13	75	14	72	15	66	16	70	17	71	18	67	19	71	
	0	7	1	15	2	16	3	24	4	10	5	8	6	7	7	8	8	23	9	7	10	7	11	16	12	20	13	20	14	12	15	18	16	15	17	22	18	22	19	12	
	0	34	1	48	2	33	3	36	4	45	5	32	6	37	7	32	8	44	9	40	10	48	11	35	12	36	13	46	14	43	15	44	16	40	17	41	18	45	19	47	
	0	26	1	13	2	12	3	13	4	12	5	9	6	15	7	18	8	18	9	13	10	12	11	18	12	23	13	21	14	23	15	18	16	18	17	25	18	12	19	14	
	0	21	1	20	2	18	3	10	4	2	5	3	6	14	7	15	8	14	9	19	10	15	11	9	12	18	13	16	14	9	15	5	16	8	17	12	18	2	19	7	
	0	20	1	17	2	23	3	13	4	20	5	18	6	20	7	13	8	14	9	7	10	14	11	6	12	6	13	15	14	18	15	25	16	8	17	8	18	8	19	21	
	0	65	1	61	2	69	3	72	4	70	5	71	6	54	7	62	8	73	9	70	10	67	11	59	12	73	13	60	14	69	15	57	16	68	17	65	18	62	19	72	
	0	31	1	27	2	45	3	36	4	37	5	29	6	43	7	30	8	39	9	44	10	35	11	38	12	37	13	29	14	30	15	40	16	27	17	34	18	39	19	35	
	0	43	1	37	2	34	3	31	4	33	5	28	6	31	7	30	8	31	9	35	10	36	11	44	12	43	13	37	14	43	15	36	16	40	17	30	18	34	19	35	
	0	94	1	82	2	96	3	97	4	86	5	89	6	85	7	82	8	97	9	82	10	94	11	81	12	88	13	82	14	84	15	99	16	90	17	90	18	84	19	99	
	0	47	1	39	2	36	3	51	4	50	5	38	6	37	7	37	8	48	9	39	10	36	11	33	12	46	13	46	14	33	15	42	16	37	17	36	18	46	19	46	
	0	19	1	31	2	30	3	18	4	31	5	33	6	18	7	21	8	15	9	23	10	31	11	17	12	19	13	28	14	22	15	16	16	16	17	14	18	16	19	24	
	0	11	1	29	2	17	3	24	4	18	5	11	6	18	7	18	8	16	9	13	10	28	11	23	12	12	13	11	14	13	15	24	16	12	17	16	18	16	19	25	
	0	60	1	45	2	55	3	48	4	45	5	57	6	49	7	50	8	62	9	44	10	58	11	48	12	46	13	45	14	57	15	46	16	50	17	61	18	53	19	46	
	0	41	1	47	2	50	3	44	4	39	5	42	6	52	7	48	8	46	9	40	10	47	11	57	12	43	13	44	14	55	15	54	16	44	17	57	18	43	19	48	
	0	40	1	33	2	40	3	45	4	37	5	42	6	40	7	35	8	41	9	32	10	31	11	40	12	44	13	35	14	44	15	43	16	29	17	30	18	29	19	36	
	0	76	1	63	2	63	3	74	4	74	5	64	6	74	7	61	8	68	9	65	10	73	11	75	12	74	13	76	14	60	15	65	16	71	17	71	18	69	19	64	
	0	68	1	66	2	58	3	52	4	67	5	60	6	58	7	63	8	60	9	54	10	69	11	51	12	55	13	68	14	59	15	60	16	57	17	66	18	54	19	67	
	0	33	1	34	2	44	3	34	4	28	5	46	6	30	7	27	8	37	9	46	10	34	11	29	12	35	13	42	14	41	15	41	16	35	17	36	18	35	19	29	
	0	58	1	62	2	67	3	66	4	55	5	70	6	57	7	71	8	65	9	69	10	61	11	63	12	64	13	54	14	61	15	62	16	57	17	73	18	61	19	55	
	0	36	1	43	2	42	3	45	4	50	5	35	6	50	7	40	8	39	9	35	10	52	11	53	12	41	13	38	14	46	15	48	16	37	17	51	18	38	19	50	
	0	22	1	21	2	16	3	20	4	22	5	4	6	22	7	5	8	5	9	22	10	21	11	4	12	13	13	15	14	15	15	18	16	3	17	7	18	21	19	11	
	0	29	1	37	2	33	3	21	4	27	5	35	6	21	7	39	8	39	9	29	10	39	11	26	12	34	13	27	14	28	15	37	16	35	17	22	18	30	19	25	
	0	95	1	99	2	102	3	97	4	106	5	97	6	101	7	101	8	102	9	107	10	95	11	97	12	99	13	101	14	103	15	106	16	96	17	94	18	109	19	111	
	0	18	1	26	2	35	3	31	4	27	5	27	6	21	7	23	8	20	9	34	10	29	11	27	12	29	13	25	14	35	15	21	16	16	17	18	18	24	19	33	
	0	74	1	80	2	77	3	72	4	69	5	77	6	67	7	79	8	65	9	75	10	83	11	78	12	75	13	68	14	73	15	81	16	67	17	76	18	81	19	73	
	0	18	1	19	2	11	3	16	4	23	5	23	6	19	7	24	8	17	9	17	10	8	11	21	12	13	13	21	14	23	15	6	16	22	17	18	18	23	19	10	
	0	59	1	53	2	58	3	47	4	53	5	46	6	44	7	58	8	46	9	61	10	54	11	47	12	44	13	61	14	57	15	55	16	53	17	51	18	45	19	51	
	0	28	1	18	2	22	3	17	4	27	5	34	6	28	7	24	8	25	9	26	10	21	11	21	12	20	13	28	14	29	15	18	16	35	17	34	18	27	19	27	
	0	63	1	71	2	60	3	61	4	74	5	72	6	72	7	65	8	72	9	62	10	63	11	58	12	59	13	68	14	59	15	70	16	57	17	68	18	62	19	67	
	0	35	1	24	2	24	3	30	4	20	5	25	6	30	7	24	8	29	9	25	10	38	11	39	12	33	13	20	14	20	15	22	16	31	17	25	18	22	19	25	
	0	36	1	45	2	36	3	37	4	45	5	45	6	32	7	43	8	43	9	33	10	29	11	37	12	39	13	29	14	37	15	27	16	35	17	42	18	41	19	45	
	0	86	1	87	2	91	3	75	4	80	5	73	6	90	7	83	8	81	9	92	10	90	11	85	12	77	13	86	14	88	15	92	16	87	17	73	18	80	19	83	
	0	87	1	85	2	84	3	85	4	103	5	100	6	102	7	90	8	95	9	94	10	99	11	93	12	96	13	91	14	89	15	86	16	100	17	91	18	100	19	95	
	0	38	1	28	2	23	3	22	4	31	5	24	6	26	7	38	8	26	9	31	10	38	11	31	12	31	13	28	14	37	15	20	16	21	17	27	18	19	19	26	
	0	34	1	35	2	40	3	34	4	33	5	45	6	37	7	40	8	33	9	42	10	39	11	48	12	44	13	43	14	46	15	41	16	47	17	37	18	43	19	43	
	0	38	1	47	2	37	3	35	4	37	5	52	6	49	7	37	8	44	9	48	10	53	11	49	12	43	13	45	14	53	15	47	16	50	17	53	18	46	19	42	
	0	32	1	38	2	37	3	41	4	36	5	26	6	34	7	33	8	28	9	40	10	28	11	35	12	30	13	23	14	32	15	39	16	41	17	38	18	39	19	40	
	0	40	1	25	2	40	3	27	4	37	5	33	6	41	7	36	8	33	9	42	10	35	11	31	12	36	13	28	14	36	15	30	16	40	17	42	18	35	19	27	
	0	33	1	33	2	28	3	17	4	28	5	23	6	15	7	27	8	31	9	29	10	17	11	25	12	28	13	22	14	21	15	17	16	25	17	20	18	22	19	29	
	0	112	1	116	2	100	3	101	4	106	5	108	6	113	7	110	8	113	9	101	10	116	11	101	12	104	13	103	14	98	15	113	16	99	17	106	18	105	19	111	
	0	85	1	90	2	73	3	86	4	88	5	86	6	77	7	83	8	71	9	86	10	85	11	77	12	85	13	76	14	72	15	86	16	73	17	71	18	74	19	81	
	0	99	1	97	2	95	3	92	4	88	5	102	6	92	7	89	8	87	9	97	10	96	11	98	12	95	13	92	14	101	15	87	16	90	17	98	18	93	19	99	
	0	14	1	29	2	32	3	27	4	31	5	21	6	19	7	15	8	30	9	33	10	15	11	17	12	32	13	30	14	30	15	25	16	31	17	30	18	28	19	21	
	0	32	1	26	2	16	3	13	4	15	5	27	6	27	7	23	8	31	9	14	10	21	11	20	12	27	13	32	14	21	15	14	16	22	17	28	18	28	19	27	
	0	47	1	53	2	50	3	48	4	53	5	52	6	42	7	48	8	54	9	46	10	46	11	59	12	45	13	50	14	51	15	43	16	48	17	54	18	55	19	50	
	0	35	1	36	2	27	3	23	4	19	5	33	6	27	7	34	8	32	9	31	10	30	11	31	12	28	13	22	14	35	15	22	16	35	17	34	18	26	19	36	
	0	67	1	66	2	67	3	57	4	54	5	60	6	59	7	58	8	59	9	57	10	60	11	60	12	52	13	52	14	69	15	56	16	54	17	69	18	70	19	65	
	0	98	1	100	2	88	3	89	4	88	5	90	6	104	7	103	8	88	9	88	10	98	11	102	12	96	13	92	14	105	15	102	16	100	17	91	18	99	19	95	
	0	96	1	105	2	92	3	107	4	92	5	106	6	95	7	100	8	94	9	99	10	98	11	104	12	106	13	93	14	96	15	95	16	103	17	90	18	91	19	88	
	0	80	1	85	2	83	3	87	4	81	5	84	6	90	7	73	8	90	9	86	10	89	11	82	12	82	13	76	14	78	15	88	16	76	17	78	18	82	19	89	
	0	82	1	90	2	87	3	93	4	96	5	86	6	80	7	87	8	86	9	96	10	89	11	80	12	82	13	84	14	83	15	88	16	91	17	83	18	97	19	95	
	0	21	1	7	2	11	3	18	4	20	5	9	6	7	7	16	8	21	9	3	10	5	11	3	12	16	13	20	14	9	15	6	16	19	17	9	18	17	19	22	
	0	68	1	81	2	84	3	72	4	66	5	68	6	73	7	79	8	83	9	74	10	75	11	70	12	75	13	78	14	68	15	75	16	79	17	68	18	71	19	71	
	0	38	1	38	2	46	3	36	4	47	5	37	6	43	7	50	8	34	9	37	10	50	11	36	12	39	13	41	14	34	15	37	16	37	17	41	18	38	19	48	
	0	104	1	103	2	100	3	111	4	110	5	95	6	93	7	108	8	98	9	102	10	110	11	93	12	99	13	110	14	106	15	104	16	109	17	99	18	96	19	109	
	0	85	1	80	2	76	3	72	4	85	5	87	6	83	7	77	8	74	9	73	10	85	11	77	12	72	13	69	14	87	15	75	16	78	17	78	18	79	19	80	
	0	25	1	15	2	28	3	31	4	20	5	21	6	28	7	32	8	21	9	14	10	15	11	21	12	18	13	33	14	28	15	33	16	18	17	20	18	17	19	23	
	0	52	1	48	2	54	3	62	4	43	5	45	6	52	7	61	8	47	9	57	10	55	11	58	12	49	13	57	14	62	15	55	16	46	17	49	18	47	19	57	
	0	82	1	78	2	75	3	67	4	68	5	71	6	77	7	79	8	71	9	83	10	75	11	75	12	83	13	69	14	69	15	85	16	80	17	79	18	77	19	73	
	0	31	1	32	2	26	3	33	4	24	5	21	6	14	7	15	8	18	9	19	10	28	11	28	12	23	13	21	14	16	15	17	16	32	17	21	18	33	19	25	
	0	92	1	104	2	93	3	95	4	108	5	108	6	102	7	110	8	100	9	101	10	104	11	95	12	95	13	106	14	97	15	107	16	99	17	106	18	104	19	110	
	0	50	1	43	2	54	3	38	4	53	5	45	6	52	7	44	8	41	9	44	10	46	11	48	12	37	13	37	14	51	15	46	16	48	17	48	18	47	19	55	
	0	67	1	64	2	71	3	74	4	65	5	63	6	73	7	58	8	71	9	68	10	57	11	62	12	71	13	66	14	67	15	64	16	73	17	59	18	60	19	59	
	0	102	1	115	2	99	3	106	4	105	5	101	6	110	7	109	8	111	9	110	10	114	11	99	12	99	13	101	14	104	15	111	16	110	17	106	18	113	19	99	
	0	15	1	20	2	27	3	19	4	24	5	14	6	23	7	30	8	14	9	24	10	16	11	19	12	33	13	17	14	25	15	29	16	26	17	16	18	15	19	16	
	0	94	1	99	2	103	3	96	4	93	5	97	6	98	7	103	8	104	9	98	10	108	11	100	12	100	13	96	14	107	15	95	16	103	17	97	18	97	19	104	
	0	33	1	34	2	45	3	29	4	47	5	35	6	30	7	37	8	47	9	45	10	35	11	46	12	30	13	32	14	37	15	39	16	37	17	47	18	29	19	44	
	0	29	1	42	2	47	3	29	4	47	5	38	6	31	7	33	8	44	9	45	10	48	11	46	12	30	13	42	14	33	15	41	16	38	17	30	18	46	19	44	
	0	31	1	18	2	16	3	22	4	22	5	30	6	13	7	31	8	17	9	21	10	21	11	16	12	29	13	27	14	15	15	14	16	27	17	29	18	30	19	23	
	0	24	1	29	2	29	3	28	4	38	5	34	6	29	7	34	8	33	9	39	10	38	11	33	12	37	13	39	14	24	15	27	16	23	17	36	18	39	19	36	
	0	21	1	17	2	10	3	20	4	15	5	18	6	6	7	16	8	18	9	4	10	12	11	23	12	21	13	22	14	8	15	21	16	19	17	23	18	23	19	14	
	0	60	1	54	2	63	3	55	4	59	5	46	6	49	7	52	8	44	9	56	10	62	11	58	12	54	13	44	14	52	15	62	16	59	17	52	18	51	19	48	
	0	15	1	15	2	16	3	26	4	23	5	15	6	13	7	28	8	20	9	27	10	15	11	14	12	19	13	24	14	21	15	22	16	27	17	18	18	28	19	26	
	0	105	1	113	2	103	3	116	4	104	5	101	6	105	7	102	8	113	9	109	10	117	11	105	12	112	13	100	14	108	15	111	16	102	17	103	18	100	19	98	
	0	102	1	102	2	105	3	107	4	102	5	100	6	112	7	101	8	98	9	114	10	114	11	114	12	100	13	108	14	109	15	111	16	116	17	99	18	112	19	100	
	0	64	1	68	2	52	3	67	4	71	5	54	6	69	7	55	8	68	9	53	10	67	11	59	12	61	13	65	14	55	15	52	16	53	17	62	18	66	19	59	
	0	45	1	49	2	44	3	44	4	34	5	40	6	41	7	33	8	33	9	41	10	51	11	46	12	47	13	49	14	36	15	52	16	40	17	33	18	35	19	40	
	0	65	1	71	2	76	3	77	4	75	5	76	6	70	7	66	8	68	9	64	10	65	11	58	12	59	13	77	14	63	15	61	16	61	17	74	18	63	19	70	
	0	37	1	19	2	34	3	29	4	24	5	18	6	18	7	21	8	21	9	36	10	31	11	33	12	25	13	18	14	19	15	18	16	37	17	28	18	23	19	36	
	0	94	1	90	2	104	3	95	4	108	5	98	6	101	7	103	8	106	9	107	10	95	11	93	12	101	13	105	14	94	15	94	16	105	17	92	18	99	19	99	
	0	48	1	50	2	50	3	55	4	48	5	58	6	54	7	44	8	61	9	51	10	44	11	53	12	60	13	63	14	49	15	58	16	54	17	54	18	54	19	44	
	0	102	1	114	2	119	3	109	4	114	5	115	6	112	7	106	8	119	9	114	10	111	11	113	12	101	13	104	14	115	15	115	16	109	17	103	18	105	19	107	
	0	102	1	114	2	116	3	106	4	106	5	104	6	99	7	114	8	99	9	102	10	112	11	100	12	111	13	109	14	113	15	113	16	114	17	108	18	100	19	107	
	0	86	1	82	2	82	3	93	4	94	5	97	6	91	7	98	8	84	9	91	10	97	11	93	12	97	13	84	14	95	15	99	16	91	17	99	18	91	19	98	
	0	80	1	88	2	82	3	70	4	75	5	78	6	89	7	88	8	85	9	78	10	89	11	76	12	71	13	85	14	80	15	84	16	77	17	74	18	77	19	76	
	0	97	1	99	2	100	3	96	4	103	5	98	6	96	7	101	8	89	9	90	10	99	11	97	12	104	13	103	14	96	15	99	16	105	17	89	18	89	19	87	
	0	37	1	37	2	37	3	38	4	38	5	38	6	28	7	29	8	33	9	32	10	37	11	27	12	31	13	26	14	35	15	26	16	30	17	32	18	28	19	36	
	0	44	1	25	2	43	3	41	4	35	5	37	6	39	7	30	8	28	9	42	10	31	11	32	12	39	13	41	14	29	15	37	16	43	17	33	18	25	19	34	
	0	22	1	18	2	28	3	30	4	27	5	30	6	25	7	26	8	23	9	22	10	17	11	32	12	31	13	21	14	24	15	18	16	28	17	15	18	29	19	18	
	0	99	1	115	2	104	3	102	4	109	5	118	6	114	7	116	8	103	9	107	10	116	11	115	12	104	13	109	14	110	15	102	16	113	17	114	18	105	19	116	
	0	94	1	94	2	106	3	95	4	106	5	106	6	98	7	101	8	106	9	99	10	88	11	92	12	101	13	104	14	90	15	91	16	102	17	92	18	89	19	88	
	0	110	1	112	2	111	3	115	4	110	5	104	6	98	7	103	8	115	9	110	10	96	11	106	12	115	13	104	14	108	15	114	16	99	17	102	18	98	19	114	
	0	39	1	48	2	37	3	40	4	44	5	36	6	46	7	35	8	35	9	49	10	41	11	36	12	54	13	42	14	49	15	53	16	49	17	42	18	50	19	46	
	0	46	1	36	2	43	3	33	4	36	5	42	6	39	7	35	8	46	9	42	10	42	11	47	12	42	13	52	14	43	15	35	16	40	17	39	18	38	19	36	
	0	70	1	67	2	65	3	76	4	75	5	69	6	71	7	63	8	80	9	71	10	73	11	69	12	64	13	70	14	75	15	80	16	78	17	66	18	72	19	72	
	0	91	1	101	2	101	3	107	4	108	5	93	6	89	7	91	8	107	9	94	10	89	11	91	12	101	13	102	14	96	15	96	16	105	17	108	18	95	19	92	
	0	33	1	37	2	33	3	39	4	44	5	39	6	42	7	48	8	42	9	29	10	30	11	44	12	34	13	39	14	40	15	46	16	37	17	34	18	44	19	30	
	0	25	1	26	2	23	3	8	4	8	5	17	6	14	7	12	8	7	9	9	10	14	11	12	12	10	13	11	14	13	15	9	16	11	17	21	18	20	19	22	
	0	50	1	61	2	55	3	65	4	54	5	53	6	67	7	55	8	56	9	65	10	65	11	57	12	55	13	66	14	64	15	68	16	54	17	56	18	50	19	68	