500 20 1
20
	0	106	1	104	2	103	3	106	4	96	5	99	6	100	7	112	8	106	9	94	10	101	11	93	12	102	13	112	14	96	15	101	16	103	17	106	18	99	19	104	
	0	38	1	38	2	47	3	46	4	39	5	33	6	32	7	42	8	28	9	47	10	36	11	45	12	39	13	41	14	44	15	38	16	41	17	45	18	44	19	41	
	0	67	1	84	2	80	3	71	4	80	5	73	6	69	7	76	8	67	9	74	10	84	11	72	12	68	13	82	14	66	15	71	16	73	17	82	18	65	19	72	
	0	84	1	88	2	81	3	75	4	84	5	92	6	89	7	73	8	92	9	73	10	85	11	87	12	84	13	79	14	87	15	76	16	83	17	80	18	78	19	78	
	0	36	1	28	2	29	3	37	4	45	5	37	6	45	7	32	8	39	9	40	10	43	11	29	12	43	13	30	14	36	15	45	16	41	17	34	18	29	19	27	
	0	115	1	96	2	96	3	103	4	115	5	97	6	108	7	102	8	106	9	99	10	115	11	111	12	97	13	98	14	100	15	111	16	98	17	97	18	107	19	105	
	0	57	1	51	2	62	3	59	4	56	5	48	6	52	7	46	8	49	9	51	10	48	11	45	12	61	13	49	14	52	15	61	16	58	17	49	18	56	19	50	
	0	46	1	57	2	39	3	44	4	57	5	48	6	49	7	55	8	47	9	54	10	57	11	54	12	56	13	57	14	52	15	40	16	41	17	56	18	40	19	40	
	0	39	1	32	2	35	3	30	4	28	5	38	6	45	7	32	8	42	9	33	10	45	11	31	12	28	13	31	14	32	15	27	16	44	17	34	18	35	19	42	
	0	25	1	19	2	17	3	17	4	9	5	20	6	20	7	21	8	24	9	13	10	17	11	21	12	12	13	10	14	10	15	23	16	24	17	14	18	9	19	15	
	0	45	1	45	2	28	3	29	4	31	5	29	6	28	7	43	8	27	9	33	10	40	11	45	12	40	13	35	14	32	15	27	16	30	17	39	18	28	19	45	
	0	96	1	96	2	90	3	82	4	98	5	83	6	86	7	96	8	85	9	95	10	94	11	92	12	93	13	91	14	92	15	88	16	98	17	97	18	84	19	86	
	0	49	1	52	2	62	3	67	4	64	5	67	6	61	7	66	8	55	9	49	10	67	11	59	12	52	13	68	14	55	15	57	16	54	17	66	18	60	19	57	
	0	72	1	75	2	75	3	88	4	77	5	71	6	72	7	87	8	78	9	70	10	80	11	71	12	88	13	85	14	82	15	81	16	79	17	84	18	75	19	82	
	0	110	1	104	2	100	3	101	4	102	5	116	6	112	7	116	8	118	9	105	10	103	11	115	12	107	13	105	14	116	15	103	16	107	17	101	18	105	19	102	
	0	47	1	53	2	58	3	50	4	46	5	56	6	56	7	47	8	55	9	63	10	47	11	50	12	54	13	54	14	63	15	62	16	48	17	48	18	65	19	61	
	0	44	1	39	2	55	3	57	4	41	5	40	6	56	7	51	8	52	9	52	10	56	11	45	12	41	13	53	14	46	15	48	16	57	17	39	18	40	19	44	
	0	30	1	43	2	37	3	33	4	31	5	40	6	42	7	43	8	30	9	39	10	43	11	39	12	31	13	44	14	44	15	35	16	35	17	42	18	30	19	34	
	0	24	1	7	2	10	3	20	4	13	5	9	6	19	7	21	8	13	9	18	10	13	11	15	12	23	13	9	14	22	15	11	16	21	17	8	18	16	19	14	
	0	75	1	72	2	61	3	78	4	71	5	64	6	79	7	78	8	63	9	78	10	73	11	69	12	68	13	75	14	62	15	76	16	79	17	70	18	65	19	63	
	0	73	1	68	2	65	3	79	4	69	5	77	6	81	7	78	8	76	9	67	10	75	11	72	12	67	13	76	14	77	15	65	16	76	17	74	18	75	19	78	
	0	75	1	69	2	71	3	66	4	82	5	75	6	70	7	67	8	78	9	66	10	65	11	82	12	71	13	80	14	69	15	67	16	65	17	75	18	67	19	82	
	0	101	1	99	2	96	3	84	4	86	5	95	6	86	7	94	8	83	9	83	10	97	11	87	12	99	13	83	14	84	15	91	16	97	17	91	18	91	19	101	
	0	74	1	75	2	84	3	85	4	83	5	81	6	92	7	79	8	79	9	81	10	75	11	92	12	81	13	74	14	89	15	83	16	88	17	93	18	84	19	79	
	0	37	1	39	2	44	3	36	4	30	5	30	6	30	7	45	8	49	9	33	10	41	11	40	12	32	13	34	14	34	15	32	16	38	17	34	18	31	19	32	
	0	59	1	42	2	43	3	45	4	46	5	51	6	54	7	50	8	56	9	59	10	57	11	55	12	55	13	57	14	44	15	42	16	47	17	49	18	48	19	44	
	0	88	1	88	2	89	3	77	4	86	5	78	6	73	7	85	8	80	9	80	10	82	11	75	12	86	13	80	14	83	15	81	16	90	17	82	18	86	19	82	
	0	15	1	14	2	16	3	23	4	14	5	27	6	12	7	16	8	16	9	14	10	26	11	29	12	13	13	30	14	19	15	30	16	23	17	21	18	29	19	16	
	0	81	1	86	2	82	3	77	4	78	5	81	6	82	7	73	8	88	9	79	10	86	11	91	12	75	13	74	14	78	15	77	16	87	17	88	18	73	19	82	
	0	92	1	101	2	91	3	103	4	89	5	89	6	100	7	89	8	91	9	92	10	90	11	104	12	98	13	86	14	98	15	102	16	86	17	90	18	86	19	92	
	0	86	1	79	2	79	3	79	4	97	5	84	6	80	7	79	8	81	9	92	10	92	11	81	12	91	13	82	14	87	15	88	16	86	17	87	18	85	19	93	
	0	103	1	111	2	104	3	112	4	99	5	102	6	94	7	113	8	97	9	104	10	104	11	113	12	94	13	97	14	109	15	111	16	99	17	98	18	112	19	103	
	0	82	1	78	2	82	3	87	4	85	5	75	6	89	7	72	8	86	9	73	10	83	11	77	12	86	13	75	14	75	15	91	16	76	17	90	18	80	19	87	
	0	13	1	14	2	8	3	11	4	6	5	17	6	23	7	12	8	19	9	4	10	23	11	17	12	23	13	20	14	7	15	9	16	4	17	12	18	10	19	10	
	0	97	1	94	2	99	3	89	4	90	5	85	6	87	7	84	8	101	9	84	10	90	11	89	12	86	13	97	14	92	15	86	16	94	17	88	18	86	19	91	
	0	88	1	84	2	96	3	82	4	93	5	93	6	83	7	95	8	85	9	99	10	91	11	99	12	89	13	93	14	86	15	82	16	96	17	100	18	91	19	87	
	0	76	1	81	2	86	3	83	4	71	5	79	6	75	7	72	8	87	9	75	10	78	11	87	12	70	13	79	14	74	15	83	16	77	17	82	18	80	19	82	
	0	120	1	112	2	107	3	104	4	113	5	114	6	107	7	111	8	114	9	106	10	120	11	102	12	105	13	109	14	108	15	110	16	116	17	108	18	102	19	112	
	0	9	1	25	2	7	3	22	4	18	5	19	6	17	7	16	8	14	9	11	10	10	11	21	12	21	13	23	14	17	15	11	16	6	17	19	18	19	19	7	
	0	75	1	60	2	75	3	76	4	69	5	58	6	69	7	73	8	67	9	59	10	74	11	66	12	63	13	73	14	68	15	61	16	76	17	58	18	68	19	75	
	0	102	1	96	2	104	3	98	4	91	5	97	6	88	7	101	8	90	9	102	10	87	11	91	12	87	13	105	14	88	15	91	16	88	17	87	18	99	19	92	
	0	85	1	76	2	77	3	73	4	72	5	81	6	74	7	89	8	88	9	74	10	81	11	75	12	75	13	83	14	85	15	72	16	78	17	87	18	73	19	80	
	0	19	1	28	2	25	3	18	4	17	5	35	6	29	7	36	8	36	9	33	10	33	11	33	12	33	13	23	14	29	15	31	16	24	17	21	18	28	19	33	
	0	42	1	43	2	32	3	32	4	43	5	44	6	35	7	37	8	44	9	49	10	35	11	37	12	40	13	30	14	35	15	40	16	46	17	45	18	47	19	35	
	0	93	1	107	2	107	3	97	4	95	5	91	6	93	7	95	8	103	9	103	10	109	11	91	12	101	13	90	14	106	15	109	16	105	17	100	18	92	19	95	
	0	60	1	44	2	52	3	45	4	43	5	53	6	47	7	52	8	44	9	48	10	45	11	41	12	51	13	52	14	55	15	41	16	51	17	41	18	51	19	42	
	0	48	1	51	2	58	3	43	4	55	5	44	6	48	7	58	8	54	9	55	10	45	11	59	12	53	13	53	14	43	15	61	16	61	17	47	18	60	19	49	
	0	34	1	34	2	37	3	29	4	38	5	37	6	28	7	42	8	39	9	43	10	41	11	32	12	46	13	30	14	47	15	30	16	28	17	37	18	38	19	40	
	0	42	1	36	2	32	3	50	4	37	5	48	6	43	7	34	8	39	9	42	10	48	11	51	12	46	13	51	14	40	15	47	16	32	17	43	18	45	19	36	
	0	31	1	35	2	23	3	30	4	18	5	28	6	22	7	19	8	23	9	37	10	26	11	19	12	34	13	36	14	21	15	33	16	29	17	31	18	26	19	24	
	0	103	1	113	2	118	3	116	4	111	5	113	6	117	7	99	8	101	9	107	10	110	11	108	12	118	13	106	14	108	15	115	16	104	17	107	18	108	19	108	
	0	34	1	19	2	33	3	37	4	37	5	23	6	35	7	36	8	24	9	24	10	27	11	29	12	26	13	24	14	35	15	19	16	35	17	35	18	21	19	18	
	0	55	1	63	2	58	3	57	4	68	5	63	6	72	7	63	8	54	9	68	10	59	11	58	12	71	13	72	14	73	15	66	16	70	17	62	18	65	19	67	
	0	108	1	109	2	103	3	101	4	106	5	104	6	104	7	108	8	100	9	101	10	109	11	104	12	107	13	96	14	111	15	107	16	100	17	111	18	108	19	105	
	0	18	1	20	2	22	3	18	4	28	5	25	6	25	7	12	8	29	9	25	10	24	11	29	12	12	13	26	14	19	15	16	16	22	17	10	18	19	19	22	
	0	36	1	47	2	47	3	48	4	35	5	49	6	34	7	37	8	34	9	47	10	37	11	32	12	38	13	34	14	31	15	47	16	45	17	41	18	35	19	42	
	0	25	1	28	2	15	3	26	4	24	5	30	6	23	7	27	8	14	9	26	10	22	11	17	12	22	13	20	14	28	15	28	16	17	17	21	18	23	19	23	
	0	60	1	56	2	58	3	45	4	51	5	56	6	58	7	52	8	55	9	57	10	58	11	55	12	59	13	52	14	48	15	54	16	43	17	56	18	48	19	43	
	0	9	1	27	2	26	3	16	4	20	5	12	6	25	7	17	8	25	9	19	10	16	11	19	12	27	13	10	14	12	15	22	16	24	17	13	18	24	19	9	
	0	78	1	93	2	86	3	94	4	88	5	90	6	91	7	93	8	78	9	89	10	90	11	79	12	95	13	95	14	86	15	83	16	81	17	82	18	81	19	91	
	0	106	1	90	2	106	3	90	4	93	5	103	6	94	7	104	8	106	9	99	10	93	11	101	12	95	13	108	14	106	15	105	16	101	17	95	18	102	19	100	
	0	66	1	63	2	71	3	58	4	75	5	60	6	64	7	67	8	59	9	60	10	68	11	61	12	67	13	67	14	67	15	63	16	73	17	57	18	74	19	59	
	0	10	1	10	2	8	3	13	4	13	5	7	6	5	7	22	8	18	9	9	10	7	11	10	12	9	13	8	14	21	15	17	16	8	17	10	18	19	19	17	
	0	28	1	12	2	30	3	14	4	16	5	14	6	22	7	27	8	17	9	25	10	25	11	13	12	30	13	17	14	12	15	15	16	15	17	16	18	25	19	29	
	0	64	1	61	2	59	3	71	4	69	5	70	6	69	7	57	8	70	9	68	10	65	11	72	12	70	13	64	14	66	15	59	16	72	17	62	18	67	19	70	
	0	78	1	92	2	80	3	85	4	79	5	92	6	88	7	80	8	82	9	88	10	79	11	94	12	89	13	94	14	84	15	86	16	87	17	90	18	85	19	91	
	0	93	1	98	2	92	3	100	4	103	5	98	6	91	7	94	8	96	9	97	10	104	11	97	12	92	13	102	14	90	15	105	16	96	17	98	18	96	19	97	
	0	24	1	8	2	16	3	19	4	19	5	20	6	12	7	11	8	17	9	19	10	8	11	13	12	9	13	18	14	14	15	27	16	25	17	11	18	15	19	25	
	0	61	1	72	2	60	3	71	4	70	5	55	6	59	7	66	8	61	9	59	10	56	11	61	12	54	13	71	14	68	15	64	16	66	17	55	18	64	19	58	
	0	19	1	26	2	12	3	15	4	12	5	29	6	18	7	14	8	22	9	24	10	29	11	20	12	11	13	29	14	21	15	17	16	22	17	16	18	30	19	24	
	0	76	1	65	2	80	3	68	4	71	5	73	6	77	7	76	8	63	9	81	10	72	11	78	12	71	13	77	14	65	15	80	16	75	17	80	18	74	19	65	
	0	22	1	17	2	13	3	23	4	14	5	23	6	27	7	11	8	11	9	11	10	29	11	11	12	23	13	25	14	12	15	22	16	21	17	12	18	15	19	19	
	0	21	1	32	2	26	3	31	4	23	5	26	6	17	7	34	8	19	9	29	10	16	11	30	12	31	13	30	14	22	15	19	16	26	17	26	18	31	19	19	
	0	29	1	30	2	18	3	20	4	34	5	29	6	31	7	24	8	25	9	28	10	18	11	34	12	26	13	25	14	35	15	34	16	18	17	31	18	23	19	29	
	0	71	1	83	2	74	3	85	4	77	5	73	6	71	7	69	8	72	9	82	10	79	11	76	12	85	13	82	14	69	15	80	16	73	17	72	18	87	19	86	
	0	44	1	33	2	41	3	49	4	31	5	47	6	50	7	34	8	43	9	50	10	36	11	34	12	35	13	35	14	39	15	40	16	36	17	34	18	34	19	50	
	0	80	1	80	2	72	3	86	4	74	5	79	6	90	7	73	8	83	9	83	10	77	11	74	12	81	13	85	14	79	15	71	16	86	17	81	18	79	19	77	
	0	76	1	66	2	70	3	65	4	76	5	73	6	72	7	63	8	72	9	69	10	71	11	72	12	65	13	77	14	64	15	59	16	76	17	69	18	70	19	67	
	0	12	1	24	2	30	3	21	4	28	5	28	6	23	7	23	8	24	9	12	10	12	11	15	12	12	13	17	14	19	15	22	16	12	17	15	18	15	19	25	
	0	48	1	46	2	52	3	51	4	51	5	50	6	47	7	45	8	38	9	50	10	33	11	46	12	47	13	34	14	35	15	39	16	37	17	50	18	41	19	43	
	0	58	1	52	2	49	3	54	4	53	5	50	6	51	7	50	8	49	9	55	10	62	11	57	12	47	13	53	14	55	15	54	16	60	17	49	18	48	19	49	
	0	59	1	44	2	44	3	44	4	43	5	59	6	58	7	49	8	47	9	49	10	56	11	53	12	59	13	50	14	53	15	45	16	44	17	42	18	59	19	57	
	0	41	1	50	2	42	3	53	4	50	5	46	6	38	7	45	8	42	9	48	10	39	11	49	12	51	13	54	14	44	15	40	16	45	17	39	18	45	19	45	
	0	20	1	15	2	14	3	17	4	13	5	11	6	15	7	12	8	25	9	12	10	12	11	8	12	6	13	11	14	12	15	25	16	24	17	14	18	15	19	25	
	0	88	1	89	2	87	3	102	4	102	5	94	6	87	7	92	8	101	9	91	10	93	11	98	12	87	13	97	14	94	15	93	16	105	17	90	18	100	19	91	
	0	38	1	38	2	39	3	33	4	45	5	36	6	46	7	35	8	30	9	28	10	35	11	43	12	31	13	44	14	34	15	30	16	34	17	32	18	44	19	43	
	0	60	1	57	2	61	3	56	4	65	5	64	6	54	7	54	8	66	9	63	10	53	11	57	12	65	13	56	14	52	15	65	16	51	17	53	18	50	19	57	
	0	22	1	30	2	24	3	28	4	30	5	15	6	18	7	28	8	27	9	18	10	14	11	31	12	19	13	24	14	27	15	14	16	17	17	22	18	31	19	20	
	0	109	1	110	2	118	3	112	4	107	5	110	6	114	7	99	8	109	9	100	10	104	11	103	12	102	13	107	14	109	15	115	16	113	17	115	18	109	19	117	
	0	69	1	62	2	55	3	64	4	59	5	53	6	50	7	54	8	64	9	68	10	66	11	58	12	67	13	64	14	64	15	67	16	58	17	69	18	63	19	65	
	0	112	1	100	2	109	3	102	4	100	5	111	6	115	7	99	8	109	9	112	10	104	11	100	12	111	13	116	14	115	15	102	16	110	17	108	18	101	19	98	
	0	29	1	34	2	23	3	39	4	24	5	23	6	38	7	39	8	41	9	26	10	25	11	38	12	41	13	35	14	30	15	32	16	37	17	28	18	25	19	27	
	0	85	1	90	2	94	3	80	4	86	5	79	6	86	7	98	8	87	9	89	10	87	11	83	12	86	13	90	14	90	15	82	16	87	17	81	18	80	19	96	
	0	85	1	74	2	71	3	69	4	79	5	73	6	79	7	70	8	68	9	70	10	79	11	72	12	72	13	82	14	73	15	74	16	86	17	67	18	80	19	68	
	0	34	1	22	2	31	3	25	4	29	5	30	6	29	7	18	8	27	9	24	10	16	11	27	12	32	13	26	14	34	15	33	16	31	17	23	18	19	19	17	
	0	64	1	72	2	64	3	54	4	67	5	53	6	66	7	57	8	53	9	56	10	55	11	67	12	71	13	60	14	59	15	71	16	55	17	58	18	57	19	68	
	0	112	1	115	2	108	3	104	4	114	5	107	6	112	7	99	8	112	9	98	10	107	11	115	12	113	13	103	14	106	15	113	16	101	17	102	18	107	19	110	
	0	55	1	63	2	68	3	57	4	70	5	69	6	51	7	57	8	62	9	66	10	51	11	63	12	59	13	60	14	61	15	67	16	67	17	57	18	62	19	67	
	0	70	1	81	2	88	3	73	4	76	5	77	6	87	7	89	8	80	9	74	10	82	11	71	12	77	13	74	14	88	15	73	16	80	17	82	18	70	19	75	
	0	77	1	72	2	76	3	68	4	81	5	79	6	71	7	64	8	72	9	76	10	66	11	66	12	66	13	76	14	70	15	75	16	70	17	72	18	73	19	78	
	0	86	1	86	2	92	3	83	4	86	5	83	6	85	7	82	8	83	9	81	10	97	11	79	12	93	13	84	14	88	15	87	16	82	17	97	18	95	19	90	
	0	8	1	15	2	11	3	20	4	11	5	24	6	10	7	19	8	15	9	14	10	12	11	24	12	21	13	8	14	12	15	15	16	11	17	12	18	10	19	23	
	0	28	1	22	2	24	3	22	4	22	5	16	6	25	7	27	8	35	9	34	10	23	11	16	12	18	13	25	14	18	15	17	16	23	17	33	18	27	19	21	
	0	26	1	18	2	9	3	19	4	18	5	8	6	19	7	7	8	24	9	20	10	16	11	7	12	7	13	11	14	7	15	10	16	20	17	20	18	15	19	7	
	0	20	1	21	2	17	3	5	4	15	5	22	6	7	7	17	8	21	9	13	10	10	11	13	12	9	13	23	14	15	15	20	16	14	17	15	18	22	19	5	
	0	82	1	75	2	83	3	69	4	75	5	81	6	83	7	82	8	67	9	78	10	82	11	72	12	85	13	76	14	75	15	79	16	73	17	75	18	73	19	68	
	0	84	1	79	2	73	3	88	4	79	5	87	6	83	7	77	8	82	9	74	10	91	11	88	12	72	13	86	14	83	15	81	16	86	17	72	18	76	19	89	
	0	85	1	83	2	99	3	85	4	93	5	96	6	84	7	82	8	96	9	90	10	100	11	83	12	93	13	96	14	97	15	81	16	96	17	82	18	97	19	89	
	0	47	1	47	2	54	3	48	4	41	5	43	6	44	7	55	8	56	9	41	10	42	11	52	12	43	13	57	14	50	15	49	16	57	17	42	18	44	19	51	
	0	19	1	24	2	22	3	9	4	18	5	17	6	27	7	21	8	8	9	10	10	13	11	16	12	10	13	12	14	27	15	25	16	11	17	15	18	14	19	22	
	0	22	1	30	2	30	3	34	4	25	5	27	6	22	7	38	8	22	9	27	10	27	11	35	12	25	13	39	14	28	15	34	16	37	17	31	18	37	19	36	
	0	17	1	21	2	21	3	5	4	10	5	6	6	10	7	5	8	6	9	9	10	20	11	18	12	12	13	11	14	16	15	13	16	20	17	13	18	20	19	5	
	0	35	1	34	2	24	3	23	4	34	5	27	6	33	7	27	8	30	9	35	10	22	11	34	12	38	13	27	14	38	15	37	16	23	17	34	18	27	19	33	
	0	70	1	75	2	64	3	66	4	60	5	56	6	61	7	71	8	63	9	63	10	71	11	73	12	74	13	56	14	64	15	59	16	56	17	58	18	61	19	57	
	0	17	1	13	2	24	3	10	4	23	5	24	6	26	7	10	8	17	9	7	10	23	11	25	12	8	13	15	14	14	15	24	16	25	17	19	18	22	19	24	
	0	56	1	54	2	52	3	43	4	41	5	44	6	41	7	42	8	42	9	57	10	58	11	41	12	55	13	56	14	53	15	57	16	45	17	59	18	52	19	50	
	0	11	1	17	2	15	3	10	4	14	5	15	6	22	7	16	8	18	9	16	10	26	11	15	12	14	13	25	14	12	15	14	16	8	17	8	18	8	19	18	
	0	23	1	35	2	23	3	36	4	29	5	39	6	41	7	41	8	38	9	34	10	25	11	26	12	37	13	40	14	27	15	40	16	36	17	37	18	25	19	29	
	0	22	1	27	2	19	3	34	4	25	5	27	6	25	7	17	8	16	9	19	10	34	11	17	12	15	13	17	14	34	15	21	16	30	17	31	18	29	19	18	
	0	75	1	72	2	86	3	80	4	78	5	79	6	85	7	79	8	80	9	72	10	85	11	82	12	86	13	73	14	71	15	71	16	82	17	76	18	73	19	84	
	0	53	1	39	2	39	3	43	4	46	5	44	6	49	7	43	8	44	9	36	10	40	11	54	12	35	13	41	14	48	15	38	16	35	17	46	18	50	19	53	
	0	35	1	40	2	36	3	26	4	27	5	39	6	25	7	35	8	35	9	43	10	27	11	33	12	35	13	28	14	40	15	32	16	35	17	39	18	24	19	37	
	0	52	1	49	2	48	3	52	4	41	5	44	6	41	7	41	8	47	9	55	10	50	11	48	12	50	13	39	14	57	15	56	16	56	17	53	18	40	19	52	
	0	57	1	66	2	62	3	53	4	67	5	67	6	56	7	56	8	66	9	68	10	64	11	61	12	67	13	67	14	61	15	55	16	60	17	66	18	66	19	53	
	0	24	1	13	2	11	3	23	4	11	5	24	6	15	7	21	8	17	9	10	10	19	11	25	12	11	13	13	14	17	15	20	16	26	17	18	18	14	19	20	
	0	56	1	62	2	48	3	49	4	55	5	55	6	65	7	58	8	46	9	50	10	51	11	64	12	52	13	52	14	62	15	59	16	57	17	52	18	56	19	48	
	0	51	1	56	2	59	3	54	4	55	5	53	6	49	7	46	8	50	9	49	10	59	11	53	12	41	13	45	14	49	15	40	16	41	17	45	18	53	19	43	
	0	100	1	96	2	86	3	97	4	104	5	104	6	98	7	89	8	99	9	97	10	92	11	103	12	105	13	88	14	96	15	86	16	102	17	99	18	93	19	87	
	0	49	1	39	2	44	3	49	4	50	5	56	6	56	7	49	8	53	9	55	10	56	11	37	12	47	13	51	14	43	15	44	16	45	17	54	18	56	19	38	
	0	95	1	101	2	87	3	85	4	101	5	100	6	87	7	84	8	85	9	88	10	99	11	101	12	82	13	97	14	100	15	98	16	84	17	92	18	100	19	93	
	0	77	1	82	2	77	3	85	4	73	5	80	6	77	7	77	8	82	9	70	10	70	11	70	12	77	13	79	14	81	15	73	16	72	17	81	18	80	19	83	
	0	22	1	16	2	5	3	24	4	9	5	11	6	14	7	12	8	7	9	18	10	22	11	5	12	6	13	21	14	7	15	11	16	20	17	23	18	18	19	18	
	0	11	1	7	2	13	3	17	4	7	5	21	6	25	7	19	8	12	9	8	10	24	11	25	12	21	13	12	14	16	15	16	16	17	17	7	18	25	19	12	
	0	14	1	6	2	9	3	6	4	7	5	22	6	6	7	8	8	16	9	11	10	22	11	19	12	13	13	19	14	21	15	4	16	8	17	9	18	17	19	10	
	0	96	1	88	2	83	3	87	4	92	5	91	6	88	7	83	8	99	9	81	10	86	11	86	12	82	13	81	14	88	15	89	16	96	17	80	18	85	19	95	
	0	76	1	89	2	86	3	83	4	79	5	92	6	90	7	87	8	81	9	92	10	89	11	79	12	90	13	81	14	94	15	80	16	87	17	77	18	93	19	88	
	0	14	1	9	2	22	3	23	4	27	5	17	6	19	7	10	8	27	9	14	10	14	11	22	12	23	13	12	14	22	15	24	16	28	17	19	18	16	19	17	
	0	81	1	64	2	75	3	79	4	76	5	67	6	64	7	69	8	73	9	69	10	68	11	83	12	81	13	73	14	72	15	67	16	83	17	74	18	82	19	76	
	0	49	1	47	2	35	3	49	4	38	5	34	6	38	7	41	8	42	9	34	10	44	11	46	12	33	13	44	14	46	15	46	16	38	17	36	18	47	19	35	
	0	112	1	113	2	101	3	113	4	119	5	116	6	101	7	106	8	102	9	102	10	112	11	101	12	112	13	105	14	114	15	115	16	114	17	119	18	106	19	111	
	0	32	1	47	2	47	3	51	4	39	5	46	6	46	7	40	8	48	9	38	10	43	11	44	12	44	13	41	14	38	15	37	16	39	17	34	18	35	19	40	
	0	64	1	76	2	61	3	66	4	68	5	63	6	66	7	72	8	66	9	71	10	66	11	66	12	68	13	71	14	68	15	75	16	65	17	57	18	57	19	76	
	0	67	1	69	2	65	3	71	4	59	5	70	6	73	7	54	8	62	9	72	10	66	11	64	12	71	13	61	14	69	15	69	16	64	17	63	18	55	19	59	
	0	106	1	112	2	101	3	105	4	96	5	103	6	102	7	111	8	99	9	97	10	103	11	96	12	100	13	102	14	103	15	103	16	112	17	114	18	112	19	103	
	0	39	1	34	2	39	3	36	4	23	5	26	6	31	7	38	8	22	9	31	10	39	11	39	12	25	13	39	14	23	15	39	16	35	17	31	18	28	19	27	
	0	21	1	13	2	20	3	15	4	16	5	7	6	9	7	12	8	8	9	21	10	19	11	23	12	8	13	22	14	21	15	21	16	17	17	18	18	5	19	21	
	0	77	1	71	2	68	3	65	4	73	5	63	6	77	7	74	8	62	9	70	10	78	11	77	12	74	13	67	14	77	15	77	16	80	17	65	18	64	19	63	
	0	26	1	29	2	34	3	26	4	25	5	37	6	38	7	25	8	29	9	34	10	33	11	36	12	38	13	26	14	30	15	29	16	25	17	38	18	27	19	27	
	0	98	1	81	2	81	3	97	4	90	5	85	6	94	7	81	8	92	9	99	10	86	11	97	12	82	13	83	14	93	15	87	16	97	17	82	18	84	19	97	
	0	65	1	63	2	64	3	48	4	50	5	49	6	57	7	49	8	49	9	53	10	54	11	56	12	61	13	61	14	53	15	50	16	54	17	47	18	46	19	63	
	0	61	1	50	2	60	3	67	4	59	5	50	6	61	7	59	8	59	9	58	10	64	11	50	12	59	13	65	14	61	15	53	16	67	17	53	18	54	19	49	
	0	96	1	86	2	103	3	89	4	105	5	88	6	93	7	97	8	101	9	96	10	88	11	88	12	89	13	92	14	101	15	94	16	93	17	97	18	93	19	91	
	0	44	1	41	2	29	3	46	4	29	5	41	6	31	7	37	8	47	9	28	10	31	11	43	12	45	13	35	14	29	15	33	16	30	17	43	18	38	19	40	
	0	99	1	94	2	107	3	100	4	95	5	89	6	89	7	96	8	96	9	104	10	95	11	93	12	92	13	91	14	94	15	98	16	88	17	88	18	98	19	103	
	0	82	1	79	2	80	3	75	4	72	5	81	6	73	7	81	8	79	9	75	10	73	11	68	12	68	13	69	14	76	15	80	16	84	17	76	18	70	19	82	
	0	20	1	16	2	20	3	26	4	13	5	21	6	21	7	26	8	24	9	28	10	27	11	24	12	20	13	23	14	18	15	31	16	16	17	28	18	12	19	12	
	0	81	1	68	2	83	3	76	4	79	5	68	6	68	7	79	8	82	9	72	10	68	11	77	12	67	13	76	14	64	15	70	16	70	17	74	18	76	19	80	
	0	91	1	107	2	89	3	92	4	92	5	95	6	90	7	98	8	93	9	96	10	97	11	101	12	104	13	96	14	106	15	106	16	102	17	104	18	103	19	94	
	0	23	1	27	2	28	3	26	4	32	5	31	6	25	7	23	8	37	9	29	10	22	11	32	12	27	13	25	14	28	15	26	16	36	17	25	18	23	19	27	
	0	60	1	52	2	49	3	47	4	47	5	52	6	55	7	50	8	64	9	54	10	53	11	60	12	45	13	46	14	55	15	64	16	50	17	49	18	61	19	61	
	0	8	1	9	2	19	3	19	4	12	5	18	6	14	7	5	8	5	9	19	10	18	11	22	12	20	13	17	14	16	15	10	16	5	17	7	18	22	19	10	
	0	65	1	64	2	52	3	66	4	66	5	65	6	65	7	60	8	60	9	56	10	63	11	56	12	60	13	68	14	53	15	59	16	62	17	66	18	67	19	59	
	0	15	1	14	2	14	3	19	4	9	5	12	6	15	7	14	8	10	9	23	10	14	11	19	12	14	13	27	14	11	15	9	16	22	17	22	18	20	19	26	
	0	96	1	89	2	102	3	89	4	85	5	87	6	88	7	90	8	101	9	93	10	91	11	91	12	91	13	87	14	87	15	89	16	90	17	84	18	102	19	98	
	0	75	1	77	2	94	3	76	4	75	5	94	6	89	7	79	8	75	9	76	10	76	11	84	12	93	13	91	14	77	15	90	16	79	17	76	18	89	19	88	
	0	111	1	101	2	100	3	95	4	103	5	107	6	104	7	110	8	92	9	101	10	104	11	98	12	110	13	107	14	95	15	105	16	98	17	99	18	94	19	102	
	0	57	1	65	2	63	3	65	4	57	5	54	6	49	7	67	8	61	9	68	10	51	11	55	12	62	13	56	14	68	15	57	16	49	17	61	18	53	19	67	
	0	39	1	29	2	21	3	21	4	22	5	37	6	26	7	36	8	39	9	26	10	37	11	33	12	24	13	32	14	34	15	36	16	40	17	35	18	40	19	29	
	0	36	1	46	2	51	3	53	4	55	5	50	6	48	7	39	8	47	9	48	10	37	11	37	12	43	13	45	14	52	15	40	16	55	17	44	18	52	19	36	
	0	112	1	97	2	100	3	103	4	112	5	108	6	105	7	103	8	96	9	97	10	96	11	98	12	109	13	104	14	105	15	114	16	108	17	111	18	102	19	113	
	0	17	1	12	2	18	3	14	4	15	5	21	6	19	7	19	8	25	9	24	10	19	11	17	12	9	13	16	14	15	15	15	16	25	17	21	18	14	19	11	
	0	51	1	58	2	46	3	58	4	40	5	52	6	43	7	55	8	43	9	58	10	48	11	57	12	47	13	58	14	46	15	39	16	40	17	49	18	43	19	50	
	0	35	1	35	2	32	3	35	4	27	5	29	6	44	7	37	8	27	9	28	10	45	11	30	12	37	13	30	14	43	15	44	16	38	17	40	18	44	19	40	
	0	4	1	8	2	19	3	7	4	12	5	7	6	19	7	20	8	20	9	12	10	19	11	16	12	20	13	3	14	15	15	9	16	19	17	13	18	13	19	4	
	0	28	1	38	2	32	3	40	4	26	5	26	6	32	7	25	8	39	9	32	10	30	11	39	12	39	13	36	14	28	15	32	16	26	17	38	18	35	19	33	
	0	78	1	89	2	85	3	89	4	78	5	86	6	82	7	81	8	79	9	93	10	87	11	91	12	87	13	92	14	91	15	90	16	90	17	87	18	78	19	82	
	0	27	1	24	2	16	3	19	4	29	5	21	6	32	7	32	8	23	9	17	10	28	11	31	12	27	13	29	14	15	15	30	16	21	17	24	18	21	19	20	
	0	45	1	35	2	41	3	47	4	44	5	48	6	38	7	49	8	51	9	45	10	49	11	42	12	47	13	42	14	48	15	36	16	53	17	44	18	52	19	38	
	0	107	1	110	2	106	3	95	4	109	5	106	6	106	7	108	8	110	9	100	10	96	11	113	12	96	13	100	14	103	15	114	16	110	17	106	18	102	19	96	
	0	87	1	93	2	92	3	102	4	95	5	95	6	99	7	103	8	104	9	93	10	99	11	94	12	95	13	101	14	87	15	103	16	95	17	92	18	93	19	88	
	0	82	1	80	2	89	3	92	4	77	5	77	6	78	7	89	8	93	9	80	10	78	11	79	12	82	13	92	14	81	15	86	16	93	17	82	18	76	19	82	
	0	110	1	102	2	96	3	100	4	107	5	103	6	109	7	100	8	108	9	108	10	99	11	113	12	114	13	103	14	114	15	105	16	105	17	99	18	115	19	102	
	0	115	1	103	2	116	3	112	4	100	5	112	6	113	7	115	8	106	9	114	10	105	11	107	12	100	13	113	14	100	15	111	16	101	17	110	18	108	19	117	
	0	39	1	47	2	48	3	50	4	45	5	36	6	44	7	50	8	51	9	43	10	53	11	50	12	50	13	47	14	48	15	43	16	44	17	45	18	38	19	52	
	0	99	1	91	2	96	3	102	4	108	5	96	6	94	7	102	8	100	9	102	10	91	11	109	12	105	13	100	14	106	15	108	16	108	17	103	18	98	19	93	
	0	72	1	68	2	75	3	68	4	78	5	79	6	76	7	65	8	67	9	65	10	69	11	77	12	62	13	79	14	68	15	61	16	63	17	70	18	63	19	61	
	0	24	1	25	2	16	3	18	4	17	5	12	6	13	7	15	8	25	9	13	10	25	11	15	12	8	13	19	14	13	15	11	16	11	17	22	18	22	19	21	
	0	36	1	48	2	45	3	38	4	34	5	51	6	49	7	35	8	36	9	40	10	46	11	44	12	42	13	35	14	33	15	36	16	36	17	35	18	35	19	41	
	0	85	1	79	2	94	3	78	4	78	5	83	6	97	7	88	8	90	9	92	10	89	11	91	12	83	13	96	14	85	15	89	16	82	17	89	18	84	19	86	
	0	98	1	94	2	87	3	92	4	101	5	85	6	98	7	100	8	85	9	88	10	100	11	92	12	84	13	95	14	87	15	94	16	102	17	99	18	85	19	102	
	0	43	1	48	2	54	3	54	4	55	5	54	6	41	7	58	8	57	9	47	10	45	11	40	12	43	13	42	14	56	15	39	16	58	17	45	18	43	19	57	
	0	99	1	94	2	85	3	87	4	88	5	91	6	84	7	88	8	87	9	87	10	84	11	95	12	88	13	88	14	90	15	95	16	99	17	100	18	93	19	97	
	0	28	1	29	2	28	3	47	4	28	5	28	6	44	7	32	8	43	9	33	10	43	11	42	12	40	13	32	14	29	15	36	16	43	17	30	18	32	19	34	
	0	35	1	45	2	46	3	53	4	53	5	53	6	41	7	50	8	44	9	43	10	48	11	47	12	45	13	40	14	50	15	40	16	50	17	53	18	48	19	48	
	0	25	1	21	2	33	3	34	4	29	5	22	6	27	7	39	8	22	9	38	10	34	11	26	12	28	13	33	14	33	15	22	16	37	17	23	18	31	19	39	
	0	66	1	62	2	72	3	72	4	75	5	69	6	62	7	66	8	79	9	70	10	63	11	64	12	78	13	63	14	75	15	78	16	77	17	77	18	64	19	70	
	0	93	1	88	2	87	3	85	4	94	5	99	6	102	7	92	8	103	9	99	10	85	11	87	12	86	13	96	14	103	15	90	16	99	17	101	18	99	19	84	
	0	46	1	54	2	43	3	51	4	43	5	56	6	54	7	56	8	55	9	59	10	42	11	60	12	41	13	44	14	44	15	42	16	60	17	50	18	50	19	46	
	0	77	1	93	2	76	3	82	4	89	5	81	6	88	7	92	8	87	9	79	10	78	11	82	12	77	13	78	14	92	15	91	16	91	17	91	18	94	19	88	
	0	36	1	39	2	34	3	42	4	31	5	24	6	25	7	26	8	32	9	31	10	27	11	24	12	36	13	27	14	23	15	30	16	30	17	23	18	42	19	39	
	0	62	1	63	2	73	3	68	4	68	5	73	6	79	7	63	8	67	9	63	10	73	11	80	12	76	13	73	14	81	15	76	16	73	17	80	18	80	19	81	
	0	72	1	85	2	89	3	90	4	72	5	73	6	76	7	81	8	89	9	82	10	86	11	85	12	82	13	71	14	78	15	86	16	84	17	77	18	77	19	78	
	0	68	1	65	2	60	3	60	4	65	5	59	6	64	7	61	8	64	9	71	10	70	11	67	12	71	13	75	14	78	15	77	16	74	17	62	18	77	19	67	
	0	71	1	68	2	69	3	73	4	75	5	74	6	70	7	80	8	76	9	76	10	75	11	68	12	73	13	75	14	71	15	71	16	80	17	83	18	77	19	83	
	0	50	1	45	2	57	3	57	4	43	5	39	6	43	7	46	8	43	9	45	10	56	11	54	12	39	13	39	14	50	15	57	16	38	17	38	18	39	19	55	
	0	35	1	29	2	33	3	35	4	22	5	19	6	23	7	36	8	35	9	24	10	25	11	20	12	20	13	26	14	22	15	28	16	21	17	20	18	29	19	38	
	0	42	1	49	2	31	3	49	4	46	5	42	6	39	7	43	8	37	9	39	10	35	11	46	12	33	13	49	14	44	15	34	16	42	17	33	18	33	19	37	
	0	90	1	71	2	84	3	82	4	80	5	87	6	74	7	85	8	73	9	74	10	87	11	88	12	73	13	88	14	81	15	80	16	73	17	90	18	73	19	89	
	0	25	1	20	2	12	3	27	4	17	5	28	6	13	7	15	8	24	9	19	10	20	11	14	12	24	13	12	14	11	15	26	16	23	17	18	18	11	19	30	
	0	89	1	84	2	95	3	85	4	86	5	88	6	94	7	81	8	95	9	92	10	93	11	96	12	97	13	94	14	91	15	98	16	96	17	95	18	82	19	79	
	0	53	1	53	2	59	3	59	4	58	5	55	6	55	7	59	8	47	9	59	10	47	11	48	12	51	13	56	14	45	15	47	16	51	17	44	18	40	19	52	
	0	83	1	85	2	96	3	93	4	98	5	90	6	87	7	87	8	95	9	94	10	94	11	83	12	83	13	84	14	81	15	86	16	89	17	96	18	90	19	88	
	0	46	1	50	2	50	3	50	4	48	5	50	6	44	7	42	8	50	9	40	10	44	11	53	12	59	13	47	14	53	15	56	16	43	17	58	18	56	19	57	
	0	97	1	104	2	111	3	101	4	109	5	101	6	111	7	98	8	106	9	110	10	99	11	98	12	113	13	104	14	108	15	106	16	112	17	107	18	105	19	113	
	0	102	1	94	2	93	3	98	4	88	5	100	6	101	7	91	8	101	9	87	10	104	11	91	12	104	13	103	14	102	15	99	16	99	17	92	18	101	19	92	
	0	83	1	75	2	72	3	81	4	88	5	84	6	76	7	81	8	89	9	87	10	77	11	79	12	86	13	83	14	72	15	82	16	89	17	72	18	89	19	81	
	0	34	1	33	2	40	3	34	4	40	5	34	6	46	7	35	8	49	9	49	10	46	11	45	12	46	13	45	14	48	15	39	16	47	17	45	18	52	19	44	
	0	82	1	70	2	85	3	72	4	69	5	87	6	75	7	78	8	72	9	84	10	78	11	73	12	80	13	85	14	80	15	69	16	74	17	79	18	87	19	69	
	0	28	1	19	2	24	3	11	4	27	5	10	6	17	7	17	8	13	9	16	10	15	11	19	12	23	13	25	14	24	15	15	16	26	17	26	18	16	19	20	
	0	85	1	94	2	92	3	86	4	93	5	79	6	85	7	89	8	93	9	91	10	75	11	76	12	87	13	86	14	78	15	93	16	81	17	77	18	81	19	91	
	0	71	1	72	2	74	3	77	4	80	5	78	6	88	7	78	8	70	9	86	10	76	11	83	12	88	13	76	14	75	15	77	16	71	17	83	18	79	19	72	
	0	41	1	36	2	24	3	36	4	39	5	35	6	40	7	25	8	25	9	29	10	32	11	22	12	30	13	23	14	39	15	24	16	22	17	40	18	23	19	35	
	0	44	1	42	2	39	3	37	4	25	5	44	6	25	7	35	8	30	9	44	10	44	11	28	12	32	13	28	14	40	15	31	16	38	17	36	18	36	19	32	
	0	41	1	52	2	60	3	42	4	59	5	42	6	45	7	59	8	45	9	57	10	41	11	44	12	50	13	55	14	55	15	60	16	58	17	41	18	48	19	43	
	0	71	1	79	2	73	3	71	4	78	5	79	6	77	7	90	8	88	9	79	10	89	11	74	12	72	13	73	14	79	15	85	16	71	17	87	18	80	19	83	
	0	115	1	103	2	101	3	104	4	113	5	119	6	106	7	101	8	106	9	104	10	104	11	106	12	107	13	114	14	108	15	106	16	113	17	118	18	104	19	119	
	0	74	1	82	2	66	3	73	4	69	5	81	6	74	7	78	8	66	9	65	10	69	11	63	12	66	13	81	14	82	15	66	16	77	17	80	18	71	19	64	
	0	69	1	87	2	71	3	68	4	85	5	87	6	70	7	71	8	68	9	76	10	71	11	70	12	75	13	76	14	72	15	70	16	76	17	82	18	81	19	68	
	0	97	1	82	2	91	3	94	4	91	5	99	6	94	7	91	8	81	9	82	10	86	11	94	12	90	13	80	14	86	15	97	16	94	17	83	18	98	19	94	
	0	98	1	94	2	106	3	91	4	92	5	103	6	92	7	92	8	101	9	95	10	109	11	108	12	105	13	108	14	109	15	106	16	104	17	93	18	106	19	93	
	0	82	1	85	2	99	3	83	4	94	5	80	6	84	7	88	8	83	9	95	10	83	11	88	12	88	13	86	14	94	15	97	16	91	17	83	18	89	19	84	
	0	101	1	118	2	104	3	117	4	107	5	117	6	109	7	102	8	115	9	117	10	112	11	106	12	100	13	104	14	114	15	118	16	110	17	112	18	100	19	109	
	0	20	1	16	2	5	3	15	4	4	5	16	6	15	7	14	8	7	9	19	10	4	11	14	12	3	13	17	14	20	15	8	16	4	17	6	18	7	19	9	
	0	84	1	81	2	79	3	91	4	90	5	79	6	83	7	81	8	91	9	95	10	82	11	83	12	95	13	91	14	80	15	78	16	79	17	85	18	79	19	77	
	0	25	1	23	2	20	3	26	4	13	5	20	6	27	7	26	8	23	9	17	10	28	11	18	12	13	13	26	14	19	15	10	16	24	17	11	18	16	19	17	
	0	23	1	41	2	39	3	36	4	42	5	23	6	23	7	33	8	27	9	42	10	35	11	28	12	28	13	35	14	35	15	33	16	34	17	25	18	36	19	41	
	0	14	1	8	2	18	3	8	4	18	5	13	6	23	7	27	8	10	9	11	10	25	11	25	12	21	13	21	14	26	15	19	16	14	17	10	18	19	19	22	
	0	83	1	79	2	79	3	84	4	79	5	81	6	89	7	77	8	96	9	77	10	81	11	77	12	79	13	83	14	85	15	82	16	84	17	90	18	86	19	94	
	0	28	1	18	2	17	3	15	4	27	5	30	6	30	7	28	8	33	9	16	10	20	11	14	12	29	13	32	14	29	15	32	16	29	17	28	18	17	19	31	
	0	33	1	39	2	28	3	31	4	42	5	38	6	38	7	41	8	39	9	34	10	36	11	34	12	45	13	28	14	34	15	35	16	45	17	42	18	38	19	30	
	0	34	1	38	2	39	3	50	4	47	5	48	6	45	7	32	8	43	9	43	10	36	11	36	12	32	13	48	14	44	15	33	16	45	17	47	18	38	19	44	
	0	76	1	83	2	76	3	80	4	83	5	91	6	80	7	91	8	80	9	91	10	85	11	85	12	95	13	78	14	89	15	79	16	84	17	86	18	86	19	76	
	0	27	1	18	2	14	3	12	4	10	5	25	6	22	7	13	8	24	9	25	10	16	11	21	12	18	13	14	14	20	15	9	16	13	17	19	18	23	19	26	
	0	72	1	74	2	72	3	69	4	74	5	58	6	63	7	61	8	61	9	64	10	67	11	63	12	76	13	75	14	75	15	71	16	71	17	62	18	74	19	64	
	0	92	1	84	2	98	3	84	4	81	5	97	6	92	7	97	8	79	9	92	10	93	11	80	12	83	13	86	14	85	15	98	16	81	17	80	18	80	19	97	
	0	77	1	77	2	74	3	84	4	91	5	81	6	77	7	74	8	89	9	88	10	89	11	76	12	73	13	78	14	83	15	87	16	90	17	80	18	82	19	87	
	0	32	1	37	2	24	3	38	4	31	5	30	6	28	7	23	8	30	9	20	10	34	11	30	12	32	13	32	14	27	15	35	16	34	17	36	18	21	19	32	
	0	13	1	22	2	21	3	14	4	19	5	31	6	24	7	21	8	15	9	26	10	23	11	24	12	25	13	16	14	21	15	15	16	20	17	31	18	18	19	15	
	0	8	1	23	2	5	3	18	4	24	5	15	6	24	7	6	8	12	9	9	10	22	11	21	12	16	13	14	14	10	15	18	16	20	17	9	18	17	19	10	
	0	32	1	31	2	34	3	50	4	46	5	45	6	41	7	49	8	38	9	31	10	32	11	33	12	34	13	46	14	39	15	36	16	31	17	37	18	34	19	45	
	0	77	1	83	2	73	3	71	4	68	5	84	6	76	7	77	8	77	9	70	10	70	11	86	12	69	13	76	14	78	15	83	16	68	17	78	18	85	19	82	
	0	62	1	59	2	58	3	62	4	56	5	55	6	51	7	47	8	48	9	57	10	57	11	58	12	64	13	53	14	62	15	53	16	50	17	52	18	49	19	48	
	0	17	1	35	2	31	3	34	4	27	5	17	6	35	7	17	8	30	9	24	10	24	11	27	12	29	13	26	14	16	15	31	16	18	17	33	18	32	19	26	
	0	47	1	55	2	49	3	43	4	52	5	50	6	44	7	47	8	55	9	36	10	45	11	54	12	48	13	38	14	42	15	46	16	37	17	52	18	49	19	51	
	0	61	1	59	2	56	3	49	4	66	5	63	6	57	7	60	8	54	9	64	10	57	11	62	12	52	13	52	14	51	15	68	16	52	17	56	18	55	19	54	
	0	107	1	117	2	108	3	99	4	100	5	112	6	115	7	103	8	104	9	111	10	106	11	98	12	99	13	99	14	117	15	116	16	110	17	102	18	103	19	112	
	0	70	1	67	2	76	3	76	4	70	5	66	6	74	7	67	8	64	9	64	10	62	11	73	12	63	13	59	14	69	15	63	16	65	17	75	18	76	19	68	
	0	63	1	68	2	61	3	57	4	54	5	67	6	57	7	66	8	61	9	52	10	69	11	60	12	68	13	56	14	62	15	55	16	70	17	52	18	71	19	62	
	0	86	1	97	2	78	3	93	4	92	5	96	6	92	7	96	8	90	9	92	10	87	11	93	12	81	13	82	14	91	15	79	16	91	17	78	18	87	19	95	
	0	75	1	81	2	90	3	81	4	92	5	78	6	74	7	87	8	89	9	80	10	90	11	88	12	91	13	92	14	81	15	86	16	76	17	75	18	77	19	79	
	0	18	1	32	2	28	3	26	4	37	5	27	6	29	7	24	8	20	9	29	10	25	11	30	12	23	13	30	14	32	15	30	16	20	17	18	18	33	19	21	
	0	48	1	48	2	48	3	50	4	49	5	62	6	59	7	54	8	49	9	48	10	60	11	55	12	54	13	49	14	64	15	49	16	49	17	65	18	63	19	60	
	0	6	1	17	2	7	3	19	4	19	5	14	6	19	7	21	8	3	9	3	10	19	11	20	12	6	13	14	14	10	15	5	16	5	17	20	18	16	19	4	
	0	25	1	18	2	16	3	23	4	11	5	8	6	13	7	14	8	9	9	19	10	11	11	20	12	26	13	25	14	14	15	20	16	19	17	18	18	9	19	16	
	0	57	1	61	2	44	3	50	4	57	5	60	6	60	7	58	8	60	9	56	10	47	11	59	12	50	13	51	14	52	15	42	16	48	17	49	18	52	19	46	
	0	58	1	62	2	59	3	65	4	57	5	61	6	63	7	70	8	56	9	74	10	65	11	66	12	64	13	62	14	71	15	55	16	65	17	59	18	69	19	73	
	0	72	1	61	2	68	3	59	4	59	5	64	6	74	7	67	8	72	9	71	10	59	11	60	12	61	13	62	14	70	15	66	16	56	17	74	18	65	19	55	
	0	23	1	36	2	31	3	30	4	35	5	22	6	36	7	30	8	27	9	27	10	21	11	37	12	22	13	23	14	37	15	31	16	34	17	31	18	35	19	33	
	0	50	1	52	2	35	3	37	4	49	5	47	6	35	7	36	8	49	9	36	10	42	11	42	12	36	13	48	14	44	15	46	16	36	17	47	18	46	19	52	
	0	54	1	54	2	61	3	53	4	54	5	52	6	54	7	54	8	52	9	52	10	45	11	62	12	58	13	58	14	60	15	56	16	52	17	46	18	57	19	47	
	0	74	1	68	2	78	3	79	4	72	5	82	6	77	7	66	8	69	9	72	10	69	11	71	12	70	13	70	14	74	15	77	16	81	17	66	18	70	19	66	
	0	104	1	92	2	98	3	101	4	104	5	90	6	99	7	107	8	101	9	92	10	101	11	94	12	105	13	106	14	98	15	97	16	96	17	100	18	97	19	97	
	0	87	1	78	2	89	3	88	4	87	5	81	6	76	7	77	8	81	9	83	10	77	11	82	12	84	13	75	14	86	15	82	16	87	17	80	18	82	19	74	
	0	47	1	52	2	57	3	41	4	60	5	52	6	59	7	42	8	60	9	60	10	41	11	48	12	55	13	41	14	53	15	59	16	57	17	53	18	54	19	44	
	0	12	1	15	2	21	3	26	4	15	5	25	6	9	7	23	8	14	9	11	10	10	11	16	12	16	13	26	14	27	15	12	16	17	17	19	18	20	19	13	
	0	109	1	103	2	114	3	115	4	107	5	102	6	117	7	113	8	106	9	103	10	109	11	105	12	119	13	113	14	117	15	119	16	102	17	103	18	108	19	104	
	0	86	1	72	2	88	3	77	4	75	5	82	6	75	7	82	8	88	9	89	10	73	11	70	12	77	13	71	14	71	15	86	16	77	17	75	18	76	19	74	
	0	76	1	68	2	77	3	65	4	70	5	65	6	75	7	73	8	65	9	62	10	67	11	63	12	62	13	64	14	64	15	76	16	76	17	78	18	64	19	78	
	0	11	1	19	2	27	3	20	4	11	5	18	6	17	7	22	8	26	9	17	10	18	11	14	12	23	13	16	14	14	15	25	16	12	17	25	18	25	19	10	
	0	65	1	51	2	49	3	51	4	58	5	60	6	65	7	51	8	47	9	56	10	61	11	49	12	60	13	51	14	61	15	55	16	65	17	57	18	49	19	58	
	0	42	1	36	2	41	3	50	4	47	5	38	6	43	7	51	8	38	9	33	10	48	11	39	12	34	13	37	14	52	15	52	16	45	17	34	18	41	19	49	
	0	47	1	56	2	50	3	56	4	55	5	49	6	40	7	57	8	43	9	51	10	45	11	41	12	53	13	42	14	52	15	56	16	52	17	49	18	48	19	46	
	0	30	1	38	2	25	3	22	4	25	5	24	6	38	7	30	8	29	9	24	10	22	11	21	12	25	13	30	14	32	15	20	16	32	17	31	18	20	19	26	
	0	36	1	35	2	32	3	33	4	23	5	29	6	27	7	37	8	28	9	23	10	32	11	40	12	38	13	25	14	29	15	29	16	21	17	28	18	35	19	26	
	0	100	1	102	2	106	3	100	4	99	5	114	6	113	7	114	8	109	9	102	10	104	11	103	12	114	13	99	14	113	15	116	16	103	17	116	18	114	19	106	
	0	58	1	59	2	54	3	47	4	63	5	59	6	60	7	62	8	50	9	65	10	52	11	60	12	58	13	64	14	50	15	55	16	58	17	55	18	64	19	61	
	0	59	1	69	2	68	3	69	4	58	5	58	6	69	7	71	8	66	9	66	10	61	11	60	12	74	13	76	14	62	15	64	16	65	17	63	18	72	19	61	
	0	56	1	46	2	49	3	56	4	51	5	39	6	52	7	56	8	39	9	37	10	45	11	50	12	39	13	44	14	48	15	45	16	48	17	41	18	42	19	44	
	0	88	1	89	2	95	3	84	4	97	5	86	6	82	7	86	8	83	9	85	10	92	11	96	12	89	13	80	14	88	15	80	16	80	17	84	18	78	19	82	
	0	58	1	59	2	52	3	55	4	65	5	55	6	58	7	65	8	65	9	68	10	51	11	57	12	64	13	66	14	67	15	63	16	52	17	66	18	55	19	65	
	0	24	1	19	2	31	3	34	4	23	5	24	6	21	7	30	8	18	9	22	10	36	11	33	12	24	13	18	14	32	15	28	16	33	17	32	18	27	19	20	
	0	80	1	75	2	71	3	73	4	81	5	71	6	74	7	82	8	66	9	73	10	71	11	77	12	76	13	74	14	70	15	73	16	81	17	66	18	76	19	70	
	0	63	1	61	2	72	3	74	4	69	5	58	6	62	7	59	8	61	9	65	10	72	11	74	12	59	13	56	14	74	15	62	16	72	17	67	18	56	19	58	
	0	13	1	14	2	13	3	7	4	3	5	9	6	7	7	19	8	17	9	5	10	3	11	6	12	14	13	22	14	21	15	17	16	18	17	10	18	11	19	8	
	0	112	1	100	2	104	3	117	4	110	5	107	6	108	7	99	8	99	9	100	10	114	11	100	12	113	13	105	14	115	15	107	16	115	17	115	18	103	19	100	
	0	86	1	80	2	75	3	79	4	92	5	85	6	79	7	77	8	77	9	91	10	91	11	77	12	81	13	85	14	84	15	78	16	87	17	87	18	76	19	80	
	0	22	1	34	2	34	3	18	4	26	5	36	6	27	7	35	8	26	9	23	10	22	11	23	12	19	13	34	14	32	15	34	16	26	17	35	18	33	19	22	
	0	97	1	90	2	93	3	93	4	83	5	84	6	82	7	94	8	99	9	85	10	98	11	97	12	82	13	97	14	91	15	81	16	86	17	87	18	82	19	94	
	0	52	1	37	2	53	3	47	4	52	5	36	6	52	7	35	8	44	9	44	10	52	11	43	12	48	13	46	14	36	15	40	16	40	17	49	18	37	19	50	
	0	27	1	20	2	34	3	35	4	30	5	28	6	34	7	30	8	20	9	31	10	31	11	33	12	20	13	39	14	36	15	30	16	21	17	25	18	30	19	34	
	0	36	1	20	2	31	3	29	4	37	5	19	6	22	7	28	8	35	9	22	10	19	11	25	12	33	13	30	14	30	15	20	16	33	17	20	18	26	19	37	
	0	98	1	105	2	112	3	105	4	115	5	104	6	101	7	99	8	110	9	100	10	103	11	113	12	115	13	103	14	113	15	101	16	115	17	113	18	106	19	99	
	0	61	1	51	2	55	3	55	4	62	5	62	6	44	7	43	8	55	9	51	10	51	11	57	12	53	13	50	14	53	15	49	16	47	17	44	18	44	19	47	
	0	85	1	90	2	85	3	90	4	86	5	85	6	95	7	97	8	91	9	84	10	96	11	83	12	87	13	100	14	94	15	96	16	99	17	94	18	98	19	95	
	0	15	1	29	2	22	3	20	4	18	5	26	6	27	7	31	8	14	9	14	10	21	11	19	12	30	13	31	14	32	15	24	16	28	17	14	18	15	19	17	
	0	107	1	101	2	107	3	113	4	114	5	109	6	103	7	101	8	111	9	115	10	97	11	107	12	100	13	102	14	115	15	112	16	109	17	103	18	98	19	110	
	0	55	1	57	2	61	3	64	4	55	5	61	6	59	7	59	8	63	9	67	10	58	11	72	12	60	13	72	14	73	15	54	16	60	17	58	18	63	19	73	
	0	35	1	36	2	39	3	50	4	33	5	40	6	39	7	43	8	39	9	51	10	33	11	49	12	36	13	40	14	47	15	34	16	38	17	38	18	37	19	47	
	0	80	1	75	2	71	3	69	4	65	5	79	6	76	7	68	8	79	9	77	10	72	11	77	12	65	13	70	14	77	15	64	16	64	17	62	18	63	19	80	
	0	28	1	34	2	29	3	16	4	21	5	24	6	30	7	22	8	31	9	15	10	24	11	20	12	21	13	34	14	15	15	32	16	26	17	20	18	18	19	17	
	0	73	1	73	2	61	3	75	4	63	5	64	6	71	7	67	8	70	9	64	10	64	11	58	12	66	13	68	14	68	15	64	16	63	17	68	18	64	19	57	
	0	69	1	67	2	68	3	61	4	73	5	58	6	64	7	72	8	65	9	59	10	71	11	69	12	59	13	60	14	71	15	75	16	65	17	74	18	76	19	68	
	0	8	1	23	2	16	3	15	4	12	5	16	6	12	7	24	8	21	9	23	10	12	11	7	12	15	13	17	14	23	15	18	16	18	17	26	18	12	19	23	
	0	7	1	9	2	7	3	17	4	20	5	16	6	25	7	24	8	10	9	7	10	20	11	21	12	24	13	23	14	25	15	25	16	23	17	22	18	13	19	13	
	0	102	1	94	2	99	3	108	4	101	5	100	6	103	7	101	8	108	9	100	10	109	11	92	12	108	13	93	14	106	15	96	16	97	17	103	18	98	19	97	
	0	106	1	108	2	115	3	104	4	107	5	118	6	107	7	99	8	102	9	100	10	117	11	107	12	112	13	104	14	109	15	110	16	106	17	108	18	112	19	105	
	0	35	1	42	2	49	3	51	4	51	5	40	6	37	7	47	8	44	9	50	10	34	11	51	12	39	13	41	14	35	15	43	16	42	17	51	18	47	19	49	
	0	41	1	48	2	53	3	44	4	57	5	46	6	54	7	41	8	54	9	44	10	43	11	46	12	51	13	44	14	53	15	50	16	49	17	54	18	42	19	49	
	0	35	1	19	2	19	3	19	4	31	5	36	6	28	7	35	8	19	9	30	10	26	11	18	12	32	13	29	14	29	15	30	16	27	17	25	18	17	19	33	
	0	61	1	46	2	60	3	53	4	51	5	57	6	54	7	50	8	63	9	51	10	46	11	59	12	54	13	46	14	48	15	65	16	63	17	50	18	52	19	62	
	0	63	1	77	2	76	3	74	4	62	5	58	6	66	7	61	8	68	9	72	10	65	11	58	12	58	13	61	14	63	15	74	16	62	17	64	18	60	19	72	
	0	42	1	50	2	57	3	45	4	53	5	55	6	52	7	41	8	55	9	58	10	47	11	51	12	54	13	46	14	53	15	41	16	39	17	43	18	56	19	45	
	0	103	1	97	2	100	3	92	4	94	5	99	6	97	7	107	8	107	9	104	10	98	11	104	12	101	13	104	14	94	15	99	16	93	17	100	18	105	19	102	
	0	95	1	82	2	84	3	94	4	90	5	95	6	88	7	90	8	89	9	91	10	93	11	99	12	87	13	81	14	92	15	87	16	81	17	91	18	93	19	100	
	0	69	1	65	2	65	3	69	4	81	5	73	6	69	7	64	8	76	9	68	10	73	11	74	12	73	13	63	14	75	15	77	16	71	17	68	18	78	19	64	
	0	51	1	55	2	55	3	46	4	41	5	55	6	44	7	55	8	56	9	49	10	49	11	56	12	42	13	44	14	40	15	56	16	56	17	56	18	41	19	40	
	0	88	1	87	2	87	3	84	4	80	5	76	6	82	7	76	8	85	9	73	10	78	11	78	12	82	13	74	14	77	15	85	16	76	17	83	18	72	19	71	
	0	16	1	22	2	9	3	22	4	3	5	11	6	17	7	10	8	11	9	8	10	6	11	18	12	16	13	18	14	9	15	14	16	22	17	22	18	3	19	15	
	0	94	1	95	2	83	3	85	4	79	5	93	6	87	7	93	8	84	9	85	10	81	11	96	12	84	13	92	14	90	15	85	16	90	17	86	18	80	19	84	
	0	44	1	45	2	35	3	44	4	48	5	46	6	48	7	50	8	35	9	45	10	33	11	40	12	48	13	45	14	35	15	51	16	41	17	44	18	33	19	36	
	0	89	1	96	2	94	3	93	4	89	5	90	6	101	7	103	8	101	9	94	10	106	11	96	12	89	13	106	14	91	15	92	16	91	17	101	18	91	19	106	
	0	85	1	89	2	81	3	86	4	82	5	70	6	86	7	83	8	72	9	83	10	78	11	79	12	87	13	80	14	87	15	88	16	87	17	89	18	84	19	82	
	0	105	1	110	2	108	3	101	4	99	5	100	6	108	7	97	8	109	9	111	10	103	11	103	12	108	13	110	14	100	15	109	16	104	17	95	18	113	19	102	
	0	93	1	81	2	91	3	98	4	99	5	86	6	92	7	90	8	89	9	83	10	86	11	88	12	85	13	83	14	91	15	90	16	87	17	96	18	98	19	93	
	0	35	1	32	2	23	3	31	4	33	5	21	6	34	7	30	8	22	9	23	10	21	11	23	12	17	13	27	14	24	15	36	16	24	17	36	18	31	19	30	
	0	15	1	21	2	19	3	22	4	11	5	28	6	12	7	25	8	23	9	10	10	11	11	27	12	13	13	27	14	17	15	22	16	20	17	18	18	27	19	24	
	0	80	1	73	2	86	3	74	4	75	5	72	6	70	7	82	8	78	9	68	10	86	11	84	12	68	13	80	14	70	15	85	16	73	17	72	18	69	19	76	
	0	95	1	106	2	102	3	96	4	102	5	99	6	102	7	104	8	96	9	106	10	106	11	98	12	113	13	100	14	101	15	102	16	96	17	114	18	110	19	112	
	0	102	1	105	2	87	3	87	4	98	5	94	6	94	7	98	8	100	9	87	10	102	11	101	12	93	13	99	14	90	15	97	16	101	17	98	18	99	19	91	
	0	57	1	41	2	46	3	59	4	44	5	54	6	56	7	44	8	51	9	53	10	55	11	52	12	55	13	46	14	58	15	48	16	58	17	47	18	49	19	54	
	0	108	1	114	2	109	3	101	4	114	5	111	6	115	7	101	8	104	9	118	10	110	11	117	12	115	13	112	14	107	15	110	16	105	17	115	18	103	19	115	
	0	51	1	67	2	52	3	65	4	64	5	63	6	55	7	67	8	56	9	57	10	61	11	65	12	66	13	58	14	68	15	52	16	68	17	60	18	60	19	56	
	0	34	1	23	2	36	3	33	4	22	5	25	6	20	7	28	8	21	9	27	10	30	11	29	12	25	13	31	14	26	15	21	16	30	17	20	18	35	19	24	
	0	59	1	62	2	56	3	54	4	52	5	63	6	54	7	64	8	58	9	69	10	59	11	57	12	56	13	60	14	65	15	64	16	53	17	67	18	54	19	63	
	0	21	1	25	2	19	3	12	4	16	5	16	6	18	7	11	8	9	9	25	10	10	11	19	12	20	13	20	14	15	15	12	16	15	17	28	18	9	19	11	
	0	61	1	58	2	53	3	49	4	52	5	53	6	47	7	51	8	51	9	53	10	54	11	65	12	52	13	58	14	47	15	47	16	54	17	54	18	54	19	57	
	0	38	1	43	2	46	3	33	4	38	5	43	6	40	7	41	8	30	9	34	10	32	11	39	12	29	13	28	14	33	15	46	16	28	17	34	18	38	19	40	
	0	28	1	32	2	33	3	34	4	27	5	17	6	32	7	24	8	20	9	32	10	17	11	21	12	32	13	35	14	22	15	28	16	29	17	28	18	22	19	25	
	0	80	1	68	2	66	3	68	4	66	5	66	6	81	7	64	8	72	9	81	10	76	11	65	12	81	13	76	14	80	15	67	16	75	17	70	18	65	19	81	
	0	83	1	66	2	82	3	67	4	77	5	81	6	75	7	72	8	70	9	80	10	80	11	81	12	67	13	81	14	72	15	73	16	82	17	78	18	66	19	67	
	0	42	1	37	2	34	3	43	4	38	5	32	6	37	7	47	8	46	9	34	10	48	11	31	12	49	13	48	14	47	15	33	16	40	17	43	18	41	19	37	
	0	81	1	69	2	77	3	83	4	82	5	87	6	84	7	73	8	83	9	70	10	87	11	74	12	76	13	76	14	85	15	70	16	79	17	75	18	74	19	71	
	0	84	1	95	2	92	3	82	4	93	5	91	6	85	7	93	8	79	9	90	10	78	11	82	12	78	13	92	14	83	15	90	16	76	17	88	18	87	19	82	
	0	50	1	52	2	38	3	53	4	35	5	42	6	48	7	42	8	50	9	47	10	45	11	47	12	38	13	42	14	35	15	50	16	46	17	44	18	38	19	50	
	0	56	1	59	2	55	3	58	4	52	5	49	6	52	7	43	8	47	9	57	10	50	11	55	12	58	13	48	14	59	15	48	16	54	17	51	18	46	19	53	
	0	44	1	52	2	45	3	44	4	40	5	48	6	45	7	52	8	44	9	58	10	48	11	40	12	48	13	46	14	57	15	47	16	54	17	46	18	41	19	41	
	0	52	1	64	2	49	3	63	4	51	5	63	6	67	7	50	8	49	9	64	10	62	11	55	12	54	13	62	14	67	15	48	16	50	17	67	18	54	19	48	
	0	64	1	78	2	77	3	68	4	72	5	61	6	77	7	73	8	70	9	66	10	70	11	69	12	69	13	78	14	69	15	75	16	65	17	67	18	70	19	72	
	0	86	1	105	2	104	3	101	4	89	5	88	6	102	7	94	8	102	9	99	10	105	11	91	12	88	13	95	14	99	15	105	16	86	17	89	18	93	19	99	
	0	24	1	31	2	39	3	27	4	43	5	39	6	31	7	43	8	37	9	40	10	43	11	30	12	28	13	43	14	29	15	24	16	33	17	26	18	41	19	40	
	0	99	1	92	2	95	3	98	4	93	5	106	6	94	7	87	8	96	9	90	10	92	11	99	12	104	13	99	14	91	15	104	16	88	17	89	18	91	19	97	
	0	38	1	26	2	38	3	31	4	37	5	38	6	23	7	25	8	34	9	22	10	38	11	23	12	36	13	28	14	21	15	38	16	20	17	20	18	25	19	31	
	0	90	1	88	2	90	3	77	4	79	5	82	6	83	7	80	8	87	9	93	10	88	11	77	12	81	13	77	14	75	15	86	16	80	17	88	18	91	19	94	
	0	90	1	94	2	80	3	86	4	88	5	77	6	82	7	80	8	76	9	85	10	95	11	93	12	92	13	91	14	94	15	93	16	86	17	83	18	92	19	85	
	0	97	1	105	2	101	3	101	4	103	5	96	6	109	7	101	8	96	9	103	10	95	11	99	12	95	13	107	14	110	15	110	16	107	17	108	18	109	19	106	
	0	89	1	79	2	86	3	91	4	82	5	86	6	85	7	89	8	73	9	80	10	79	11	81	12	82	13	89	14	85	15	74	16	90	17	85	18	84	19	77	
	0	69	1	58	2	62	3	67	4	56	5	61	6	57	7	55	8	54	9	63	10	59	11	70	12	56	13	65	14	72	15	67	16	66	17	61	18	64	19	58	
	0	12	1	6	2	13	3	16	4	13	5	23	6	17	7	13	8	6	9	12	10	19	11	23	12	17	13	22	14	7	15	13	16	6	17	7	18	12	19	10	
	0	60	1	60	2	57	3	75	4	59	5	63	6	72	7	70	8	56	9	69	10	66	11	64	12	58	13	71	14	65	15	75	16	70	17	74	18	64	19	72	
	0	49	1	51	2	55	3	51	4	55	5	50	6	61	7	63	8	59	9	47	10	54	11	54	12	55	13	56	14	53	15	44	16	47	17	47	18	57	19	60	
	0	72	1	73	2	77	3	75	4	77	5	84	6	74	7	78	8	86	9	68	10	73	11	86	12	76	13	70	14	77	15	72	16	80	17	71	18	76	19	78	
	0	100	1	99	2	92	3	93	4	103	5	105	6	91	7	90	8	91	9	96	10	99	11	102	12	96	13	104	14	88	15	105	16	101	17	99	18	95	19	88	
	0	76	1	75	2	80	3	71	4	79	5	84	6	69	7	71	8	86	9	82	10	83	11	84	12	71	13	84	14	80	15	74	16	85	17	77	18	78	19	80	
	0	87	1	94	2	89	3	96	4	100	5	93	6	95	7	93	8	96	9	98	10	104	11	104	12	87	13	92	14	102	15	99	16	98	17	99	18	86	19	98	
	0	100	1	104	2	95	3	91	4	98	5	106	6	106	7	101	8	91	9	90	10	93	11	95	12	87	13	96	14	94	15	106	16	101	17	94	18	88	19	90	
	0	103	1	110	2	107	3	106	4	115	5	113	6	102	7	108	8	102	9	106	10	107	11	104	12	115	13	100	14	102	15	108	16	113	17	99	18	114	19	100	
	0	18	1	22	2	19	3	13	4	12	5	10	6	13	7	16	8	17	9	17	10	22	11	12	12	6	13	14	14	13	15	9	16	14	17	23	18	14	19	14	
	0	58	1	62	2	63	3	47	4	47	5	60	6	60	7	64	8	65	9	51	10	56	11	57	12	52	13	49	14	53	15	52	16	46	17	47	18	53	19	53	
	0	72	1	77	2	72	3	80	4	77	5	81	6	69	7	62	8	77	9	77	10	81	11	65	12	66	13	74	14	65	15	71	16	75	17	67	18	80	19	64	
	0	79	1	74	2	66	3	64	4	73	5	76	6	70	7	74	8	76	9	76	10	70	11	80	12	73	13	65	14	79	15	75	16	71	17	68	18	72	19	80	
	0	49	1	54	2	37	3	38	4	45	5	47	6	49	7	41	8	38	9	38	10	40	11	37	12	51	13	48	14	46	15	47	16	43	17	44	18	46	19	52	
	0	18	1	21	2	25	3	24	4	16	5	10	6	19	7	9	8	12	9	23	10	19	11	14	12	7	13	11	14	7	15	23	16	25	17	10	18	20	19	12	
	0	50	1	50	2	40	3	41	4	59	5	50	6	51	7	52	8	49	9	43	10	57	11	59	12	42	13	55	14	56	15	57	16	46	17	44	18	44	19	45	
	0	73	1	79	2	88	3	74	4	86	5	77	6	82	7	85	8	84	9	85	10	77	11	74	12	73	13	71	14	72	15	74	16	77	17	78	18	79	19	82	
	0	60	1	61	2	73	3	69	4	71	5	61	6	60	7	59	8	75	9	60	10	76	11	60	12	67	13	61	14	64	15	73	16	74	17	58	18	68	19	65	
	0	93	1	88	2	90	3	98	4	86	5	88	6	94	7	85	8	97	9	83	10	82	11	82	12	81	13	81	14	88	15	89	16	91	17	85	18	97	19	97	
	0	49	1	61	2	56	3	58	4	46	5	61	6	62	7	55	8	64	9	50	10	50	11	49	12	48	13	62	14	60	15	59	16	64	17	64	18	52	19	51	
	0	99	1	95	2	112	3	100	4	103	5	111	6	113	7	108	8	98	9	99	10	109	11	104	12	94	13	113	14	110	15	95	16	99	17	104	18	107	19	98	
	0	83	1	97	2	90	3	100	4	89	5	101	6	95	7	86	8	83	9	95	10	97	11	87	12	96	13	86	14	90	15	96	16	93	17	97	18	83	19	88	
	0	70	1	76	2	71	3	79	4	75	5	69	6	63	7	70	8	62	9	66	10	78	11	65	12	76	13	64	14	71	15	80	16	62	17	78	18	71	19	63	
	0	51	1	63	2	50	3	56	4	53	5	55	6	61	7	65	8	63	9	58	10	51	11	48	12	62	13	56	14	64	15	63	16	49	17	57	18	66	19	58	
	0	49	1	61	2	61	3	52	4	55	5	54	6	56	7	55	8	61	9	55	10	53	11	59	12	50	13	59	14	57	15	58	16	63	17	56	18	65	19	66	
	0	66	1	73	2	66	3	54	4	62	5	61	6	73	7	60	8	68	9	60	10	72	11	66	12	64	13	60	14	58	15	70	16	67	17	73	18	60	19	68	
	0	87	1	81	2	95	3	92	4	86	5	90	6	81	7	92	8	95	9	80	10	90	11	87	12	79	13	83	14	87	15	89	16	86	17	85	18	87	19	80	
	0	102	1	109	2	113	3	113	4	104	5	115	6	106	7	107	8	105	9	106	10	109	11	103	12	116	13	101	14	118	15	119	16	102	17	118	18	110	19	115	
	0	53	1	43	2	52	3	43	4	53	5	45	6	49	7	41	8	55	9	56	10	57	11	52	12	51	13	51	14	42	15	52	16	41	17	52	18	43	19	44	
	0	79	1	93	2	90	3	83	4	89	5	92	6	78	7	97	8	93	9	91	10	96	11	89	12	85	13	79	14	89	15	92	16	79	17	88	18	83	19	85	
	0	101	1	105	2	93	3	109	4	107	5	95	6	93	7	97	8	111	9	110	10	105	11	100	12	99	13	98	14	99	15	100	16	103	17	109	18	96	19	95	
	0	48	1	55	2	50	3	59	4	52	5	49	6	48	7	55	8	55	9	53	10	55	11	50	12	64	13	52	14	54	15	53	16	56	17	49	18	54	19	57	
	0	12	1	24	2	14	3	25	4	14	5	22	6	14	7	19	8	30	9	30	10	22	11	29	12	28	13	19	14	12	15	23	16	26	17	22	18	16	19	20	
	0	28	1	28	2	18	3	21	4	24	5	17	6	25	7	18	8	33	9	20	10	34	11	35	12	17	13	31	14	28	15	34	16	30	17	19	18	27	19	31	
	0	75	1	91	2	80	3	88	4	86	5	88	6	75	7	92	8	79	9	87	10	79	11	92	12	80	13	80	14	80	15	86	16	91	17	90	18	82	19	84	
	0	46	1	48	2	57	3	60	4	57	5	44	6	49	7	60	8	52	9	56	10	44	11	47	12	56	13	62	14	47	15	48	16	60	17	61	18	49	19	63	
	0	90	1	101	2	100	3	89	4	88	5	93	6	99	7	90	8	94	9	101	10	100	11	90	12	95	13	85	14	95	15	86	16	86	17	89	18	96	19	94	
	0	53	1	44	2	38	3	38	4	46	5	51	6	46	7	39	8	42	9	47	10	43	11	49	12	42	13	44	14	41	15	37	16	44	17	52	18	38	19	51	
	0	28	1	17	2	27	3	25	4	24	5	30	6	20	7	29	8	26	9	15	10	26	11	30	12	26	13	31	14	14	15	21	16	20	17	28	18	16	19	17	
	0	53	1	53	2	53	3	52	4	50	5	39	6	54	7	38	8	53	9	50	10	55	11	39	12	41	13	56	14	53	15	41	16	48	17	57	18	50	19	44	
	0	87	1	103	2	97	3	92	4	93	5	89	6	91	7	94	8	95	9	88	10	103	11	106	12	89	13	89	14	98	15	100	16	99	17	94	18	103	19	87	
	0	23	1	21	2	14	3	27	4	29	5	32	6	19	7	18	8	31	9	27	10	16	11	20	12	31	13	25	14	19	15	24	16	28	17	14	18	22	19	27	
	0	78	1	74	2	68	3	69	4	86	5	81	6	69	7	78	8	73	9	78	10	86	11	85	12	72	13	78	14	72	15	71	16	70	17	78	18	72	19	87	
	0	27	1	35	2	40	3	39	4	26	5	26	6	21	7	29	8	32	9	35	10	24	11	25	12	22	13	30	14	21	15	22	16	21	17	32	18	30	19	26	
	0	99	1	103	2	102	3	106	4	111	5	117	6	98	7	105	8	115	9	99	10	107	11	117	12	103	13	100	14	102	15	108	16	100	17	110	18	116	19	112	
	0	15	1	21	2	17	3	8	4	14	5	7	6	22	7	22	8	16	9	9	10	4	11	11	12	12	13	19	14	21	15	8	16	20	17	8	18	20	19	17	
	0	32	1	41	2	27	3	24	4	37	5	37	6	29	7	34	8	30	9	32	10	38	11	36	12	42	13	25	14	29	15	30	16	38	17	29	18	33	19	26	
	0	17	1	23	2	22	3	20	4	15	5	30	6	16	7	32	8	26	9	28	10	15	11	21	12	19	13	16	14	19	15	26	16	32	17	33	18	27	19	28	
	0	92	1	77	2	92	3	93	4	77	5	78	6	96	7	91	8	85	9	88	10	91	11	84	12	84	13	83	14	88	15	95	16	85	17	94	18	77	19	92	
	0	28	1	23	2	19	3	38	4	22	5	32	6	30	7	25	8	36	9	25	10	33	11	23	12	22	13	28	14	36	15	37	16	31	17	31	18	25	19	36	
	0	8	1	14	2	10	3	24	4	19	5	24	6	22	7	11	8	20	9	18	10	9	11	7	12	15	13	16	14	19	15	24	16	9	17	22	18	10	19	15	
	0	61	1	74	2	68	3	78	4	68	5	70	6	70	7	71	8	65	9	70	10	62	11	65	12	71	13	66	14	65	15	65	16	63	17	60	18	75	19	73	
	0	34	1	42	2	39	3	42	4	39	5	46	6	45	7	35	8	33	9	37	10	33	11	31	12	32	13	46	14	45	15	30	16	33	17	49	18	49	19	43	
	0	96	1	91	2	98	3	97	4	90	5	95	6	98	7	92	8	95	9	95	10	92	11	93	12	97	13	98	14	94	15	88	16	97	17	99	18	94	19	102	
	0	114	1	117	2	112	3	116	4	106	5	116	6	102	7	109	8	105	9	102	10	105	11	100	12	117	13	103	14	99	15	114	16	115	17	115	18	117	19	107	
	0	101	1	97	2	89	3	97	4	99	5	99	6	97	7	99	8	87	9	89	10	91	11	90	12	102	13	95	14	92	15	93	16	103	17	94	18	98	19	85	
	0	87	1	83	2	78	3	81	4	78	5	85	6	89	7	81	8	74	9	75	10	79	11	77	12	79	13	85	14	91	15	74	16	76	17	82	18	81	19	87	
	0	14	1	22	2	15	3	11	4	11	5	19	6	5	7	19	8	12	9	14	10	5	11	7	12	9	13	5	14	23	15	17	16	4	17	6	18	8	19	5	
	0	38	1	40	2	41	3	56	4	45	5	49	6	47	7	55	8	45	9	39	10	39	11	54	12	47	13	56	14	49	15	41	16	43	17	40	18	45	19	37	
	0	42	1	43	2	35	3	36	4	43	5	43	6	43	7	48	8	37	9	29	10	32	11	37	12	33	13	37	14	39	15	30	16	34	17	42	18	31	19	30	
	0	75	1	81	2	86	3	87	4	85	5	86	6	72	7	74	8	78	9	77	10	86	11	71	12	84	13	89	14	77	15	83	16	73	17	79	18	89	19	83	
	0	92	1	86	2	82	3	81	4	87	5	90	6	92	7	80	8	81	9	90	10	81	11	81	12	96	13	84	14	81	15	90	16	87	17	98	18	91	19	99	
	0	27	1	31	2	16	3	25	4	22	5	16	6	20	7	17	8	16	9	18	10	15	11	14	12	23	13	16	14	19	15	26	16	25	17	24	18	30	19	31	
	0	63	1	72	2	68	3	74	4	64	5	61	6	74	7	72	8	61	9	69	10	62	11	75	12	73	13	68	14	60	15	78	16	75	17	69	18	70	19	65	
	0	60	1	57	2	60	3	53	4	57	5	65	6	56	7	67	8	67	9	65	10	69	11	65	12	59	13	69	14	69	15	67	16	63	17	66	18	61	19	65	
	0	110	1	115	2	107	3	99	4	104	5	109	6	102	7	103	8	97	9	108	10	114	11	101	12	105	13	110	14	108	15	112	16	115	17	97	18	116	19	107	
	0	51	1	45	2	32	3	41	4	43	5	32	6	38	7	50	8	43	9	46	10	51	11	37	12	40	13	43	14	33	15	46	16	32	17	43	18	48	19	51	
	0	14	1	24	2	27	3	30	4	23	5	20	6	22	7	18	8	14	9	11	10	18	11	15	12	27	13	12	14	29	15	16	16	21	17	11	18	15	19	22	
	0	22	1	27	2	28	3	34	4	29	5	25	6	33	7	16	8	21	9	18	10	31	11	32	12	28	13	27	14	26	15	21	16	31	17	21	18	27	19	15	
	0	90	1	87	2	85	3	95	4	97	5	100	6	89	7	97	8	100	9	100	10	93	11	85	12	91	13	89	14	97	15	95	16	98	17	93	18	102	19	94	
	0	84	1	82	2	89	3	97	4	92	5	82	6	82	7	93	8	88	9	84	10	84	11	83	12	90	13	79	14	92	15	95	16	93	17	90	18	91	19	84	
	0	104	1	85	2	100	3	103	4	85	5	85	6	85	7	96	8	97	9	94	10	95	11	87	12	96	13	104	14	92	15	86	16	92	17	94	18	103	19	87	
	0	97	1	85	2	88	3	97	4	92	5	87	6	83	7	99	8	95	9	85	10	97	11	101	12	92	13	90	14	97	15	93	16	85	17	96	18	98	19	101	
	0	108	1	96	2	112	3	109	4	106	5	104	6	113	7	106	8	97	9	113	10	100	11	101	12	112	13	111	14	94	15	101	16	111	17	94	18	113	19	111	
	0	85	1	90	2	89	3	74	4	88	5	86	6	73	7	75	8	79	9	82	10	77	11	77	12	85	13	72	14	84	15	86	16	77	17	71	18	90	19	85	
	0	99	1	105	2	95	3	92	4	96	5	98	6	92	7	97	8	103	9	101	10	100	11	110	12	95	13	104	14	93	15	107	16	94	17	94	18	105	19	103	
	0	14	1	17	2	20	3	7	4	7	5	21	6	3	7	15	8	18	9	17	10	3	11	13	12	20	13	2	14	2	15	13	16	7	17	2	18	8	19	21	
	0	16	1	14	2	20	3	13	4	7	5	23	6	15	7	23	8	23	9	6	10	21	11	16	12	15	13	8	14	5	15	14	16	18	17	12	18	20	19	11	
	0	15	1	25	2	14	3	32	4	17	5	16	6	22	7	24	8	30	9	14	10	26	11	19	12	17	13	18	14	27	15	15	16	20	17	26	18	31	19	18	
	0	35	1	40	2	43	3	35	4	27	5	33	6	27	7	34	8	28	9	43	10	42	11	27	12	36	13	30	14	31	15	26	16	31	17	42	18	34	19	36	
	0	47	1	46	2	47	3	49	4	38	5	44	6	43	7	38	8	35	9	45	10	36	11	32	12	40	13	44	14	45	15	32	16	50	17	41	18	34	19	37	
	0	106	1	108	2	116	3	113	4	100	5	102	6	116	7	115	8	108	9	104	10	102	11	102	12	104	13	104	14	113	15	118	16	108	17	111	18	99	19	111	
	0	84	1	89	2	84	3	79	4	80	5	82	6	83	7	76	8	86	9	79	10	90	11	72	12	90	13	81	14	76	15	91	16	83	17	82	18	75	19	88	
	0	76	1	57	2	63	3	75	4	65	5	60	6	74	7	57	8	58	9	74	10	69	11	66	12	58	13	76	14	74	15	68	16	64	17	74	18	66	19	73	
	0	74	1	70	2	67	3	73	4	68	5	74	6	72	7	67	8	58	9	72	10	77	11	68	12	70	13	60	14	75	15	72	16	59	17	71	18	73	19	67	
	0	65	1	75	2	59	3	74	4	68	5	65	6	71	7	76	8	73	9	71	10	73	11	71	12	72	13	60	14	77	15	62	16	63	17	69	18	61	19	66	
	0	84	1	85	2	84	3	84	4	98	5	92	6	89	7	99	8	83	9	90	10	87	11	86	12	95	13	98	14	88	15	99	16	87	17	88	18	91	19	87	
	0	26	1	26	2	22	3	12	4	23	5	9	6	15	7	18	8	14	9	21	10	14	11	16	12	15	13	21	14	26	15	17	16	21	17	17	18	14	19	16	
	0	80	1	83	2	76	3	83	4	86	5	83	6	85	7	72	8	82	9	90	10	78	11	73	12	83	13	78	14	74	15	72	16	81	17	91	18	80	19	85	
	0	33	1	36	2	40	3	40	4	33	5	43	6	47	7	41	8	50	9	33	10	45	11	41	12	36	13	45	14	35	15	47	16	50	17	50	18	35	19	48	
	0	65	1	55	2	52	3	63	4	56	5	69	6	52	7	68	8	61	9	62	10	59	11	61	12	54	13	61	14	64	15	65	16	58	17	56	18	57	19	63	
	0	52	1	52	2	58	3	54	4	47	5	45	6	56	7	41	8	39	9	45	10	51	11	54	12	57	13	49	14	50	15	39	16	42	17	41	18	39	19	49	
	0	50	1	58	2	43	3	51	4	44	5	51	6	61	7	51	8	51	9	43	10	59	11	59	12	47	13	49	14	53	15	53	16	52	17	59	18	49	19	53	
	0	35	1	48	2	38	3	49	4	40	5	49	6	34	7	39	8	42	9	47	10	44	11	40	12	47	13	49	14	40	15	49	16	44	17	53	18	45	19	41	
	0	48	1	60	2	53	3	47	4	48	5	56	6	54	7	58	8	56	9	61	10	48	11	55	12	59	13	54	14	57	15	55	16	47	17	46	18	52	19	46	
	0	114	1	99	2	106	3	114	4	113	5	105	6	116	7	100	8	97	9	100	10	106	11	100	12	101	13	113	14	115	15	110	16	100	17	116	18	107	19	115	
	0	27	1	16	2	11	3	14	4	29	5	11	6	21	7	18	8	19	9	28	10	13	11	18	12	27	13	14	14	11	15	28	16	25	17	11	18	20	19	11	
	0	50	1	43	2	59	3	42	4	57	5	45	6	46	7	45	8	51	9	54	10	54	11	43	12	59	13	57	14	48	15	43	16	46	17	54	18	49	19	55	
	0	35	1	52	2	47	3	51	4	48	5	42	6	43	7	38	8	38	9	48	10	40	11	47	12	37	13	37	14	49	15	37	16	34	17	36	18	47	19	48	
	0	74	1	63	2	75	3	72	4	73	5	73	6	78	7	67	8	64	9	74	10	72	11	80	12	72	13	68	14	71	15	63	16	71	17	73	18	65	19	64	
	0	21	1	26	2	9	3	25	4	23	5	23	6	14	7	17	8	23	9	9	10	19	11	18	12	22	13	20	14	17	15	11	16	17	17	23	18	25	19	28	
	0	21	1	30	2	27	3	21	4	23	5	22	6	35	7	37	8	28	9	33	10	40	11	26	12	26	13	38	14	37	15	33	16	34	17	34	18	30	19	28	
	0	79	1	90	2	88	3	86	4	86	5	74	6	77	7	79	8	89	9	73	10	77	11	88	12	89	13	79	14	83	15	74	16	91	17	81	18	74	19	75	
	0	84	1	85	2	101	3	92	4	86	5	98	6	89	7	86	8	85	9	99	10	98	11	97	12	93	13	87	14	100	15	87	16	95	17	84	18	99	19	88	
	0	93	1	89	2	90	3	92	4	103	5	90	6	90	7	88	8	106	9	104	10	96	11	103	12	105	13	90	14	88	15	101	16	107	17	99	18	95	19	98	
	0	68	1	74	2	67	3	79	4	63	5	74	6	73	7	64	8	68	9	76	10	70	11	66	12	78	13	76	14	76	15	78	16	63	17	72	18	71	19	76	
	0	27	1	43	2	32	3	42	4	43	5	31	6	37	7	24	8	24	9	39	10	31	11	26	12	27	13	40	14	33	15	30	16	43	17	34	18	28	19	30	
	0	97	1	101	2	99	3	100	4	92	5	97	6	97	7	90	8	89	9	89	10	105	11	101	12	96	13	96	14	96	15	99	16	102	17	91	18	100	19	86	
	0	94	1	106	2	109	3	95	4	102	5	96	6	96	7	93	8	110	9	110	10	102	11	110	12	108	13	100	14	105	15	95	16	108	17	107	18	104	19	100	
	0	64	1	68	2	72	3	67	4	71	5	70	6	77	7	79	8	68	9	73	10	83	11	71	12	65	13	65	14	79	15	76	16	77	17	70	18	66	19	75	
	0	53	1	57	2	52	3	64	4	62	5	48	6	45	7	53	8	53	9	61	10	63	11	62	12	63	13	49	14	60	15	60	16	60	17	45	18	51	19	52	
	0	105	1	107	2	104	3	101	4	103	5	96	6	102	7	94	8	104	9	96	10	105	11	90	12	99	13	97	14	91	15	97	16	97	17	106	18	91	19	90	
	0	113	1	99	2	106	3	105	4	100	5	94	6	106	7	109	8	113	9	112	10	107	11	109	12	113	13	98	14	95	15	102	16	109	17	104	18	95	19	100	
	0	58	1	46	2	52	3	63	4	56	5	46	6	49	7	63	8	62	9	59	10	47	11	61	12	61	13	61	14	62	15	54	16	49	17	48	18	59	19	47	
	0	100	1	98	2	102	3	111	4	96	5	98	6	94	7	100	8	93	9	111	10	92	11	97	12	104	13	99	14	93	15	102	16	106	17	98	18	98	19	104	
	0	102	1	98	2	103	3	105	4	110	5	95	6	100	7	110	8	111	9	98	10	95	11	97	12	105	13	104	14	111	15	103	16	97	17	95	18	97	19	103	
	0	58	1	58	2	48	3	62	4	50	5	44	6	55	7	50	8	43	9	46	10	60	11	56	12	43	13	61	14	45	15	61	16	54	17	60	18	52	19	55	
	0	54	1	38	2	38	3	41	4	50	5	45	6	43	7	38	8	52	9	51	10	45	11	41	12	53	13	56	14	51	15	43	16	55	17	39	18	55	19	54	
	0	112	1	96	2	98	3	106	4	103	5	110	6	101	7	96	8	105	9	106	10	113	11	112	12	95	13	109	14	100	15	100	16	101	17	102	18	109	19	108	
	0	45	1	55	2	56	3	56	4	55	5	50	6	48	7	57	8	45	9	58	10	39	11	49	12	48	13	51	14	56	15	51	16	53	17	57	18	53	19	39	
	0	45	1	33	2	41	3	34	4	38	5	46	6	52	7	33	8	33	9	52	10	49	11	47	12	35	13	42	14	51	15	46	16	38	17	44	18	40	19	48	
	0	116	1	109	2	111	3	97	4	107	5	109	6	99	7	114	8	104	9	110	10	107	11	100	12	99	13	105	14	109	15	105	16	103	17	97	18	97	19	102	
	0	82	1	74	2	80	3	82	4	67	5	82	6	69	7	66	8	79	9	66	10	69	11	80	12	79	13	73	14	68	15	70	16	76	17	79	18	81	19	78	
	0	95	1	91	2	92	3	90	4	85	5	90	6	94	7	84	8	83	9	99	10	100	11	91	12	84	13	93	14	102	15	86	16	97	17	98	18	97	19	92	
	0	90	1	86	2	74	3	83	4	78	5	78	6	82	7	77	8	86	9	71	10	80	11	80	12	89	13	76	14	86	15	87	16	82	17	88	18	81	19	72	
	0	34	1	40	2	31	3	39	4	42	5	40	6	26	7	43	8	27	9	38	10	36	11	38	12	31	13	24	14	28	15	26	16	27	17	30	18	42	19	42	
	0	75	1	80	2	73	3	68	4	84	5	76	6	74	7	75	8	75	9	81	10	77	11	84	12	82	13	74	14	73	15	85	16	81	17	78	18	70	19	82	
	0	46	1	52	2	51	3	49	4	36	5	46	6	43	7	47	8	50	9	42	10	50	11	39	12	42	13	36	14	47	15	47	16	52	17	47	18	46	19	44	
	0	30	1	35	2	29	3	28	4	19	5	33	6	23	7	23	8	28	9	19	10	25	11	17	12	28	13	34	14	19	15	32	16	26	17	22	18	36	19	28	
	0	35	1	33	2	41	3	27	4	40	5	29	6	33	7	27	8	27	9	38	10	41	11	43	12	41	13	38	14	36	15	44	16	37	17	28	18	27	19	40	
	0	65	1	57	2	61	3	67	4	76	5	63	6	70	7	72	8	74	9	69	10	74	11	76	12	74	13	67	14	60	15	58	16	73	17	62	18	76	19	70	
	0	21	1	6	2	11	3	12	4	20	5	9	6	10	7	4	8	19	9	9	10	14	11	4	12	22	13	11	14	13	15	5	16	15	17	5	18	8	19	14	
	0	30	1	21	2	31	3	33	4	22	5	17	6	31	7	31	8	28	9	25	10	33	11	17	12	35	13	18	14	36	15	32	16	30	17	28	18	22	19	36	