500 30 1
30
	0	77	1	77	2	77	3	63	4	71	5	72	6	79	7	69	8	64	9	82	10	76	11	74	12	76	13	72	14	70	15	66	16	81	17	67	18	69	19	72	20	74	21	76	22	70	23	65	24	78	25	77	26	81	27	69	28	82	29	69	
	0	33	1	44	2	36	3	40	4	37	5	32	6	38	7	39	8	33	9	39	10	43	11	49	12	44	13	30	14	34	15	30	16	40	17	31	18	36	19	40	20	42	21	38	22	47	23	33	24	41	25	32	26	39	27	34	28	45	29	47	
	0	63	1	64	2	63	3	58	4	62	5	53	6	62	7	58	8	60	9	57	10	56	11	65	12	62	13	65	14	69	15	63	16	54	17	68	18	55	19	62	20	52	21	55	22	56	23	58	24	58	25	68	26	65	27	59	28	62	29	66	
	0	45	1	54	2	55	3	46	4	60	5	47	6	58	7	53	8	48	9	48	10	45	11	49	12	60	13	51	14	52	15	46	16	55	17	60	18	53	19	44	20	58	21	54	22	44	23	42	24	42	25	61	26	56	27	46	28	50	29	44	
	0	112	1	103	2	104	3	96	4	105	5	113	6	104	7	113	8	112	9	103	10	104	11	101	12	107	13	114	14	100	15	98	16	108	17	98	18	106	19	99	20	108	21	100	22	108	23	100	24	105	25	109	26	113	27	103	28	101	29	112	
	0	85	1	87	2	91	3	86	4	78	5	86	6	86	7	77	8	79	9	84	10	78	11	89	12	90	13	76	14	78	15	75	16	80	17	81	18	93	19	82	20	79	21	79	22	76	23	93	24	81	25	85	26	81	27	92	28	89	29	92	
	0	39	1	45	2	39	3	46	4	33	5	46	6	44	7	33	8	35	9	37	10	31	11	45	12	35	13	46	14	43	15	33	16	48	17	31	18	37	19	41	20	44	21	42	22	34	23	31	24	42	25	40	26	37	27	31	28	31	29	43	
	0	47	1	44	2	36	3	49	4	45	5	38	6	47	7	49	8	55	9	39	10	55	11	46	12	36	13	41	14	45	15	43	16	55	17	45	18	51	19	42	20	46	21	39	22	49	23	45	24	54	25	54	26	37	27	42	28	40	29	47	
	0	16	1	9	2	25	3	10	4	25	5	10	6	27	7	25	8	12	9	26	10	25	11	20	12	19	13	16	14	24	15	17	16	25	17	27	18	15	19	19	20	14	21	21	22	24	23	16	24	17	25	13	26	26	27	12	28	12	29	27	
	0	96	1	93	2	105	3	103	4	100	5	100	6	88	7	102	8	102	9	95	10	87	11	101	12	95	13	88	14	88	15	106	16	97	17	95	18	91	19	101	20	98	21	99	22	97	23	105	24	90	25	90	26	89	27	94	28	106	29	87	
	0	48	1	60	2	53	3	49	4	61	5	47	6	59	7	59	8	45	9	63	10	58	11	48	12	57	13	60	14	50	15	47	16	57	17	51	18	52	19	52	20	57	21	60	22	55	23	61	24	60	25	63	26	62	27	59	28	45	29	56	
	0	27	1	26	2	22	3	18	4	31	5	34	6	32	7	31	8	16	9	28	10	24	11	19	12	19	13	30	14	24	15	34	16	25	17	24	18	25	19	19	20	26	21	21	22	30	23	29	24	34	25	21	26	26	27	21	28	35	29	29	
	0	75	1	85	2	90	3	91	4	85	5	93	6	81	7	78	8	90	9	74	10	89	11	76	12	87	13	76	14	82	15	93	16	74	17	85	18	87	19	75	20	78	21	77	22	86	23	82	24	92	25	81	26	86	27	90	28	82	29	84	
	0	103	1	115	2	111	3	117	4	99	5	105	6	117	7	99	8	109	9	106	10	118	11	118	12	108	13	113	14	102	15	118	16	101	17	104	18	112	19	108	20	103	21	116	22	101	23	112	24	118	25	102	26	116	27	109	28	113	29	118	
	0	16	1	30	2	34	3	31	4	22	5	30	6	24	7	33	8	33	9	34	10	22	11	20	12	27	13	32	14	31	15	20	16	34	17	16	18	15	19	34	20	20	21	20	22	27	23	23	24	23	25	18	26	19	27	27	28	34	29	17	
	0	32	1	27	2	27	3	31	4	21	5	20	6	19	7	18	8	31	9	16	10	18	11	29	12	22	13	34	14	23	15	17	16	17	17	25	18	27	19	26	20	25	21	28	22	20	23	23	24	20	25	26	26	35	27	28	28	23	29	27	
	0	89	1	94	2	77	3	76	4	80	5	88	6	85	7	78	8	88	9	87	10	94	11	81	12	76	13	90	14	89	15	90	16	95	17	86	18	84	19	89	20	82	21	90	22	88	23	77	24	93	25	91	26	94	27	84	28	91	29	84	
	0	116	1	115	2	110	3	105	4	115	5	116	6	104	7	101	8	113	9	106	10	100	11	112	12	108	13	112	14	108	15	115	16	108	17	111	18	115	19	107	20	102	21	112	22	111	23	110	24	115	25	101	26	111	27	103	28	109	29	118	
	0	30	1	38	2	35	3	28	4	31	5	41	6	31	7	24	8	31	9	38	10	38	11	42	12	40	13	41	14	28	15	34	16	24	17	26	18	27	19	36	20	42	21	24	22	34	23	29	24	39	25	26	26	29	27	27	28	41	29	32	
	0	15	1	33	2	27	3	29	4	15	5	33	6	34	7	32	8	16	9	34	10	25	11	34	12	23	13	30	14	26	15	27	16	22	17	24	18	20	19	22	20	32	21	20	22	20	23	25	24	18	25	19	26	32	27	31	28	32	29	18	
	0	33	1	25	2	38	3	29	4	23	5	24	6	26	7	36	8	37	9	37	10	32	11	39	12	34	13	28	14	35	15	37	16	26	17	35	18	36	19	33	20	23	21	37	22	26	23	22	24	22	25	21	26	33	27	36	28	27	29	34	
	0	33	1	31	2	18	3	37	4	21	5	27	6	32	7	37	8	19	9	33	10	31	11	33	12	32	13	30	14	36	15	28	16	21	17	26	18	35	19	19	20	26	21	33	22	26	23	32	24	36	25	24	26	19	27	23	28	37	29	25	
	0	54	1	41	2	49	3	44	4	45	5	52	6	38	7	42	8	39	9	39	10	45	11	49	12	53	13	49	14	42	15	43	16	48	17	40	18	47	19	56	20	39	21	56	22	55	23	44	24	55	25	44	26	40	27	56	28	46	29	43	
	0	18	1	14	2	17	3	28	4	13	5	23	6	16	7	28	8	27	9	15	10	19	11	20	12	21	13	19	14	28	15	22	16	18	17	23	18	23	19	32	20	23	21	26	22	22	23	27	24	25	25	30	26	26	27	25	28	16	29	30	
	0	73	1	83	2	84	3	73	4	67	5	74	6	75	7	79	8	82	9	74	10	69	11	68	12	75	13	77	14	69	15	67	16	86	17	68	18	74	19	73	20	73	21	68	22	81	23	84	24	84	25	84	26	85	27	80	28	79	29	71	
	0	21	1	14	2	16	3	21	4	22	5	22	6	25	7	31	8	18	9	20	10	14	11	27	12	20	13	23	14	25	15	31	16	27	17	28	18	31	19	21	20	30	21	30	22	21	23	29	24	16	25	32	26	33	27	30	28	33	29	25	
	0	67	1	67	2	84	3	81	4	83	5	70	6	74	7	79	8	68	9	79	10	68	11	79	12	75	13	67	14	86	15	80	16	78	17	73	18	69	19	77	20	68	21	84	22	69	23	83	24	85	25	71	26	80	27	81	28	75	29	69	
	0	56	1	65	2	66	3	56	4	59	5	61	6	58	7	57	8	56	9	66	10	61	11	68	12	58	13	65	14	67	15	65	16	60	17	57	18	51	19	70	20	70	21	57	22	55	23	69	24	66	25	60	26	54	27	57	28	53	29	56	
	0	43	1	48	2	36	3	37	4	38	5	43	6	37	7	45	8	34	9	42	10	50	11	41	12	42	13	52	14	37	15	35	16	43	17	37	18	50	19	43	20	51	21	51	22	38	23	48	24	34	25	44	26	35	27	46	28	47	29	34	
	0	100	1	98	2	105	3	98	4	100	5	100	6	99	7	97	8	98	9	100	10	110	11	102	12	94	13	98	14	106	15	105	16	95	17	94	18	113	19	109	20	101	21	106	22	113	23	112	24	113	25	109	26	98	27	108	28	112	29	108	
	0	32	1	33	2	18	3	20	4	29	5	25	6	32	7	36	8	21	9	35	10	21	11	29	12	31	13	33	14	24	15	26	16	36	17	34	18	25	19	22	20	22	21	25	22	17	23	31	24	21	25	27	26	33	27	17	28	20	29	30	
	0	55	1	59	2	60	3	60	4	50	5	60	6	50	7	46	8	62	9	47	10	59	11	60	12	57	13	59	14	58	15	46	16	45	17	49	18	55	19	60	20	44	21	49	22	49	23	48	24	48	25	53	26	55	27	46	28	59	29	60	
	0	73	1	77	2	69	3	61	4	70	5	75	6	67	7	67	8	61	9	65	10	73	11	74	12	77	13	75	14	63	15	72	16	61	17	74	18	64	19	63	20	69	21	61	22	71	23	71	24	74	25	67	26	60	27	76	28	65	29	61	
	0	104	1	103	2	96	3	96	4	92	5	94	6	106	7	91	8	90	9	103	10	105	11	93	12	108	13	92	14	97	15	97	16	100	17	108	18	92	19	96	20	92	21	101	22	104	23	103	24	96	25	101	26	94	27	90	28	106	29	90	
	0	73	1	61	2	75	3	64	4	63	5	71	6	69	7	61	8	69	9	63	10	63	11	71	12	66	13	67	14	74	15	72	16	62	17	60	18	71	19	59	20	64	21	58	22	59	23	72	24	71	25	74	26	60	27	73	28	64	29	59	
	0	84	1	82	2	69	3	74	4	66	5	81	6	67	7	83	8	77	9	81	10	71	11	75	12	77	13	67	14	80	15	66	16	82	17	70	18	75	19	82	20	73	21	72	22	80	23	73	24	76	25	80	26	80	27	65	28	77	29	72	
	0	32	1	43	2	39	3	41	4	35	5	42	6	29	7	39	8	35	9	29	10	40	11	29	12	38	13	41	14	31	15	46	16	40	17	31	18	46	19	34	20	46	21	39	22	44	23	46	24	33	25	29	26	29	27	39	28	47	29	46	
	0	31	1	38	2	21	3	38	4	39	5	31	6	27	7	25	8	26	9	38	10	40	11	24	12	33	13	29	14	40	15	36	16	36	17	31	18	22	19	28	20	24	21	34	22	29	23	30	24	31	25	24	26	36	27	37	28	38	29	31	
	0	96	1	109	2	110	3	98	4	97	5	98	6	108	7	94	8	107	9	96	10	104	11	96	12	97	13	107	14	94	15	93	16	112	17	107	18	112	19	102	20	101	21	109	22	101	23	97	24	108	25	101	26	101	27	110	28	105	29	93	
	0	85	1	76	2	73	3	78	4	77	5	91	6	77	7	78	8	81	9	81	10	90	11	79	12	87	13	80	14	79	15	86	16	79	17	81	18	73	19	77	20	90	21	83	22	84	23	84	24	89	25	77	26	80	27	84	28	84	29	76	
	0	89	1	92	2	77	3	93	4	77	5	92	6	81	7	92	8	92	9	83	10	87	11	81	12	94	13	79	14	82	15	95	16	82	17	82	18	87	19	86	20	91	21	80	22	91	23	84	24	81	25	89	26	86	27	90	28	87	29	86	
	0	88	1	80	2	87	3	83	4	84	5	75	6	87	7	83	8	71	9	73	10	71	11	78	12	80	13	72	14	71	15	75	16	76	17	81	18	75	19	70	20	76	21	76	22	88	23	85	24	84	25	82	26	89	27	79	28	82	29	70	
	0	97	1	86	2	103	3	85	4	96	5	88	6	91	7	86	8	88	9	86	10	85	11	94	12	104	13	104	14	99	15	90	16	87	17	90	18	98	19	89	20	90	21	97	22	95	23	90	24	96	25	101	26	89	27	103	28	85	29	94	
	0	68	1	79	2	65	3	82	4	80	5	68	6	74	7	77	8	77	9	82	10	69	11	71	12	67	13	75	14	80	15	72	16	68	17	72	18	83	19	69	20	69	21	76	22	66	23	81	24	66	25	74	26	64	27	64	28	67	29	79	
	0	90	1	84	2	75	3	78	4	81	5	80	6	91	7	73	8	91	9	88	10	75	11	84	12	86	13	83	14	81	15	86	16	82	17	88	18	90	19	83	20	82	21	82	22	83	23	85	24	81	25	84	26	88	27	85	28	85	29	86	
	0	85	1	82	2	93	3	87	4	83	5	80	6	74	7	86	8	79	9	78	10	90	11	77	12	92	13	78	14	76	15	77	16	87	17	78	18	88	19	89	20	93	21	86	22	77	23	80	24	86	25	89	26	83	27	90	28	78	29	86	
	0	24	1	12	2	23	3	25	4	23	5	16	6	13	7	11	8	14	9	15	10	23	11	11	12	7	13	10	14	25	15	15	16	10	17	16	18	17	19	16	20	14	21	26	22	24	23	10	24	15	25	7	26	16	27	23	28	22	29	13	
	0	83	1	80	2	90	3	83	4	80	5	84	6	83	7	84	8	95	9	79	10	80	11	79	12	89	13	84	14	94	15	83	16	81	17	83	18	83	19	92	20	86	21	91	22	79	23	96	24	96	25	82	26	79	27	92	28	78	29	79	
	0	85	1	94	2	102	3	102	4	103	5	93	6	93	7	102	8	101	9	104	10	85	11	95	12	93	13	86	14	98	15	92	16	92	17	97	18	88	19	101	20	102	21	88	22	94	23	102	24	99	25	96	26	100	27	95	28	96	29	86	
	0	112	1	108	2	108	3	108	4	108	5	96	6	109	7	102	8	110	9	103	10	101	11	104	12	110	13	97	14	98	15	108	16	110	17	106	18	110	19	115	20	107	21	102	22	97	23	110	24	103	25	96	26	106	27	104	28	100	29	104	
	0	101	1	92	2	88	3	86	4	98	5	84	6	98	7	87	8	88	9	91	10	87	11	103	12	87	13	95	14	102	15	85	16	97	17	87	18	88	19	97	20	85	21	94	22	102	23	96	24	93	25	99	26	86	27	88	28	87	29	103	
	0	55	1	61	2	73	3	58	4	61	5	58	6	60	7	70	8	69	9	56	10	69	11	61	12	67	13	73	14	58	15	72	16	58	17	64	18	67	19	66	20	64	21	69	22	70	23	71	24	64	25	68	26	72	27	73	28	67	29	70	
	0	104	1	105	2	116	3	109	4	104	5	109	6	100	7	110	8	100	9	101	10	111	11	104	12	113	13	112	14	115	15	119	16	111	17	105	18	100	19	112	20	113	21	109	22	103	23	114	24	102	25	101	26	101	27	102	28	119	29	119	
	0	68	1	69	2	71	3	74	4	72	5	66	6	79	7	66	8	69	9	77	10	74	11	74	12	68	13	62	14	78	15	62	16	79	17	75	18	64	19	76	20	71	21	71	22	70	23	78	24	62	25	67	26	65	27	79	28	71	29	79	
	0	97	1	98	2	93	3	109	4	110	5	97	6	96	7	92	8	110	9	97	10	103	11	97	12	100	13	94	14	103	15	107	16	95	17	104	18	100	19	108	20	101	21	93	22	102	23	104	24	98	25	96	26	106	27	100	28	103	29	105	
	0	69	1	67	2	69	3	73	4	78	5	65	6	67	7	74	8	69	9	75	10	64	11	77	12	63	13	63	14	77	15	74	16	77	17	70	18	62	19	68	20	76	21	67	22	78	23	80	24	69	25	63	26	63	27	69	28	80	29	61	
	0	87	1	89	2	72	3	89	4	73	5	83	6	83	7	72	8	72	9	78	10	75	11	84	12	73	13	74	14	85	15	73	16	86	17	72	18	85	19	89	20	81	21	76	22	86	23	71	24	83	25	75	26	74	27	78	28	86	29	72	
	0	110	1	96	2	110	3	94	4	93	5	95	6	104	7	99	8	107	9	93	10	101	11	109	12	101	13	96	14	103	15	95	16	100	17	94	18	98	19	108	20	103	21	107	22	105	23	97	24	101	25	92	26	105	27	93	28	111	29	101	
	0	70	1	58	2	76	3	66	4	58	5	73	6	61	7	74	8	58	9	61	10	75	11	76	12	66	13	60	14	71	15	69	16	60	17	67	18	63	19	72	20	59	21	67	22	66	23	57	24	61	25	57	26	63	27	65	28	58	29	60	
	0	4	1	10	2	18	3	20	4	21	5	18	6	7	7	4	8	6	9	4	10	3	11	5	12	10	13	20	14	21	15	16	16	18	17	18	18	7	19	14	20	12	21	19	22	3	23	3	24	4	25	14	26	10	27	17	28	15	29	17	
	0	99	1	94	2	94	3	103	4	98	5	110	6	102	7	104	8	93	9	106	10	97	11	95	12	99	13	100	14	92	15	103	16	92	17	100	18	102	19	106	20	105	21	103	22	98	23	100	24	106	25	98	26	107	27	111	28	108	29	101	
	0	84	1	91	2	90	3	77	4	86	5	76	6	74	7	82	8	92	9	82	10	91	11	81	12	76	13	77	14	85	15	88	16	75	17	86	18	90	19	84	20	90	21	90	22	92	23	79	24	77	25	78	26	84	27	90	28	83	29	78	
	0	21	1	26	2	34	3	32	4	28	5	18	6	23	7	34	8	31	9	22	10	37	11	36	12	22	13	21	14	33	15	25	16	29	17	19	18	23	19	34	20	35	21	21	22	34	23	31	24	22	25	27	26	23	27	26	28	36	29	29	
	0	33	1	28	2	31	3	31	4	31	5	26	6	31	7	35	8	27	9	27	10	30	11	42	12	35	13	39	14	24	15	32	16	37	17	40	18	27	19	38	20	27	21	28	22	30	23	25	24	25	25	35	26	33	27	38	28	26	29	32	
	0	91	1	95	2	91	3	98	4	104	5	97	6	90	7	96	8	102	9	97	10	93	11	106	12	97	13	107	14	103	15	93	16	105	17	104	18	105	19	96	20	93	21	89	22	95	23	98	24	96	25	98	26	103	27	93	28	91	29	99	
	0	82	1	90	2	80	3	83	4	81	5	93	6	95	7	79	8	91	9	87	10	86	11	93	12	79	13	83	14	95	15	85	16	85	17	91	18	90	19	78	20	82	21	80	22	89	23	95	24	90	25	92	26	79	27	96	28	88	29	85	
	0	108	1	107	2	92	3	98	4	97	5	108	6	97	7	99	8	99	9	106	10	100	11	110	12	100	13	110	14	98	15	101	16	99	17	101	18	110	19	97	20	94	21	103	22	100	23	99	24	99	25	111	26	95	27	94	28	94	29	111	
	0	15	1	28	2	21	3	21	4	23	5	26	6	33	7	32	8	15	9	18	10	20	11	21	12	22	13	31	14	34	15	22	16	18	17	25	18	30	19	17	20	24	21	31	22	26	23	22	24	29	25	32	26	33	27	31	28	22	29	26	
	0	97	1	101	2	106	3	106	4	102	5	107	6	114	7	106	8	96	9	105	10	104	11	98	12	108	13	105	14	106	15	109	16	111	17	109	18	115	19	111	20	103	21	113	22	97	23	113	24	103	25	114	26	99	27	102	28	114	29	112	
	0	24	1	23	2	18	3	14	4	13	5	10	6	13	7	15	8	12	9	10	10	6	11	12	12	10	13	9	14	16	15	23	16	24	17	12	18	17	19	17	20	12	21	9	22	13	23	7	24	6	25	12	26	14	27	22	28	14	29	14	
	0	100	1	96	2	93	3	104	4	108	5	103	6	101	7	110	8	96	9	103	10	105	11	110	12	108	13	98	14	95	15	106	16	93	17	110	18	106	19	108	20	111	21	94	22	104	23	98	24	93	25	99	26	96	27	109	28	98	29	109	
	0	93	1	93	2	91	3	94	4	86	5	96	6	91	7	87	8	86	9	83	10	91	11	96	12	83	13	95	14	97	15	94	16	88	17	90	18	86	19	93	20	88	21	89	22	84	23	97	24	92	25	84	26	86	27	97	28	87	29	99	
	0	90	1	95	2	86	3	91	4	95	5	93	6	92	7	95	8	102	9	102	10	86	11	85	12	84	13	86	14	87	15	86	16	98	17	100	18	96	19	94	20	94	21	89	22	88	23	88	24	101	25	84	26	94	27	86	28	86	29	86	
	0	63	1	60	2	73	3	71	4	62	5	73	6	72	7	72	8	76	9	60	10	59	11	66	12	67	13	71	14	62	15	64	16	61	17	73	18	66	19	68	20	62	21	71	22	75	23	63	24	68	25	73	26	68	27	66	28	59	29	64	
	0	56	1	52	2	68	3	57	4	62	5	62	6	68	7	63	8	68	9	61	10	69	11	68	12	58	13	55	14	58	15	59	16	53	17	67	18	54	19	52	20	57	21	61	22	69	23	59	24	58	25	64	26	63	27	57	28	56	29	56	
	0	51	1	60	2	48	3	51	4	64	5	55	6	63	7	65	8	48	9	46	10	64	11	54	12	64	13	53	14	56	15	57	16	59	17	54	18	58	19	51	20	55	21	62	22	46	23	49	24	50	25	50	26	62	27	54	28	63	29	63	
	0	93	1	100	2	103	3	96	4	96	5	100	6	108	7	106	8	108	9	91	10	89	11	89	12	98	13	94	14	97	15	98	16	96	17	106	18	105	19	96	20	104	21	100	22	89	23	100	24	89	25	99	26	97	27	95	28	90	29	89	
	0	81	1	71	2	73	3	69	4	74	5	73	6	86	7	69	8	79	9	72	10	84	11	71	12	82	13	82	14	80	15	70	16	77	17	67	18	68	19	72	20	86	21	86	22	82	23	78	24	86	25	67	26	83	27	69	28	70	29	85	
	0	87	1	75	2	84	3	72	4	78	5	88	6	81	7	81	8	89	9	86	10	88	11	88	12	78	13	79	14	84	15	75	16	91	17	80	18	84	19	85	20	73	21	77	22	83	23	82	24	79	25	91	26	91	27	91	28	80	29	83	
	0	61	1	54	2	59	3	66	4	60	5	59	6	54	7	67	8	71	9	70	10	59	11	58	12	62	13	57	14	61	15	55	16	66	17	65	18	62	19	72	20	58	21	55	22	63	23	71	24	65	25	59	26	53	27	71	28	68	29	61	
	0	64	1	53	2	55	3	70	4	59	5	57	6	61	7	62	8	59	9	52	10	53	11	61	12	55	13	53	14	67	15	67	16	67	17	58	18	58	19	61	20	53	21	69	22	53	23	61	24	63	25	67	26	64	27	70	28	61	29	64	
	0	22	1	30	2	26	3	32	4	13	5	22	6	13	7	25	8	25	9	15	10	24	11	26	12	16	13	24	14	13	15	16	16	15	17	30	18	24	19	27	20	23	21	29	22	13	23	22	24	15	25	13	26	14	27	28	28	14	29	32	
	0	28	1	22	2	22	3	21	4	35	5	20	6	28	7	17	8	23	9	33	10	22	11	30	12	29	13	35	14	33	15	33	16	20	17	19	18	30	19	34	20	35	21	34	22	31	23	28	24	24	25	17	26	24	27	34	28	17	29	24	
	0	36	1	32	2	30	3	38	4	24	5	21	6	20	7	30	8	19	9	21	10	34	11	25	12	36	13	20	14	33	15	22	16	25	17	20	18	36	19	31	20	34	21	20	22	28	23	31	24	35	25	35	26	37	27	29	28	20	29	37	
	0	111	1	109	2	101	3	108	4	114	5	104	6	102	7	105	8	111	9	106	10	114	11	118	12	113	13	101	14	103	15	104	16	101	17	111	18	112	19	101	20	118	21	118	22	114	23	118	24	120	25	120	26	115	27	115	28	105	29	111	
	0	34	1	36	2	35	3	24	4	28	5	24	6	39	7	28	8	39	9	37	10	30	11	37	12	41	13	33	14	38	15	25	16	25	17	36	18	30	19	32	20	22	21	22	22	30	23	32	24	34	25	27	26	40	27	32	28	29	29	27	
	0	17	1	29	2	31	3	14	4	23	5	12	6	15	7	19	8	15	9	19	10	27	11	13	12	21	13	25	14	23	15	29	16	25	17	26	18	21	19	18	20	14	21	29	22	28	23	13	24	12	25	30	26	18	27	26	28	19	29	15	
	0	43	1	43	2	41	3	57	4	48	5	46	6	57	7	51	8	43	9	54	10	54	11	44	12	43	13	54	14	50	15	55	16	41	17	41	18	51	19	41	20	57	21	53	22	51	23	54	24	46	25	58	26	51	27	48	28	48	29	45	
	0	43	1	36	2	44	3	28	4	37	5	39	6	32	7	29	8	28	9	27	10	38	11	36	12	45	13	35	14	40	15	33	16	33	17	34	18	39	19	43	20	40	21	36	22	31	23	46	24	43	25	41	26	39	27	45	28	33	29	43	
	0	75	1	80	2	74	3	83	4	70	5	83	6	86	7	76	8	76	9	89	10	70	11	80	12	78	13	87	14	81	15	85	16	74	17	71	18	75	19	77	20	89	21	71	22	81	23	72	24	74	25	89	26	81	27	88	28	78	29	88	
	0	111	1	112	2	100	3	94	4	112	5	96	6	104	7	102	8	107	9	98	10	105	11	104	12	93	13	94	14	100	15	112	16	93	17	104	18	109	19	104	20	102	21	105	22	100	23	109	24	105	25	111	26	100	27	102	28	98	29	110	
	0	117	1	106	2	110	3	106	4	100	5	118	6	118	7	112	8	102	9	108	10	118	11	112	12	112	13	116	14	102	15	102	16	100	17	112	18	105	19	112	20	100	21	115	22	115	23	105	24	99	25	111	26	116	27	109	28	100	29	100	
	0	42	1	33	2	38	3	46	4	42	5	39	6	33	7	32	8	34	9	34	10	34	11	48	12	51	13	43	14	42	15	36	16	51	17	34	18	42	19	33	20	39	21	48	22	47	23	51	24	38	25	51	26	40	27	34	28	35	29	38	
	0	116	1	115	2	116	3	107	4	116	5	113	6	105	7	119	8	119	9	112	10	119	11	112	12	113	13	105	14	102	15	107	16	103	17	112	18	109	19	115	20	117	21	116	22	105	23	119	24	105	25	114	26	118	27	115	28	116	29	111	
	0	101	1	114	2	103	3	101	4	99	5	112	6	104	7	106	8	100	9	115	10	111	11	114	12	109	13	115	14	113	15	104	16	116	17	112	18	115	19	107	20	114	21	99	22	118	23	106	24	109	25	99	26	103	27	104	28	107	29	108	
	0	46	1	52	2	60	3	54	4	49	5	53	6	51	7	50	8	57	9	43	10	44	11	45	12	57	13	49	14	59	15	44	16	58	17	48	18	55	19	51	20	43	21	48	22	60	23	49	24	48	25	59	26	52	27	59	28	46	29	55	
	0	101	1	105	2	91	3	93	4	87	5	94	6	96	7	101	8	95	9	87	10	101	11	94	12	102	13	98	14	99	15	103	16	92	17	96	18	96	19	104	20	99	21	89	22	102	23	98	24	105	25	103	26	93	27	92	28	99	29	98	
	0	34	1	27	2	21	3	31	4	29	5	22	6	21	7	28	8	23	9	38	10	22	11	32	12	23	13	34	14	22	15	28	16	37	17	34	18	28	19	22	20	22	21	26	22	20	23	27	24	27	25	25	26	37	27	39	28	37	29	25	
	0	57	1	47	2	45	3	56	4	58	5	55	6	53	7	54	8	53	9	57	10	62	11	50	12	59	13	59	14	48	15	45	16	61	17	44	18	59	19	45	20	46	21	47	22	44	23	58	24	61	25	62	26	56	27	61	28	55	29	46	
	0	86	1	72	2	88	3	72	4	71	5	74	6	76	7	82	8	75	9	81	10	85	11	88	12	75	13	75	14	74	15	72	16	73	17	88	18	78	19	70	20	69	21	87	22	73	23	82	24	82	25	78	26	84	27	83	28	73	29	78	
	0	57	1	63	2	60	3	51	4	57	5	56	6	62	7	52	8	53	9	63	10	56	11	63	12	66	13	70	14	58	15	59	16	56	17	61	18	54	19	70	20	66	21	68	22	56	23	56	24	56	25	51	26	55	27	67	28	64	29	57	
	0	93	1	103	2	106	3	96	4	97	5	92	6	102	7	95	8	111	9	106	10	110	11	100	12	106	13	97	14	103	15	102	16	102	17	94	18	93	19	93	20	109	21	93	22	98	23	99	24	92	25	110	26	106	27	103	28	100	29	96	
	0	55	1	46	2	40	3	54	4	50	5	47	6	42	7	47	8	44	9	51	10	48	11	46	12	47	13	53	14	53	15	56	16	54	17	57	18	45	19	56	20	57	21	52	22	49	23	57	24	56	25	40	26	58	27	52	28	53	29	56	
	0	17	1	7	2	19	3	7	4	9	5	25	6	6	7	18	8	25	9	9	10	23	11	12	12	19	13	8	14	10	15	9	16	16	17	17	18	20	19	9	20	20	21	17	22	11	23	6	24	23	25	11	26	6	27	15	28	16	29	10	
	0	50	1	35	2	40	3	37	4	51	5	38	6	48	7	37	8	39	9	43	10	39	11	42	12	45	13	47	14	34	15	48	16	42	17	41	18	33	19	39	20	50	21	43	22	37	23	44	24	38	25	44	26	37	27	44	28	47	29	41	
	0	104	1	101	2	104	3	95	4	108	5	91	6	93	7	103	8	92	9	93	10	94	11	105	12	100	13	100	14	101	15	104	16	100	17	105	18	91	19	94	20	89	21	95	22	91	23	104	24	92	25	97	26	99	27	90	28	106	29	107	
	0	25	1	28	2	24	3	31	4	21	5	25	6	31	7	17	8	17	9	26	10	16	11	21	12	19	13	15	14	20	15	14	16	23	17	12	18	30	19	30	20	19	21	18	22	17	23	30	24	16	25	16	26	25	27	20	28	19	29	25	
	0	64	1	61	2	56	3	55	4	62	5	55	6	64	7	56	8	59	9	71	10	74	11	64	12	73	13	66	14	73	15	62	16	66	17	71	18	61	19	69	20	64	21	55	22	64	23	66	24	65	25	70	26	59	27	74	28	72	29	72	
	0	73	1	86	2	76	3	78	4	77	5	76	6	83	7	87	8	84	9	83	10	80	11	68	12	84	13	80	14	68	15	70	16	73	17	77	18	83	19	83	20	70	21	85	22	83	23	69	24	69	25	72	26	85	27	84	28	85	29	69	
	0	57	1	50	2	65	3	57	4	52	5	52	6	66	7	63	8	52	9	49	10	60	11	61	12	51	13	62	14	67	15	62	16	61	17	61	18	54	19	64	20	63	21	64	22	56	23	64	24	53	25	50	26	62	27	66	28	55	29	67	
	0	30	1	24	2	22	3	33	4	33	5	33	6	35	7	27	8	26	9	23	10	35	11	19	12	22	13	38	14	20	15	23	16	24	17	35	18	27	19	26	20	25	21	19	22	25	23	37	24	34	25	29	26	30	27	28	28	24	29	20	
	0	87	1	89	2	102	3	83	4	87	5	94	6	83	7	91	8	89	9	86	10	94	11	87	12	94	13	92	14	95	15	94	16	86	17	93	18	85	19	100	20	95	21	97	22	98	23	90	24	93	25	88	26	86	27	99	28	84	29	87	
	0	23	1	19	2	13	3	7	4	6	5	21	6	12	7	22	8	14	9	20	10	19	11	20	12	22	13	21	14	13	15	22	16	22	17	23	18	12	19	4	20	17	21	21	22	4	23	5	24	10	25	16	26	5	27	21	28	4	29	10	
	0	57	1	44	2	52	3	59	4	43	5	56	6	62	7	51	8	59	9	55	10	46	11	51	12	43	13	48	14	57	15	60	16	44	17	59	18	47	19	59	20	49	21	46	22	53	23	59	24	48	25	44	26	52	27	59	28	55	29	50	
	0	19	1	20	2	17	3	32	4	15	5	21	6	30	7	25	8	31	9	24	10	18	11	29	12	19	13	25	14	16	15	24	16	15	17	16	18	17	19	29	20	19	21	25	22	30	23	28	24	28	25	29	26	16	27	18	28	14	29	25	
	0	28	1	32	2	25	3	22	4	32	5	19	6	17	7	32	8	22	9	26	10	14	11	18	12	28	13	15	14	21	15	18	16	26	17	24	18	17	19	30	20	24	21	15	22	17	23	16	24	32	25	26	26	16	27	24	28	18	29	28	
	0	42	1	48	2	42	3	55	4	52	5	60	6	43	7	51	8	60	9	59	10	45	11	45	12	47	13	52	14	53	15	53	16	54	17	56	18	50	19	56	20	41	21	41	22	51	23	54	24	46	25	49	26	59	27	46	28	56	29	58	
	0	102	1	113	2	97	3	107	4	97	5	99	6	101	7	104	8	108	9	98	10	110	11	94	12	112	13	95	14	97	15	96	16	96	17	100	18	113	19	102	20	109	21	108	22	101	23	104	24	103	25	107	26	106	27	99	28	96	29	108	
	0	34	1	39	2	39	3	27	4	26	5	45	6	45	7	44	8	30	9	30	10	43	11	29	12	37	13	39	14	27	15	27	16	42	17	41	18	35	19	37	20	30	21	26	22	44	23	45	24	42	25	39	26	30	27	34	28	44	29	42	
	0	102	1	112	2	109	3	100	4	113	5	116	6	100	7	108	8	99	9	108	10	101	11	117	12	103	13	109	14	111	15	116	16	112	17	104	18	101	19	115	20	107	21	107	22	116	23	114	24	107	25	109	26	107	27	116	28	107	29	103	
	0	43	1	43	2	49	3	37	4	42	5	42	6	38	7	36	8	51	9	49	10	46	11	47	12	48	13	40	14	36	15	47	16	47	17	43	18	44	19	37	20	54	21	50	22	46	23	53	24	50	25	35	26	51	27	35	28	53	29	52	
	0	39	1	43	2	48	3	43	4	44	5	46	6	54	7	49	8	41	9	41	10	51	11	43	12	46	13	47	14	50	15	51	16	50	17	46	18	49	19	35	20	46	21	42	22	46	23	48	24	49	25	52	26	39	27	40	28	38	29	35	
	0	38	1	48	2	50	3	48	4	48	5	40	6	50	7	47	8	39	9	38	10	47	11	47	12	51	13	42	14	42	15	53	16	42	17	42	18	53	19	48	20	50	21	50	22	35	23	53	24	35	25	51	26	52	27	37	28	51	29	44	
	0	101	1	111	2	104	3	97	4	104	5	107	6	106	7	106	8	106	9	97	10	107	11	103	12	105	13	107	14	113	15	115	16	108	17	101	18	99	19	103	20	112	21	110	22	101	23	103	24	108	25	112	26	107	27	115	28	110	29	104	
	0	47	1	43	2	51	3	43	4	52	5	50	6	39	7	53	8	47	9	35	10	43	11	44	12	35	13	34	14	35	15	50	16	34	17	45	18	53	19	37	20	51	21	45	22	36	23	44	24	49	25	35	26	46	27	41	28	37	29	44	
	0	97	1	103	2	85	3	88	4	93	5	98	6	91	7	84	8	97	9	84	10	97	11	95	12	88	13	99	14	103	15	95	16	98	17	101	18	96	19	101	20	95	21	96	22	99	23	98	24	98	25	101	26	101	27	102	28	88	29	100	
	0	87	1	85	2	86	3	86	4	71	5	89	6	71	7	79	8	84	9	86	10	76	11	72	12	79	13	72	14	84	15	87	16	70	17	74	18	76	19	81	20	76	21	77	22	78	23	70	24	81	25	78	26	78	27	85	28	70	29	81	
	0	90	1	99	2	102	3	105	4	94	5	98	6	96	7	101	8	95	9	96	10	109	11	109	12	102	13	99	14	108	15	98	16	97	17	90	18	95	19	94	20	98	21	94	22	93	23	100	24	90	25	97	26	99	27	98	28	107	29	93	
	0	42	1	49	2	58	3	41	4	41	5	55	6	53	7	52	8	52	9	43	10	48	11	43	12	40	13	46	14	51	15	50	16	47	17	44	18	55	19	47	20	43	21	43	22	41	23	48	24	44	25	53	26	56	27	49	28	47	29	42	
	0	108	1	95	2	100	3	106	4	107	5	110	6	104	7	97	8	106	9	97	10	109	11	106	12	108	13	94	14	95	15	98	16	105	17	98	18	94	19	95	20	108	21	103	22	105	23	111	24	94	25	108	26	112	27	103	28	109	29	104	
	0	30	1	36	2	35	3	26	4	32	5	25	6	31	7	29	8	27	9	22	10	27	11	19	12	22	13	24	14	32	15	29	16	25	17	33	18	19	19	36	20	23	21	20	22	28	23	26	24	30	25	25	26	30	27	36	28	26	29	36	
	0	82	1	87	2	78	3	82	4	86	5	88	6	72	7	75	8	71	9	72	10	77	11	72	12	87	13	83	14	80	15	74	16	82	17	79	18	78	19	80	20	86	21	76	22	82	23	75	24	86	25	73	26	81	27	74	28	81	29	75	
	0	17	1	23	2	17	3	14	4	8	5	21	6	14	7	23	8	15	9	10	10	16	11	24	12	17	13	7	14	6	15	7	16	25	17	20	18	25	19	6	20	19	21	21	22	16	23	15	24	12	25	24	26	21	27	14	28	20	29	20	
	0	68	1	80	2	78	3	79	4	78	5	80	6	72	7	65	8	65	9	81	10	68	11	77	12	72	13	84	14	73	15	67	16	65	17	75	18	78	19	72	20	84	21	65	22	70	23	79	24	68	25	84	26	68	27	77	28	82	29	75	
	0	84	1	95	2	96	3	91	4	88	5	91	6	84	7	79	8	80	9	86	10	92	11	97	12	94	13	97	14	85	15	91	16	97	17	91	18	87	19	96	20	86	21	81	22	89	23	90	24	96	25	82	26	84	27	88	28	82	29	86	
	0	101	1	92	2	87	3	88	4	94	5	86	6	84	7	97	8	87	9	103	10	86	11	88	12	89	13	101	14	95	15	97	16	92	17	84	18	89	19	94	20	90	21	89	22	100	23	97	24	84	25	100	26	101	27	95	28	97	29	95	
	0	93	1	79	2	93	3	88	4	87	5	81	6	89	7	82	8	85	9	85	10	81	11	78	12	76	13	78	14	74	15	76	16	76	17	87	18	74	19	92	20	93	21	86	22	88	23	82	24	78	25	90	26	83	27	74	28	84	29	74	
	0	103	1	107	2	118	3	103	4	104	5	113	6	108	7	110	8	107	9	120	10	106	11	101	12	119	13	104	14	116	15	101	16	120	17	111	18	118	19	108	20	108	21	101	22	112	23	115	24	114	25	119	26	101	27	115	28	111	29	110	
	0	76	1	66	2	59	3	64	4	63	5	60	6	62	7	60	8	58	9	64	10	64	11	58	12	68	13	73	14	64	15	71	16	77	17	77	18	76	19	58	20	70	21	76	22	70	23	68	24	75	25	58	26	71	27	65	28	61	29	58	
	0	105	1	92	2	93	3	104	4	102	5	104	6	88	7	105	8	106	9	98	10	93	11	97	12	87	13	100	14	95	15	98	16	103	17	98	18	100	19	99	20	100	21	99	22	92	23	103	24	90	25	89	26	105	27	95	28	92	29	93	
	0	72	1	73	2	86	3	87	4	82	5	75	6	76	7	73	8	76	9	87	10	86	11	86	12	87	13	73	14	77	15	72	16	90	17	73	18	73	19	83	20	89	21	83	22	72	23	76	24	87	25	87	26	78	27	79	28	82	29	86	
	0	102	1	93	2	91	3	97	4	98	5	104	6	109	7	100	8	96	9	104	10	102	11	108	12	97	13	104	14	92	15	95	16	104	17	109	18	91	19	108	20	97	21	97	22	97	23	92	24	96	25	110	26	102	27	109	28	103	29	101	
	0	94	1	109	2	91	3	98	4	99	5	96	6	92	7	100	8	105	9	107	10	95	11	109	12	110	13	105	14	94	15	93	16	94	17	100	18	102	19	94	20	110	21	94	22	97	23	97	24	91	25	93	26	104	27	97	28	102	29	95	
	0	101	1	96	2	95	3	96	4	84	5	97	6	95	7	100	8	87	9	102	10	99	11	102	12	102	13	88	14	102	15	102	16	99	17	91	18	88	19	90	20	92	21	98	22	84	23	91	24	91	25	83	26	83	27	98	28	85	29	95	
	0	21	1	15	2	22	3	20	4	5	5	18	6	9	7	12	8	20	9	16	10	9	11	5	12	17	13	16	14	22	15	22	16	15	17	8	18	23	19	13	20	10	21	24	22	5	23	22	24	15	25	10	26	16	27	8	28	9	29	12	
	0	78	1	80	2	75	3	74	4	85	5	88	6	79	7	91	8	83	9	87	10	75	11	74	12	91	13	92	14	87	15	82	16	85	17	79	18	89	19	82	20	88	21	87	22	78	23	84	24	73	25	84	26	90	27	73	28	75	29	86	
	0	65	1	70	2	61	3	76	4	64	5	65	6	73	7	68	8	78	9	68	10	72	11	65	12	66	13	70	14	63	15	71	16	65	17	59	18	68	19	61	20	64	21	65	22	60	23	70	24	75	25	60	26	65	27	69	28	70	29	64	
	0	96	1	114	2	99	3	109	4	111	5	107	6	106	7	103	8	115	9	101	10	113	11	110	12	115	13	113	14	99	15	109	16	101	17	108	18	110	19	97	20	102	21	103	22	100	23	103	24	108	25	111	26	96	27	109	28	102	29	109	
	0	34	1	28	2	38	3	31	4	28	5	29	6	37	7	36	8	39	9	34	10	34	11	24	12	36	13	36	14	35	15	29	16	25	17	29	18	30	19	36	20	32	21	27	22	30	23	30	24	23	25	26	26	39	27	37	28	31	29	29	
	0	78	1	65	2	72	3	64	4	60	5	74	6	61	7	65	8	62	9	67	10	62	11	66	12	59	13	69	14	64	15	69	16	69	17	77	18	74	19	65	20	67	21	72	22	76	23	69	24	59	25	69	26	66	27	60	28	67	29	70	
	0	55	1	44	2	37	3	39	4	46	5	47	6	38	7	51	8	55	9	48	10	54	11	38	12	39	13	40	14	46	15	39	16	49	17	53	18	52	19	41	20	50	21	53	22	43	23	45	24	52	25	45	26	48	27	45	28	49	29	46	
	0	90	1	101	2	96	3	101	4	102	5	99	6	105	7	94	8	104	9	99	10	96	11	97	12	92	13	97	14	105	15	100	16	94	17	97	18	104	19	105	20	90	21	100	22	108	23	101	24	95	25	96	26	91	27	93	28	95	29	104	
	0	25	1	30	2	25	3	29	4	13	5	28	6	16	7	20	8	11	9	13	10	28	11	26	12	18	13	13	14	15	15	23	16	24	17	18	18	30	19	15	20	24	21	28	22	15	23	26	24	14	25	28	26	18	27	30	28	29	29	27	
	0	51	1	44	2	35	3	39	4	41	5	48	6	49	7	42	8	44	9	44	10	37	11	43	12	33	13	50	14	42	15	40	16	48	17	48	18	34	19	43	20	44	21	41	22	51	23	43	24	43	25	51	26	45	27	40	28	51	29	47	
	0	91	1	106	2	100	3	97	4	106	5	93	6	108	7	101	8	106	9	110	10	94	11	91	12	92	13	99	14	105	15	108	16	98	17	96	18	99	19	100	20	110	21	101	22	96	23	99	24	105	25	104	26	97	27	94	28	110	29	110	
	0	91	1	104	2	98	3	106	4	104	5	97	6	100	7	99	8	93	9	103	10	105	11	95	12	106	13	91	14	103	15	99	16	99	17	100	18	94	19	97	20	106	21	92	22	96	23	104	24	106	25	91	26	105	27	100	28	103	29	92	
	0	58	1	52	2	53	3	62	4	57	5	55	6	49	7	57	8	47	9	52	10	53	11	58	12	62	13	55	14	59	15	54	16	56	17	57	18	63	19	55	20	59	21	62	22	57	23	55	24	52	25	57	26	56	27	53	28	55	29	59	
	0	100	1	103	2	102	3	104	4	109	5	99	6	102	7	100	8	97	9	108	10	93	11	99	12	103	13	91	14	93	15	99	16	95	17	98	18	102	19	107	20	93	21	91	22	91	23	95	24	94	25	90	26	104	27	103	28	91	29	101	
	0	92	1	87	2	83	3	82	4	93	5	78	6	76	7	90	8	89	9	84	10	83	11	86	12	90	13	86	14	74	15	93	16	74	17	85	18	76	19	93	20	86	21	82	22	91	23	92	24	88	25	75	26	93	27	76	28	89	29	77	
	0	99	1	98	2	95	3	102	4	93	5	101	6	107	7	95	8	103	9	98	10	93	11	96	12	90	13	90	14	99	15	96	16	102	17	94	18	103	19	105	20	91	21	99	22	101	23	90	24	96	25	91	26	101	27	99	28	106	29	102	
	0	31	1	39	2	47	3	42	4	47	5	34	6	41	7	43	8	38	9	32	10	35	11	29	12	31	13	33	14	44	15	44	16	39	17	29	18	31	19	29	20	40	21	29	22	37	23	43	24	44	25	29	26	45	27	43	28	33	29	33	
	0	15	1	26	2	17	3	18	4	15	5	21	6	14	7	27	8	22	9	16	10	27	11	26	12	14	13	17	14	20	15	19	16	25	17	15	18	11	19	11	20	24	21	19	22	13	23	19	24	16	25	20	26	15	27	23	28	27	29	16	
	0	23	1	37	2	35	3	37	4	25	5	21	6	39	7	31	8	26	9	36	10	29	11	29	12	27	13	24	14	22	15	25	16	34	17	29	18	34	19	25	20	31	21	21	22	23	23	31	24	37	25	34	26	28	27	30	28	25	29	39	
	0	22	1	12	2	27	3	13	4	24	5	29	6	13	7	17	8	18	9	11	10	26	11	20	12	12	13	26	14	13	15	30	16	13	17	14	18	27	19	29	20	20	21	29	22	30	23	23	24	17	25	22	26	11	27	24	28	20	29	18	
	0	18	1	21	2	18	3	27	4	26	5	22	6	15	7	26	8	16	9	30	10	26	11	23	12	27	13	23	14	12	15	12	16	23	17	20	18	11	19	17	20	12	21	13	22	28	23	11	24	24	25	11	26	23	27	29	28	14	29	15	
	0	21	1	27	2	20	3	10	4	25	5	22	6	11	7	8	8	20	9	22	10	15	11	8	12	20	13	10	14	9	15	18	16	17	17	12	18	8	19	23	20	23	21	13	22	14	23	18	24	21	25	27	26	8	27	26	28	16	29	22	
	0	71	1	83	2	82	3	84	4	80	5	81	6	81	7	82	8	78	9	70	10	67	11	77	12	68	13	76	14	66	15	78	16	66	17	79	18	70	19	82	20	70	21	78	22	66	23	67	24	81	25	67	26	83	27	83	28	81	29	77	
	0	9	1	9	2	24	3	12	4	19	5	24	6	20	7	27	8	15	9	24	10	16	11	20	12	24	13	24	14	27	15	25	16	15	17	22	18	27	19	16	20	22	21	10	22	24	23	17	24	24	25	16	26	27	27	21	28	22	29	9	
	0	15	1	32	2	15	3	23	4	31	5	32	6	15	7	22	8	30	9	25	10	29	11	18	12	26	13	30	14	20	15	27	16	30	17	25	18	24	19	34	20	29	21	18	22	31	23	17	24	27	25	20	26	18	27	16	28	30	29	17	
	0	54	1	44	2	44	3	50	4	53	5	52	6	41	7	56	8	39	9	40	10	53	11	40	12	44	13	56	14	57	15	55	16	46	17	48	18	39	19	40	20	55	21	46	22	44	23	44	24	38	25	49	26	41	27	43	28	47	29	53	
	0	60	1	54	2	57	3	62	4	59	5	48	6	44	7	43	8	60	9	51	10	43	11	61	12	51	13	48	14	59	15	54	16	62	17	61	18	54	19	57	20	53	21	55	22	53	23	61	24	46	25	48	26	54	27	54	28	54	29	50	
	0	51	1	58	2	43	3	55	4	42	5	46	6	42	7	59	8	52	9	42	10	45	11	52	12	51	13	56	14	48	15	57	16	55	17	52	18	60	19	44	20	54	21	49	22	41	23	60	24	51	25	48	26	42	27	44	28	53	29	50	
	0	61	1	74	2	66	3	62	4	76	5	60	6	74	7	58	8	70	9	75	10	71	11	71	12	65	13	76	14	69	15	74	16	72	17	71	18	57	19	66	20	64	21	72	22	70	23	65	24	61	25	61	26	70	27	57	28	76	29	76	
	0	76	1	92	2	77	3	88	4	75	5	77	6	84	7	85	8	78	9	84	10	90	11	94	12	75	13	82	14	85	15	77	16	94	17	87	18	88	19	78	20	81	21	84	22	91	23	78	24	75	25	79	26	78	27	78	28	94	29	78	
	0	33	1	24	2	31	3	17	4	24	5	31	6	33	7	32	8	28	9	19	10	34	11	32	12	25	13	20	14	29	15	22	16	25	17	29	18	23	19	24	20	16	21	25	22	35	23	22	24	32	25	18	26	32	27	26	28	35	29	29	
	0	42	1	45	2	37	3	46	4	35	5	44	6	48	7	43	8	41	9	38	10	52	11	51	12	52	13	33	14	49	15	41	16	45	17	42	18	47	19	38	20	33	21	44	22	36	23	52	24	44	25	36	26	33	27	45	28	47	29	34	
	0	37	1	50	2	46	3	42	4	43	5	43	6	46	7	34	8	46	9	31	10	34	11	32	12	37	13	36	14	31	15	41	16	49	17	46	18	33	19	41	20	41	21	34	22	50	23	37	24	42	25	42	26	44	27	46	28	49	29	34	
	0	18	1	19	2	33	3	33	4	24	5	21	6	30	7	22	8	24	9	31	10	25	11	26	12	22	13	34	14	20	15	33	16	22	17	26	18	24	19	18	20	36	21	26	22	31	23	27	24	24	25	18	26	18	27	26	28	19	29	26	
	0	87	1	97	2	82	3	92	4	81	5	92	6	84	7	87	8	88	9	95	10	90	11	92	12	92	13	96	14	84	15	95	16	93	17	94	18	87	19	81	20	93	21	99	22	87	23	93	24	98	25	87	26	99	27	81	28	91	29	82	
	0	34	1	27	2	36	3	23	4	17	5	23	6	17	7	33	8	29	9	28	10	28	11	27	12	26	13	35	14	35	15	23	16	23	17	32	18	28	19	31	20	33	21	32	22	19	23	21	24	32	25	21	26	26	27	25	28	17	29	20	
	0	90	1	97	2	85	3	97	4	99	5	89	6	98	7	90	8	86	9	95	10	86	11	96	12	85	13	96	14	86	15	96	16	97	17	89	18	99	19	90	20	93	21	98	22	95	23	95	24	91	25	83	26	96	27	90	28	100	29	82	
	0	76	1	86	2	85	3	89	4	77	5	90	6	91	7	84	8	72	9	75	10	78	11	91	12	76	13	83	14	81	15	89	16	86	17	85	18	72	19	74	20	73	21	87	22	83	23	89	24	85	25	76	26	73	27	77	28	87	29	90	
	0	21	1	20	2	24	3	9	4	11	5	11	6	9	7	11	8	8	9	18	10	23	11	14	12	7	13	6	14	8	15	13	16	6	17	14	18	9	19	14	20	16	21	20	22	11	23	9	24	25	25	21	26	10	27	17	28	18	29	21	
	0	24	1	8	2	11	3	12	4	16	5	17	6	10	7	13	8	17	9	22	10	16	11	22	12	18	13	12	14	23	15	9	16	20	17	22	18	10	19	8	20	21	21	21	22	22	23	7	24	6	25	23	26	8	27	24	28	12	29	23	
	0	73	1	75	2	75	3	60	4	62	5	73	6	68	7	58	8	75	9	64	10	64	11	61	12	63	13	66	14	68	15	74	16	73	17	73	18	68	19	72	20	75	21	60	22	69	23	59	24	66	25	74	26	73	27	72	28	59	29	64	
	0	43	1	45	2	47	3	52	4	41	5	50	6	51	7	49	8	48	9	44	10	45	11	33	12	52	13	40	14	43	15	46	16	52	17	49	18	41	19	46	20	50	21	39	22	50	23	41	24	48	25	43	26	50	27	39	28	50	29	52	
	0	16	1	33	2	31	3	19	4	29	5	25	6	32	7	27	8	18	9	27	10	19	11	28	12	19	13	30	14	19	15	28	16	22	17	25	18	28	19	24	20	25	21	26	22	18	23	20	24	23	25	17	26	20	27	35	28	17	29	35	
	0	28	1	33	2	41	3	28	4	45	5	40	6	29	7	33	8	28	9	39	10	46	11	31	12	38	13	37	14	45	15	27	16	38	17	45	18	33	19	43	20	39	21	45	22	44	23	38	24	45	25	27	26	27	27	34	28	28	29	39	
	0	26	1	44	2	35	3	26	4	43	5	41	6	25	7	41	8	33	9	30	10	37	11	39	12	25	13	35	14	29	15	26	16	42	17	30	18	40	19	41	20	35	21	30	22	44	23	36	24	43	25	44	26	30	27	36	28	30	29	34	
	0	71	1	79	2	68	3	71	4	77	5	69	6	68	7	72	8	78	9	69	10	72	11	82	12	86	13	79	14	79	15	72	16	67	17	82	18	75	19	74	20	77	21	84	22	85	23	80	24	78	25	74	26	78	27	70	28	75	29	80	
	0	11	1	16	2	14	3	11	4	4	5	17	6	13	7	19	8	4	9	10	10	6	11	22	12	5	13	4	14	8	15	10	16	21	17	14	18	9	19	18	20	19	21	12	22	21	23	7	24	15	25	6	26	17	27	10	28	5	29	10	
	0	66	1	80	2	69	3	63	4	65	5	78	6	76	7	68	8	70	9	75	10	75	11	76	12	64	13	74	14	62	15	74	16	64	17	70	18	70	19	69	20	66	21	64	22	67	23	67	24	70	25	78	26	77	27	62	28	69	29	62	
	0	19	1	33	2	32	3	20	4	33	5	26	6	33	7	19	8	16	9	16	10	25	11	23	12	23	13	22	14	32	15	24	16	21	17	23	18	16	19	30	20	24	21	26	22	31	23	16	24	32	25	24	26	19	27	21	28	26	29	29	
	0	29	1	28	2	30	3	33	4	34	5	37	6	35	7	29	8	19	9	35	10	21	11	26	12	19	13	21	14	25	15	37	16	33	17	37	18	38	19	37	20	24	21	27	22	20	23	25	24	29	25	38	26	21	27	33	28	35	29	28	
	0	64	1	70	2	67	3	56	4	67	5	56	6	60	7	63	8	54	9	62	10	61	11	73	12	54	13	60	14	59	15	69	16	57	17	62	18	56	19	72	20	65	21	63	22	54	23	64	24	59	25	71	26	62	27	63	28	63	29	59	
	0	42	1	42	2	37	3	42	4	37	5	37	6	47	7	47	8	50	9	48	10	45	11	48	12	48	13	41	14	32	15	39	16	31	17	38	18	44	19	42	20	31	21	35	22	38	23	36	24	32	25	43	26	43	27	40	28	40	29	35	
	0	87	1	88	2	98	3	90	4	103	5	88	6	96	7	91	8	85	9	88	10	91	11	103	12	94	13	87	14	95	15	100	16	90	17	95	18	89	19	89	20	87	21	102	22	92	23	86	24	95	25	94	26	87	27	90	28	95	29	85	
	0	11	1	12	2	27	3	15	4	21	5	23	6	17	7	21	8	26	9	10	10	23	11	13	12	23	13	17	14	24	15	24	16	14	17	21	18	20	19	13	20	22	21	10	22	26	23	14	24	25	25	27	26	22	27	27	28	28	29	20	
	0	42	1	30	2	38	3	27	4	36	5	29	6	40	7	46	8	38	9	41	10	37	11	45	12	44	13	33	14	33	15	39	16	43	17	31	18	40	19	33	20	37	21	37	22	43	23	27	24	33	25	33	26	27	27	32	28	31	29	32	
	0	70	1	75	2	71	3	77	4	78	5	70	6	77	7	79	8	77	9	65	10	63	11	74	12	67	13	77	14	65	15	76	16	77	17	63	18	69	19	61	20	71	21	61	22	76	23	77	24	77	25	64	26	71	27	79	28	64	29	66	
	0	82	1	89	2	78	3	80	4	91	5	93	6	78	7	91	8	77	9	79	10	82	11	74	12	87	13	74	14	89	15	76	16	79	17	74	18	75	19	81	20	87	21	87	22	77	23	90	24	84	25	82	26	75	27	87	28	84	29	90	
	0	94	1	92	2	103	3	90	4	98	5	101	6	97	7	100	8	101	9	99	10	95	11	102	12	90	13	105	14	91	15	96	16	99	17	108	18	99	19	107	20	104	21	91	22	102	23	93	24	106	25	92	26	93	27	92	28	91	29	101	
	0	69	1	67	2	65	3	67	4	61	5	72	6	62	7	74	8	66	9	66	10	78	11	68	12	62	13	68	14	63	15	70	16	67	17	74	18	61	19	76	20	60	21	65	22	76	23	60	24	70	25	71	26	75	27	69	28	65	29	78	
	0	59	1	60	2	64	3	55	4	46	5	47	6	56	7	63	8	61	9	47	10	55	11	49	12	64	13	46	14	53	15	46	16	64	17	55	18	50	19	60	20	60	21	50	22	46	23	52	24	46	25	45	26	50	27	57	28	52	29	53	
	0	12	1	12	2	23	3	18	4	18	5	23	6	11	7	16	8	15	9	24	10	21	11	26	12	11	13	27	14	12	15	19	16	17	17	30	18	13	19	26	20	12	21	26	22	19	23	20	24	25	25	14	26	16	27	17	28	28	29	23	
	0	79	1	79	2	86	3	90	4	84	5	82	6	88	7	87	8	74	9	89	10	74	11	77	12	74	13	87	14	76	15	87	16	80	17	91	18	81	19	74	20	83	21	82	22	79	23	78	24	91	25	80	26	90	27	85	28	80	29	82	
	0	47	1	55	2	48	3	50	4	53	5	58	6	40	7	53	8	43	9	55	10	48	11	58	12	57	13	56	14	50	15	53	16	52	17	44	18	55	19	43	20	52	21	43	22	40	23	58	24	40	25	39	26	52	27	48	28	45	29	53	
	0	93	1	101	2	88	3	84	4	94	5	94	6	100	7	97	8	90	9	90	10	101	11	96	12	89	13	85	14	89	15	89	16	88	17	85	18	88	19	89	20	100	21	95	22	88	23	91	24	95	25	91	26	91	27	98	28	93	29	95	
	0	46	1	51	2	40	3	45	4	50	5	55	6	54	7	39	8	50	9	50	10	43	11	57	12	39	13	40	14	44	15	54	16	40	17	49	18	41	19	41	20	43	21	44	22	45	23	42	24	40	25	52	26	50	27	57	28	49	29	49	
	0	52	1	49	2	64	3	46	4	47	5	56	6	61	7	64	8	46	9	50	10	61	11	56	12	50	13	62	14	49	15	51	16	59	17	53	18	55	19	50	20	45	21	59	22	62	23	57	24	56	25	62	26	58	27	63	28	50	29	55	
	0	93	1	91	2	100	3	101	4	106	5	106	6	95	7	92	8	94	9	93	10	88	11	96	12	94	13	105	14	92	15	93	16	102	17	105	18	103	19	95	20	92	21	92	22	93	23	104	24	94	25	88	26	104	27	87	28	89	29	105	
	0	72	1	79	2	68	3	70	4	75	5	73	6	69	7	69	8	85	9	74	10	83	11	70	12	74	13	86	14	82	15	81	16	79	17	82	18	71	19	79	20	79	21	70	22	78	23	73	24	85	25	68	26	86	27	83	28	86	29	74	
	0	46	1	45	2	44	3	52	4	40	5	37	6	48	7	39	8	43	9	43	10	39	11	53	12	56	13	45	14	47	15	46	16	49	17	40	18	54	19	51	20	44	21	48	22	41	23	44	24	47	25	45	26	48	27	50	28	46	29	50	
	0	14	1	12	2	18	3	19	4	23	5	13	6	14	7	12	8	25	9	17	10	14	11	14	12	27	13	11	14	28	15	23	16	12	17	17	18	23	19	25	20	26	21	11	22	25	23	21	24	24	25	23	26	9	27	13	28	27	29	27	
	0	80	1	69	2	71	3	72	4	70	5	81	6	67	7	75	8	73	9	77	10	81	11	69	12	82	13	77	14	80	15	84	16	72	17	81	18	79	19	70	20	79	21	80	22	72	23	69	24	83	25	73	26	70	27	78	28	76	29	75	
	0	72	1	64	2	70	3	75	4	73	5	76	6	72	7	74	8	64	9	66	10	73	11	78	12	66	13	75	14	61	15	78	16	61	17	66	18	78	19	60	20	77	21	62	22	76	23	61	24	76	25	63	26	71	27	69	28	79	29	70	
	0	92	1	95	2	89	3	98	4	100	5	97	6	88	7	88	8	99	9	102	10	89	11	92	12	102	13	95	14	105	15	107	16	92	17	101	18	99	19	92	20	96	21	92	22	89	23	107	24	102	25	102	26	95	27	90	28	96	29	107	
	0	80	1	80	2	70	3	85	4	72	5	75	6	67	7	68	8	73	9	79	10	79	11	76	12	66	13	76	14	84	15	82	16	71	17	85	18	75	19	82	20	74	21	76	22	85	23	74	24	69	25	78	26	75	27	82	28	75	29	72	
	0	4	1	7	2	7	3	16	4	4	5	19	6	9	7	11	8	19	9	13	10	14	11	22	12	15	13	7	14	7	15	10	16	18	17	7	18	15	19	17	20	22	21	15	22	22	23	20	24	19	25	12	26	9	27	10	28	14	29	16	
	0	42	1	39	2	28	3	28	4	39	5	36	6	30	7	26	8	42	9	31	10	28	11	40	12	40	13	40	14	44	15	29	16	30	17	33	18	30	19	37	20	35	21	25	22	41	23	44	24	42	25	25	26	28	27	41	28	33	29	30	
	0	54	1	49	2	57	3	57	4	46	5	55	6	60	7	55	8	60	9	53	10	49	11	51	12	48	13	51	14	63	15	48	16	54	17	62	18	46	19	44	20	45	21	63	22	49	23	48	24	45	25	48	26	61	27	58	28	57	29	59	
	0	92	1	83	2	96	3	86	4	89	5	99	6	98	7	92	8	86	9	87	10	93	11	90	12	95	13	86	14	87	15	94	16	87	17	80	18	96	19	95	20	98	21	80	22	85	23	92	24	83	25	85	26	86	27	95	28	83	29	87	
	0	90	1	75	2	86	3	77	4	87	5	89	6	74	7	89	8	88	9	76	10	79	11	80	12	84	13	92	14	93	15	88	16	86	17	90	18	93	19	75	20	86	21	91	22	82	23	85	24	92	25	74	26	81	27	93	28	76	29	91	
	0	29	1	33	2	25	3	28	4	19	5	32	6	29	7	18	8	25	9	28	10	24	11	29	12	22	13	22	14	18	15	18	16	22	17	27	18	21	19	20	20	29	21	23	22	30	23	35	24	27	25	19	26	35	27	28	28	33	29	24	
	0	117	1	108	2	113	3	114	4	109	5	114	6	114	7	112	8	113	9	115	10	98	11	117	12	110	13	117	14	112	15	115	16	116	17	108	18	100	19	113	20	116	21	105	22	116	23	101	24	109	25	114	26	106	27	109	28	105	29	116	
	0	32	1	24	2	27	3	37	4	32	5	31	6	23	7	24	8	23	9	29	10	22	11	29	12	20	13	21	14	22	15	38	16	33	17	27	18	28	19	34	20	33	21	27	22	34	23	39	24	30	25	22	26	20	27	27	28	29	29	21	
	0	64	1	71	2	76	3	75	4	65	5	65	6	62	7	75	8	75	9	66	10	79	11	66	12	65	13	76	14	75	15	64	16	74	17	74	18	73	19	73	20	62	21	74	22	80	23	79	24	64	25	67	26	71	27	72	28	64	29	70	
	0	95	1	100	2	95	3	99	4	93	5	92	6	87	7	101	8	83	9	89	10	89	11	102	12	85	13	88	14	85	15	85	16	100	17	102	18	102	19	93	20	96	21	86	22	101	23	84	24	95	25	98	26	84	27	90	28	90	29	98	
	0	28	1	22	2	34	3	30	4	29	5	29	6	28	7	26	8	23	9	20	10	34	11	31	12	32	13	20	14	19	15	35	16	31	17	25	18	34	19	35	20	37	21	22	22	27	23	23	24	21	25	33	26	21	27	35	28	24	29	34	
	0	50	1	54	2	55	3	40	4	54	5	45	6	51	7	54	8	52	9	52	10	42	11	56	12	52	13	49	14	45	15	48	16	54	17	53	18	44	19	48	20	51	21	54	22	40	23	39	24	54	25	43	26	38	27	56	28	54	29	50	
	0	59	1	76	2	76	3	63	4	59	5	70	6	74	7	77	8	64	9	77	10	70	11	74	12	75	13	69	14	76	15	68	16	66	17	69	18	74	19	66	20	60	21	65	22	74	23	64	24	66	25	62	26	72	27	68	28	62	29	64	
	0	69	1	72	2	75	3	78	4	83	5	80	6	73	7	67	8	83	9	82	10	71	11	77	12	80	13	70	14	83	15	76	16	71	17	72	18	79	19	84	20	75	21	81	22	73	23	79	24	70	25	81	26	78	27	71	28	77	29	77	
	0	93	1	95	2	89	3	100	4	101	5	102	6	102	7	86	8	98	9	86	10	92	11	85	12	83	13	98	14	87	15	95	16	87	17	96	18	89	19	89	20	90	21	85	22	97	23	87	24	101	25	87	26	88	27	84	28	96	29	97	
	0	93	1	92	2	97	3	110	4	108	5	102	6	96	7	92	8	91	9	103	10	102	11	109	12	99	13	91	14	104	15	97	16	105	17	102	18	92	19	96	20	96	21	107	22	97	23	108	24	93	25	106	26	100	27	94	28	91	29	96	
	0	85	1	79	2	81	3	90	4	94	5	89	6	95	7	83	8	78	9	88	10	93	11	78	12	96	13	91	14	87	15	96	16	83	17	91	18	93	19	80	20	79	21	89	22	86	23	86	24	91	25	95	26	86	27	86	28	82	29	90	
	0	115	1	114	2	115	3	112	4	96	5	110	6	97	7	106	8	114	9	101	10	99	11	113	12	112	13	101	14	107	15	111	16	97	17	100	18	112	19	100	20	104	21	114	22	96	23	97	24	98	25	110	26	102	27	111	28	108	29	101	
	0	45	1	37	2	54	3	56	4	42	5	40	6	42	7	42	8	40	9	42	10	39	11	45	12	49	13	49	14	46	15	37	16	52	17	39	18	53	19	53	20	41	21	44	22	53	23	50	24	42	25	53	26	42	27	50	28	38	29	56	
	0	78	1	85	2	86	3	86	4	75	5	67	6	82	7	82	8	71	9	85	10	86	11	83	12	73	13	76	14	85	15	73	16	67	17	80	18	79	19	73	20	70	21	73	22	84	23	71	24	82	25	75	26	82	27	78	28	82	29	85	
	0	20	1	32	2	36	3	35	4	20	5	25	6	22	7	30	8	29	9	28	10	34	11	30	12	33	13	24	14	20	15	25	16	28	17	27	18	28	19	37	20	28	21	30	22	23	23	35	24	25	25	24	26	38	27	25	28	26	29	20	
	0	25	1	25	2	18	3	15	4	21	5	33	6	33	7	22	8	22	9	19	10	19	11	27	12	29	13	32	14	15	15	16	16	25	17	15	18	22	19	18	20	21	21	20	22	20	23	14	24	17	25	33	26	30	27	27	28	29	29	24	
	0	37	1	27	2	36	3	40	4	24	5	39	6	31	7	23	8	28	9	23	10	31	11	39	12	28	13	32	14	37	15	38	16	40	17	32	18	29	19	30	20	25	21	39	22	40	23	34	24	27	25	38	26	41	27	34	28	30	29	23	
	0	67	1	62	2	54	3	52	4	50	5	59	6	69	7	52	8	52	9	50	10	60	11	66	12	59	13	60	14	57	15	61	16	52	17	65	18	63	19	62	20	64	21	68	22	63	23	68	24	64	25	68	26	68	27	65	28	53	29	67	
	0	70	1	77	2	83	3	73	4	68	5	73	6	79	7	80	8	84	9	69	10	72	11	69	12	77	13	74	14	73	15	76	16	65	17	67	18	67	19	71	20	68	21	66	22	82	23	68	24	82	25	69	26	69	27	69	28	75	29	73	
	0	102	1	93	2	86	3	92	4	99	5	86	6	94	7	91	8	102	9	96	10	86	11	88	12	90	13	84	14	91	15	101	16	98	17	103	18	87	19	88	20	84	21	88	22	87	23	86	24	100	25	85	26	95	27	88	28	100	29	88	
	0	29	1	37	2	30	3	26	4	29	5	29	6	24	7	25	8	24	9	21	10	35	11	31	12	36	13	19	14	27	15	36	16	37	17	23	18	21	19	28	20	30	21	23	22	21	23	36	24	21	25	31	26	30	27	36	28	35	29	25	
	0	101	1	100	2	117	3	106	4	105	5	106	6	114	7	98	8	114	9	106	10	111	11	103	12	104	13	98	14	98	15	115	16	114	17	104	18	107	19	104	20	110	21	99	22	107	23	100	24	113	25	106	26	115	27	113	28	99	29	117	
	0	36	1	39	2	39	3	38	4	49	5	40	6	39	7	46	8	46	9	36	10	44	11	42	12	42	13	49	14	37	15	36	16	43	17	40	18	40	19	46	20	36	21	46	22	37	23	33	24	48	25	45	26	46	27	47	28	33	29	40	
	0	44	1	61	2	52	3	43	4	54	5	61	6	59	7	54	8	52	9	52	10	45	11	53	12	53	13	55	14	57	15	46	16	57	17	49	18	54	19	51	20	42	21	54	22	61	23	44	24	46	25	51	26	47	27	46	28	57	29	54	
	0	38	1	37	2	31	3	39	4	44	5	32	6	25	7	28	8	43	9	40	10	35	11	31	12	40	13	44	14	26	15	38	16	27	17	44	18	34	19	41	20	34	21	42	22	40	23	34	24	42	25	26	26	41	27	27	28	43	29	36	
	0	76	1	76	2	83	3	82	4	69	5	69	6	83	7	76	8	67	9	83	10	77	11	77	12	69	13	86	14	68	15	84	16	75	17	76	18	79	19	74	20	82	21	69	22	73	23	81	24	80	25	82	26	83	27	75	28	77	29	78	
	0	98	1	99	2	113	3	100	4	117	5	106	6	117	7	112	8	110	9	102	10	108	11	103	12	114	13	113	14	107	15	111	16	98	17	101	18	103	19	111	20	111	21	114	22	111	23	103	24	112	25	109	26	117	27	102	28	104	29	112	
	0	96	1	93	2	104	3	105	4	111	5	101	6	110	7	97	8	104	9	93	10	95	11	92	12	104	13	106	14	102	15	110	16	103	17	95	18	110	19	98	20	106	21	111	22	100	23	102	24	92	25	99	26	105	27	108	28	106	29	97	
	0	79	1	76	2	75	3	65	4	74	5	70	6	65	7	72	8	77	9	67	10	66	11	74	12	83	13	78	14	75	15	67	16	65	17	67	18	74	19	82	20	67	21	80	22	78	23	74	24	80	25	65	26	72	27	80	28	72	29	69	
	0	53	1	55	2	56	3	48	4	40	5	54	6	47	7	51	8	52	9	42	10	40	11	53	12	51	13	49	14	55	15	52	16	46	17	47	18	56	19	45	20	53	21	46	22	46	23	45	24	51	25	51	26	57	27	42	28	41	29	46	
	0	43	1	48	2	50	3	45	4	42	5	49	6	49	7	35	8	44	9	32	10	45	11	41	12	40	13	32	14	39	15	32	16	44	17	50	18	39	19	32	20	35	21	37	22	34	23	33	24	44	25	35	26	44	27	37	28	45	29	35	
	0	100	1	98	2	87	3	95	4	96	5	94	6	84	7	99	8	94	9	98	10	84	11	93	12	91	13	85	14	84	15	102	16	88	17	99	18	84	19	95	20	93	21	93	22	85	23	87	24	88	25	103	26	90	27	95	28	99	29	93	
	0	99	1	103	2	110	3	105	4	98	5	108	6	103	7	101	8	104	9	102	10	100	11	109	12	112	13	98	14	108	15	107	16	112	17	103	18	101	19	104	20	99	21	105	22	115	23	105	24	105	25	104	26	111	27	115	28	99	29	100	
	0	86	1	83	2	80	3	80	4	83	5	85	6	92	7	95	8	77	9	76	10	86	11	95	12	79	13	94	14	86	15	95	16	93	17	86	18	90	19	79	20	85	21	84	22	82	23	89	24	81	25	80	26	95	27	91	28	94	29	89	
	0	60	1	52	2	50	3	43	4	60	5	49	6	42	7	49	8	49	9	51	10	52	11	52	12	42	13	43	14	45	15	48	16	57	17	55	18	58	19	57	20	53	21	45	22	54	23	46	24	52	25	46	26	57	27	53	28	45	29	58	
	0	48	1	48	2	48	3	39	4	47	5	53	6	40	7	42	8	41	9	53	10	52	11	39	12	53	13	55	14	39	15	43	16	38	17	42	18	41	19	57	20	44	21	46	22	54	23	53	24	56	25	50	26	39	27	39	28	54	29	42	
	0	93	1	100	2	100	3	101	4	95	5	98	6	100	7	99	8	98	9	103	10	96	11	96	12	98	13	110	14	95	15	93	16	94	17	95	18	103	19	95	20	110	21	95	22	95	23	103	24	94	25	105	26	110	27	94	28	95	29	102	
	0	81	1	66	2	71	3	67	4	69	5	66	6	67	7	66	8	70	9	66	10	65	11	69	12	63	13	69	14	65	15	79	16	77	17	82	18	77	19	80	20	76	21	67	22	79	23	77	24	81	25	72	26	69	27	69	28	74	29	78	
	0	16	1	17	2	12	3	9	4	14	5	13	6	22	7	21	8	24	9	28	10	26	11	15	12	12	13	16	14	14	15	19	16	19	17	20	18	16	19	24	20	22	21	16	22	20	23	21	24	13	25	9	26	13	27	14	28	28	29	24	
	0	22	1	17	2	34	3	21	4	23	5	23	6	20	7	34	8	34	9	29	10	24	11	32	12	30	13	22	14	28	15	32	16	24	17	21	18	18	19	36	20	25	21	21	22	33	23	18	24	32	25	19	26	32	27	26	28	26	29	33	
	0	54	1	53	2	52	3	47	4	45	5	53	6	50	7	49	8	57	9	46	10	44	11	57	12	57	13	50	14	59	15	60	16	59	17	45	18	53	19	57	20	60	21	52	22	48	23	51	24	42	25	48	26	44	27	46	28	55	29	42	
	0	28	1	16	2	16	3	26	4	29	5	21	6	22	7	29	8	30	9	25	10	22	11	28	12	32	13	23	14	29	15	24	16	29	17	27	18	16	19	27	20	25	21	22	22	24	23	21	24	26	25	24	26	26	27	16	28	24	29	32	
	0	50	1	45	2	43	3	51	4	44	5	38	6	51	7	37	8	41	9	53	10	44	11	43	12	41	13	43	14	48	15	36	16	48	17	51	18	38	19	49	20	35	21	36	22	37	23	48	24	37	25	37	26	47	27	40	28	39	29	49	
	0	29	1	26	2	34	3	32	4	35	5	31	6	26	7	31	8	23	9	29	10	20	11	28	12	18	13	19	14	21	15	31	16	27	17	29	18	21	19	29	20	32	21	25	22	25	23	30	24	33	25	27	26	31	27	18	28	21	29	26	
	0	108	1	97	2	102	3	92	4	93	5	99	6	102	7	108	8	96	9	92	10	106	11	105	12	90	13	98	14	103	15	107	16	105	17	98	18	96	19	100	20	102	21	106	22	102	23	94	24	96	25	102	26	108	27	99	28	97	29	97	
	0	67	1	72	2	72	3	70	4	75	5	68	6	68	7	78	8	78	9	75	10	85	11	77	12	72	13	67	14	77	15	81	16	74	17	75	18	85	19	70	20	74	21	71	22	79	23	69	24	81	25	69	26	82	27	85	28	72	29	76	
	0	47	1	50	2	45	3	38	4	47	5	47	6	46	7	51	8	51	9	44	10	41	11	45	12	50	13	49	14	51	15	42	16	45	17	45	18	48	19	38	20	39	21	48	22	45	23	43	24	40	25	41	26	40	27	52	28	34	29	46	
	0	80	1	73	2	74	3	66	4	65	5	71	6	62	7	67	8	77	9	76	10	67	11	68	12	64	13	63	14	79	15	69	16	75	17	77	18	63	19	74	20	65	21	68	22	66	23	80	24	73	25	77	26	77	27	77	28	62	29	80	
	0	116	1	102	2	115	3	113	4	109	5	120	6	117	7	111	8	116	9	110	10	111	11	111	12	118	13	103	14	106	15	103	16	102	17	108	18	105	19	107	20	114	21	111	22	113	23	105	24	101	25	111	26	109	27	108	28	111	29	102	
	0	25	1	26	2	35	3	41	4	34	5	33	6	37	7	27	8	29	9	33	10	31	11	42	12	34	13	38	14	34	15	26	16	33	17	25	18	38	19	30	20	39	21	35	22	32	23	24	24	38	25	32	26	40	27	36	28	32	29	37	
	0	42	1	38	2	30	3	33	4	32	5	35	6	44	7	38	8	42	9	32	10	38	11	30	12	40	13	41	14	45	15	33	16	29	17	30	18	29	19	32	20	38	21	32	22	37	23	39	24	43	25	39	26	41	27	29	28	40	29	38	
	0	68	1	80	2	74	3	77	4	74	5	78	6	80	7	78	8	72	9	76	10	79	11	62	12	73	13	65	14	70	15	69	16	70	17	68	18	78	19	69	20	78	21	71	22	79	23	61	24	65	25	70	26	66	27	75	28	68	29	68	
	0	18	1	20	2	25	3	13	4	19	5	22	6	26	7	15	8	16	9	27	10	30	11	18	12	16	13	20	14	26	15	13	16	30	17	19	18	31	19	20	20	16	21	17	22	13	23	19	24	19	25	27	26	16	27	30	28	25	29	20	
	0	97	1	95	2	100	3	99	4	102	5	101	6	85	7	93	8	103	9	94	10	88	11	91	12	88	13	85	14	99	15	98	16	103	17	96	18	85	19	90	20	87	21	87	22	89	23	103	24	97	25	103	26	84	27	90	28	100	29	88	
	0	104	1	101	2	109	3	115	4	110	5	109	6	113	7	109	8	118	9	106	10	103	11	112	12	105	13	112	14	114	15	104	16	105	17	105	18	101	19	120	20	120	21	112	22	107	23	116	24	116	25	112	26	115	27	111	28	111	29	102	
	0	34	1	28	2	34	3	42	4	39	5	32	6	26	7	33	8	32	9	41	10	43	11	32	12	26	13	35	14	29	15	36	16	37	17	32	18	33	19	40	20	34	21	39	22	43	23	32	24	41	25	39	26	40	27	38	28	42	29	27	
	0	89	1	91	2	102	3	102	4	90	5	103	6	104	7	98	8	97	9	102	10	87	11	89	12	92	13	94	14	104	15	104	16	105	17	98	18	90	19	87	20	87	21	93	22	98	23	89	24	95	25	90	26	98	27	86	28	95	29	88	
	0	32	1	43	2	38	3	43	4	36	5	43	6	33	7	43	8	37	9	37	10	28	11	41	12	37	13	31	14	36	15	38	16	33	17	41	18	40	19	46	20	41	21	37	22	41	23	42	24	30	25	32	26	42	27	43	28	40	29	43	
	0	117	1	101	2	106	3	113	4	119	5	108	6	112	7	112	8	118	9	105	10	110	11	119	12	108	13	108	14	106	15	101	16	117	17	111	18	111	19	108	20	107	21	103	22	101	23	105	24	108	25	117	26	117	27	103	28	107	29	104	
	0	100	1	107	2	104	3	108	4	110	5	106	6	104	7	109	8	101	9	116	10	116	11	99	12	113	13	109	14	105	15	110	16	103	17	115	18	113	19	114	20	100	21	108	22	103	23	111	24	111	25	99	26	113	27	104	28	107	29	112	
	0	43	1	40	2	35	3	31	4	34	5	27	6	43	7	38	8	42	9	39	10	30	11	28	12	33	13	36	14	35	15	44	16	36	17	29	18	34	19	28	20	27	21	33	22	42	23	43	24	40	25	26	26	40	27	32	28	26	29	44	
	0	67	1	70	2	82	3	84	4	78	5	81	6	80	7	73	8	79	9	73	10	69	11	69	12	76	13	69	14	67	15	82	16	67	17	68	18	75	19	71	20	73	21	82	22	77	23	83	24	71	25	76	26	77	27	80	28	85	29	83	
	0	46	1	57	2	61	3	52	4	50	5	55	6	62	7	60	8	50	9	60	10	63	11	55	12	50	13	44	14	50	15	51	16	61	17	60	18	61	19	47	20	48	21	51	22	55	23	49	24	48	25	50	26	45	27	51	28	52	29	60	
	0	77	1	78	2	86	3	85	4	90	5	78	6	78	7	83	8	78	9	88	10	86	11	93	12	94	13	82	14	94	15	86	16	85	17	95	18	78	19	91	20	96	21	84	22	88	23	81	24	82	25	89	26	88	27	84	28	92	29	77	
	0	73	1	72	2	62	3	77	4	67	5	75	6	67	7	70	8	78	9	69	10	64	11	80	12	77	13	65	14	76	15	67	16	73	17	63	18	79	19	61	20	75	21	75	22	64	23	61	24	63	25	62	26	66	27	68	28	72	29	79	
	0	38	1	42	2	50	3	49	4	38	5	34	6	42	7	44	8	50	9	38	10	33	11	40	12	36	13	39	14	47	15	39	16	49	17	35	18	45	19	36	20	44	21	31	22	37	23	33	24	36	25	40	26	37	27	33	28	40	29	39	
	0	68	1	74	2	62	3	79	4	70	5	64	6	68	7	66	8	71	9	62	10	78	11	76	12	64	13	78	14	62	15	75	16	70	17	79	18	69	19	76	20	78	21	65	22	68	23	62	24	70	25	76	26	79	27	64	28	73	29	71	
	0	14	1	18	2	23	3	19	4	17	5	5	6	6	7	5	8	18	9	5	10	19	11	17	12	18	13	6	14	13	15	12	16	20	17	19	18	21	19	23	20	14	21	19	22	12	23	13	24	5	25	24	26	8	27	19	28	13	29	9	
	0	22	1	12	2	7	3	20	4	22	5	7	6	16	7	6	8	3	9	20	10	11	11	6	12	10	13	21	14	5	15	11	16	12	17	20	18	6	19	20	20	13	21	19	22	22	23	19	24	22	25	13	26	16	27	8	28	7	29	12	
	0	99	1	105	2	91	3	92	4	98	5	94	6	98	7	104	8	89	9	95	10	94	11	105	12	90	13	105	14	105	15	105	16	97	17	91	18	105	19	103	20	106	21	93	22	106	23	107	24	99	25	99	26	98	27	88	28	90	29	91	
	0	98	1	98	2	98	3	91	4	103	5	90	6	93	7	100	8	105	9	96	10	98	11	108	12	91	13	105	14	105	15	109	16	92	17	108	18	95	19	100	20	104	21	104	22	99	23	98	24	101	25	106	26	97	27	94	28	96	29	106	
	0	76	1	84	2	85	3	83	4	83	5	80	6	76	7	88	8	84	9	78	10	86	11	78	12	85	13	92	14	85	15	93	16	81	17	76	18	79	19	80	20	81	21	85	22	83	23	74	24	75	25	80	26	85	27	93	28	90	29	85	
	0	21	1	29	2	32	3	33	4	31	5	29	6	32	7	35	8	31	9	29	10	26	11	16	12	30	13	19	14	29	15	24	16	26	17	34	18	16	19	19	20	30	21	25	22	27	23	31	24	32	25	17	26	21	27	19	28	28	29	30	
	0	83	1	86	2	79	3	86	4	97	5	90	6	98	7	91	8	83	9	93	10	79	11	81	12	96	13	90	14	90	15	97	16	79	17	79	18	98	19	92	20	94	21	93	22	96	23	85	24	83	25	95	26	96	27	89	28	88	29	93	
	0	97	1	89	2	89	3	91	4	89	5	96	6	95	7	79	8	98	9	97	10	79	11	88	12	94	13	96	14	93	15	82	16	92	17	89	18	80	19	89	20	86	21	90	22	81	23	92	24	91	25	95	26	86	27	87	28	82	29	91	
	0	109	1	109	2	102	3	108	4	98	5	91	6	101	7	101	8	106	9	90	10	104	11	109	12	102	13	107	14	103	15	106	16	93	17	91	18	99	19	92	20	102	21	98	22	90	23	107	24	104	25	98	26	106	27	101	28	96	29	101	
	0	42	1	41	2	43	3	46	4	39	5	56	6	56	7	51	8	39	9	50	10	41	11	49	12	43	13	54	14	51	15	51	16	40	17	46	18	43	19	43	20	44	21	55	22	55	23	45	24	51	25	39	26	55	27	42	28	45	29	47	
	0	37	1	27	2	25	3	22	4	31	5	31	6	31	7	38	8	24	9	35	10	38	11	29	12	29	13	40	14	21	15	21	16	28	17	29	18	32	19	21	20	33	21	28	22	36	23	26	24	29	25	27	26	24	27	39	28	22	29	39	
	0	81	1	93	2	86	3	83	4	93	5	88	6	81	7	95	8	85	9	93	10	81	11	86	12	79	13	91	14	88	15	91	16	90	17	82	18	89	19	78	20	78	21	86	22	93	23	76	24	81	25	82	26	92	27	78	28	95	29	82	
	0	83	1	71	2	79	3	66	4	72	5	73	6	67	7	78	8	69	9	70	10	66	11	66	12	78	13	82	14	75	15	72	16	71	17	65	18	77	19	77	20	66	21	65	22	83	23	73	24	80	25	83	26	66	27	77	28	71	29	74	
	0	18	1	23	2	33	3	19	4	19	5	19	6	25	7	31	8	35	9	35	10	22	11	29	12	17	13	33	14	31	15	32	16	25	17	32	18	30	19	27	20	24	21	17	22	19	23	17	24	25	25	33	26	20	27	34	28	26	29	21	
	0	16	1	13	2	17	3	20	4	7	5	3	6	3	7	12	8	9	9	17	10	21	11	6	12	6	13	8	14	5	15	15	16	22	17	3	18	6	19	15	20	20	21	4	22	16	23	9	24	17	25	6	26	21	27	5	28	18	29	5	
	0	63	1	57	2	50	3	50	4	62	5	60	6	63	7	52	8	62	9	50	10	66	11	54	12	54	13	53	14	64	15	52	16	60	17	59	18	51	19	56	20	52	21	51	22	50	23	61	24	64	25	66	26	61	27	65	28	60	29	65	
	0	99	1	102	2	93	3	105	4	108	5	96	6	92	7	101	8	103	9	100	10	101	11	106	12	96	13	98	14	107	15	98	16	106	17	105	18	95	19	97	20	97	21	107	22	103	23	95	24	95	25	101	26	102	27	105	28	98	29	106	
	0	10	1	15	2	9	3	18	4	5	5	14	6	15	7	14	8	12	9	14	10	11	11	21	12	23	13	12	14	12	15	9	16	7	17	4	18	17	19	13	20	10	21	4	22	12	23	20	24	23	25	10	26	22	27	6	28	9	29	17	
	0	115	1	99	2	106	3	112	4	108	5	115	6	109	7	110	8	116	9	113	10	113	11	100	12	115	13	100	14	114	15	100	16	116	17	107	18	103	19	100	20	102	21	112	22	111	23	109	24	98	25	113	26	115	27	110	28	105	29	109	
	0	29	1	38	2	32	3	35	4	36	5	38	6	30	7	41	8	42	9	41	10	48	11	30	12	42	13	30	14	42	15	46	16	46	17	46	18	42	19	46	20	32	21	29	22	36	23	47	24	48	25	41	26	45	27	45	28	37	29	40	
	0	50	1	41	2	32	3	40	4	36	5	41	6	39	7	40	8	39	9	41	10	34	11	43	12	32	13	50	14	44	15	49	16	41	17	38	18	46	19	45	20	31	21	40	22	45	23	50	24	49	25	44	26	31	27	36	28	50	29	45	
	0	108	1	105	2	109	3	100	4	102	5	100	6	91	7	92	8	96	9	110	10	108	11	107	12	104	13	99	14	104	15	96	16	103	17	98	18	97	19	98	20	104	21	97	22	95	23	91	24	107	25	97	26	103	27	106	28	91	29	105	
	0	85	1	69	2	83	3	77	4	79	5	68	6	70	7	85	8	74	9	69	10	70	11	80	12	75	13	86	14	76	15	83	16	82	17	82	18	85	19	86	20	82	21	73	22	83	23	79	24	72	25	76	26	80	27	68	28	74	29	73	
	0	105	1	101	2	110	3	105	4	100	5	103	6	107	7	94	8	110	9	100	10	103	11	98	12	112	13	113	14	102	15	96	16	103	17	100	18	104	19	113	20	95	21	98	22	97	23	105	24	98	25	107	26	104	27	94	28	99	29	95	
	0	86	1	73	2	74	3	85	4	84	5	84	6	86	7	84	8	81	9	81	10	84	11	80	12	85	13	67	14	68	15	78	16	69	17	82	18	74	19	74	20	69	21	76	22	72	23	73	24	68	25	76	26	70	27	80	28	72	29	86	
	0	24	1	14	2	16	3	22	4	27	5	22	6	27	7	20	8	17	9	31	10	16	11	16	12	23	13	16	14	29	15	26	16	23	17	29	18	17	19	29	20	14	21	18	22	18	23	21	24	28	25	24	26	28	27	31	28	32	29	28	
	0	42	1	57	2	45	3	43	4	47	5	43	6	41	7	43	8	56	9	49	10	55	11	60	12	49	13	47	14	60	15	41	16	59	17	43	18	53	19	46	20	42	21	44	22	41	23	51	24	43	25	51	26	48	27	54	28	55	29	44	
	0	53	1	52	2	61	3	63	4	64	5	50	6	62	7	66	8	65	9	56	10	67	11	53	12	59	13	61	14	55	15	52	16	52	17	62	18	63	19	58	20	59	21	56	22	68	23	49	24	67	25	67	26	67	27	68	28	62	29	49	
	0	70	1	65	2	62	3	56	4	54	5	63	6	56	7	65	8	66	9	70	10	67	11	59	12	68	13	57	14	54	15	64	16	65	17	68	18	72	19	69	20	63	21	65	22	62	23	54	24	62	25	69	26	67	27	73	28	63	29	63	
	0	89	1	75	2	79	3	90	4	87	5	79	6	90	7	90	8	81	9	87	10	84	11	84	12	84	13	82	14	80	15	76	16	84	17	82	18	77	19	77	20	73	21	92	22	80	23	87	24	91	25	90	26	85	27	88	28	87	29	79	
	0	58	1	54	2	46	3	63	4	57	5	53	6	56	7	51	8	58	9	48	10	55	11	48	12	49	13	44	14	57	15	54	16	52	17	63	18	63	19	49	20	48	21	46	22	54	23	48	24	48	25	49	26	46	27	58	28	60	29	63	
	0	20	1	19	2	10	3	15	4	13	5	18	6	15	7	14	8	19	9	9	10	11	11	22	12	7	13	5	14	17	15	18	16	20	17	17	18	7	19	5	20	21	21	21	22	9	23	7	24	8	25	17	26	21	27	8	28	8	29	19	
	0	84	1	82	2	72	3	75	4	77	5	76	6	69	7	78	8	71	9	79	10	86	11	80	12	82	13	68	14	80	15	72	16	79	17	72	18	85	19	67	20	85	21	84	22	68	23	71	24	74	25	71	26	71	27	77	28	76	29	81	
	0	88	1	98	2	97	3	88	4	103	5	101	6	93	7	104	8	93	9	105	10	106	11	105	12	105	13	89	14	95	15	96	16	92	17	98	18	99	19	92	20	87	21	93	22	91	23	89	24	106	25	91	26	94	27	93	28	95	29	87	
	0	75	1	76	2	73	3	88	4	71	5	84	6	74	7	70	8	70	9	73	10	77	11	74	12	82	13	80	14	74	15	84	16	80	17	75	18	89	19	84	20	85	21	79	22	84	23	88	24	86	25	89	26	85	27	77	28	86	29	85	
	0	99	1	100	2	97	3	111	4	103	5	111	6	101	7	115	8	107	9	99	10	103	11	105	12	111	13	104	14	105	15	113	16	115	17	96	18	108	19	99	20	103	21	109	22	109	23	105	24	107	25	96	26	115	27	108	28	114	29	115	
	0	31	1	31	2	23	3	34	4	27	5	18	6	26	7	36	8	20	9	21	10	19	11	30	12	23	13	33	14	27	15	20	16	25	17	30	18	24	19	27	20	18	21	35	22	27	23	34	24	28	25	17	26	35	27	25	28	28	29	30	
	0	40	1	37	2	41	3	50	4	43	5	47	6	44	7	49	8	36	9	41	10	42	11	44	12	42	13	40	14	46	15	35	16	48	17	37	18	34	19	42	20	44	21	35	22	37	23	50	24	50	25	33	26	44	27	38	28	34	29	39	
	0	37	1	44	2	50	3	38	4	42	5	39	6	45	7	36	8	35	9	35	10	49	11	46	12	35	13	46	14	50	15	39	16	50	17	49	18	37	19	46	20	47	21	35	22	40	23	51	24	42	25	44	26	52	27	37	28	44	29	49	
	0	74	1	59	2	58	3	69	4	64	5	71	6	75	7	63	8	71	9	56	10	58	11	64	12	57	13	63	14	63	15	62	16	72	17	70	18	56	19	62	20	71	21	63	22	75	23	71	24	66	25	63	26	67	27	72	28	62	29	74	
	0	100	1	81	2	92	3	83	4	91	5	93	6	88	7	95	8	90	9	81	10	93	11	81	12	83	13	100	14	85	15	89	16	84	17	93	18	82	19	91	20	84	21	87	22	85	23	97	24	85	25	86	26	86	27	81	28	93	29	85	
	0	70	1	65	2	62	3	62	4	75	5	75	6	61	7	70	8	69	9	58	10	61	11	72	12	72	13	62	14	66	15	73	16	71	17	64	18	69	19	73	20	75	21	58	22	56	23	66	24	68	25	62	26	66	27	73	28	56	29	63	
	0	83	1	85	2	89	3	83	4	88	5	89	6	80	7	80	8	87	9	90	10	97	11	79	12	85	13	89	14	98	15	89	16	81	17	79	18	80	19	83	20	96	21	82	22	94	23	87	24	79	25	82	26	88	27	86	28	84	29	88	
	0	78	1	88	2	78	3	76	4	78	5	89	6	85	7	87	8	90	9	84	10	78	11	89	12	83	13	73	14	74	15	85	16	80	17	74	18	84	19	82	20	73	21	90	22	87	23	83	24	83	25	79	26	79	27	81	28	90	29	72	
	0	29	1	41	2	42	3	39	4	24	5	35	6	41	7	29	8	33	9	27	10	39	11	26	12	27	13	39	14	29	15	29	16	36	17	43	18	38	19	38	20	26	21	24	22	33	23	33	24	25	25	40	26	35	27	29	28	38	29	24	
	0	111	1	110	2	113	3	105	4	100	5	110	6	101	7	109	8	119	9	116	10	117	11	105	12	104	13	100	14	108	15	114	16	109	17	109	18	111	19	113	20	112	21	103	22	113	23	111	24	119	25	113	26	111	27	112	28	100	29	119	
	0	49	1	41	2	34	3	41	4	43	5	32	6	36	7	44	8	43	9	31	10	45	11	49	12	39	13	42	14	41	15	43	16	38	17	45	18	42	19	30	20	34	21	41	22	37	23	45	24	48	25	37	26	42	27	34	28	39	29	36	
	0	28	1	31	2	32	3	36	4	44	5	44	6	36	7	28	8	30	9	29	10	45	11	47	12	29	13	32	14	29	15	38	16	40	17	32	18	43	19	40	20	35	21	35	22	37	23	40	24	31	25	40	26	42	27	33	28	40	29	46	
	0	62	1	63	2	52	3	50	4	57	5	46	6	57	7	56	8	61	9	60	10	63	11	50	12	52	13	56	14	55	15	53	16	48	17	48	18	61	19	63	20	46	21	56	22	58	23	55	24	53	25	50	26	45	27	46	28	50	29	63	
	0	75	1	69	2	74	3	65	4	65	5	71	6	64	7	69	8	73	9	65	10	74	11	81	12	82	13	74	14	77	15	69	16	67	17	63	18	74	19	81	20	81	21	66	22	63	23	78	24	72	25	67	26	68	27	77	28	69	29	82	
	0	60	1	72	2	63	3	63	4	68	5	79	6	74	7	65	8	73	9	66	10	61	11	67	12	63	13	61	14	72	15	60	16	77	17	66	18	67	19	63	20	77	21	77	22	75	23	75	24	69	25	79	26	72	27	62	28	63	29	67	
	0	19	1	14	2	18	3	19	4	23	5	15	6	14	7	27	8	18	9	28	10	25	11	25	12	33	13	18	14	31	15	31	16	22	17	17	18	27	19	19	20	15	21	19	22	23	23	19	24	17	25	24	26	21	27	14	28	32	29	27	
	0	104	1	102	2	89	3	89	4	89	5	96	6	94	7	90	8	99	9	102	10	94	11	93	12	91	13	104	14	94	15	90	16	100	17	100	18	96	19	95	20	91	21	104	22	107	23	93	24	101	25	89	26	100	27	107	28	101	29	100	
	0	77	1	72	2	77	3	77	4	75	5	80	6	79	7	76	8	90	9	91	10	79	11	77	12	85	13	72	14	82	15	74	16	87	17	85	18	91	19	74	20	80	21	74	22	78	23	77	24	80	25	84	26	82	27	80	28	79	29	76	
	0	85	1	71	2	76	3	78	4	83	5	85	6	77	7	70	8	78	9	87	10	84	11	71	12	71	13	75	14	83	15	70	16	80	17	86	18	71	19	71	20	71	21	80	22	81	23	86	24	68	25	71	26	78	27	78	28	84	29	75	
	0	32	1	28	2	30	3	24	4	24	5	27	6	34	7	29	8	21	9	34	10	18	11	18	12	29	13	29	14	24	15	34	16	31	17	31	18	31	19	32	20	37	21	26	22	23	23	37	24	29	25	27	26	29	27	35	28	25	29	26	
	0	110	1	104	2	104	3	102	4	113	5	98	6	103	7	108	8	97	9	111	10	112	11	96	12	106	13	101	14	99	15	100	16	110	17	98	18	114	19	97	20	108	21	98	22	101	23	107	24	102	25	99	26	102	27	97	28	108	29	108	
	0	96	1	101	2	83	3	88	4	84	5	87	6	98	7	82	8	92	9	96	10	85	11	83	12	96	13	92	14	91	15	85	16	95	17	90	18	88	19	83	20	86	21	87	22	82	23	82	24	98	25	101	26	100	27	100	28	85	29	85	
	0	74	1	81	2	81	3	82	4	76	5	87	6	81	7	85	8	75	9	86	10	81	11	80	12	83	13	74	14	87	15	77	16	87	17	76	18	90	19	83	20	90	21	78	22	84	23	88	24	71	25	73	26	76	27	88	28	77	29	80	
	0	34	1	42	2	44	3	46	4	47	5	31	6	41	7	34	8	31	9	33	10	31	11	28	12	46	13	38	14	45	15	45	16	31	17	34	18	34	19	40	20	46	21	45	22	38	23	33	24	39	25	47	26	38	27	47	28	29	29	31	
	0	35	1	32	2	49	3	40	4	49	5	36	6	47	7	44	8	48	9	50	10	47	11	43	12	50	13	38	14	39	15	34	16	42	17	39	18	42	19	43	20	43	21	44	22	39	23	39	24	38	25	33	26	48	27	51	28	39	29	45	
	0	5	1	5	2	7	3	19	4	11	5	8	6	4	7	9	8	11	9	13	10	7	11	13	12	6	13	21	14	12	15	8	16	19	17	14	18	19	19	4	20	5	21	23	22	14	23	18	24	5	25	23	26	6	27	17	28	13	29	10	
	0	34	1	34	2	37	3	33	4	26	5	26	6	40	7	26	8	30	9	26	10	29	11	28	12	37	13	30	14	38	15	26	16	29	17	25	18	39	19	27	20	40	21	24	22	35	23	29	24	33	25	29	26	34	27	30	28	40	29	27	
	0	32	1	21	2	23	3	20	4	29	5	18	6	20	7	29	8	22	9	26	10	25	11	28	12	16	13	23	14	22	15	25	16	16	17	26	18	33	19	16	20	23	21	19	22	17	23	21	24	16	25	26	26	27	27	18	28	18	29	32	
	0	71	1	60	2	73	3	58	4	73	5	58	6	57	7	76	8	62	9	61	10	68	11	67	12	62	13	74	14	57	15	62	16	73	17	65	18	74	19	68	20	69	21	66	22	67	23	70	24	62	25	71	26	71	27	62	28	71	29	71	
	0	89	1	101	2	94	3	94	4	99	5	98	6	96	7	92	8	88	9	99	10	90	11	101	12	96	13	94	14	90	15	92	16	86	17	94	18	84	19	89	20	83	21	97	22	97	23	102	24	88	25	84	26	102	27	88	28	86	29	92	
	0	67	1	78	2	79	3	74	4	66	5	72	6	80	7	70	8	77	9	67	10	66	11	82	12	81	13	66	14	63	15	67	16	82	17	75	18	74	19	77	20	73	21	65	22	78	23	73	24	79	25	65	26	82	27	66	28	63	29	73	
	0	39	1	31	2	27	3	24	4	31	5	23	6	38	7	33	8	28	9	28	10	28	11	23	12	35	13	35	14	38	15	37	16	33	17	31	18	22	19	30	20	23	21	24	22	33	23	22	24	27	25	38	26	37	27	25	28	38	29	38	
	0	48	1	48	2	61	3	65	4	67	5	51	6	59	7	65	8	63	9	63	10	50	11	55	12	60	13	49	14	58	15	60	16	52	17	56	18	48	19	60	20	57	21	59	22	52	23	57	24	60	25	59	26	49	27	64	28	61	29	56	
	0	68	1	65	2	65	3	73	4	71	5	63	6	58	7	72	8	65	9	61	10	69	11	58	12	71	13	59	14	67	15	58	16	64	17	69	18	73	19	65	20	65	21	69	22	60	23	67	24	67	25	60	26	66	27	61	28	59	29	58	
	0	33	1	31	2	18	3	30	4	27	5	23	6	19	7	31	8	22	9	35	10	33	11	33	12	34	13	30	14	22	15	28	16	29	17	20	18	36	19	32	20	18	21	37	22	33	23	29	24	21	25	18	26	24	27	32	28	27	29	19	
	0	77	1	88	2	86	3	90	4	74	5	86	6	74	7	79	8	86	9	91	10	77	11	80	12	92	13	92	14	82	15	80	16	80	17	79	18	92	19	88	20	75	21	78	22	90	23	73	24	90	25	88	26	86	27	82	28	84	29	92	
	0	77	1	81	2	81	3	83	4	72	5	72	6	74	7	85	8	72	9	80	10	83	11	87	12	79	13	83	14	88	15	73	16	79	17	80	18	86	19	73	20	72	21	86	22	80	23	89	24	71	25	72	26	76	27	73	28	72	29	88	
	0	53	1	57	2	47	3	64	4	47	5	61	6	48	7	50	8	52	9	55	10	57	11	63	12	61	13	61	14	61	15	53	16	54	17	52	18	63	19	56	20	47	21	48	22	62	23	45	24	46	25	56	26	51	27	54	28	54	29	56	
	0	7	1	23	2	15	3	9	4	26	5	7	6	13	7	7	8	24	9	7	10	7	11	22	12	14	13	24	14	23	15	23	16	9	17	8	18	12	19	12	20	8	21	24	22	10	23	7	24	18	25	25	26	17	27	15	28	9	29	9	
	0	41	1	53	2	38	3	35	4	46	5	42	6	38	7	39	8	44	9	38	10	48	11	35	12	36	13	52	14	50	15	44	16	47	17	49	18	37	19	49	20	35	21	47	22	36	23	35	24	43	25	53	26	41	27	44	28	52	29	53	
	0	86	1	75	2	74	3	84	4	82	5	81	6	87	7	86	8	86	9	73	10	79	11	76	12	79	13	76	14	79	15	75	16	87	17	89	18	86	19	74	20	70	21	73	22	78	23	88	24	80	25	83	26	73	27	77	28	89	29	88	
	0	103	1	108	2	102	3	99	4	112	5	95	6	94	7	94	8	110	9	104	10	99	11	102	12	108	13	101	14	96	15	107	16	110	17	111	18	100	19	110	20	105	21	107	22	108	23	101	24	103	25	98	26	96	27	101	28	100	29	98	
	0	57	1	58	2	57	3	57	4	49	5	61	6	52	7	59	8	53	9	55	10	58	11	55	12	47	13	54	14	52	15	48	16	60	17	49	18	55	19	47	20	56	21	53	22	63	23	59	24	66	25	51	26	50	27	50	28	64	29	61	
	0	71	1	61	2	58	3	53	4	58	5	61	6	70	7	59	8	67	9	64	10	56	11	64	12	72	13	62	14	60	15	55	16	69	17	61	18	58	19	60	20	56	21	54	22	67	23	70	24	61	25	64	26	58	27	72	28	58	29	56	
	0	42	1	42	2	33	3	46	4	45	5	38	6	43	7	27	8	28	9	30	10	28	11	35	12	31	13	33	14	28	15	36	16	32	17	34	18	31	19	38	20	27	21	34	22	40	23	29	24	30	25	44	26	33	27	37	28	28	29	45	
	0	40	1	40	2	54	3	46	4	49	5	55	6	41	7	41	8	52	9	45	10	41	11	38	12	41	13	45	14	41	15	48	16	45	17	48	18	51	19	50	20	50	21	38	22	36	23	45	24	47	25	52	26	44	27	47	28	41	29	42	
	0	81	1	76	2	92	3	91	4	89	5	94	6	94	7	89	8	86	9	87	10	91	11	85	12	83	13	79	14	77	15	76	16	80	17	93	18	80	19	75	20	84	21	78	22	77	23	77	24	83	25	82	26	80	27	80	28	77	29	87	
	0	81	1	77	2	78	3	82	4	76	5	68	6	80	7	86	8	70	9	67	10	76	11	84	12	78	13	81	14	70	15	75	16	72	17	76	18	80	19	68	20	77	21	68	22	70	23	86	24	73	25	77	26	77	27	77	28	74	29	83	
	0	45	1	44	2	57	3	43	4	61	5	43	6	46	7	62	8	61	9	58	10	61	11	58	12	50	13	47	14	46	15	51	16	53	17	56	18	47	19	52	20	44	21	55	22	61	23	59	24	56	25	45	26	60	27	58	28	46	29	46	
	0	119	1	107	2	104	3	109	4	101	5	120	6	108	7	117	8	118	9	118	10	110	11	111	12	102	13	105	14	102	15	119	16	114	17	106	18	106	19	110	20	112	21	120	22	105	23	117	24	117	25	106	26	101	27	120	28	120	29	109	
	0	20	1	33	2	15	3	30	4	29	5	19	6	23	7	23	8	27	9	26	10	34	11	27	12	34	13	34	14	33	15	24	16	31	17	15	18	15	19	17	20	20	21	21	22	27	23	23	24	18	25	20	26	29	27	27	28	31	29	16	
	0	8	1	20	2	23	3	8	4	13	5	12	6	19	7	12	8	23	9	23	10	12	11	24	12	24	13	17	14	25	15	10	16	21	17	13	18	19	19	26	20	14	21	14	22	14	23	7	24	19	25	19	26	8	27	16	28	12	29	21	
	0	10	1	27	2	11	3	26	4	24	5	14	6	16	7	11	8	16	9	18	10	14	11	19	12	13	13	10	14	19	15	26	16	25	17	10	18	9	19	12	20	27	21	8	22	13	23	25	24	22	25	26	26	18	27	22	28	25	29	11	
	0	63	1	63	2	75	3	80	4	76	5	67	6	70	7	61	8	75	9	69	10	65	11	77	12	70	13	79	14	63	15	78	16	75	17	62	18	74	19	76	20	67	21	80	22	63	23	77	24	62	25	73	26	69	27	65	28	71	29	63	
	0	87	1	88	2	95	3	84	4	93	5	98	6	98	7	94	8	85	9	96	10	85	11	92	12	93	13	103	14	85	15	86	16	85	17	95	18	95	19	89	20	86	21	85	22	96	23	96	24	103	25	99	26	101	27	100	28	96	29	100	
	0	105	1	107	2	103	3	110	4	106	5	100	6	104	7	107	8	109	9	109	10	113	11	97	12	102	13	100	14	100	15	95	16	95	17	114	18	95	19	110	20	103	21	100	22	96	23	108	24	109	25	99	26	101	27	107	28	106	29	101	
	0	55	1	45	2	45	3	60	4	45	5	48	6	45	7	52	8	50	9	41	10	53	11	56	12	50	13	42	14	53	15	52	16	52	17	51	18	55	19	55	20	46	21	57	22	53	23	50	24	47	25	57	26	41	27	59	28	48	29	41	
	0	75	1	77	2	81	3	65	4	74	5	66	6	68	7	79	8	70	9	62	10	78	11	65	12	74	13	74	14	76	15	77	16	63	17	63	18	69	19	69	20	66	21	62	22	81	23	78	24	69	25	66	26	77	27	73	28	74	29	62	
	0	15	1	21	2	18	3	16	4	19	5	16	6	16	7	14	8	20	9	4	10	5	11	10	12	14	13	8	14	12	15	13	16	8	17	8	18	18	19	20	20	21	21	11	22	14	23	17	24	23	25	10	26	18	27	14	28	20	29	12	
	0	18	1	14	2	9	3	21	4	11	5	8	6	5	7	6	8	2	9	7	10	13	11	15	12	17	13	16	14	2	15	20	16	13	17	3	18	4	19	21	20	6	21	4	22	20	23	19	24	2	25	13	26	20	27	11	28	15	29	5	
	0	46	1	46	2	45	3	49	4	56	5	47	6	47	7	51	8	51	9	55	10	55	11	48	12	47	13	48	14	46	15	58	16	43	17	51	18	52	19	51	20	46	21	50	22	47	23	45	24	50	25	45	26	50	27	46	28	47	29	52	
	0	87	1	81	2	99	3	85	4	88	5	80	6	80	7	82	8	84	9	84	10	90	11	93	12	82	13	97	14	95	15	92	16	98	17	83	18	92	19	88	20	99	21	98	22	89	23	99	24	90	25	94	26	96	27	82	28	81	29	84	
	0	65	1	57	2	48	3	61	4	63	5	54	6	51	7	48	8	62	9	48	10	54	11	63	12	63	13	56	14	50	15	48	16	60	17	50	18	56	19	56	20	56	21	63	22	55	23	49	24	54	25	53	26	49	27	52	28	57	29	58	
	0	62	1	61	2	59	3	68	4	59	5	64	6	64	7	61	8	55	9	68	10	57	11	58	12	68	13	68	14	63	15	67	16	58	17	54	18	72	19	57	20	66	21	73	22	69	23	54	24	66	25	65	26	59	27	69	28	65	29	57	
	0	34	1	35	2	43	3	50	4	35	5	53	6	42	7	36	8	40	9	51	10	41	11	44	12	45	13	39	14	44	15	37	16	43	17	46	18	50	19	42	20	43	21	34	22	46	23	36	24	51	25	50	26	38	27	53	28	38	29	47	
	0	54	1	62	2	66	3	63	4	62	5	59	6	67	7	53	8	65	9	52	10	55	11	65	12	53	13	52	14	55	15	49	16	61	17	49	18	63	19	49	20	54	21	53	22	64	23	65	24	57	25	60	26	57	27	67	28	50	29	60	
	0	52	1	63	2	46	3	58	4	46	5	47	6	59	7	54	8	53	9	52	10	46	11	61	12	60	13	52	14	58	15	53	16	56	17	60	18	61	19	55	20	60	21	45	22	51	23	44	24	58	25	47	26	55	27	50	28	58	29	44	
	0	104	1	109	2	107	3	112	4	101	5	101	6	104	7	99	8	111	9	108	10	103	11	110	12	106	13	98	14	96	15	98	16	102	17	104	18	108	19	101	20	99	21	110	22	106	23	93	24	94	25	101	26	94	27	96	28	105	29	108	
	0	68	1	74	2	67	3	81	4	83	5	71	6	83	7	82	8	67	9	78	10	84	11	76	12	80	13	76	14	82	15	66	16	75	17	77	18	81	19	79	20	71	21	81	22	81	23	71	24	75	25	82	26	75	27	66	28	68	29	76	
	0	97	1	96	2	93	3	95	4	93	5	100	6	104	7	86	8	88	9	99	10	87	11	91	12	89	13	102	14	85	15	89	16	85	17	97	18	100	19	91	20	99	21	95	22	91	23	99	24	93	25	100	26	91	27	87	28	92	29	98	
	0	51	1	40	2	34	3	41	4	44	5	42	6	50	7	45	8	44	9	44	10	50	11	37	12	35	13	40	14	37	15	40	16	43	17	42	18	47	19	49	20	46	21	43	22	32	23	48	24	45	25	35	26	50	27	35	28	49	29	37	
	0	83	1	95	2	91	3	91	4	82	5	98	6	86	7	82	8	100	9	94	10	87	11	82	12	93	13	83	14	99	15	91	16	94	17	87	18	92	19	95	20	85	21	90	22	87	23	90	24	89	25	82	26	82	27	83	28	95	29	81	
	0	99	1	99	2	116	3	101	4	102	5	111	6	108	7	112	8	107	9	104	10	110	11	107	12	105	13	107	14	111	15	116	16	107	17	117	18	106	19	109	20	107	21	108	22	108	23	102	24	98	25	116	26	115	27	109	28	109	29	106	
	0	118	1	105	2	111	3	99	4	101	5	112	6	115	7	103	8	118	9	116	10	104	11	102	12	105	13	99	14	117	15	101	16	108	17	108	18	110	19	114	20	108	21	106	22	100	23	101	24	113	25	113	26	110	27	113	28	111	29	100	
	0	58	1	57	2	58	3	58	4	47	5	52	6	43	7	44	8	54	9	57	10	41	11	56	12	52	13	49	14	48	15	44	16	44	17	57	18	55	19	44	20	40	21	45	22	42	23	49	24	43	25	42	26	42	27	53	28	48	29	49	
	0	75	1	64	2	70	3	72	4	77	5	78	6	74	7	65	8	73	9	74	10	75	11	76	12	65	13	65	14	71	15	77	16	73	17	81	18	73	19	80	20	64	21	76	22	70	23	67	24	78	25	73	26	79	27	74	28	72	29	77	
	0	95	1	99	2	101	3	90	4	92	5	106	6	90	7	90	8	104	9	105	10	97	11	92	12	90	13	98	14	105	15	97	16	88	17	89	18	95	19	95	20	101	21	104	22	98	23	93	24	102	25	99	26	91	27	99	28	96	29	93	
	0	93	1	84	2	94	3	88	4	98	5	88	6	82	7	84	8	96	9	93	10	85	11	88	12	82	13	85	14	99	15	94	16	93	17	81	18	91	19	97	20	98	21	92	22	94	23	80	24	82	25	85	26	91	27	88	28	85	29	92	
	0	24	1	18	2	28	3	20	4	15	5	19	6	24	7	19	8	28	9	19	10	17	11	25	12	17	13	15	14	25	15	25	16	16	17	20	18	19	19	10	20	22	21	28	22	29	23	10	24	22	25	19	26	18	27	21	28	28	29	20	
	0	51	1	62	2	63	3	52	4	57	5	50	6	63	7	59	8	55	9	57	10	50	11	63	12	57	13	49	14	56	15	49	16	60	17	64	18	48	19	59	20	58	21	59	22	53	23	64	24	67	25	48	26	58	27	50	28	64	29	58	
	0	21	1	29	2	22	3	13	4	22	5	26	6	21	7	25	8	11	9	12	10	18	11	11	12	19	13	19	14	19	15	28	16	11	17	24	18	20	19	11	20	19	21	27	22	19	23	24	24	13	25	23	26	11	27	24	28	15	29	11	
	0	27	1	28	2	29	3	32	4	30	5	27	6	30	7	32	8	24	9	27	10	25	11	33	12	41	13	23	14	24	15	42	16	38	17	26	18	33	19	32	20	24	21	27	22	39	23	29	24	26	25	28	26	29	27	34	28	31	29	33	
	0	60	1	69	2	69	3	56	4	74	5	60	6	56	7	73	8	66	9	67	10	71	11	57	12	69	13	61	14	60	15	58	16	73	17	72	18	70	19	74	20	66	21	59	22	58	23	63	24	73	25	63	26	65	27	64	28	65	29	55	
	0	26	1	34	2	44	3	31	4	28	5	28	6	44	7	33	8	31	9	30	10	41	11	45	12	43	13	35	14	43	15	35	16	27	17	27	18	27	19	29	20	39	21	34	22	26	23	35	24	35	25	36	26	40	27	42	28	39	29	31	
	0	108	1	99	2	115	3	108	4	101	5	103	6	104	7	109	8	104	9	116	10	103	11	100	12	111	13	105	14	111	15	115	16	116	17	112	18	111	19	116	20	117	21	117	22	114	23	100	24	100	25	113	26	114	27	113	28	106	29	117	
	0	55	1	69	2	53	3	57	4	57	5	68	6	56	7	68	8	68	9	54	10	54	11	57	12	62	13	68	14	58	15	63	16	71	17	54	18	68	19	65	20	60	21	65	22	62	23	71	24	70	25	71	26	54	27	63	28	59	29	58	
	0	105	1	102	2	97	3	100	4	105	5	114	6	101	7	103	8	108	9	102	10	102	11	108	12	99	13	96	14	113	15	102	16	110	17	115	18	114	19	100	20	112	21	102	22	101	23	96	24	107	25	110	26	105	27	105	28	114	29	102	
	0	104	1	109	2	103	3	97	4	104	5	90	6	105	7	108	8	99	9	95	10	99	11	90	12	95	13	107	14	106	15	107	16	101	17	93	18	107	19	99	20	94	21	102	22	96	23	101	24	101	25	96	26	91	27	108	28	95	29	97	
	0	15	1	3	2	19	3	13	4	7	5	21	6	8	7	6	8	5	9	21	10	15	11	7	12	9	13	12	14	21	15	6	16	8	17	5	18	4	19	10	20	9	21	8	22	11	23	21	24	20	25	9	26	3	27	16	28	22	29	17	
	0	21	1	20	2	30	3	24	4	37	5	29	6	35	7	20	8	29	9	38	10	27	11	34	12	29	13	29	14	19	15	34	16	33	17	32	18	28	19	29	20	36	21	32	22	24	23	35	24	35	25	26	26	32	27	28	28	37	29	37	
	0	75	1	78	2	77	3	77	4	84	5	71	6	77	7	73	8	77	9	85	10	81	11	79	12	80	13	86	14	80	15	83	16	88	17	83	18	70	19	78	20	78	21	71	22	88	23	87	24	86	25	77	26	72	27	83	28	79	29	87	
	0	61	1	60	2	68	3	67	4	59	5	65	6	61	7	67	8	56	9	70	10	63	11	69	12	68	13	74	14	68	15	66	16	57	17	63	18	63	19	65	20	68	21	70	22	72	23	55	24	59	25	56	26	74	27	64	28	72	29	74	
	0	58	1	49	2	67	3	48	4	57	5	59	6	50	7	61	8	53	9	56	10	53	11	60	12	55	13	66	14	64	15	62	16	54	17	61	18	58	19	52	20	56	21	62	22	53	23	57	24	57	25	52	26	61	27	64	28	61	29	57	
	0	70	1	56	2	67	3	55	4	55	5	58	6	61	7	68	8	61	9	64	10	63	11	71	12	57	13	56	14	68	15	63	16	69	17	67	18	57	19	73	20	69	21	59	22	56	23	65	24	60	25	73	26	65	27	64	28	68	29	67	
	0	31	1	31	2	37	3	42	4	25	5	27	6	24	7	36	8	41	9	32	10	43	11	27	12	43	13	29	14	40	15	24	16	43	17	26	18	41	19	28	20	35	21	38	22	33	23	33	24	24	25	27	26	28	27	38	28	31	29	37	
	0	83	1	81	2	76	3	83	4	68	5	67	6	68	7	70	8	78	9	72	10	79	11	72	12	68	13	68	14	74	15	64	16	69	17	82	18	74	19	70	20	71	21	78	22	70	23	77	24	76	25	82	26	81	27	78	28	73	29	68	
	0	66	1	47	2	57	3	50	4	51	5	61	6	64	7	66	8	60	9	57	10	57	11	56	12	63	13	61	14	49	15	61	16	58	17	51	18	57	19	64	20	54	21	60	22	60	23	56	24	51	25	49	26	65	27	58	28	57	29	51	
	0	81	1	75	2	84	3	84	4	78	5	94	6	84	7	79	8	91	9	81	10	82	11	75	12	92	13	88	14	85	15	78	16	88	17	87	18	84	19	81	20	90	21	81	22	82	23	85	24	76	25	82	26	86	27	87	28	85	29	87	
	0	83	1	72	2	78	3	71	4	75	5	73	6	66	7	81	8	69	9	83	10	64	11	78	12	66	13	68	14	70	15	72	16	82	17	75	18	71	19	64	20	75	21	73	22	74	23	70	24	79	25	64	26	69	27	68	28	71	29	74	
	0	78	1	82	2	81	3	90	4	79	5	90	6	94	7	90	8	80	9	88	10	90	11	81	12	83	13	90	14	83	15	92	16	85	17	85	18	86	19	91	20	91	21	95	22	85	23	84	24	95	25	93	26	90	27	85	28	97	29	86	
	0	22	1	22	2	14	3	11	4	26	5	15	6	20	7	17	8	24	9	12	10	17	11	19	12	24	13	26	14	21	15	13	16	22	17	13	18	23	19	13	20	13	21	21	22	19	23	12	24	24	25	26	26	17	27	27	28	12	29	14	
	0	87	1	82	2	84	3	76	4	76	5	73	6	81	7	78	8	79	9	76	10	86	11	81	12	84	13	78	14	84	15	90	16	91	17	91	18	72	19	76	20	84	21	80	22	91	23	78	24	88	25	74	26	87	27	76	28	87	29	88	
	0	69	1	51	2	58	3	64	4	61	5	62	6	55	7	51	8	61	9	66	10	69	11	56	12	54	13	54	14	64	15	63	16	65	17	67	18	70	19	60	20	51	21	69	22	52	23	55	24	52	25	52	26	64	27	61	28	68	29	69	
	0	60	1	62	2	67	3	77	4	69	5	74	6	72	7	70	8	73	9	76	10	75	11	61	12	71	13	67	14	74	15	64	16	67	17	64	18	74	19	61	20	74	21	59	22	77	23	70	24	61	25	76	26	70	27	67	28	69	29	71	
	0	87	1	91	2	76	3	83	4	84	5	72	6	82	7	90	8	76	9	86	10	84	11	80	12	83	13	74	14	80	15	79	16	77	17	79	18	86	19	73	20	83	21	84	22	77	23	83	24	90	25	84	26	90	27	79	28	86	29	80	
	0	109	1	105	2	94	3	100	4	105	5	91	6	104	7	92	8	98	9	108	10	93	11	103	12	95	13	109	14	110	15	108	16	108	17	95	18	109	19	93	20	101	21	110	22	93	23	106	24	102	25	106	26	106	27	107	28	101	29	107	
	0	81	1	66	2	77	3	76	4	81	5	70	6	70	7	74	8	73	9	75	10	79	11	71	12	77	13	71	14	65	15	70	16	76	17	73	18	71	19	75	20	74	21	74	22	67	23	71	24	81	25	74	26	82	27	77	28	67	29	77	
	0	62	1	67	2	66	3	54	4	59	5	61	6	70	7	65	8	55	9	63	10	70	11	56	12	63	13	67	14	55	15	54	16	61	17	63	18	58	19	69	20	57	21	61	22	59	23	63	24	69	25	71	26	67	27	59	28	69	29	54	
	0	103	1	106	2	99	3	101	4	110	5	100	6	106	7	105	8	106	9	106	10	97	11	102	12	93	13	99	14	98	15	111	16	97	17	108	18	106	19	100	20	104	21	92	22	102	23	99	24	98	25	92	26	99	27	107	28	106	29	98	
	0	10	1	6	2	24	3	9	4	23	5	20	6	11	7	12	8	12	9	15	10	8	11	22	12	9	13	9	14	25	15	20	16	23	17	25	18	23	19	13	20	20	21	20	22	22	23	6	24	11	25	19	26	7	27	23	28	8	29	18	
	0	34	1	33	2	46	3	41	4	47	5	37	6	31	7	34	8	32	9	33	10	38	11	47	12	45	13	42	14	35	15	37	16	29	17	38	18	46	19	47	20	35	21	38	22	29	23	39	24	47	25	39	26	41	27	41	28	43	29	38	
	0	95	1	91	2	91	3	98	4	100	5	91	6	94	7	91	8	91	9	96	10	99	11	82	12	87	13	93	14	83	15	99	16	92	17	82	18	93	19	83	20	98	21	87	22	100	23	99	24	91	25	89	26	100	27	90	28	95	29	95	
	0	71	1	70	2	75	3	61	4	67	5	74	6	62	7	72	8	63	9	72	10	67	11	72	12	69	13	69	14	63	15	65	16	64	17	63	18	71	19	70	20	69	21	63	22	62	23	62	24	70	25	73	26	60	27	68	28	71	29	64	
	0	55	1	40	2	41	3	37	4	40	5	44	6	48	7	47	8	40	9	49	10	43	11	38	12	43	13	40	14	40	15	43	16	43	17	36	18	53	19	37	20	43	21	51	22	55	23	40	24	51	25	49	26	55	27	37	28	49	29	46	
	0	72	1	72	2	85	3	73	4	86	5	89	6	87	7	88	8	85	9	78	10	76	11	79	12	84	13	72	14	70	15	81	16	76	17	80	18	82	19	89	20	76	21	75	22	74	23	77	24	77	25	73	26	76	27	87	28	79	29	86	
	0	82	1	94	2	88	3	76	4	82	5	86	6	89	7	78	8	85	9	93	10	87	11	86	12	89	13	90	14	89	15	86	16	88	17	77	18	84	19	84	20	93	21	76	22	92	23	75	24	91	25	82	26	87	27	79	28	80	29	93	
	0	92	1	99	2	99	3	99	4	81	5	93	6	95	7	84	8	86	9	90	10	85	11	80	12	91	13	82	14	95	15	83	16	87	17	84	18	99	19	86	20	90	21	96	22	95	23	90	24	99	25	82	26	81	27	88	28	99	29	99	
	0	45	1	50	2	60	3	44	4	54	5	59	6	60	7	43	8	48	9	53	10	62	11	57	12	43	13	45	14	56	15	43	16	55	17	44	18	45	19	50	20	58	21	50	22	54	23	51	24	52	25	52	26	52	27	46	28	56	29	58	
	0	37	1	37	2	37	3	32	4	33	5	39	6	37	7	32	8	45	9	38	10	43	11	44	12	43	13	36	14	49	15	48	16	34	17	46	18	46	19	40	20	44	21	46	22	33	23	47	24	47	25	45	26	46	27	49	28	35	29	49	
	0	13	1	19	2	17	3	19	4	21	5	18	6	21	7	12	8	4	9	14	10	22	11	3	12	3	13	13	14	11	15	22	16	9	17	18	18	15	19	19	20	9	21	11	22	13	23	22	24	5	25	20	26	6	27	12	28	4	29	19	
	0	85	1	87	2	90	3	86	4	99	5	101	6	99	7	103	8	87	9	84	10	94	11	91	12	103	13	98	14	97	15	84	16	85	17	88	18	101	19	102	20	92	21	91	22	89	23	103	24	94	25	102	26	93	27	91	28	84	29	90	
	0	26	1	18	2	21	3	20	4	9	5	21	6	18	7	21	8	16	9	27	10	21	11	21	12	15	13	23	14	11	15	16	16	24	17	22	18	16	19	16	20	10	21	18	22	21	23	14	24	12	25	17	26	10	27	8	28	8	29	17	
	0	39	1	50	2	38	3	51	4	52	5	48	6	53	7	35	8	52	9	50	10	36	11	47	12	39	13	44	14	53	15	49	16	39	17	39	18	41	19	42	20	52	21	47	22	43	23	44	24	45	25	41	26	50	27	45	28	48	29	36	
	0	27	1	25	2	31	3	24	4	18	5	16	6	25	7	26	8	13	9	25	10	27	11	23	12	23	13	26	14	21	15	24	16	13	17	29	18	29	19	14	20	20	21	16	22	30	23	31	24	19	25	25	26	31	27	20	28	23	29	23	
	0	93	1	94	2	99	3	93	4	89	5	89	6	101	7	91	8	84	9	95	10	98	11	85	12	103	13	92	14	95	15	95	16	103	17	87	18	97	19	93	20	90	21	90	22	101	23	94	24	95	25	103	26	86	27	96	28	93	29	88	
	0	96	1	91	2	99	3	105	4	101	5	107	6	100	7	106	8	100	9	106	10	99	11	101	12	98	13	97	14	94	15	93	16	101	17	94	18	91	19	91	20	101	21	92	22	100	23	91	24	88	25	100	26	96	27	96	28	94	29	97	
	0	24	1	23	2	9	3	24	4	25	5	11	6	11	7	21	8	23	9	23	10	8	11	21	12	18	13	14	14	21	15	23	16	16	17	10	18	14	19	10	20	25	21	10	22	26	23	9	24	11	25	13	26	16	27	16	28	21	29	25	
	0	35	1	32	2	43	3	41	4	34	5	34	6	31	7	37	8	27	9	43	10	40	11	26	12	29	13	41	14	28	15	36	16	26	17	31	18	27	19	43	20	24	21	30	22	26	23	24	24	25	25	37	26	40	27	25	28	24	29	31	
	0	99	1	96	2	98	3	105	4	110	5	99	6	95	7	95	8	106	9	98	10	110	11	108	12	91	13	97	14	94	15	93	16	108	17	103	18	110	19	98	20	96	21	91	22	97	23	97	24	96	25	92	26	107	27	98	28	107	29	107	
	0	53	1	57	2	66	3	52	4	64	5	64	6	63	7	55	8	63	9	66	10	63	11	70	12	66	13	64	14	69	15	53	16	67	17	55	18	54	19	63	20	54	21	51	22	62	23	61	24	70	25	68	26	63	27	60	28	69	29	68	
	0	66	1	58	2	50	3	67	4	63	5	64	6	68	7	62	8	62	9	64	10	63	11	52	12	68	13	58	14	65	15	65	16	58	17	50	18	68	19	67	20	67	21	69	22	61	23	67	24	50	25	61	26	67	27	52	28	54	29	56	
	0	29	1	40	2	25	3	33	4	30	5	34	6	27	7	40	8	23	9	23	10	40	11	26	12	35	13	27	14	34	15	26	16	39	17	26	18	41	19	41	20	40	21	33	22	24	23	22	24	24	25	24	26	22	27	22	28	26	29	22	
	0	78	1	83	2	86	3	84	4	83	5	80	6	79	7	86	8	85	9	84	10	81	11	89	12	85	13	79	14	84	15	87	16	79	17	83	18	87	19	82	20	75	21	77	22	78	23	89	24	82	25	87	26	76	27	77	28	76	29	89	
	0	96	1	88	2	89	3	95	4	88	5	85	6	86	7	87	8	99	9	94	10	89	11	100	12	88	13	90	14	84	15	89	16	99	17	103	18	88	19	99	20	90	21	99	22	101	23	85	24	94	25	88	26	84	27	99	28	97	29	101	
	0	47	1	31	2	31	3	38	4	36	5	32	6	35	7	40	8	44	9	45	10	44	11	38	12	39	13	44	14	47	15	37	16	45	17	41	18	30	19	31	20	31	21	48	22	45	23	46	24	46	25	42	26	49	27	48	28	36	29	31	
	0	12	1	26	2	19	3	8	4	23	5	25	6	10	7	26	8	9	9	27	10	23	11	25	12	8	13	19	14	10	15	26	16	23	17	21	18	24	19	10	20	22	21	10	22	9	23	9	24	10	25	17	26	25	27	27	28	10	29	16	
	0	91	1	102	2	93	3	86	4	84	5	93	6	89	7	86	8	98	9	89	10	92	11	90	12	88	13	85	14	99	15	89	16	84	17	101	18	94	19	93	20	91	21	98	22	96	23	88	24	97	25	101	26	86	27	102	28	101	29	100	
	0	99	1	91	2	80	3	98	4	81	5	95	6	99	7	88	8	91	9	87	10	82	11	87	12	82	13	97	14	91	15	87	16	85	17	91	18	88	19	83	20	92	21	96	22	96	23	97	24	89	25	96	26	83	27	92	28	98	29	91	
	0	106	1	111	2	94	3	105	4	104	5	101	6	111	7	101	8	99	9	105	10	105	11	98	12	92	13	99	14	101	15	101	16	101	17	111	18	96	19	104	20	95	21	93	22	96	23	111	24	108	25	105	26	105	27	104	28	103	29	94	
	0	50	1	50	2	52	3	41	4	46	5	59	6	41	7	42	8	50	9	47	10	45	11	59	12	55	13	49	14	46	15	56	16	49	17	44	18	47	19	50	20	58	21	47	22	41	23	45	24	40	25	54	26	41	27	45	28	54	29	46	
	0	68	1	68	2	84	3	84	4	67	5	73	6	76	7	81	8	85	9	83	10	74	11	76	12	76	13	67	14	71	15	82	16	72	17	76	18	83	19	68	20	69	21	84	22	70	23	71	24	69	25	78	26	72	27	86	28	74	29	86	
	0	28	1	14	2	23	3	19	4	29	5	26	6	13	7	28	8	15	9	20	10	21	11	31	12	26	13	12	14	30	15	13	16	29	17	26	18	13	19	29	20	22	21	26	22	29	23	18	24	17	25	18	26	19	27	27	28	12	29	23	
	0	62	1	58	2	60	3	60	4	72	5	70	6	59	7	63	8	61	9	65	10	60	11	58	12	63	13	69	14	59	15	68	16	62	17	60	18	62	19	63	20	59	21	72	22	61	23	62	24	70	25	60	26	63	27	62	28	74	29	73	
	0	99	1	95	2	100	3	103	4	103	5	100	6	107	7	99	8	96	9	107	10	99	11	102	12	95	13	103	14	104	15	95	16	90	17	93	18	93	19	104	20	101	21	107	22	96	23	105	24	105	25	96	26	107	27	95	28	94	29	88	
	0	77	1	81	2	79	3	75	4	88	5	80	6	86	7	70	8	77	9	79	10	77	11	80	12	72	13	89	14	78	15	79	16	85	17	86	18	76	19	78	20	76	21	70	22	89	23	89	24	88	25	79	26	89	27	81	28	86	29	78	
	0	105	1	117	2	115	3	109	4	108	5	108	6	109	7	113	8	115	9	105	10	103	11	99	12	112	13	101	14	102	15	106	16	108	17	101	18	109	19	101	20	114	21	116	22	102	23	99	24	105	25	111	26	104	27	107	28	112	29	110	
	0	68	1	62	2	55	3	55	4	56	5	65	6	62	7	72	8	66	9	72	10	60	11	55	12	70	13	56	14	65	15	70	16	59	17	63	18	62	19	63	20	55	21	60	22	59	23	55	24	62	25	63	26	63	27	55	28	56	29	58	
	0	43	1	49	2	59	3	44	4	50	5	60	6	49	7	52	8	55	9	51	10	57	11	58	12	50	13	47	14	44	15	51	16	58	17	60	18	50	19	51	20	59	21	45	22	59	23	50	24	44	25	50	26	60	27	52	28	51	29	50	
	0	90	1	90	2	103	3	94	4	107	5	98	6	109	7	92	8	107	9	92	10	100	11	98	12	91	13	92	14	106	15	93	16	102	17	109	18	97	19	95	20	97	21	90	22	101	23	96	24	103	25	107	26	99	27	106	28	103	29	100	
	0	82	1	79	2	88	3	81	4	74	5	81	6	71	7	83	8	72	9	76	10	81	11	76	12	84	13	82	14	74	15	83	16	72	17	81	18	78	19	71	20	86	21	88	22	87	23	81	24	87	25	88	26	71	27	90	28	88	29	76	
	0	72	1	62	2	74	3	70	4	63	5	79	6	68	7	79	8	75	9	78	10	72	11	75	12	73	13	64	14	69	15	69	16	65	17	73	18	67	19	76	20	72	21	63	22	77	23	74	24	78	25	78	26	66	27	70	28	65	29	69	
	0	21	1	27	2	29	3	20	4	30	5	35	6	30	7	17	8	22	9	21	10	23	11	17	12	20	13	26	14	32	15	24	16	36	17	19	18	30	19	31	20	18	21	24	22	26	23	27	24	33	25	29	26	18	27	34	28	17	29	21	
	0	20	1	27	2	32	3	21	4	37	5	25	6	23	7	27	8	18	9	24	10	29	11	37	12	21	13	33	14	28	15	18	16	32	17	36	18	29	19	18	20	19	21	30	22	31	23	32	24	35	25	23	26	25	27	18	28	36	29	32	
	0	63	1	70	2	63	3	54	4	68	5	71	6	63	7	66	8	68	9	71	10	63	11	66	12	61	13	66	14	59	15	62	16	57	17	65	18	57	19	58	20	68	21	62	22	54	23	67	24	60	25	53	26	57	27	68	28	61	29	62	
	0	15	1	21	2	18	3	13	4	19	5	21	6	20	7	15	8	19	9	16	10	27	11	27	12	25	13	23	14	13	15	27	16	23	17	16	18	29	19	28	20	13	21	26	22	19	23	19	24	27	25	24	26	15	27	16	28	14	29	17	
	0	17	1	11	2	28	3	13	4	18	5	26	6	11	7	27	8	19	9	29	10	24	11	10	12	16	13	18	14	16	15	22	16	24	17	21	18	17	19	18	20	21	21	15	22	27	23	24	24	25	25	25	26	20	27	27	28	14	29	21	
	0	30	1	34	2	38	3	35	4	24	5	34	6	22	7	25	8	37	9	39	10	39	11	30	12	31	13	25	14	29	15	29	16	39	17	21	18	36	19	25	20	37	21	36	22	37	23	30	24	37	25	37	26	33	27	27	28	22	29	38	
	0	42	1	37	2	46	3	32	4	48	5	49	6	36	7	32	8	47	9	39	10	33	11	48	12	32	13	46	14	33	15	47	16	40	17	33	18	31	19	44	20	41	21	40	22	50	23	50	24	47	25	36	26	46	27	39	28	32	29	47	
	0	79	1	84	2	79	3	86	4	86	5	84	6	88	7	88	8	85	9	72	10	73	11	85	12	83	13	77	14	76	15	76	16	81	17	73	18	76	19	71	20	87	21	85	22	71	23	72	24	84	25	72	26	78	27	74	28	84	29	78	
	0	81	1	79	2	65	3	78	4	77	5	80	6	76	7	74	8	63	9	67	10	77	11	73	12	81	13	74	14	67	15	82	16	79	17	69	18	73	19	82	20	72	21	67	22	71	23	71	24	67	25	78	26	72	27	67	28	76	29	68	
	0	49	1	46	2	51	3	49	4	54	5	47	6	57	7	64	8	63	9	49	10	51	11	63	12	63	13	57	14	49	15	54	16	49	17	50	18	57	19	62	20	59	21	61	22	52	23	64	24	61	25	51	26	52	27	47	28	56	29	48	
	0	23	1	16	2	21	3	19	4	21	5	14	6	15	7	28	8	11	9	27	10	13	11	28	12	24	13	14	14	23	15	24	16	21	17	19	18	24	19	18	20	15	21	26	22	19	23	21	24	13	25	19	26	28	27	28	28	11	29	29	
	0	16	1	16	2	10	3	27	4	9	5	16	6	20	7	18	8	23	9	11	10	15	11	22	12	24	13	15	14	11	15	10	16	23	17	14	18	15	19	12	20	10	21	19	22	9	23	22	24	28	25	26	26	15	27	19	28	25	29	18	
	0	55	1	49	2	57	3	43	4	49	5	45	6	56	7	48	8	53	9	47	10	48	11	55	12	51	13	54	14	43	15	60	16	58	17	52	18	61	19	60	20	45	21	62	22	61	23	55	24	55	25	46	26	57	27	62	28	48	29	58	
	0	9	1	16	2	26	3	10	4	16	5	25	6	14	7	17	8	17	9	24	10	10	11	17	12	16	13	13	14	11	15	20	16	19	17	11	18	22	19	26	20	10	21	27	22	14	23	10	24	22	25	26	26	17	27	27	28	23	29	16	
	0	75	1	70	2	71	3	76	4	86	5	71	6	68	7	71	8	81	9	80	10	70	11	77	12	71	13	76	14	85	15	82	16	83	17	73	18	72	19	68	20	68	21	69	22	82	23	69	24	69	25	84	26	70	27	74	28	72	29	73	
	0	62	1	69	2	66	3	51	4	52	5	68	6	67	7	56	8	57	9	64	10	58	11	53	12	70	13	64	14	51	15	60	16	53	17	61	18	59	19	59	20	62	21	70	22	51	23	64	24	61	25	68	26	67	27	65	28	67	29	70	
	0	61	1	75	2	75	3	60	4	75	5	64	6	67	7	60	8	69	9	65	10	69	11	76	12	74	13	60	14	72	15	75	16	76	17	60	18	69	19	65	20	68	21	61	22	64	23	64	24	68	25	74	26	67	27	75	28	67	29	63	
	0	42	1	45	2	48	3	41	4	50	5	50	6	55	7	39	8	49	9	49	10	54	11	53	12	51	13	42	14	50	15	40	16	56	17	41	18	57	19	43	20	39	21	50	22	42	23	43	24	42	25	57	26	39	27	52	28	48	29	39	
	0	7	1	14	2	15	3	11	4	24	5	23	6	12	7	22	8	11	9	9	10	17	11	19	12	8	13	13	14	7	15	9	16	14	17	18	18	15	19	14	20	7	21	12	22	10	23	12	24	13	25	11	26	21	27	12	28	24	29	9	
	0	61	1	70	2	70	3	72	4	70	5	70	6	68	7	73	8	68	9	71	10	61	11	68	12	77	13	71	14	69	15	71	16	69	17	65	18	72	19	77	20	70	21	77	22	59	23	66	24	68	25	69	26	72	27	66	28	77	29	72	
	0	53	1	48	2	50	3	52	4	48	5	44	6	53	7	48	8	46	9	47	10	56	11	42	12	52	13	54	14	39	15	56	16	37	17	46	18	54	19	44	20	44	21	49	22	50	23	43	24	56	25	46	26	53	27	37	28	49	29	42	
	0	86	1	96	2	83	3	86	4	102	5	92	6	98	7	88	8	97	9	91	10	93	11	87	12	99	13	92	14	97	15	89	16	102	17	87	18	95	19	89	20	101	21	100	22	101	23	89	24	91	25	101	26	83	27	87	28	87	29	83	