500 30 1
30
	0	23	1	11	2	23	3	17	4	21	5	10	6	5	7	23	8	10	9	8	10	18	11	12	12	14	13	18	14	12	15	16	16	23	17	5	18	11	19	22	20	4	21	14	22	4	23	23	24	4	25	23	26	19	27	15	28	20	29	11	
	0	107	1	102	2	110	3	98	4	103	5	110	6	100	7	97	8	95	9	105	10	109	11	103	12	114	13	104	14	104	15	104	16	98	17	109	18	98	19	106	20	112	21	108	22	101	23	99	24	95	25	106	26	105	27	100	28	107	29	105	
	0	45	1	62	2	57	3	48	4	60	5	59	6	56	7	44	8	58	9	51	10	58	11	63	12	48	13	55	14	47	15	53	16	56	17	46	18	53	19	44	20	50	21	45	22	50	23	56	24	60	25	46	26	59	27	49	28	48	29	56	
	0	55	1	52	2	49	3	48	4	46	5	45	6	40	7	55	8	50	9	58	10	47	11	39	12	58	13	53	14	58	15	44	16	49	17	58	18	55	19	42	20	52	21	56	22	58	23	56	24	44	25	39	26	50	27	40	28	52	29	42	
	0	18	1	9	2	18	3	18	4	11	5	15	6	26	7	15	8	10	9	9	10	18	11	11	12	17	13	8	14	10	15	8	16	22	17	12	18	8	19	9	20	10	21	10	22	18	23	18	24	19	25	11	26	15	27	21	28	27	29	10	
	0	43	1	37	2	37	3	44	4	48	5	36	6	32	7	43	8	37	9	50	10	48	11	39	12	44	13	42	14	36	15	37	16	42	17	39	18	39	19	48	20	33	21	33	22	34	23	39	24	43	25	43	26	35	27	50	28	35	29	38	
	0	41	1	31	2	37	3	28	4	31	5	40	6	26	7	31	8	41	9	31	10	41	11	27	12	29	13	40	14	29	15	39	16	42	17	29	18	43	19	43	20	42	21	40	22	28	23	25	24	32	25	34	26	31	27	29	28	37	29	37	
	0	65	1	66	2	62	3	59	4	55	5	72	6	57	7	71	8	57	9	69	10	57	11	60	12	66	13	67	14	63	15	57	16	53	17	59	18	53	19	72	20	56	21	61	22	55	23	55	24	56	25	68	26	55	27	72	28	66	29	65	
	0	62	1	59	2	71	3	68	4	59	5	64	6	65	7	67	8	74	9	72	10	75	11	70	12	77	13	70	14	62	15	75	16	75	17	65	18	65	19	73	20	72	21	59	22	62	23	62	24	59	25	75	26	60	27	66	28	70	29	65	
	0	70	1	71	2	67	3	73	4	66	5	66	6	74	7	64	8	72	9	57	10	73	11	63	12	69	13	66	14	70	15	56	16	67	17	65	18	73	19	63	20	68	21	61	22	63	23	67	24	60	25	72	26	63	27	72	28	64	29	73	
	0	70	1	66	2	71	3	63	4	67	5	61	6	65	7	61	8	55	9	69	10	68	11	58	12	71	13	70	14	56	15	69	16	59	17	69	18	62	19	62	20	71	21	70	22	53	23	59	24	70	25	65	26	56	27	65	28	63	29	66	
	0	81	1	72	2	76	3	84	4	77	5	84	6	78	7	81	8	86	9	70	10	74	11	73	12	69	13	88	14	78	15	72	16	79	17	70	18	87	19	81	20	80	21	87	22	80	23	75	24	76	25	87	26	72	27	83	28	69	29	79	
	0	61	1	67	2	68	3	77	4	67	5	67	6	75	7	64	8	60	9	76	10	75	11	70	12	77	13	78	14	68	15	71	16	76	17	67	18	69	19	77	20	72	21	67	22	68	23	72	24	62	25	59	26	60	27	72	28	72	29	78	
	0	101	1	93	2	89	3	99	4	97	5	103	6	99	7	105	8	103	9	100	10	104	11	88	12	106	13	99	14	96	15	100	16	99	17	106	18	102	19	102	20	101	21	102	22	91	23	94	24	92	25	96	26	90	27	103	28	95	29	92	
	0	46	1	52	2	44	3	45	4	52	5	48	6	46	7	51	8	43	9	48	10	56	11	58	12	53	13	54	14	53	15	54	16	52	17	58	18	41	19	48	20	42	21	50	22	49	23	49	24	53	25	44	26	41	27	53	28	40	29	55	
	0	106	1	105	2	89	3	93	4	91	5	102	6	105	7	100	8	89	9	106	10	108	11	95	12	92	13	104	14	105	15	103	16	95	17	99	18	105	19	96	20	107	21	90	22	102	23	97	24	98	25	100	26	89	27	102	28	97	29	93	
	0	111	1	104	2	111	3	94	4	98	5	98	6	99	7	112	8	106	9	97	10	100	11	103	12	106	13	104	14	99	15	96	16	105	17	104	18	106	19	111	20	104	21	100	22	110	23	99	24	95	25	97	26	96	27	94	28	101	29	110	
	0	82	1	93	2	96	3	91	4	93	5	82	6	94	7	83	8	91	9	88	10	94	11	98	12	82	13	98	14	82	15	85	16	94	17	89	18	93	19	93	20	88	21	82	22	97	23	92	24	97	25	87	26	85	27	85	28	95	29	84	
	0	64	1	64	2	57	3	66	4	69	5	63	6	53	7	62	8	53	9	56	10	56	11	60	12	70	13	59	14	66	15	72	16	58	17	64	18	69	19	54	20	72	21	70	22	60	23	67	24	61	25	56	26	55	27	57	28	63	29	58	
	0	17	1	7	2	9	3	11	4	17	5	19	6	8	7	10	8	14	9	12	10	15	11	16	12	17	13	16	14	16	15	9	16	12	17	22	18	18	19	8	20	14	21	6	22	14	23	23	24	4	25	17	26	6	27	17	28	22	29	8	
	0	27	1	31	2	28	3	27	4	29	5	26	6	24	7	22	8	31	9	27	10	26	11	21	12	24	13	18	14	33	15	23	16	20	17	29	18	18	19	19	20	33	21	23	22	28	23	36	24	36	25	31	26	19	27	18	28	33	29	36	
	0	67	1	73	2	68	3	71	4	67	5	69	6	70	7	79	8	73	9	75	10	81	11	75	12	78	13	76	14	82	15	86	16	67	17	72	18	73	19	77	20	76	21	83	22	68	23	74	24	86	25	70	26	85	27	85	28	83	29	75	
	0	84	1	79	2	75	3	90	4	87	5	78	6	84	7	88	8	85	9	77	10	79	11	83	12	83	13	87	14	88	15	77	16	86	17	86	18	73	19	74	20	81	21	86	22	85	23	78	24	81	25	90	26	86	27	74	28	84	29	73	
	0	100	1	108	2	103	3	106	4	107	5	101	6	98	7	90	8	93	9	101	10	109	11	106	12	99	13	105	14	98	15	100	16	100	17	97	18	93	19	90	20	93	21	96	22	108	23	101	24	91	25	100	26	108	27	91	28	98	29	92	
	0	39	1	29	2	30	3	31	4	41	5	24	6	41	7	33	8	32	9	28	10	31	11	34	12	33	13	39	14	43	15	37	16	36	17	26	18	32	19	43	20	27	21	34	22	43	23	38	24	42	25	34	26	27	27	26	28	33	29	25	
	0	23	1	24	2	26	3	15	4	28	5	24	6	31	7	29	8	20	9	26	10	20	11	25	12	22	13	29	14	31	15	21	16	33	17	30	18	33	19	31	20	20	21	28	22	15	23	15	24	30	25	26	26	31	27	28	28	19	29	27	
	0	49	1	61	2	58	3	55	4	49	5	44	6	52	7	49	8	46	9	45	10	58	11	57	12	45	13	57	14	44	15	58	16	48	17	51	18	55	19	51	20	46	21	46	22	59	23	49	24	47	25	53	26	58	27	63	28	61	29	63	
	0	30	1	35	2	32	3	30	4	33	5	23	6	32	7	23	8	26	9	28	10	35	11	18	12	20	13	23	14	29	15	35	16	18	17	31	18	17	19	28	20	32	21	27	22	25	23	23	24	24	25	22	26	16	27	31	28	31	29	26	
	0	45	1	46	2	30	3	43	4	40	5	29	6	35	7	35	8	40	9	28	10	36	11	39	12	36	13	34	14	39	15	37	16	45	17	43	18	44	19	37	20	41	21	37	22	28	23	30	24	28	25	46	26	41	27	36	28	37	29	28	
	0	90	1	88	2	79	3	76	4	78	5	90	6	89	7	75	8	76	9	74	10	76	11	72	12	88	13	84	14	88	15	71	16	73	17	72	18	71	19	71	20	75	21	76	22	83	23	82	24	83	25	83	26	84	27	86	28	86	29	90	
	0	70	1	71	2	68	3	66	4	63	5	67	6	58	7	70	8	63	9	69	10	63	11	71	12	61	13	59	14	58	15	72	16	54	17	60	18	67	19	64	20	56	21	67	22	59	23	57	24	71	25	57	26	63	27	63	28	62	29	72	
	0	101	1	85	2	86	3	98	4	92	5	90	6	100	7	84	8	100	9	93	10	97	11	90	12	87	13	89	14	96	15	88	16	99	17	95	18	93	19	86	20	98	21	87	22	103	23	94	24	98	25	103	26	101	27	100	28	93	29	102	
	0	115	1	103	2	111	3	107	4	112	5	109	6	105	7	109	8	111	9	115	10	103	11	100	12	111	13	105	14	97	15	106	16	103	17	112	18	98	19	105	20	99	21	99	22	109	23	109	24	108	25	101	26	114	27	98	28	115	29	103	
	0	54	1	45	2	50	3	46	4	38	5	36	6	36	7	41	8	44	9	37	10	39	11	43	12	54	13	46	14	39	15	39	16	50	17	38	18	38	19	46	20	46	21	47	22	38	23	41	24	38	25	47	26	36	27	48	28	52	29	36	
	0	79	1	79	2	65	3	74	4	81	5	65	6	75	7	75	8	67	9	65	10	73	11	73	12	72	13	81	14	76	15	74	16	64	17	78	18	73	19	69	20	78	21	80	22	69	23	66	24	81	25	72	26	74	27	63	28	62	29	81	
	0	42	1	32	2	31	3	32	4	36	5	39	6	33	7	37	8	43	9	43	10	33	11	45	12	31	13	37	14	38	15	40	16	40	17	44	18	37	19	40	20	47	21	30	22	38	23	43	24	46	25	46	26	38	27	31	28	35	29	34	
	0	30	1	37	2	37	3	35	4	45	5	32	6	39	7	41	8	33	9	39	10	42	11	39	12	40	13	43	14	37	15	32	16	30	17	45	18	28	19	44	20	32	21	29	22	34	23	36	24	43	25	35	26	35	27	37	28	33	29	40	
	0	97	1	84	2	83	3	84	4	97	5	85	6	89	7	87	8	84	9	92	10	98	11	94	12	95	13	87	14	98	15	82	16	90	17	97	18	96	19	82	20	82	21	84	22	95	23	88	24	101	25	86	26	98	27	95	28	92	29	93	
	0	14	1	11	2	16	3	28	4	19	5	12	6	22	7	12	8	13	9	10	10	22	11	22	12	23	13	13	14	12	15	23	16	18	17	25	18	26	19	28	20	27	21	27	22	11	23	15	24	26	25	19	26	11	27	24	28	15	29	11	
	0	23	1	30	2	23	3	28	4	39	5	25	6	35	7	28	8	23	9	27	10	32	11	33	12	29	13	22	14	33	15	28	16	33	17	23	18	31	19	39	20	24	21	25	22	34	23	38	24	23	25	31	26	22	27	38	28	22	29	22	
	0	71	1	62	2	75	3	59	4	71	5	66	6	59	7	62	8	74	9	65	10	73	11	67	12	68	13	61	14	64	15	77	16	64	17	76	18	61	19	60	20	77	21	74	22	65	23	66	24	75	25	59	26	76	27	68	28	65	29	64	
	0	34	1	50	2	45	3	37	4	34	5	33	6	49	7	45	8	41	9	47	10	45	11	40	12	42	13	42	14	49	15	37	16	42	17	35	18	41	19	32	20	46	21	50	22	34	23	35	24	38	25	44	26	39	27	37	28	32	29	32	
	0	67	1	56	2	53	3	59	4	50	5	50	6	53	7	52	8	50	9	68	10	63	11	56	12	66	13	66	14	65	15	64	16	57	17	60	18	52	19	63	20	68	21	59	22	65	23	68	24	58	25	67	26	67	27	61	28	59	29	64	
	0	22	1	25	2	19	3	24	4	26	5	18	6	16	7	23	8	23	9	32	10	19	11	25	12	29	13	25	14	26	15	14	16	22	17	14	18	21	19	23	20	23	21	14	22	20	23	31	24	16	25	24	26	14	27	26	28	29	29	21	
	0	88	1	94	2	97	3	88	4	95	5	86	6	93	7	87	8	93	9	90	10	93	11	82	12	96	13	97	14	91	15	84	16	80	17	94	18	92	19	93	20	80	21	96	22	89	23	87	24	87	25	86	26	86	27	95	28	95	29	96	
	0	27	1	36	2	35	3	41	4	33	5	38	6	28	7	32	8	33	9	36	10	40	11	27	12	34	13	28	14	34	15	31	16	41	17	32	18	42	19	35	20	23	21	40	22	35	23	30	24	36	25	39	26	37	27	24	28	24	29	32	
	0	90	1	94	2	85	3	91	4	101	5	90	6	99	7	89	8	84	9	93	10	97	11	93	12	85	13	84	14	91	15	85	16	84	17	90	18	95	19	98	20	84	21	96	22	90	23	100	24	85	25	89	26	90	27	89	28	88	29	99	
	0	97	1	102	2	96	3	97	4	94	5	86	6	89	7	98	8	97	9	89	10	86	11	101	12	95	13	102	14	96	15	97	16	99	17	101	18	85	19	86	20	96	21	93	22	89	23	90	24	86	25	84	26	97	27	90	28	96	29	101	
	0	67	1	52	2	64	3	56	4	65	5	51	6	55	7	56	8	67	9	54	10	67	11	61	12	55	13	64	14	64	15	58	16	50	17	51	18	58	19	59	20	68	21	50	22	60	23	56	24	61	25	54	26	66	27	57	28	54	29	52	
	0	90	1	106	2	98	3	106	4	98	5	90	6	95	7	96	8	104	9	89	10	99	11	102	12	100	13	99	14	92	15	94	16	96	17	108	18	100	19	97	20	105	21	104	22	91	23	92	24	89	25	90	26	92	27	106	28	102	29	94	
	0	111	1	98	2	98	3	100	4	116	5	110	6	100	7	105	8	114	9	113	10	109	11	105	12	105	13	105	14	100	15	99	16	103	17	101	18	98	19	107	20	103	21	100	22	104	23	98	24	115	25	109	26	112	27	98	28	97	29	113	
	0	53	1	39	2	35	3	36	4	43	5	48	6	46	7	48	8	35	9	54	10	51	11	47	12	37	13	43	14	52	15	42	16	48	17	42	18	45	19	36	20	42	21	43	22	40	23	45	24	42	25	46	26	38	27	35	28	53	29	40	
	0	30	1	43	2	30	3	35	4	34	5	43	6	42	7	48	8	42	9	43	10	45	11	34	12	35	13	46	14	37	15	37	16	45	17	35	18	38	19	42	20	47	21	39	22	41	23	40	24	48	25	31	26	31	27	40	28	41	29	29	
	0	46	1	55	2	57	3	48	4	54	5	44	6	49	7	48	8	59	9	47	10	60	11	52	12	54	13	56	14	44	15	44	16	45	17	45	18	58	19	54	20	57	21	49	22	44	23	52	24	44	25	49	26	51	27	61	28	49	29	49	
	0	79	1	64	2	67	3	67	4	76	5	67	6	78	7	74	8	72	9	67	10	77	11	67	12	70	13	64	14	65	15	73	16	73	17	74	18	82	19	82	20	75	21	75	22	76	23	70	24	72	25	74	26	80	27	82	28	73	29	67	
	0	59	1	53	2	51	3	59	4	68	5	67	6	57	7	52	8	67	9	61	10	66	11	63	12	61	13	61	14	51	15	52	16	51	17	56	18	64	19	50	20	54	21	61	22	68	23	62	24	59	25	61	26	53	27	67	28	62	29	59	
	0	57	1	67	2	62	3	67	4	59	5	61	6	69	7	66	8	70	9	68	10	61	11	58	12	67	13	64	14	55	15	67	16	56	17	70	18	71	19	55	20	59	21	58	22	52	23	69	24	61	25	65	26	52	27	60	28	64	29	58	
	0	96	1	78	2	96	3	80	4	95	5	89	6	82	7	85	8	77	9	83	10	95	11	83	12	91	13	90	14	77	15	77	16	90	17	84	18	80	19	78	20	85	21	81	22	83	23	95	24	95	25	82	26	79	27	87	28	89	29	91	
	0	96	1	96	2	86	3	96	4	92	5	79	6	79	7	88	8	96	9	79	10	85	11	90	12	92	13	90	14	89	15	95	16	82	17	85	18	93	19	78	20	81	21	97	22	92	23	91	24	83	25	91	26	97	27	95	28	80	29	78	
	0	62	1	64	2	60	3	70	4	67	5	68	6	77	7	74	8	68	9	62	10	77	11	79	12	76	13	62	14	71	15	78	16	60	17	64	18	69	19	72	20	66	21	61	22	65	23	73	24	62	25	60	26	76	27	63	28	61	29	71	
	0	33	1	28	2	36	3	29	4	36	5	20	6	28	7	30	8	35	9	20	10	27	11	29	12	33	13	22	14	30	15	17	16	30	17	22	18	36	19	28	20	31	21	17	22	20	23	18	24	36	25	32	26	25	27	33	28	34	29	35	
	0	42	1	37	2	40	3	47	4	36	5	50	6	36	7	36	8	46	9	48	10	37	11	31	12	38	13	35	14	43	15	50	16	41	17	32	18	44	19	46	20	36	21	44	22	50	23	41	24	31	25	32	26	46	27	48	28	41	29	32	
	0	11	1	20	2	20	3	14	4	18	5	8	6	17	7	8	8	21	9	12	10	19	11	14	12	4	13	3	14	15	15	3	16	19	17	9	18	9	19	20	20	9	21	15	22	4	23	13	24	20	25	17	26	5	27	16	28	6	29	3	
	0	59	1	42	2	57	3	53	4	57	5	56	6	49	7	57	8	49	9	53	10	56	11	44	12	49	13	49	14	42	15	58	16	55	17	42	18	49	19	60	20	45	21	42	22	48	23	59	24	55	25	53	26	59	27	56	28	52	29	54	
	0	81	1	65	2	73	3	80	4	78	5	71	6	64	7	78	8	76	9	71	10	63	11	64	12	79	13	73	14	73	15	67	16	79	17	74	18	71	19	74	20	67	21	75	22	77	23	72	24	70	25	64	26	69	27	63	28	77	29	77	
	0	32	1	32	2	46	3	29	4	35	5	35	6	45	7	37	8	37	9	41	10	40	11	43	12	33	13	29	14	33	15	35	16	27	17	45	18	40	19	36	20	44	21	46	22	39	23	29	24	40	25	30	26	37	27	38	28	38	29	43	
	0	74	1	81	2	86	3	80	4	87	5	78	6	71	7	69	8	69	9	80	10	82	11	80	12	78	13	80	14	72	15	71	16	77	17	71	18	80	19	83	20	84	21	69	22	70	23	81	24	85	25	69	26	85	27	76	28	76	29	73	
	0	29	1	30	2	31	3	19	4	21	5	24	6	19	7	22	8	29	9	24	10	14	11	15	12	16	13	29	14	12	15	20	16	16	17	15	18	12	19	27	20	14	21	29	22	12	23	20	24	27	25	18	26	23	27	13	28	24	29	24	
	0	47	1	47	2	44	3	56	4	52	5	45	6	48	7	48	8	54	9	43	10	42	11	44	12	50	13	55	14	52	15	55	16	57	17	47	18	49	19	57	20	53	21	43	22	59	23	51	24	45	25	52	26	45	27	44	28	52	29	54	
	0	22	1	29	2	36	3	24	4	31	5	36	6	27	7	25	8	26	9	40	10	24	11	26	12	40	13	31	14	34	15	25	16	38	17	38	18	35	19	35	20	38	21	35	22	35	23	29	24	36	25	38	26	28	27	28	28	40	29	36	
	0	86	1	78	2	79	3	86	4	78	5	81	6	75	7	80	8	86	9	77	10	75	11	76	12	78	13	80	14	69	15	80	16	87	17	76	18	88	19	82	20	77	21	88	22	70	23	80	24	71	25	73	26	74	27	87	28	72	29	71	
	0	75	1	71	2	77	3	84	4	80	5	78	6	69	7	69	8	76	9	65	10	65	11	70	12	65	13	77	14	79	15	84	16	70	17	68	18	80	19	71	20	66	21	79	22	74	23	83	24	70	25	66	26	72	27	75	28	73	29	69	
	0	48	1	57	2	44	3	53	4	57	5	51	6	50	7	57	8	52	9	44	10	56	11	51	12	46	13	60	14	49	15	48	16	44	17	62	18	62	19	60	20	56	21	55	22	58	23	50	24	47	25	62	26	52	27	56	28	44	29	56	
	0	89	1	82	2	91	3	89	4	80	5	79	6	86	7	82	8	86	9	82	10	85	11	84	12	89	13	93	14	80	15	82	16	83	17	79	18	96	19	90	20	84	21	93	22	85	23	85	24	94	25	79	26	98	27	92	28	85	29	94	
	0	26	1	26	2	18	3	31	4	20	5	20	6	18	7	17	8	14	9	31	10	23	11	26	12	20	13	21	14	12	15	21	16	31	17	29	18	16	19	18	20	19	21	27	22	31	23	21	24	16	25	18	26	25	27	15	28	22	29	14	
	0	33	1	30	2	42	3	29	4	30	5	29	6	37	7	27	8	46	9	32	10	42	11	36	12	30	13	43	14	38	15	27	16	37	17	28	18	28	19	33	20	41	21	44	22	32	23	35	24	40	25	40	26	28	27	32	28	41	29	45	
	0	55	1	62	2	69	3	58	4	54	5	62	6	66	7	56	8	62	9	57	10	55	11	67	12	60	13	56	14	55	15	72	16	66	17	56	18	67	19	70	20	70	21	58	22	67	23	66	24	71	25	69	26	71	27	69	28	68	29	59	
	0	83	1	77	2	95	3	79	4	88	5	91	6	92	7	91	8	81	9	86	10	90	11	81	12	76	13	76	14	78	15	84	16	87	17	81	18	90	19	86	20	76	21	92	22	80	23	84	24	92	25	93	26	81	27	83	28	80	29	79	
	0	57	1	57	2	58	3	62	4	64	5	70	6	71	7	67	8	75	9	68	10	62	11	62	12	60	13	61	14	62	15	61	16	65	17	70	18	70	19	71	20	59	21	67	22	57	23	60	24	61	25	57	26	69	27	57	28	70	29	57	
	0	55	1	48	2	49	3	56	4	46	5	57	6	48	7	65	8	53	9	48	10	65	11	52	12	48	13	47	14	47	15	49	16	48	17	47	18	48	19	62	20	52	21	65	22	49	23	53	24	63	25	57	26	55	27	61	28	58	29	47	
	0	70	1	87	2	85	3	72	4	69	5	87	6	75	7	72	8	85	9	78	10	71	11	87	12	69	13	79	14	73	15	77	16	73	17	84	18	88	19	75	20	71	21	79	22	71	23	71	24	81	25	73	26	78	27	72	28	75	29	70	
	0	64	1	56	2	48	3	58	4	51	5	48	6	51	7	51	8	47	9	65	10	62	11	52	12	50	13	58	14	47	15	50	16	57	17	60	18	50	19	57	20	65	21	55	22	63	23	52	24	53	25	51	26	48	27	62	28	52	29	54	
	0	106	1	96	2	96	3	111	4	97	5	94	6	94	7	107	8	105	9	99	10	100	11	112	12	95	13	97	14	107	15	103	16	110	17	109	18	100	19	104	20	101	21	96	22	105	23	106	24	98	25	103	26	106	27	100	28	99	29	98	
	0	98	1	90	2	92	3	88	4	94	5	99	6	90	7	88	8	93	9	95	10	88	11	107	12	94	13	98	14	91	15	96	16	91	17	98	18	90	19	97	20	100	21	90	22	106	23	105	24	101	25	97	26	107	27	107	28	102	29	91	
	0	49	1	59	2	59	3	58	4	52	5	54	6	56	7	55	8	49	9	44	10	44	11	56	12	55	13	51	14	49	15	46	16	43	17	49	18	46	19	55	20	60	21	56	22	56	23	48	24	42	25	50	26	53	27	45	28	51	29	57	
	0	100	1	110	2	109	3	110	4	102	5	114	6	113	7	114	8	97	9	95	10	108	11	111	12	111	13	107	14	104	15	103	16	99	17	106	18	112	19	106	20	96	21	104	22	104	23	102	24	112	25	101	26	106	27	114	28	95	29	109	
	0	99	1	99	2	85	3	104	4	93	5	90	6	97	7	101	8	101	9	101	10	89	11	99	12	91	13	99	14	93	15	95	16	103	17	104	18	87	19	88	20	104	21	99	22	98	23	91	24	102	25	88	26	100	27	88	28	89	29	89	
	0	69	1	73	2	75	3	79	4	78	5	68	6	75	7	85	8	77	9	84	10	84	11	74	12	69	13	76	14	72	15	69	16	87	17	71	18	81	19	79	20	87	21	87	22	85	23	84	24	76	25	84	26	77	27	78	28	70	29	79	
	0	89	1	74	2	74	3	74	4	83	5	73	6	90	7	87	8	82	9	85	10	88	11	74	12	91	13	73	14	74	15	87	16	91	17	76	18	73	19	77	20	78	21	82	22	89	23	72	24	73	25	75	26	89	27	87	28	79	29	81	
	0	89	1	90	2	96	3	93	4	88	5	97	6	96	7	86	8	98	9	79	10	88	11	82	12	92	13	81	14	83	15	79	16	92	17	81	18	93	19	83	20	83	21	85	22	95	23	90	24	84	25	87	26	79	27	86	28	84	29	86	
	0	89	1	86	2	94	3	96	4	98	5	98	6	98	7	96	8	97	9	92	10	83	11	98	12	99	13	88	14	86	15	94	16	99	17	86	18	91	19	94	20	100	21	91	22	82	23	91	24	87	25	89	26	94	27	88	28	100	29	92	
	0	7	1	4	2	20	3	12	4	14	5	8	6	8	7	18	8	8	9	6	10	20	11	14	12	22	13	10	14	20	15	16	16	6	17	18	18	7	19	14	20	10	21	9	22	13	23	23	24	5	25	13	26	18	27	23	28	6	29	6	
	0	80	1	67	2	80	3	68	4	68	5	69	6	71	7	62	8	64	9	72	10	80	11	74	12	73	13	61	14	72	15	78	16	61	17	80	18	72	19	67	20	69	21	74	22	69	23	69	24	64	25	65	26	66	27	64	28	69	29	80	
	0	22	1	9	2	10	3	13	4	10	5	7	6	23	7	9	8	25	9	14	10	21	11	10	12	15	13	15	14	8	15	17	16	13	17	18	18	23	19	25	20	11	21	6	22	19	23	9	24	23	25	20	26	16	27	21	28	22	29	17	
	0	31	1	32	2	33	3	27	4	25	5	34	6	18	7	16	8	18	9	17	10	21	11	28	12	27	13	17	14	31	15	30	16	34	17	30	18	29	19	33	20	20	21	29	22	16	23	28	24	35	25	33	26	25	27	30	28	25	29	18	
	0	88	1	90	2	90	3	100	4	99	5	91	6	93	7	100	8	99	9	101	10	98	11	91	12	103	13	95	14	93	15	90	16	104	17	98	18	93	19	105	20	97	21	94	22	90	23	99	24	90	25	93	26	90	27	101	28	96	29	89	
	0	63	1	63	2	45	3	63	4	45	5	60	6	58	7	63	8	45	9	49	10	55	11	44	12	60	13	44	14	45	15	45	16	54	17	50	18	46	19	62	20	49	21	59	22	56	23	44	24	47	25	53	26	55	27	58	28	49	29	52	
	0	68	1	65	2	79	3	77	4	75	5	68	6	75	7	78	8	65	9	84	10	84	11	78	12	69	13	84	14	68	15	82	16	67	17	84	18	78	19	72	20	72	21	68	22	74	23	81	24	65	25	79	26	79	27	77	28	75	29	83	
	0	11	1	25	2	27	3	26	4	20	5	21	6	23	7	24	8	19	9	23	10	24	11	24	12	21	13	9	14	26	15	11	16	11	17	18	18	25	19	15	20	12	21	25	22	18	23	20	24	15	25	12	26	26	27	23	28	21	29	24	
	0	24	1	30	2	34	3	26	4	29	5	20	6	22	7	24	8	37	9	35	10	35	11	18	12	33	13	29	14	28	15	22	16	23	17	30	18	20	19	32	20	23	21	21	22	19	23	36	24	20	25	24	26	22	27	29	28	35	29	32	
	0	115	1	97	2	110	3	105	4	99	5	106	6	104	7	110	8	99	9	109	10	110	11	113	12	112	13	112	14	108	15	109	16	114	17	103	18	96	19	112	20	96	21	114	22	98	23	98	24	98	25	97	26	101	27	97	28	106	29	115	
	0	43	1	25	2	28	3	42	4	39	5	38	6	36	7	41	8	25	9	28	10	28	11	38	12	44	13	43	14	41	15	40	16	36	17	36	18	43	19	31	20	39	21	35	22	36	23	25	24	30	25	40	26	36	27	37	28	26	29	42	
	0	65	1	56	2	58	3	56	4	56	5	61	6	56	7	57	8	54	9	53	10	58	11	56	12	57	13	63	14	67	15	66	16	52	17	63	18	55	19	62	20	55	21	50	22	59	23	67	24	54	25	66	26	52	27	62	28	59	29	54	
	0	71	1	57	2	57	3	69	4	67	5	67	6	68	7	60	8	71	9	59	10	65	11	66	12	73	13	70	14	56	15	55	16	66	17	63	18	74	19	71	20	74	21	63	22	61	23	60	24	65	25	69	26	72	27	73	28	70	29	64	
	0	36	1	49	2	50	3	43	4	45	5	44	6	42	7	51	8	37	9	45	10	33	11	44	12	35	13	45	14	40	15	34	16	44	17	39	18	39	19	37	20	44	21	33	22	35	23	46	24	40	25	38	26	51	27	46	28	41	29	35	
	0	54	1	63	2	62	3	57	4	54	5	61	6	59	7	61	8	58	9	55	10	60	11	51	12	54	13	46	14	59	15	46	16	62	17	59	18	57	19	48	20	47	21	57	22	57	23	54	24	62	25	51	26	57	27	52	28	52	29	61	
	0	67	1	66	2	58	3	49	4	51	5	55	6	57	7	55	8	67	9	52	10	62	11	59	12	65	13	57	14	62	15	56	16	49	17	50	18	68	19	56	20	57	21	64	22	63	23	56	24	58	25	54	26	63	27	50	28	61	29	67	
	0	114	1	111	2	114	3	101	4	108	5	113	6	102	7	110	8	105	9	101	10	104	11	102	12	107	13	96	14	115	15	96	16	104	17	113	18	99	19	103	20	114	21	109	22	114	23	96	24	107	25	104	26	113	27	100	28	106	29	106	
	0	71	1	72	2	58	3	64	4	67	5	70	6	53	7	57	8	66	9	57	10	66	11	70	12	66	13	58	14	54	15	56	16	59	17	59	18	65	19	69	20	68	21	67	22	61	23	67	24	55	25	58	26	59	27	62	28	71	29	71	
	0	103	1	104	2	99	3	99	4	114	5	110	6	108	7	101	8	114	9	103	10	102	11	115	12	113	13	100	14	109	15	116	16	99	17	111	18	108	19	98	20	97	21	98	22	98	23	102	24	111	25	100	26	116	27	100	28	105	29	101	
	0	20	1	30	2	28	3	23	4	27	5	23	6	33	7	29	8	20	9	25	10	33	11	37	12	32	13	24	14	26	15	25	16	38	17	25	18	21	19	24	20	35	21	37	22	35	23	39	24	20	25	35	26	20	27	22	28	22	29	30	
	0	97	1	103	2	100	3	93	4	101	5	108	6	101	7	97	8	111	9	100	10	104	11	105	12	96	13	106	14	93	15	108	16	100	17	111	18	107	19	106	20	97	21	99	22	96	23	104	24	95	25	102	26	104	27	101	28	102	29	93	
	0	53	1	49	2	51	3	49	4	60	5	55	6	54	7	52	8	60	9	54	10	53	11	62	12	52	13	63	14	47	15	56	16	52	17	61	18	62	19	62	20	51	21	47	22	50	23	59	24	64	25	58	26	63	27	55	28	46	29	48	
	0	99	1	106	2	98	3	97	4	89	5	106	6	100	7	93	8	93	9	105	10	88	11	89	12	93	13	102	14	99	15	90	16	98	17	101	18	93	19	93	20	99	21	100	22	103	23	93	24	106	25	94	26	94	27	97	28	97	29	104	
	0	85	1	78	2	91	3	82	4	77	5	83	6	88	7	79	8	81	9	78	10	88	11	91	12	85	13	83	14	86	15	90	16	85	17	90	18	91	19	75	20	77	21	79	22	88	23	78	24	94	25	83	26	90	27	92	28	80	29	79	
	0	26	1	34	2	31	3	32	4	34	5	37	6	23	7	26	8	32	9	20	10	20	11	28	12	26	13	25	14	35	15	20	16	36	17	18	18	23	19	20	20	18	21	29	22	23	23	30	24	18	25	32	26	26	27	30	28	20	29	34	
	0	32	1	38	2	28	3	45	4	26	5	42	6	45	7	41	8	34	9	45	10	39	11	27	12	45	13	38	14	31	15	43	16	28	17	42	18	44	19	26	20	35	21	43	22	33	23	32	24	44	25	27	26	45	27	36	28	30	29	44	
	0	80	1	71	2	83	3	73	4	67	5	81	6	67	7	78	8	70	9	80	10	68	11	80	12	82	13	77	14	75	15	86	16	86	17	70	18	71	19	84	20	79	21	86	22	79	23	78	24	85	25	85	26	80	27	81	28	74	29	82	
	0	48	1	41	2	37	3	49	4	36	5	47	6	39	7	34	8	32	9	40	10	33	11	35	12	47	13	41	14	45	15	49	16	40	17	35	18	33	19	47	20	32	21	48	22	42	23	31	24	32	25	45	26	44	27	40	28	50	29	44	
	0	36	1	38	2	23	3	26	4	27	5	42	6	26	7	38	8	29	9	42	10	31	11	31	12	33	13	39	14	37	15	30	16	30	17	26	18	39	19	37	20	33	21	25	22	38	23	24	24	41	25	35	26	25	27	30	28	37	29	25	
	0	69	1	77	2	67	3	79	4	72	5	68	6	60	7	74	8	65	9	67	10	76	11	69	12	70	13	62	14	78	15	65	16	69	17	77	18	78	19	75	20	64	21	64	22	64	23	67	24	64	25	73	26	69	27	65	28	63	29	74	
	0	93	1	109	2	102	3	105	4	110	5	104	6	96	7	107	8	103	9	99	10	109	11	105	12	100	13	109	14	108	15	97	16	96	17	96	18	111	19	97	20	92	21	104	22	96	23	98	24	95	25	106	26	93	27	106	28	96	29	97	
	0	72	1	66	2	64	3	62	4	74	5	70	6	72	7	65	8	73	9	64	10	57	11	57	12	57	13	64	14	68	15	67	16	68	17	64	18	63	19	66	20	56	21	72	22	61	23	59	24	69	25	65	26	70	27	59	28	61	29	66	
	0	59	1	45	2	50	3	59	4	46	5	53	6	44	7	60	8	60	9	51	10	49	11	53	12	47	13	41	14	47	15	41	16	54	17	43	18	57	19	53	20	50	21	52	22	47	23	45	24	58	25	42	26	49	27	45	28	56	29	54	
	0	81	1	77	2	89	3	93	4	94	5	84	6	77	7	91	8	77	9	89	10	93	11	86	12	93	13	88	14	93	15	80	16	92	17	83	18	75	19	75	20	77	21	87	22	90	23	78	24	75	25	85	26	76	27	91	28	91	29	90	
	0	27	1	29	2	27	3	26	4	35	5	24	6	21	7	30	8	31	9	22	10	19	11	17	12	30	13	21	14	33	15	17	16	28	17	27	18	22	19	19	20	17	21	30	22	25	23	20	24	32	25	35	26	19	27	32	28	30	29	34	
	0	53	1	59	2	64	3	56	4	49	5	55	6	61	7	49	8	54	9	48	10	66	11	58	12	61	13	58	14	54	15	53	16	60	17	64	18	58	19	55	20	66	21	47	22	48	23	52	24	59	25	64	26	64	27	59	28	60	29	63	
	0	104	1	109	2	108	3	107	4	100	5	116	6	110	7	115	8	105	9	118	10	115	11	111	12	100	13	105	14	118	15	104	16	99	17	104	18	113	19	116	20	112	21	116	22	103	23	110	24	116	25	115	26	105	27	112	28	109	29	99	
	0	64	1	71	2	68	3	79	4	79	5	73	6	79	7	74	8	74	9	69	10	70	11	77	12	66	13	68	14	61	15	76	16	73	17	66	18	65	19	61	20	61	21	69	22	63	23	74	24	74	25	79	26	78	27	79	28	65	29	80	
	0	10	1	17	2	2	3	4	4	13	5	20	6	14	7	7	8	16	9	15	10	7	11	20	12	2	13	8	14	13	15	12	16	15	17	20	18	12	19	9	20	6	21	13	22	7	23	9	24	16	25	14	26	2	27	17	28	3	29	18	
	0	72	1	90	2	85	3	84	4	78	5	91	6	89	7	83	8	77	9	88	10	85	11	89	12	88	13	78	14	74	15	75	16	79	17	79	18	73	19	90	20	77	21	90	22	74	23	88	24	84	25	87	26	88	27	86	28	76	29	78	
	0	72	1	61	2	56	3	56	4	64	5	70	6	62	7	61	8	61	9	66	10	63	11	66	12	69	13	61	14	66	15	64	16	60	17	57	18	72	19	74	20	68	21	70	22	64	23	73	24	68	25	71	26	71	27	64	28	59	29	61	
	0	87	1	93	2	83	3	76	4	78	5	87	6	84	7	81	8	77	9	92	10	94	11	90	12	83	13	77	14	88	15	85	16	75	17	86	18	87	19	80	20	85	21	75	22	86	23	81	24	94	25	82	26	75	27	76	28	90	29	86	
	0	18	1	22	2	16	3	25	4	12	5	22	6	6	7	19	8	15	9	11	10	14	11	15	12	10	13	10	14	7	15	17	16	15	17	17	18	20	19	18	20	6	21	15	22	12	23	17	24	6	25	18	26	6	27	11	28	16	29	9	
	0	26	1	17	2	18	3	25	4	22	5	21	6	22	7	21	8	14	9	16	10	10	11	15	12	16	13	23	14	11	15	17	16	19	17	21	18	9	19	10	20	24	21	15	22	15	23	20	24	10	25	12	26	22	27	22	28	24	29	20	
	0	11	1	14	2	5	3	18	4	8	5	20	6	10	7	15	8	5	9	13	10	16	11	18	12	11	13	11	14	5	15	15	16	6	17	10	18	19	19	16	20	20	21	19	22	22	23	15	24	18	25	6	26	15	27	5	28	11	29	13	
	0	87	1	77	2	79	3	82	4	73	5	71	6	71	7	80	8	79	9	71	10	87	11	72	12	86	13	76	14	76	15	82	16	82	17	89	18	72	19	82	20	79	21	80	22	86	23	76	24	88	25	72	26	81	27	72	28	86	29	76	
	0	41	1	41	2	32	3	29	4	42	5	43	6	30	7	36	8	41	9	38	10	28	11	35	12	33	13	34	14	38	15	39	16	38	17	33	18	40	19	34	20	38	21	27	22	38	23	29	24	40	25	29	26	35	27	37	28	33	29	36	
	0	102	1	104	2	101	3	90	4	101	5	102	6	88	7	90	8	104	9	98	10	102	11	96	12	94	13	95	14	94	15	93	16	87	17	103	18	106	19	104	20	92	21	102	22	104	23	94	24	97	25	92	26	89	27	87	28	103	29	88	
	0	115	1	110	2	115	3	110	4	96	5	98	6	102	7	107	8	112	9	96	10	107	11	103	12	113	13	98	14	101	15	112	16	97	17	112	18	106	19	113	20	98	21	109	22	106	23	113	24	100	25	103	26	103	27	113	28	102	29	99	
	0	94	1	99	2	104	3	93	4	96	5	101	6	110	7	99	8	106	9	93	10	96	11	100	12	97	13	103	14	111	15	106	16	96	17	107	18	111	19	105	20	95	21	97	22	98	23	102	24	109	25	105	26	96	27	97	28	104	29	92	
	0	56	1	63	2	65	3	55	4	52	5	58	6	67	7	58	8	66	9	54	10	60	11	58	12	67	13	62	14	50	15	53	16	50	17	63	18	57	19	62	20	55	21	59	22	63	23	62	24	66	25	60	26	56	27	51	28	61	29	59	
	0	64	1	71	2	57	3	60	4	57	5	62	6	62	7	70	8	59	9	65	10	65	11	63	12	52	13	63	14	60	15	59	16	68	17	70	18	52	19	56	20	68	21	60	22	59	23	63	24	69	25	59	26	58	27	67	28	60	29	61	
	0	35	1	38	2	33	3	26	4	34	5	43	6	41	7	38	8	41	9	24	10	25	11	36	12	28	13	30	14	24	15	24	16	33	17	41	18	42	19	36	20	34	21	36	22	26	23	25	24	29	25	29	26	41	27	28	28	39	29	33	
	0	55	1	53	2	48	3	54	4	55	5	56	6	55	7	42	8	42	9	46	10	59	11	55	12	55	13	46	14	44	15	44	16	45	17	42	18	49	19	59	20	56	21	54	22	59	23	60	24	53	25	60	26	46	27	54	28	55	29	42	
	0	108	1	106	2	105	3	116	4	99	5	102	6	105	7	105	8	109	9	113	10	105	11	108	12	117	13	102	14	117	15	100	16	103	17	109	18	107	19	116	20	114	21	117	22	108	23	98	24	111	25	114	26	116	27	99	28	117	29	116	
	0	59	1	52	2	59	3	70	4	54	5	71	6	63	7	62	8	60	9	70	10	58	11	63	12	60	13	68	14	69	15	57	16	63	17	69	18	66	19	59	20	54	21	67	22	54	23	68	24	61	25	54	26	55	27	59	28	60	29	58	
	0	106	1	104	2	101	3	119	4	113	5	105	6	104	7	101	8	109	9	111	10	119	11	120	12	117	13	103	14	113	15	119	16	107	17	106	18	120	19	107	20	116	21	113	22	110	23	105	24	114	25	105	26	110	27	103	28	104	29	111	
	0	32	1	22	2	40	3	29	4	22	5	35	6	39	7	22	8	25	9	40	10	28	11	34	12	22	13	26	14	37	15	39	16	35	17	35	18	36	19	22	20	30	21	21	22	28	23	28	24	29	25	40	26	29	27	27	28	29	29	39	
	0	92	1	95	2	90	3	90	4	106	5	100	6	91	7	95	8	92	9	105	10	96	11	104	12	89	13	107	14	102	15	99	16	95	17	107	18	88	19	103	20	97	21	94	22	94	23	99	24	93	25	103	26	88	27	102	28	105	29	96	
	0	57	1	62	2	71	3	73	4	72	5	57	6	64	7	65	8	69	9	70	10	64	11	68	12	65	13	62	14	60	15	69	16	75	17	71	18	66	19	63	20	68	21	71	22	69	23	59	24	70	25	71	26	62	27	71	28	59	29	64	
	0	64	1	55	2	46	3	59	4	56	5	53	6	59	7	64	8	54	9	49	10	50	11	59	12	62	13	55	14	51	15	50	16	52	17	59	18	54	19	51	20	56	21	50	22	54	23	63	24	53	25	54	26	65	27	51	28	57	29	58	
	0	55	1	56	2	47	3	47	4	51	5	54	6	58	7	46	8	41	9	55	10	46	11	40	12	44	13	47	14	49	15	45	16	58	17	52	18	52	19	49	20	58	21	42	22	45	23	48	24	56	25	58	26	48	27	52	28	43	29	57	
	0	49	1	50	2	53	3	57	4	55	5	54	6	47	7	64	8	46	9	50	10	59	11	61	12	55	13	48	14	64	15	54	16	46	17	46	18	64	19	53	20	46	21	55	22	61	23	49	24	57	25	49	26	51	27	62	28	49	29	53	
	0	45	1	48	2	50	3	35	4	32	5	43	6	46	7	35	8	32	9	40	10	40	11	45	12	42	13	33	14	35	15	38	16	40	17	50	18	37	19	42	20	36	21	35	22	46	23	33	24	51	25	50	26	43	27	32	28	44	29	44	
	0	69	1	54	2	64	3	60	4	62	5	63	6	66	7	69	8	63	9	69	10	71	11	69	12	72	13	69	14	57	15	69	16	73	17	58	18	64	19	55	20	64	21	58	22	54	23	54	24	68	25	57	26	63	27	66	28	61	29	54	
	0	96	1	94	2	87	3	80	4	87	5	93	6	87	7	91	8	89	9	94	10	79	11	92	12	80	13	81	14	85	15	92	16	94	17	95	18	81	19	97	20	85	21	88	22	79	23	81	24	90	25	95	26	78	27	95	28	81	29	89	
	0	106	1	109	2	96	3	106	4	107	5	97	6	108	7	106	8	99	9	98	10	99	11	113	12	101	13	105	14	95	15	109	16	109	17	108	18	112	19	113	20	103	21	109	22	101	23	101	24	108	25	112	26	114	27	109	28	113	29	103	
	0	82	1	73	2	73	3	68	4	63	5	72	6	74	7	76	8	79	9	82	10	77	11	64	12	80	13	80	14	64	15	71	16	64	17	67	18	82	19	79	20	64	21	76	22	81	23	66	24	78	25	81	26	79	27	82	28	67	29	67	
	0	81	1	96	2	97	3	100	4	83	5	91	6	85	7	97	8	85	9	92	10	83	11	98	12	88	13	100	14	89	15	94	16	88	17	92	18	89	19	99	20	97	21	93	22	87	23	100	24	90	25	85	26	87	27	81	28	100	29	100	
	0	21	1	25	2	29	3	28	4	29	5	24	6	31	7	13	8	28	9	30	10	29	11	31	12	17	13	15	14	30	15	14	16	29	17	15	18	25	19	31	20	14	21	15	22	19	23	21	24	14	25	19	26	15	27	29	28	27	29	23	
	0	85	1	72	2	83	3	72	4	73	5	87	6	84	7	81	8	76	9	74	10	85	11	84	12	72	13	71	14	86	15	85	16	87	17	77	18	69	19	69	20	70	21	73	22	79	23	73	24	86	25	78	26	77	27	73	28	77	29	78	
	0	77	1	79	2	89	3	79	4	79	5	79	6	81	7	81	8	84	9	90	10	83	11	79	12	77	13	90	14	84	15	91	16	96	17	87	18	84	19	95	20	77	21	79	22	85	23	85	24	83	25	80	26	90	27	92	28	83	29	93	
	0	40	1	38	2	49	3	39	4	34	5	35	6	47	7	51	8	40	9	33	10	40	11	50	12	42	13	36	14	43	15	40	16	43	17	44	18	41	19	39	20	42	21	51	22	48	23	41	24	47	25	36	26	41	27	50	28	46	29	36	
	0	96	1	83	2	80	3	85	4	96	5	92	6	89	7	92	8	98	9	80	10	96	11	85	12	89	13	81	14	94	15	82	16	97	17	82	18	89	19	99	20	90	21	95	22	86	23	85	24	98	25	85	26	89	27	87	28	96	29	81	
	0	83	1	81	2	82	3	80	4	83	5	80	6	73	7	74	8	78	9	88	10	73	11	78	12	82	13	76	14	71	15	80	16	71	17	74	18	74	19	81	20	85	21	87	22	72	23	76	24	71	25	81	26	74	27	80	28	86	29	80	
	0	49	1	57	2	52	3	46	4	54	5	43	6	43	7	56	8	60	9	56	10	49	11	51	12	62	13	58	14	52	15	44	16	48	17	57	18	44	19	56	20	60	21	44	22	48	23	61	24	47	25	53	26	49	27	49	28	55	29	59	
	0	47	1	55	2	58	3	50	4	57	5	62	6	54	7	57	8	61	9	46	10	46	11	62	12	54	13	54	14	53	15	47	16	61	17	52	18	65	19	58	20	56	21	64	22	46	23	51	24	50	25	50	26	53	27	55	28	60	29	47	
	0	97	1	90	2	105	3	105	4	97	5	106	6	89	7	96	8	100	9	107	10	95	11	104	12	104	13	96	14	98	15	105	16	100	17	95	18	90	19	96	20	99	21	104	22	105	23	103	24	105	25	106	26	88	27	94	28	96	29	91	
	0	88	1	90	2	94	3	100	4	91	5	102	6	99	7	90	8	89	9	90	10	91	11	90	12	98	13	98	14	91	15	85	16	84	17	94	18	97	19	90	20	101	21	100	22	102	23	90	24	96	25	99	26	99	27	93	28	101	29	99	
	0	54	1	44	2	59	3	44	4	61	5	58	6	50	7	53	8	54	9	45	10	61	11	51	12	53	13	54	14	57	15	60	16	52	17	51	18	48	19	59	20	51	21	61	22	51	23	59	24	56	25	62	26	48	27	44	28	56	29	48	
	0	37	1	36	2	25	3	41	4	28	5	36	6	24	7	41	8	34	9	40	10	35	11	26	12	41	13	22	14	30	15	27	16	41	17	26	18	22	19	30	20	24	21	39	22	35	23	34	24	41	25	30	26	24	27	22	28	31	29	28	
	0	15	1	20	2	24	3	20	4	18	5	22	6	24	7	20	8	28	9	17	10	17	11	25	12	15	13	26	14	31	15	20	16	26	17	33	18	31	19	20	20	30	21	22	22	20	23	27	24	27	25	15	26	20	27	15	28	14	29	18	
	0	58	1	54	2	67	3	66	4	57	5	59	6	62	7	51	8	60	9	54	10	48	11	56	12	65	13	56	14	51	15	59	16	64	17	61	18	50	19	60	20	59	21	62	22	65	23	52	24	49	25	53	26	48	27	48	28	48	29	52	
	0	55	1	46	2	61	3	55	4	50	5	45	6	51	7	50	8	50	9	57	10	64	11	62	12	51	13	54	14	51	15	60	16	51	17	63	18	61	19	46	20	54	21	55	22	49	23	56	24	58	25	48	26	62	27	60	28	45	29	59	
	0	24	1	11	2	11	3	20	4	9	5	18	6	10	7	21	8	15	9	24	10	10	11	21	12	18	13	15	14	23	15	7	16	7	17	8	18	17	19	24	20	11	21	10	22	22	23	22	24	18	25	14	26	19	27	19	28	17	29	12	
	0	87	1	80	2	76	3	88	4	89	5	81	6	76	7	84	8	72	9	73	10	80	11	90	12	87	13	90	14	89	15	87	16	75	17	84	18	87	19	79	20	91	21	80	22	72	23	75	24	80	25	88	26	90	27	76	28	75	29	72	
	0	12	1	9	2	7	3	15	4	18	5	19	6	8	7	20	8	2	9	13	10	19	11	16	12	16	13	12	14	2	15	15	16	8	17	4	18	10	19	20	20	18	21	16	22	13	23	9	24	2	25	12	26	20	27	12	28	13	29	4	
	0	69	1	71	2	76	3	74	4	63	5	70	6	62	7	73	8	74	9	73	10	64	11	78	12	62	13	78	14	62	15	65	16	67	17	64	18	77	19	63	20	71	21	65	22	69	23	67	24	76	25	61	26	77	27	75	28	65	29	64	
	0	28	1	17	2	22	3	25	4	23	5	29	6	19	7	23	8	27	9	10	10	14	11	29	12	28	13	13	14	17	15	13	16	13	17	22	18	26	19	13	20	15	21	26	22	25	23	19	24	22	25	23	26	28	27	19	28	19	29	26	
	0	96	1	103	2	91	3	99	4	105	5	103	6	104	7	92	8	100	9	89	10	92	11	86	12	99	13	98	14	100	15	98	16	87	17	87	18	101	19	92	20	91	21	104	22	93	23	105	24	105	25	105	26	90	27	88	28	102	29	100	
	0	78	1	80	2	75	3	91	4	83	5	76	6	81	7	78	8	86	9	89	10	80	11	77	12	86	13	73	14	83	15	83	16	80	17	87	18	86	19	88	20	91	21	73	22	73	23	83	24	75	25	74	26	79	27	79	28	81	29	76	
	0	23	1	26	2	38	3	23	4	25	5	37	6	23	7	29	8	26	9	20	10	33	11	20	12	33	13	20	14	30	15	19	16	32	17	32	18	31	19	36	20	34	21	30	22	29	23	31	24	23	25	23	26	32	27	23	28	32	29	27	
	0	26	1	38	2	41	3	34	4	38	5	31	6	40	7	31	8	39	9	36	10	38	11	28	12	24	13	38	14	41	15	39	16	38	17	36	18	40	19	26	20	23	21	35	22	32	23	37	24	36	25	33	26	42	27	26	28	30	29	33	
	0	15	1	9	2	9	3	6	4	16	5	23	6	22	7	24	8	13	9	18	10	18	11	23	12	5	13	16	14	22	15	20	16	7	17	23	18	22	19	14	20	13	21	22	22	23	23	17	24	8	25	12	26	7	27	10	28	5	29	6	
	0	21	1	11	2	13	3	26	4	19	5	12	6	17	7	27	8	22	9	22	10	19	11	11	12	26	13	22	14	21	15	16	16	10	17	11	18	27	19	28	20	12	21	29	22	12	23	11	24	22	25	25	26	12	27	17	28	16	29	14	
	0	22	1	23	2	17	3	33	4	31	5	19	6	30	7	21	8	36	9	17	10	29	11	18	12	25	13	32	14	21	15	30	16	36	17	19	18	18	19	18	20	35	21	28	22	36	23	26	24	17	25	35	26	18	27	17	28	27	29	25	
	0	102	1	111	2	107	3	102	4	95	5	102	6	103	7	107	8	106	9	101	10	108	11	101	12	92	13	99	14	103	15	105	16	104	17	111	18	99	19	93	20	109	21	95	22	94	23	96	24	103	25	93	26	109	27	100	28	98	29	97	
	0	96	1	94	2	97	3	92	4	97	5	91	6	83	7	87	8	91	9	92	10	87	11	89	12	91	13	89	14	83	15	80	16	88	17	96	18	86	19	87	20	81	21	92	22	78	23	86	24	85	25	94	26	84	27	78	28	88	29	80	
	0	77	1	61	2	66	3	73	4	67	5	79	6	66	7	78	8	72	9	79	10	78	11	68	12	76	13	69	14	77	15	66	16	73	17	64	18	73	19	60	20	79	21	62	22	67	23	70	24	60	25	60	26	76	27	60	28	69	29	70	
	0	65	1	82	2	80	3	81	4	78	5	75	6	79	7	69	8	78	9	80	10	84	11	76	12	83	13	74	14	66	15	76	16	71	17	76	18	75	19	72	20	81	21	70	22	75	23	77	24	73	25	68	26	79	27	72	28	71	29	84	
	0	68	1	58	2	59	3	65	4	59	5	60	6	66	7	54	8	68	9	53	10	53	11	66	12	58	13	60	14	60	15	68	16	50	17	56	18	64	19	67	20	52	21	54	22	53	23	69	24	64	25	56	26	67	27	68	28	63	29	64	
	0	25	1	11	2	22	3	14	4	23	5	12	6	23	7	25	8	14	9	22	10	27	11	25	12	17	13	28	14	10	15	18	16	15	17	17	18	26	19	20	20	22	21	12	22	13	23	26	24	22	25	10	26	17	27	15	28	20	29	23	
	0	71	1	78	2	68	3	75	4	68	5	71	6	73	7	75	8	65	9	61	10	79	11	60	12	61	13	67	14	71	15	79	16	67	17	63	18	64	19	67	20	66	21	61	22	70	23	67	24	71	25	64	26	63	27	71	28	77	29	70	
	0	98	1	96	2	97	3	98	4	97	5	98	6	82	7	89	8	92	9	80	10	79	11	91	12	96	13	90	14	93	15	79	16	91	17	96	18	82	19	86	20	87	21	89	22	88	23	90	24	97	25	85	26	80	27	93	28	81	29	89	
	0	16	1	8	2	19	3	8	4	11	5	27	6	25	7	17	8	16	9	22	10	23	11	10	12	26	13	11	14	26	15	9	16	21	17	20	18	10	19	8	20	13	21	9	22	24	23	14	24	18	25	9	26	21	27	22	28	18	29	25	
	0	17	1	14	2	28	3	12	4	13	5	26	6	14	7	25	8	15	9	18	10	17	11	17	12	12	13	13	14	25	15	14	16	12	17	9	18	19	19	19	20	13	21	12	22	10	23	16	24	21	25	12	26	25	27	20	28	9	29	23	
	0	109	1	110	2	113	3	97	4	107	5	97	6	103	7	107	8	108	9	104	10	109	11	95	12	101	13	107	14	110	15	102	16	108	17	107	18	110	19	99	20	104	21	108	22	112	23	112	24	95	25	109	26	108	27	113	28	110	29	98	
	0	32	1	28	2	24	3	33	4	18	5	35	6	18	7	32	8	32	9	35	10	27	11	23	12	18	13	27	14	23	15	25	16	25	17	17	18	22	19	19	20	19	21	23	22	25	23	33	24	23	25	27	26	25	27	18	28	21	29	34	
	0	56	1	61	2	53	3	59	4	60	5	52	6	67	7	53	8	59	9	63	10	53	11	56	12	61	13	55	14	55	15	58	16	55	17	53	18	67	19	67	20	57	21	67	22	54	23	59	24	63	25	58	26	65	27	49	28	62	29	56	
	0	56	1	71	2	60	3	66	4	61	5	67	6	56	7	57	8	63	9	69	10	68	11	56	12	61	13	64	14	59	15	70	16	61	17	72	18	57	19	55	20	61	21	69	22	63	23	68	24	66	25	60	26	61	27	69	28	62	29	56	
	0	48	1	50	2	33	3	32	4	36	5	31	6	47	7	34	8	47	9	45	10	41	11	40	12	36	13	47	14	49	15	50	16	33	17	38	18	33	19	41	20	46	21	33	22	44	23	39	24	36	25	50	26	39	27	34	28	41	29	47	
	0	7	1	5	2	11	3	17	4	11	5	22	6	12	7	24	8	24	9	8	10	16	11	10	12	16	13	14	14	13	15	24	16	9	17	24	18	19	19	22	20	14	21	19	22	6	23	18	24	24	25	9	26	17	27	19	28	15	29	20	
	0	21	1	10	2	10	3	9	4	16	5	9	6	2	7	17	8	7	9	9	10	5	11	15	12	14	13	16	14	11	15	4	16	10	17	17	18	4	19	14	20	14	21	12	22	20	23	6	24	8	25	15	26	4	27	7	28	14	29	11	
	0	86	1	86	2	85	3	80	4	76	5	85	6	73	7	70	8	69	9	70	10	75	11	72	12	81	13	81	14	70	15	81	16	83	17	76	18	79	19	84	20	78	21	76	22	81	23	86	24	79	25	76	26	78	27	83	28	82	29	69	
	0	37	1	37	2	36	3	28	4	38	5	32	6	34	7	45	8	28	9	31	10	44	11	39	12	44	13	45	14	38	15	41	16	42	17	37	18	31	19	28	20	41	21	40	22	41	23	36	24	41	25	26	26	40	27	35	28	26	29	40	
	0	105	1	109	2	98	3	108	4	111	5	96	6	102	7	95	8	97	9	97	10	98	11	104	12	111	13	106	14	104	15	107	16	106	17	94	18	109	19	97	20	110	21	105	22	110	23	92	24	106	25	93	26	102	27	110	28	103	29	103	
	0	55	1	47	2	54	3	46	4	56	5	48	6	50	7	51	8	48	9	56	10	51	11	50	12	55	13	51	14	55	15	43	16	50	17	43	18	42	19	55	20	38	21	37	22	54	23	41	24	49	25	53	26	45	27	48	28	55	29	41	
	0	68	1	69	2	54	3	71	4	68	5	57	6	60	7	61	8	60	9	64	10	65	11	71	12	57	13	54	14	66	15	56	16	70	17	55	18	63	19	55	20	65	21	58	22	55	23	64	24	58	25	62	26	68	27	63	28	59	29	59	
	0	82	1	83	2	86	3	80	4	85	5	78	6	95	7	78	8	84	9	92	10	91	11	94	12	96	13	92	14	79	15	85	16	97	17	83	18	85	19	80	20	95	21	81	22	96	23	79	24	78	25	88	26	84	27	81	28	84	29	93	
	0	67	1	69	2	62	3	55	4	68	5	64	6	53	7	58	8	64	9	55	10	58	11	58	12	56	13	63	14	66	15	63	16	68	17	71	18	65	19	65	20	70	21	66	22	63	23	62	24	60	25	66	26	54	27	65	28	55	29	71	
	0	14	1	21	2	22	3	12	4	21	5	23	6	11	7	23	8	11	9	16	10	13	11	20	12	28	13	12	14	28	15	19	16	13	17	20	18	13	19	9	20	17	21	16	22	12	23	15	24	19	25	18	26	28	27	25	28	24	29	24	
	0	40	1	43	2	38	3	38	4	50	5	47	6	38	7	41	8	37	9	45	10	45	11	51	12	42	13	43	14	49	15	44	16	51	17	46	18	44	19	37	20	34	21	38	22	51	23	46	24	49	25	35	26	46	27	52	28	48	29	52	
	0	16	1	14	2	12	3	25	4	13	5	23	6	12	7	14	8	19	9	19	10	12	11	12	12	29	13	29	14	26	15	13	16	14	17	23	18	29	19	19	20	20	21	21	22	11	23	11	24	22	25	21	26	11	27	19	28	17	29	13	
	0	70	1	63	2	61	3	74	4	60	5	59	6	61	7	65	8	75	9	67	10	71	11	67	12	64	13	75	14	62	15	66	16	74	17	59	18	69	19	64	20	65	21	78	22	66	23	67	24	65	25	59	26	64	27	72	28	78	29	65	
	0	62	1	74	2	64	3	65	4	67	5	62	6	74	7	72	8	74	9	72	10	67	11	72	12	76	13	61	14	67	15	72	16	79	17	80	18	68	19	78	20	79	21	64	22	66	23	75	24	78	25	69	26	69	27	71	28	65	29	64	
	0	102	1	101	2	99	3	112	4	110	5	103	6	98	7	110	8	97	9	100	10	99	11	110	12	104	13	97	14	103	15	105	16	94	17	95	18	101	19	110	20	110	21	106	22	95	23	101	24	96	25	108	26	97	27	96	28	102	29	109	
	0	82	1	70	2	84	3	79	4	78	5	81	6	77	7	82	8	75	9	69	10	73	11	86	12	68	13	70	14	82	15	84	16	73	17	79	18	85	19	84	20	72	21	86	22	83	23	72	24	67	25	68	26	85	27	72	28	77	29	70	
	0	42	1	53	2	45	3	50	4	38	5	37	6	39	7	49	8	49	9	55	10	40	11	44	12	37	13	49	14	41	15	56	16	52	17	53	18	41	19	47	20	48	21	45	22	48	23	38	24	45	25	42	26	51	27	52	28	48	29	54	
	0	40	1	37	2	34	3	22	4	33	5	38	6	24	7	40	8	24	9	33	10	22	11	26	12	30	13	38	14	38	15	31	16	36	17	27	18	32	19	31	20	29	21	39	22	27	23	38	24	36	25	39	26	26	27	39	28	31	29	28	
	0	40	1	31	2	43	3	35	4	44	5	29	6	34	7	29	8	34	9	47	10	39	11	33	12	38	13	29	14	45	15	30	16	44	17	48	18	32	19	42	20	39	21	45	22	43	23	46	24	31	25	34	26	43	27	48	28	39	29	37	
	0	58	1	53	2	70	3	56	4	59	5	57	6	64	7	70	8	64	9	53	10	63	11	64	12	61	13	68	14	53	15	72	16	57	17	54	18	70	19	69	20	68	21	70	22	67	23	62	24	65	25	71	26	64	27	61	28	57	29	69	
	0	12	1	9	2	16	3	23	4	13	5	23	6	16	7	19	8	22	9	10	10	21	11	22	12	10	13	18	14	19	15	22	16	12	17	20	18	19	19	9	20	20	21	17	22	8	23	11	24	10	25	8	26	19	27	7	28	14	29	13	
	0	67	1	67	2	63	3	70	4	77	5	62	6	63	7	76	8	67	9	78	10	78	11	67	12	60	13	68	14	76	15	64	16	60	17	73	18	59	19	74	20	75	21	73	22	72	23	77	24	77	25	77	26	65	27	66	28	59	29	66	
	0	91	1	82	2	75	3	76	4	87	5	84	6	80	7	94	8	75	9	85	10	84	11	75	12	84	13	79	14	82	15	89	16	94	17	94	18	82	19	79	20	82	21	75	22	78	23	75	24	87	25	84	26	76	27	75	28	79	29	78	
	0	22	1	14	2	25	3	23	4	14	5	21	6	21	7	14	8	13	9	11	10	24	11	27	12	22	13	19	14	28	15	28	16	11	17	25	18	22	19	28	20	15	21	13	22	24	23	13	24	16	25	24	26	22	27	25	28	23	29	23	
	0	14	1	17	2	18	3	21	4	19	5	19	6	16	7	5	8	5	9	20	10	13	11	12	12	7	13	10	14	13	15	14	16	4	17	16	18	3	19	7	20	12	21	12	22	10	23	5	24	10	25	9	26	13	27	18	28	10	29	16	
	0	29	1	26	2	21	3	21	4	31	5	34	6	29	7	23	8	37	9	27	10	39	11	20	12	31	13	34	14	23	15	35	16	26	17	20	18	28	19	35	20	38	21	24	22	31	23	34	24	37	25	20	26	22	27	28	28	24	29	36	
	0	78	1	92	2	84	3	88	4	87	5	75	6	86	7	84	8	85	9	82	10	76	11	93	12	82	13	90	14	89	15	93	16	93	17	75	18	92	19	93	20	79	21	92	22	93	23	77	24	83	25	87	26	87	27	81	28	86	29	92	
	0	52	1	48	2	49	3	54	4	52	5	47	6	49	7	56	8	38	9	54	10	52	11	46	12	50	13	47	14	55	15	42	16	44	17	55	18	46	19	46	20	41	21	40	22	46	23	41	24	44	25	49	26	52	27	50	28	40	29	52	
	0	33	1	26	2	42	3	25	4	29	5	36	6	24	7	31	8	26	9	27	10	32	11	32	12	41	13	27	14	30	15	30	16	24	17	35	18	32	19	40	20	26	21	43	22	28	23	38	24	32	25	36	26	34	27	26	28	32	29	30	
	0	67	1	58	2	57	3	52	4	49	5	62	6	67	7	57	8	57	9	48	10	53	11	51	12	66	13	56	14	53	15	66	16	57	17	54	18	53	19	50	20	49	21	63	22	59	23	65	24	52	25	59	26	52	27	49	28	55	29	55	
	0	99	1	109	2	99	3	106	4	107	5	100	6	100	7	100	8	100	9	96	10	98	11	103	12	97	13	100	14	105	15	105	16	105	17	106	18	95	19	111	20	104	21	95	22	107	23	105	24	107	25	109	26	102	27	98	28	110	29	99	
	0	35	1	50	2	35	3	40	4	38	5	32	6	34	7	50	8	37	9	49	10	40	11	35	12	49	13	49	14	50	15	47	16	51	17	40	18	50	19	46	20	50	21	45	22	47	23	50	24	35	25	32	26	38	27	40	28	49	29	42	
	0	71	1	81	2	63	3	76	4	68	5	63	6	73	7	77	8	68	9	78	10	79	11	64	12	70	13	81	14	77	15	74	16	65	17	65	18	71	19	70	20	65	21	79	22	72	23	76	24	69	25	77	26	72	27	72	28	76	29	80	
	0	97	1	104	2	105	3	94	4	106	5	108	6	95	7	100	8	96	9	99	10	93	11	99	12	98	13	103	14	105	15	93	16	103	17	102	18	94	19	102	20	106	21	96	22	102	23	95	24	112	25	100	26	112	27	101	28	98	29	95	
	0	59	1	63	2	64	3	70	4	60	5	70	6	60	7	76	8	74	9	64	10	69	11	67	12	71	13	71	14	60	15	71	16	62	17	73	18	75	19	75	20	75	21	70	22	67	23	68	24	68	25	63	26	68	27	60	28	72	29	62	
	0	16	1	15	2	24	3	28	4	17	5	13	6	24	7	12	8	13	9	15	10	28	11	21	12	23	13	22	14	15	15	23	16	21	17	18	18	29	19	27	20	20	21	31	22	30	23	29	24	16	25	17	26	12	27	20	28	24	29	19	
	0	86	1	94	2	94	3	97	4	94	5	87	6	100	7	92	8	99	9	102	10	88	11	96	12	91	13	102	14	102	15	87	16	90	17	89	18	94	19	103	20	94	21	88	22	101	23	89	24	99	25	86	26	88	27	91	28	100	29	90	
	0	95	1	103	2	104	3	101	4	103	5	107	6	111	7	100	8	104	9	97	10	105	11	105	12	111	13	98	14	109	15	114	16	103	17	109	18	96	19	96	20	103	21	98	22	114	23	96	24	103	25	95	26	100	27	97	28	95	29	114	
	0	71	1	77	2	78	3	70	4	86	5	69	6	81	7	73	8	74	9	77	10	73	11	69	12	74	13	78	14	71	15	72	16	74	17	82	18	83	19	80	20	71	21	85	22	78	23	80	24	73	25	84	26	71	27	72	28	84	29	73	
	0	105	1	108	2	100	3	102	4	100	5	93	6	103	7	98	8	98	9	104	10	98	11	96	12	101	13	106	14	107	15	103	16	98	17	103	18	101	19	96	20	110	21	110	22	93	23	110	24	110	25	110	26	106	27	99	28	95	29	105	
	0	80	1	87	2	81	3	95	4	86	5	87	6	93	7	94	8	90	9	87	10	90	11	83	12	79	13	92	14	91	15	90	16	79	17	81	18	97	19	93	20	90	21	88	22	96	23	90	24	96	25	87	26	79	27	79	28	97	29	91	
	0	72	1	87	2	80	3	70	4	81	5	72	6	80	7	77	8	72	9	78	10	76	11	70	12	84	13	70	14	77	15	71	16	88	17	85	18	73	19	74	20	86	21	82	22	81	23	80	24	74	25	71	26	85	27	86	28	86	29	74	
	0	79	1	75	2	76	3	84	4	83	5	87	6	86	7	75	8	82	9	75	10	85	11	89	12	82	13	77	14	89	15	74	16	79	17	81	18	87	19	82	20	84	21	81	22	83	23	90	24	79	25	77	26	80	27	90	28	73	29	83	
	0	107	1	102	2	99	3	108	4	95	5	100	6	104	7	108	8	104	9	96	10	93	11	105	12	94	13	96	14	92	15	109	16	104	17	98	18	93	19	106	20	104	21	105	22	97	23	98	24	91	25	96	26	97	27	95	28	93	29	99	
	0	46	1	57	2	49	3	60	4	59	5	46	6	61	7	48	8	52	9	54	10	50	11	56	12	48	13	55	14	51	15	54	16	61	17	62	18	62	19	64	20	50	21	64	22	55	23	55	24	46	25	59	26	48	27	49	28	51	29	46	
	0	14	1	19	2	18	3	17	4	20	5	7	6	21	7	16	8	26	9	26	10	11	11	11	12	11	13	13	14	19	15	24	16	19	17	15	18	20	19	21	20	24	21	16	22	15	23	14	24	12	25	9	26	25	27	20	28	19	29	20	
	0	28	1	35	2	33	3	45	4	30	5	34	6	39	7	38	8	29	9	26	10	41	11	29	12	42	13	26	14	44	15	44	16	41	17	42	18	44	19	39	20	40	21	44	22	38	23	40	24	44	25	28	26	27	27	33	28	41	29	34	
	0	14	1	14	2	13	3	20	4	15	5	11	6	25	7	18	8	13	9	9	10	15	11	15	12	23	13	12	14	18	15	10	16	17	17	26	18	17	19	8	20	24	21	19	22	15	23	27	24	10	25	16	26	25	27	25	28	11	29	20	
	0	16	1	17	2	15	3	18	4	7	5	4	6	7	7	6	8	12	9	12	10	14	11	13	12	4	13	11	14	13	15	5	16	8	17	15	18	17	19	21	20	9	21	8	22	17	23	5	24	18	25	7	26	7	27	16	28	10	29	6	
	0	82	1	71	2	70	3	71	4	81	5	79	6	80	7	75	8	82	9	75	10	81	11	74	12	70	13	76	14	84	15	80	16	77	17	65	18	84	19	76	20	84	21	73	22	78	23	80	24	78	25	81	26	83	27	70	28	80	29	67	
	0	101	1	114	2	113	3	103	4	120	5	108	6	111	7	102	8	111	9	113	10	120	11	120	12	101	13	108	14	113	15	101	16	111	17	105	18	112	19	120	20	105	21	118	22	116	23	104	24	114	25	115	26	114	27	102	28	118	29	107	
	0	31	1	37	2	22	3	22	4	34	5	28	6	21	7	25	8	34	9	36	10	22	11	27	12	29	13	39	14	37	15	26	16	40	17	25	18	22	19	27	20	35	21	36	22	32	23	35	24	29	25	21	26	27	27	32	28	23	29	36	
	0	9	1	22	2	12	3	15	4	24	5	19	6	11	7	9	8	18	9	14	10	23	11	23	12	14	13	10	14	21	15	18	16	10	17	8	18	21	19	22	20	17	21	15	22	24	23	15	24	6	25	5	26	14	27	23	28	15	29	9	
	0	94	1	100	2	97	3	105	4	98	5	112	6	106	7	97	8	96	9	96	10	106	11	103	12	101	13	95	14	106	15	112	16	110	17	105	18	106	19	109	20	107	21	99	22	95	23	105	24	102	25	109	26	108	27	109	28	105	29	107	
	0	93	1	89	2	100	3	99	4	96	5	90	6	89	7	99	8	106	9	100	10	98	11	99	12	98	13	96	14	90	15	97	16	102	17	101	18	91	19	94	20	101	21	91	22	105	23	99	24	91	25	94	26	101	27	101	28	105	29	90	
	0	40	1	33	2	38	3	30	4	29	5	35	6	26	7	33	8	35	9	26	10	44	11	41	12	41	13	40	14	44	15	29	16	39	17	44	18	44	19	25	20	39	21	42	22	44	23	43	24	27	25	26	26	25	27	33	28	44	29	35	
	0	18	1	10	2	16	3	5	4	18	5	19	6	12	7	7	8	11	9	9	10	2	11	18	12	12	13	21	14	7	15	14	16	11	17	17	18	8	19	3	20	19	21	11	22	4	23	12	24	6	25	8	26	11	27	3	28	3	29	4	
	0	38	1	34	2	34	3	37	4	29	5	27	6	42	7	32	8	31	9	31	10	42	11	41	12	35	13	33	14	45	15	45	16	36	17	32	18	43	19	43	20	30	21	32	22	28	23	35	24	34	25	36	26	45	27	41	28	28	29	28	
	0	55	1	50	2	58	3	55	4	53	5	60	6	62	7	65	8	52	9	53	10	54	11	58	12	64	13	64	14	61	15	59	16	52	17	65	18	57	19	53	20	68	21	57	22	49	23	65	24	68	25	67	26	52	27	52	28	49	29	64	
	0	23	1	36	2	37	3	25	4	39	5	32	6	25	7	28	8	24	9	24	10	35	11	27	12	29	13	39	14	27	15	21	16	23	17	36	18	31	19	30	20	38	21	37	22	21	23	39	24	39	25	38	26	27	27	35	28	28	29	24	
	0	70	1	67	2	62	3	63	4	60	5	59	6	76	7	71	8	58	9	66	10	76	11	61	12	58	13	66	14	64	15	77	16	61	17	70	18	66	19	74	20	76	21	70	22	62	23	59	24	63	25	75	26	67	27	72	28	70	29	70	
	0	36	1	43	2	44	3	39	4	53	5	53	6	34	7	40	8	48	9	47	10	42	11	50	12	52	13	44	14	46	15	50	16	46	17	51	18	36	19	46	20	51	21	39	22	51	23	44	24	38	25	49	26	34	27	40	28	52	29	47	
	0	36	1	23	2	26	3	37	4	23	5	31	6	36	7	23	8	31	9	32	10	34	11	27	12	31	13	20	14	25	15	38	16	21	17	27	18	23	19	23	20	30	21	22	22	34	23	33	24	28	25	26	26	26	27	28	28	37	29	32	
	0	62	1	50	2	58	3	48	4	63	5	47	6	48	7	51	8	60	9	55	10	60	11	58	12	62	13	49	14	63	15	50	16	59	17	53	18	54	19	65	20	59	21	56	22	54	23	63	24	60	25	58	26	52	27	66	28	54	29	62	
	0	60	1	75	2	61	3	69	4	62	5	72	6	69	7	71	8	75	9	63	10	62	11	65	12	67	13	61	14	66	15	66	16	78	17	61	18	68	19	63	20	61	21	78	22	59	23	66	24	75	25	59	26	69	27	66	28	73	29	71	
	0	79	1	88	2	92	3	98	4	85	5	85	6	96	7	93	8	97	9	91	10	94	11	94	12	84	13	81	14	95	15	93	16	85	17	95	18	87	19	95	20	90	21	79	22	95	23	88	24	95	25	97	26	97	27	96	28	87	29	88	
	0	78	1	71	2	64	3	74	4	71	5	81	6	68	7	74	8	78	9	78	10	72	11	71	12	76	13	64	14	81	15	77	16	67	17	72	18	66	19	78	20	72	21	80	22	68	23	64	24	82	25	68	26	78	27	69	28	63	29	75	
	0	85	1	82	2	86	3	80	4	81	5	86	6	86	7	96	8	96	9	97	10	95	11	87	12	90	13	97	14	83	15	87	16	92	17	89	18	95	19	92	20	96	21	85	22	89	23	95	24	83	25	91	26	80	27	83	28	82	29	98	
	0	69	1	60	2	55	3	56	4	73	5	69	6	68	7	57	8	57	9	58	10	67	11	71	12	68	13	59	14	69	15	68	16	63	17	55	18	70	19	68	20	57	21	62	22	63	23	65	24	62	25	59	26	54	27	70	28	60	29	56	
	0	42	1	43	2	32	3	40	4	27	5	29	6	36	7	37	8	43	9	42	10	37	11	42	12	42	13	37	14	41	15	27	16	33	17	31	18	29	19	36	20	39	21	30	22	40	23	34	24	39	25	35	26	39	27	35	28	36	29	46	
	0	30	1	40	2	41	3	35	4	23	5	22	6	27	7	25	8	34	9	36	10	37	11	37	12	40	13	41	14	40	15	29	16	36	17	22	18	39	19	37	20	32	21	25	22	27	23	23	24	35	25	33	26	27	27	26	28	41	29	40	
	0	75	1	76	2	73	3	59	4	76	5	67	6	67	7	69	8	71	9	71	10	65	11	60	12	60	13	64	14	64	15	68	16	71	17	63	18	76	19	76	20	57	21	73	22	62	23	66	24	72	25	66	26	66	27	58	28	62	29	59	
	0	24	1	8	2	16	3	19	4	14	5	21	6	6	7	20	8	16	9	22	10	20	11	20	12	14	13	7	14	11	15	15	16	11	17	8	18	23	19	10	20	24	21	6	22	11	23	13	24	25	25	9	26	15	27	7	28	22	29	16	
	0	34	1	42	2	28	3	35	4	28	5	44	6	42	7	36	8	26	9	26	10	45	11	36	12	31	13	31	14	28	15	39	16	40	17	34	18	40	19	31	20	36	21	37	22	41	23	35	24	27	25	32	26	28	27	41	28	34	29	42	
	0	8	1	18	2	11	3	7	4	17	5	8	6	12	7	5	8	14	9	21	10	20	11	4	12	10	13	18	14	8	15	15	16	20	17	21	18	5	19	14	20	6	21	7	22	15	23	17	24	17	25	21	26	10	27	4	28	3	29	10	
	0	55	1	45	2	46	3	49	4	52	5	55	6	55	7	47	8	61	9	64	10	62	11	53	12	46	13	47	14	49	15	56	16	53	17	50	18	51	19	60	20	45	21	45	22	63	23	57	24	55	25	49	26	54	27	60	28	58	29	50	
	0	10	1	15	2	23	3	17	4	20	5	11	6	19	7	19	8	16	9	20	10	21	11	10	12	19	13	22	14	16	15	6	16	23	17	19	18	7	19	18	20	22	21	6	22	13	23	10	24	6	25	10	26	13	27	21	28	9	29	16	
	0	52	1	46	2	40	3	56	4	49	5	50	6	40	7	51	8	42	9	43	10	53	11	50	12	40	13	57	14	51	15	58	16	39	17	42	18	39	19	46	20	52	21	45	22	41	23	54	24	55	25	49	26	50	27	44	28	40	29	57	
	0	71	1	69	2	60	3	64	4	56	5	69	6	66	7	68	8	55	9	68	10	69	11	59	12	70	13	72	14	58	15	74	16	59	17	68	18	68	19	69	20	57	21	67	22	68	23	71	24	69	25	56	26	72	27	64	28	57	29	62	
	0	102	1	97	2	84	3	101	4	98	5	85	6	103	7	89	8	103	9	91	10	102	11	91	12	91	13	85	14	94	15	84	16	87	17	99	18	94	19	84	20	99	21	91	22	99	23	88	24	96	25	86	26	92	27	93	28	98	29	85	
	0	79	1	71	2	64	3	63	4	81	5	70	6	78	7	78	8	72	9	67	10	64	11	77	12	70	13	66	14	68	15	71	16	63	17	65	18	65	19	62	20	73	21	69	22	75	23	67	24	62	25	63	26	63	27	73	28	77	29	66	
	0	18	1	13	2	10	3	6	4	20	5	8	6	18	7	11	8	19	9	18	10	14	11	9	12	11	13	19	14	7	15	20	16	17	17	17	18	7	19	8	20	22	21	6	22	5	23	21	24	5	25	21	26	11	27	18	28	21	29	6	
	0	101	1	102	2	85	3	101	4	92	5	101	6	101	7	96	8	88	9	93	10	88	11	102	12	87	13	86	14	93	15	102	16	98	17	83	18	88	19	98	20	85	21	99	22	88	23	93	24	94	25	96	26	90	27	98	28	100	29	86	
	0	81	1	72	2	80	3	74	4	72	5	87	6	82	7	75	8	81	9	79	10	83	11	83	12	74	13	83	14	81	15	80	16	73	17	86	18	89	19	89	20	91	21	88	22	91	23	77	24	77	25	90	26	79	27	78	28	91	29	73	
	0	84	1	75	2	75	3	78	4	88	5	89	6	76	7	78	8	88	9	82	10	81	11	77	12	84	13	74	14	76	15	73	16	91	17	82	18	75	19	73	20	78	21	73	22	89	23	91	24	82	25	84	26	75	27	73	28	82	29	82	
	0	27	1	28	2	40	3	39	4	32	5	36	6	36	7	37	8	28	9	38	10	28	11	39	12	36	13	40	14	40	15	36	16	39	17	37	18	44	19	45	20	34	21	30	22	42	23	43	24	36	25	27	26	38	27	38	28	42	29	31	
	0	67	1	66	2	56	3	59	4	61	5	69	6	69	7	52	8	68	9	59	10	50	11	62	12	63	13	51	14	58	15	61	16	55	17	53	18	65	19	63	20	61	21	69	22	50	23	55	24	69	25	68	26	68	27	50	28	62	29	61	
	0	20	1	20	2	8	3	27	4	24	5	12	6	20	7	14	8	24	9	16	10	11	11	10	12	14	13	21	14	13	15	25	16	23	17	13	18	19	19	14	20	10	21	13	22	23	23	27	24	10	25	26	26	15	27	19	28	18	29	9	
	0	98	1	96	2	96	3	101	4	100	5	102	6	102	7	104	8	93	9	104	10	108	11	102	12	102	13	92	14	96	15	101	16	104	17	97	18	99	19	102	20	100	21	99	22	94	23	104	24	96	25	106	26	105	27	106	28	99	29	93	
	0	32	1	28	2	41	3	41	4	43	5	31	6	32	7	39	8	36	9	31	10	41	11	43	12	28	13	28	14	39	15	26	16	34	17	33	18	35	19	37	20	44	21	41	22	30	23	35	24	39	25	34	26	26	27	41	28	39	29	31	
	0	8	1	22	2	9	3	6	4	20	5	9	6	22	7	16	8	13	9	18	10	5	11	16	12	4	13	15	14	11	15	13	16	22	17	10	18	20	19	18	20	19	21	17	22	8	23	17	24	8	25	11	26	18	27	6	28	5	29	18	
	0	49	1	55	2	61	3	46	4	48	5	48	6	52	7	54	8	47	9	53	10	52	11	59	12	60	13	59	14	63	15	63	16	51	17	45	18	47	19	53	20	48	21	59	22	64	23	53	24	57	25	57	26	56	27	50	28	60	29	45	
	0	68	1	56	2	60	3	65	4	53	5	64	6	59	7	66	8	63	9	58	10	52	11	70	12	65	13	67	14	59	15	51	16	70	17	66	18	61	19	54	20	70	21	66	22	57	23	60	24	55	25	52	26	59	27	68	28	66	29	52	
	0	90	1	98	2	99	3	85	4	89	5	90	6	90	7	94	8	98	9	96	10	88	11	84	12	87	13	102	14	91	15	87	16	91	17	94	18	101	19	86	20	91	21	87	22	85	23	96	24	93	25	102	26	91	27	99	28	92	29	99	
	0	67	1	71	2	62	3	63	4	57	5	71	6	66	7	53	8	69	9	71	10	56	11	58	12	56	13	65	14	63	15	62	16	60	17	68	18	70	19	61	20	56	21	55	22	61	23	57	24	70	25	59	26	55	27	61	28	70	29	60	
	0	93	1	88	2	105	3	96	4	91	5	88	6	104	7	101	8	89	9	103	10	93	11	99	12	90	13	88	14	88	15	95	16	93	17	101	18	96	19	98	20	88	21	99	22	90	23	107	24	89	25	101	26	90	27	95	28	98	29	91	
	0	103	1	99	2	103	3	97	4	87	5	86	6	89	7	101	8	92	9	99	10	85	11	94	12	84	13	102	14	91	15	88	16	90	17	87	18	94	19	87	20	84	21	92	22	99	23	86	24	101	25	85	26	100	27	101	28	92	29	101	
	0	7	1	23	2	24	3	14	4	12	5	9	6	23	7	23	8	12	9	20	10	14	11	15	12	24	13	9	14	17	15	8	16	23	17	25	18	21	19	10	20	12	21	8	22	8	23	9	24	10	25	8	26	8	27	15	28	14	29	15	
	0	16	1	27	2	29	3	24	4	33	5	30	6	18	7	21	8	17	9	16	10	27	11	23	12	17	13	32	14	17	15	29	16	18	17	20	18	29	19	21	20	30	21	33	22	25	23	35	24	29	25	17	26	25	27	16	28	19	29	25	
	0	59	1	61	2	55	3	64	4	61	5	65	6	49	7	56	8	62	9	53	10	52	11	59	12	51	13	50	14	51	15	51	16	46	17	63	18	50	19	63	20	63	21	62	22	50	23	60	24	63	25	61	26	54	27	61	28	48	29	49	
	0	95	1	103	2	108	3	89	4	91	5	98	6	91	7	97	8	107	9	99	10	91	11	96	12	89	13	93	14	94	15	93	16	104	17	100	18	99	19	104	20	104	21	92	22	103	23	90	24	95	25	108	26	106	27	96	28	101	29	100	
	0	41	1	41	2	41	3	40	4	38	5	47	6	45	7	40	8	47	9	48	10	48	11	52	12	36	13	36	14	33	15	34	16	33	17	43	18	35	19	51	20	52	21	51	22	37	23	35	24	34	25	33	26	52	27	43	28	37	29	44	
	0	16	1	9	2	19	3	13	4	17	5	13	6	23	7	25	8	21	9	9	10	28	11	19	12	15	13	11	14	9	15	22	16	19	17	14	18	24	19	17	20	14	21	15	22	9	23	15	24	15	25	19	26	10	27	16	28	28	29	15	
	0	102	1	107	2	99	3	106	4	109	5	101	6	93	7	98	8	111	9	103	10	111	11	96	12	96	13	102	14	103	15	105	16	96	17	97	18	92	19	97	20	102	21	102	22	102	23	111	24	95	25	92	26	99	27	107	28	104	29	99	
	0	53	1	55	2	48	3	40	4	56	5	38	6	49	7	46	8	44	9	44	10	40	11	44	12	56	13	43	14	42	15	54	16	50	17	41	18	49	19	38	20	46	21	45	22	40	23	55	24	54	25	44	26	47	27	43	28	54	29	43	
	0	73	1	84	2	75	3	79	4	70	5	82	6	74	7	75	8	77	9	82	10	71	11	72	12	74	13	72	14	81	15	84	16	80	17	71	18	69	19	75	20	75	21	69	22	73	23	65	24	77	25	75	26	84	27	83	28	76	29	76	
	0	64	1	53	2	51	3	56	4	63	5	64	6	53	7	56	8	50	9	60	10	53	11	67	12	57	13	58	14	54	15	59	16	49	17	66	18	55	19	55	20	68	21	54	22	66	23	58	24	49	25	64	26	56	27	60	28	63	29	51	
	0	93	1	97	2	100	3	90	4	86	5	89	6	99	7	84	8	86	9	95	10	91	11	98	12	85	13	94	14	96	15	86	16	94	17	93	18	89	19	102	20	84	21	86	22	101	23	99	24	100	25	87	26	93	27	88	28	95	29	91	
	0	59	1	64	2	66	3	57	4	54	5	68	6	64	7	71	8	68	9	67	10	66	11	68	12	64	13	56	14	72	15	60	16	72	17	72	18	56	19	56	20	66	21	55	22	66	23	73	24	58	25	67	26	67	27	71	28	59	29	70	
	0	48	1	63	2	62	3	46	4	62	5	51	6	61	7	50	8	61	9	59	10	44	11	49	12	58	13	52	14	54	15	47	16	55	17	52	18	56	19	51	20	57	21	62	22	51	23	60	24	55	25	58	26	53	27	46	28	44	29	47	
	0	78	1	75	2	67	3	74	4	76	5	74	6	65	7	74	8	70	9	72	10	82	11	65	12	82	13	69	14	70	15	78	16	81	17	72	18	75	19	64	20	66	21	83	22	65	23	77	24	69	25	67	26	65	27	72	28	69	29	71	
	0	55	1	59	2	57	3	51	4	61	5	46	6	64	7	63	8	48	9	47	10	48	11	46	12	53	13	64	14	54	15	57	16	48	17	60	18	47	19	48	20	60	21	51	22	49	23	45	24	50	25	58	26	50	27	50	28	56	29	59	
	0	27	1	39	2	28	3	31	4	38	5	33	6	41	7	44	8	36	9	46	10	29	11	44	12	46	13	35	14	36	15	34	16	37	17	38	18	38	19	39	20	37	21	32	22	27	23	27	24	32	25	33	26	34	27	40	28	33	29	33	
	0	100	1	87	2	100	3	99	4	94	5	94	6	92	7	86	8	103	9	103	10	94	11	98	12	91	13	93	14	102	15	92	16	91	17	88	18	92	19	96	20	99	21	86	22	102	23	99	24	86	25	86	26	88	27	102	28	86	29	92	
	0	86	1	88	2	90	3	84	4	97	5	92	6	85	7	98	8	95	9	93	10	90	11	86	12	97	13	82	14	99	15	100	16	93	17	91	18	99	19	95	20	88	21	96	22	84	23	87	24	86	25	90	26	82	27	101	28	90	29	86	
	0	44	1	39	2	43	3	33	4	49	5	41	6	39	7	49	8	30	9	39	10	37	11	46	12	31	13	45	14	38	15	47	16	33	17	41	18	39	19	40	20	48	21	38	22	43	23	37	24	45	25	45	26	46	27	36	28	45	29	46	
	0	99	1	98	2	91	3	89	4	86	5	96	6	104	7	88	8	87	9	98	10	105	11	103	12	93	13	87	14	97	15	86	16	98	17	104	18	105	19	92	20	101	21	94	22	90	23	103	24	101	25	101	26	89	27	102	28	92	29	103	
	0	100	1	99	2	88	3	90	4	92	5	101	6	98	7	91	8	84	9	92	10	101	11	85	12	98	13	83	14	96	15	90	16	87	17	98	18	98	19	83	20	97	21	95	22	100	23	88	24	96	25	95	26	85	27	83	28	101	29	85	
	0	19	1	9	2	17	3	20	4	25	5	13	6	16	7	20	8	15	9	25	10	18	11	14	12	10	13	8	14	6	15	10	16	22	17	20	18	7	19	23	20	7	21	10	22	18	23	13	24	17	25	12	26	11	27	10	28	13	29	9	
	0	84	1	88	2	96	3	93	4	87	5	83	6	86	7	93	8	84	9	94	10	77	11	82	12	79	13	78	14	83	15	92	16	94	17	85	18	89	19	83	20	86	21	96	22	96	23	94	24	82	25	83	26	92	27	88	28	94	29	81	
	0	22	1	29	2	24	3	29	4	35	5	24	6	33	7	36	8	21	9	35	10	33	11	40	12	25	13	27	14	27	15	40	16	34	17	27	18	33	19	27	20	27	21	31	22	35	23	33	24	30	25	39	26	39	27	30	28	34	29	21	
	0	106	1	100	2	110	3	117	4	107	5	102	6	107	7	116	8	105	9	105	10	116	11	102	12	104	13	114	14	110	15	114	16	101	17	106	18	111	19	117	20	103	21	110	22	110	23	109	24	116	25	113	26	117	27	111	28	114	29	103	
	0	90	1	96	2	95	3	102	4	93	5	87	6	91	7	90	8	99	9	99	10	96	11	99	12	95	13	91	14	85	15	94	16	90	17	84	18	97	19	86	20	93	21	99	22	97	23	99	24	84	25	89	26	96	27	91	28	93	29	101	
	0	49	1	50	2	39	3	34	4	41	5	38	6	32	7	44	8	36	9	47	10	31	11	48	12	48	13	46	14	44	15	42	16	46	17	33	18	35	19	38	20	47	21	37	22	34	23	46	24	40	25	47	26	39	27	39	28	48	29	35	
	0	65	1	58	2	63	3	53	4	49	5	57	6	63	7	49	8	61	9	65	10	57	11	59	12	53	13	62	14	55	15	51	16	53	17	54	18	62	19	61	20	53	21	55	22	63	23	51	24	53	25	50	26	61	27	54	28	52	29	57	
	0	109	1	109	2	93	3	92	4	97	5	92	6	100	7	90	8	90	9	91	10	97	11	100	12	97	13	91	14	93	15	106	16	95	17	92	18	90	19	97	20	104	21	101	22	109	23	100	24	102	25	107	26	93	27	91	28	90	29	92	
	0	98	1	99	2	107	3	100	4	113	5	97	6	98	7	111	8	110	9	115	10	100	11	102	12	112	13	106	14	112	15	113	16	114	17	107	18	100	19	104	20	98	21	105	22	99	23	116	24	112	25	103	26	110	27	112	28	116	29	97	
	0	111	1	114	2	116	3	116	4	100	5	105	6	107	7	102	8	101	9	101	10	99	11	112	12	117	13	112	14	108	15	109	16	116	17	107	18	103	19	112	20	109	21	113	22	114	23	105	24	108	25	114	26	102	27	107	28	98	29	99	
	0	116	1	105	2	104	3	107	4	110	5	109	6	105	7	105	8	97	9	114	10	104	11	106	12	103	13	101	14	105	15	104	16	106	17	116	18	98	19	116	20	101	21	109	22	105	23	113	24	104	25	105	26	97	27	98	28	116	29	104	
	0	38	1	43	2	34	3	33	4	37	5	43	6	26	7	37	8	36	9	31	10	39	11	31	12	37	13	26	14	43	15	31	16	42	17	35	18	36	19	41	20	42	21	45	22	27	23	43	24	43	25	40	26	44	27	27	28	31	29	27	
	0	40	1	35	2	44	3	44	4	45	5	37	6	31	7	32	8	31	9	48	10	43	11	30	12	38	13	40	14	48	15	43	16	33	17	42	18	43	19	31	20	29	21	32	22	34	23	32	24	42	25	36	26	36	27	31	28	30	29	33	
	0	105	1	107	2	107	3	101	4	106	5	103	6	90	7	90	8	89	9	100	10	99	11	97	12	103	13	95	14	92	15	95	16	95	17	105	18	94	19	97	20	90	21	104	22	92	23	101	24	105	25	92	26	102	27	88	28	102	29	98	
	0	96	1	94	2	88	3	94	4	96	5	91	6	99	7	85	8	100	9	102	10	100	11	99	12	85	13	91	14	92	15	99	16	86	17	104	18	98	19	104	20	103	21	96	22	85	23	93	24	93	25	93	26	85	27	95	28	96	29	102	
	0	95	1	87	2	92	3	101	4	98	5	89	6	87	7	103	8	95	9	85	10	97	11	104	12	89	13	101	14	87	15	87	16	102	17	101	18	92	19	88	20	100	21	94	22	91	23	99	24	103	25	94	26	101	27	87	28	88	29	102	
	0	97	1	104	2	115	3	99	4	106	5	108	6	103	7	99	8	97	9	114	10	103	11	103	12	110	13	110	14	102	15	108	16	99	17	99	18	97	19	115	20	110	21	105	22	103	23	113	24	113	25	99	26	109	27	106	28	114	29	113	
	0	91	1	91	2	92	3	79	4	81	5	86	6	94	7	78	8	89	9	93	10	79	11	75	12	77	13	76	14	79	15	85	16	76	17	75	18	92	19	76	20	88	21	83	22	83	23	91	24	82	25	75	26	76	27	84	28	77	29	82	
	0	58	1	45	2	50	3	46	4	50	5	58	6	46	7	58	8	52	9	63	10	59	11	61	12	59	13	62	14	47	15	60	16	50	17	62	18	45	19	62	20	53	21	57	22	51	23	58	24	45	25	46	26	48	27	59	28	50	29	60	
	0	76	1	77	2	74	3	80	4	67	5	64	6	75	7	74	8	79	9	74	10	77	11	68	12	66	13	78	14	65	15	67	16	62	17	62	18	79	19	77	20	64	21	70	22	68	23	65	24	75	25	76	26	79	27	72	28	76	29	65	
	0	73	1	63	2	56	3	67	4	75	5	69	6	70	7	67	8	59	9	71	10	68	11	67	12	60	13	72	14	71	15	71	16	57	17	61	18	60	19	63	20	75	21	60	22	57	23	68	24	66	25	69	26	62	27	63	28	75	29	60	
	0	66	1	62	2	73	3	77	4	66	5	65	6	72	7	63	8	63	9	80	10	63	11	65	12	69	13	63	14	70	15	62	16	75	17	68	18	65	19	65	20	63	21	75	22	73	23	61	24	79	25	77	26	62	27	68	28	65	29	61	
	0	49	1	44	2	40	3	49	4	49	5	41	6	48	7	53	8	52	9	42	10	39	11	43	12	51	13	36	14	41	15	45	16	48	17	47	18	41	19	45	20	53	21	45	22	49	23	49	24	43	25	46	26	39	27	48	28	38	29	41	
	0	42	1	28	2	31	3	31	4	27	5	26	6	32	7	44	8	37	9	32	10	36	11	43	12	37	13	34	14	32	15	40	16	42	17	30	18	30	19	41	20	41	21	42	22	45	23	35	24	35	25	31	26	30	27	37	28	35	29	34	
	0	47	1	42	2	47	3	43	4	49	5	42	6	49	7	38	8	44	9	49	10	49	11	35	12	35	13	50	14	40	15	48	16	33	17	39	18	49	19	36	20	38	21	48	22	52	23	43	24	42	25	42	26	52	27	34	28	41	29	38	
	0	103	1	105	2	90	3	96	4	101	5	103	6	95	7	104	8	108	9	89	10	90	11	97	12	97	13	101	14	93	15	108	16	106	17	100	18	93	19	101	20	93	21	98	22	91	23	100	24	94	25	101	26	100	27	96	28	98	29	93	
	0	110	1	110	2	100	3	98	4	98	5	101	6	104	7	107	8	95	9	96	10	104	11	112	12	103	13	111	14	114	15	108	16	109	17	101	18	101	19	114	20	99	21	108	22	113	23	95	24	95	25	113	26	99	27	101	28	107	29	112	
	0	92	1	90	2	90	3	84	4	91	5	84	6	93	7	102	8	103	9	85	10	90	11	94	12	92	13	95	14	101	15	86	16	96	17	88	18	100	19	103	20	94	21	88	22	99	23	89	24	96	25	85	26	92	27	95	28	102	29	94	
	0	78	1	63	2	69	3	74	4	62	5	73	6	76	7	68	8	70	9	78	10	63	11	77	12	66	13	66	14	61	15	59	16	65	17	72	18	74	19	73	20	76	21	77	22	64	23	76	24	68	25	67	26	62	27	70	28	75	29	59	
	0	68	1	75	2	67	3	64	4	78	5	65	6	71	7	67	8	73	9	72	10	63	11	70	12	65	13	60	14	61	15	75	16	73	17	62	18	64	19	77	20	76	21	72	22	70	23	62	24	77	25	67	26	70	27	74	28	71	29	78	
	0	40	1	48	2	42	3	48	4	53	5	41	6	47	7	56	8	45	9	43	10	37	11	42	12	48	13	40	14	47	15	43	16	49	17	56	18	56	19	54	20	56	21	43	22	40	23	43	24	37	25	45	26	56	27	49	28	43	29	41	
	0	61	1	58	2	71	3	58	4	67	5	62	6	69	7	58	8	62	9	60	10	73	11	65	12	64	13	76	14	61	15	76	16	60	17	73	18	72	19	65	20	65	21	58	22	65	23	69	24	64	25	67	26	70	27	65	28	73	29	67	
	0	47	1	35	2	37	3	41	4	37	5	50	6	38	7	51	8	41	9	35	10	45	11	51	12	48	13	51	14	46	15	38	16	45	17	48	18	45	19	34	20	47	21	41	22	52	23	36	24	35	25	41	26	40	27	47	28	39	29	40	
	0	4	1	8	2	19	3	3	4	16	5	16	6	2	7	8	8	8	9	12	10	11	11	2	12	3	13	8	14	4	15	4	16	7	17	19	18	9	19	21	20	2	21	2	22	17	23	11	24	19	25	19	26	16	27	4	28	6	29	13	
	0	98	1	115	2	109	3	110	4	115	5	108	6	102	7	99	8	104	9	112	10	111	11	102	12	110	13	113	14	104	15	103	16	98	17	112	18	99	19	98	20	101	21	101	22	115	23	103	24	98	25	112	26	101	27	96	28	96	29	110	
	0	41	1	42	2	43	3	40	4	47	5	56	6	43	7	42	8	44	9	55	10	50	11	57	12	56	13	56	14	39	15	44	16	39	17	47	18	44	19	50	20	51	21	48	22	41	23	44	24	40	25	57	26	41	27	44	28	57	29	57	
	0	79	1	83	2	68	3	76	4	73	5	84	6	86	7	70	8	70	9	69	10	84	11	87	12	70	13	72	14	80	15	70	16	80	17	84	18	86	19	83	20	73	21	87	22	87	23	72	24	86	25	78	26	68	27	82	28	72	29	82	
	0	49	1	56	2	49	3	56	4	64	5	58	6	58	7	52	8	55	9	61	10	52	11	64	12	67	13	52	14	61	15	49	16	64	17	57	18	56	19	67	20	63	21	59	22	56	23	59	24	49	25	59	26	60	27	52	28	65	29	55	
	0	93	1	85	2	85	3	82	4	89	5	81	6	80	7	95	8	94	9	94	10	86	11	89	12	89	13	93	14	92	15	79	16	87	17	89	18	84	19	92	20	89	21	90	22	83	23	88	24	89	25	96	26	91	27	87	28	80	29	84	
	0	102	1	90	2	91	3	99	4	89	5	89	6	97	7	103	8	85	9	85	10	100	11	97	12	98	13	91	14	88	15	102	16	102	17	102	18	90	19	86	20	91	21	101	22	90	23	99	24	86	25	97	26	91	27	94	28	99	29	98	
	0	94	1	91	2	95	3	87	4	81	5	85	6	84	7	78	8	87	9	91	10	79	11	96	12	97	13	81	14	93	15	92	16	78	17	91	18	79	19	79	20	83	21	79	22	86	23	97	24	89	25	90	26	80	27	79	28	85	29	92	
	0	87	1	81	2	84	3	80	4	77	5	89	6	81	7	85	8	88	9	77	10	83	11	75	12	92	13	84	14	80	15	82	16	83	17	94	18	86	19	82	20	84	21	75	22	75	23	75	24	91	25	76	26	86	27	82	28	81	29	85	
	0	71	1	74	2	72	3	64	4	72	5	80	6	68	7	77	8	64	9	69	10	75	11	74	12	74	13	70	14	68	15	78	16	74	17	65	18	78	19	62	20	69	21	68	22	80	23	63	24	76	25	62	26	68	27	72	28	70	29	66	
	0	107	1	95	2	99	3	109	4	110	5	98	6	108	7	99	8	94	9	110	10	93	11	97	12	97	13	93	14	94	15	103	16	101	17	102	18	104	19	95	20	102	21	100	22	94	23	95	24	105	25	110	26	102	27	107	28	102	29	102	
	0	31	1	35	2	41	3	26	4	41	5	39	6	30	7	40	8	30	9	29	10	39	11	37	12	35	13	35	14	27	15	39	16	44	17	38	18	29	19	42	20	41	21	26	22	28	23	31	24	32	25	38	26	41	27	28	28	28	29	34	
	0	113	1	109	2	101	3	99	4	104	5	97	6	107	7	105	8	98	9	113	10	101	11	100	12	108	13	106	14	97	15	105	16	115	17	106	18	98	19	102	20	102	21	102	22	108	23	97	24	96	25	115	26	111	27	97	28	115	29	107	
	0	63	1	63	2	72	3	77	4	72	5	64	6	64	7	81	8	78	9	76	10	82	11	69	12	66	13	70	14	72	15	82	16	81	17	67	18	79	19	63	20	73	21	73	22	70	23	81	24	81	25	75	26	67	27	66	28	74	29	67	
	0	104	1	101	2	104	3	106	4	88	5	99	6	101	7	88	8	96	9	99	10	101	11	90	12	97	13	102	14	89	15	105	16	97	17	87	18	92	19	100	20	100	21	103	22	88	23	102	24	90	25	97	26	103	27	99	28	95	29	102	
	0	117	1	106	2	108	3	109	4	110	5	117	6	100	7	116	8	112	9	106	10	117	11	100	12	102	13	103	14	114	15	105	16	104	17	105	18	106	19	104	20	103	21	113	22	106	23	107	24	101	25	100	26	106	27	115	28	98	29	112	
	0	67	1	52	2	55	3	67	4	63	5	63	6	58	7	53	8	55	9	61	10	60	11	61	12	53	13	48	14	58	15	58	16	54	17	63	18	49	19	65	20	58	21	67	22	49	23	53	24	60	25	65	26	48	27	64	28	62	29	67	
	0	57	1	55	2	68	3	63	4	64	5	71	6	56	7	69	8	57	9	58	10	62	11	70	12	66	13	60	14	66	15	69	16	59	17	71	18	56	19	62	20	66	21	72	22	73	23	72	24	63	25	62	26	60	27	62	28	60	29	62	
	0	88	1	84	2	91	3	84	4	91	5	84	6	85	7	85	8	90	9	92	10	86	11	89	12	81	13	83	14	78	15	94	16	86	17	92	18	77	19	92	20	85	21	88	22	94	23	95	24	76	25	82	26	83	27	91	28	82	29	87	
	0	34	1	38	2	44	3	36	4	27	5	33	6	27	7	27	8	26	9	43	10	31	11	28	12	31	13	35	14	43	15	38	16	27	17	38	18	25	19	44	20	28	21	28	22	30	23	43	24	33	25	26	26	26	27	33	28	43	29	28	
	0	31	1	34	2	38	3	41	4	43	5	44	6	40	7	31	8	32	9	33	10	37	11	39	12	41	13	45	14	43	15	34	16	46	17	31	18	42	19	41	20	30	21	36	22	43	23	39	24	41	25	32	26	46	27	42	28	47	29	41	
	0	99	1	87	2	88	3	84	4	86	5	86	6	86	7	84	8	80	9	85	10	90	11	94	12	80	13	99	14	84	15	89	16	86	17	90	18	98	19	98	20	99	21	82	22	92	23	80	24	87	25	99	26	87	27	83	28	84	29	97	
	0	19	1	10	2	23	3	21	4	19	5	21	6	16	7	4	8	23	9	20	10	23	11	8	12	8	13	5	14	20	15	5	16	19	17	22	18	9	19	10	20	6	21	21	22	23	23	21	24	10	25	11	26	18	27	16	28	12	29	12	
	0	17	1	29	2	22	3	31	4	31	5	26	6	22	7	31	8	28	9	20	10	20	11	29	12	20	13	19	14	32	15	25	16	24	17	20	18	20	19	24	20	22	21	14	22	15	23	19	24	27	25	24	26	19	27	18	28	18	29	27	
	0	54	1	51	2	49	3	44	4	59	5	57	6	49	7	57	8	41	9	56	10	52	11	49	12	40	13	52	14	47	15	46	16	41	17	53	18	45	19	59	20	46	21	47	22	53	23	45	24	48	25	58	26	47	27	57	28	41	29	42	
	0	50	1	54	2	57	3	42	4	43	5	42	6	53	7	54	8	49	9	49	10	58	11	46	12	50	13	47	14	43	15	52	16	47	17	51	18	41	19	48	20	56	21	48	22	44	23	45	24	41	25	49	26	46	27	42	28	50	29	47	
	0	32	1	29	2	13	3	16	4	18	5	16	6	22	7	17	8	30	9	24	10	32	11	13	12	19	13	16	14	29	15	16	16	23	17	16	18	15	19	26	20	17	21	14	22	23	23	27	24	32	25	20	26	24	27	16	28	15	29	29	
	0	89	1	89	2	93	3	98	4	90	5	85	6	84	7	87	8	93	9	99	10	99	11	83	12	100	13	93	14	85	15	100	16	85	17	96	18	88	19	82	20	89	21	98	22	97	23	99	24	92	25	95	26	95	27	83	28	89	29	101	
	0	93	1	102	2	97	3	98	4	111	5	108	6	104	7	108	8	111	9	110	10	95	11	106	12	103	13	101	14	95	15	112	16	103	17	101	18	109	19	107	20	112	21	99	22	94	23	110	24	109	25	109	26	107	27	110	28	98	29	106	
	0	47	1	41	2	33	3	36	4	48	5	50	6	38	7	37	8	43	9	35	10	51	11	35	12	32	13	42	14	38	15	49	16	41	17	44	18	41	19	48	20	49	21	50	22	42	23	38	24	47	25	45	26	43	27	45	28	32	29	35	
	0	57	1	71	2	59	3	54	4	67	5	58	6	59	7	62	8	60	9	59	10	63	11	62	12	72	13	60	14	59	15	66	16	70	17	65	18	61	19	73	20	68	21	67	22	59	23	60	24	69	25	67	26	67	27	61	28	70	29	71	
	0	37	1	27	2	39	3	43	4	36	5	40	6	42	7	41	8	28	9	28	10	36	11	27	12	40	13	40	14	38	15	39	16	29	17	41	18	35	19	31	20	28	21	44	22	27	23	28	24	43	25	32	26	39	27	43	28	36	29	44	
	0	45	1	47	2	60	3	62	4	49	5	50	6	54	7	60	8	62	9	58	10	63	11	60	12	60	13	46	14	50	15	55	16	58	17	54	18	52	19	46	20	63	21	53	22	56	23	47	24	49	25	52	26	56	27	64	28	58	29	54	
	0	12	1	20	2	11	3	15	4	9	5	14	6	7	7	12	8	20	9	17	10	19	11	21	12	7	13	10	14	24	15	18	16	23	17	13	18	14	19	11	20	24	21	10	22	14	23	25	24	16	25	19	26	14	27	25	28	21	29	7	
	0	36	1	32	2	23	3	31	4	22	5	37	6	33	7	29	8	33	9	21	10	25	11	34	12	21	13	30	14	36	15	32	16	33	17	25	18	30	19	33	20	36	21	32	22	33	23	39	24	28	25	39	26	28	27	32	28	33	29	34	
	0	25	1	19	2	17	3	35	4	18	5	34	6	34	7	28	8	26	9	18	10	32	11	31	12	32	13	23	14	33	15	18	16	28	17	29	18	34	19	30	20	29	21	32	22	19	23	29	24	24	25	24	26	26	27	36	28	23	29	34	
	0	51	1	51	2	70	3	63	4	53	5	56	6	61	7	66	8	56	9	58	10	60	11	57	12	61	13	58	14	56	15	62	16	70	17	60	18	66	19	58	20	58	21	53	22	65	23	55	24	64	25	67	26	51	27	70	28	51	29	60	
	0	104	1	107	2	109	3	106	4	113	5	110	6	114	7	111	8	97	9	102	10	103	11	112	12	114	13	114	14	105	15	105	16	112	17	100	18	110	19	99	20	104	21	107	22	103	23	96	24	112	25	103	26	109	27	103	28	103	29	95	
	0	20	1	17	2	25	3	24	4	29	5	15	6	24	7	22	8	22	9	17	10	23	11	18	12	15	13	25	14	34	15	27	16	29	17	16	18	28	19	32	20	21	21	28	22	16	23	26	24	25	25	16	26	32	27	23	28	32	29	25	
	0	16	1	12	2	12	3	5	4	16	5	21	6	5	7	19	8	7	9	14	10	17	11	11	12	11	13	18	14	13	15	3	16	7	17	15	18	9	19	7	20	4	21	15	22	10	23	19	24	3	25	14	26	11	27	9	28	8	29	10	
	0	94	1	89	2	104	3	104	4	104	5	105	6	97	7	100	8	103	9	90	10	104	11	91	12	102	13	94	14	96	15	107	16	106	17	98	18	99	19	101	20	98	21	103	22	93	23	98	24	104	25	93	26	101	27	96	28	104	29	94	
	0	74	1	79	2	77	3	82	4	75	5	79	6	82	7	73	8	73	9	78	10	77	11	80	12	72	13	80	14	74	15	84	16	80	17	78	18	74	19	67	20	85	21	76	22	68	23	83	24	76	25	71	26	68	27	78	28	83	29	66	
	0	54	1	52	2	69	3	63	4	53	5	61	6	53	7	68	8	61	9	60	10	62	11	54	12	58	13	70	14	56	15	68	16	57	17	63	18	59	19	57	20	69	21	67	22	59	23	65	24	65	25	52	26	61	27	64	28	54	29	54	
	0	99	1	102	2	103	3	93	4	107	5	90	6	106	7	108	8	98	9	109	10	109	11	109	12	91	13	100	14	91	15	107	16	103	17	103	18	90	19	93	20	105	21	101	22	105	23	97	24	99	25	102	26	101	27	97	28	94	29	92	
	0	53	1	46	2	56	3	55	4	50	5	56	6	48	7	55	8	46	9	38	10	48	11	51	12	53	13	46	14	43	15	54	16	53	17	48	18	41	19	43	20	48	21	45	22	38	23	50	24	55	25	37	26	40	27	37	28	47	29	43	
	0	89	1	85	2	77	3	73	4	72	5	88	6	84	7	84	8	86	9	80	10	81	11	84	12	79	13	85	14	81	15	73	16	88	17	81	18	82	19	77	20	79	21	72	22	73	23	80	24	83	25	76	26	80	27	85	28	77	29	79	
	0	33	1	21	2	30	3	31	4	36	5	37	6	30	7	30	8	21	9	30	10	20	11	25	12	23	13	21	14	25	15	26	16	33	17	27	18	36	19	27	20	33	21	34	22	30	23	32	24	20	25	22	26	25	27	31	28	35	29	24	
	0	76	1	83	2	77	3	77	4	87	5	78	6	77	7	85	8	88	9	78	10	82	11	84	12	75	13	77	14	87	15	79	16	90	17	90	18	80	19	76	20	82	21	80	22	90	23	75	24	79	25	83	26	80	27	91	28	85	29	86	
	0	96	1	95	2	104	3	108	4	101	5	102	6	101	7	90	8	108	9	91	10	103	11	98	12	90	13	99	14	106	15	94	16	98	17	103	18	89	19	106	20	102	21	95	22	92	23	99	24	97	25	100	26	108	27	91	28	102	29	91	
	0	33	1	46	2	40	3	34	4	47	5	32	6	36	7	47	8	35	9	36	10	49	11	34	12	31	13	47	14	49	15	43	16	35	17	43	18	35	19	50	20	38	21	50	22	48	23	33	24	44	25	35	26	49	27	48	28	46	29	47	
	0	41	1	41	2	31	3	24	4	38	5	28	6	32	7	36	8	26	9	35	10	35	11	30	12	36	13	40	14	27	15	27	16	26	17	31	18	41	19	29	20	43	21	38	22	32	23	35	24	40	25	41	26	29	27	25	28	34	29	39	
	0	55	1	62	2	56	3	50	4	68	5	54	6	60	7	58	8	58	9	63	10	63	11	50	12	60	13	55	14	53	15	56	16	59	17	67	18	53	19	55	20	68	21	66	22	52	23	62	24	56	25	67	26	53	27	58	28	51	29	50	
	0	6	1	4	2	18	3	6	4	17	5	13	6	6	7	21	8	14	9	9	10	19	11	11	12	11	13	17	14	11	15	15	16	14	17	6	18	17	19	16	20	20	21	14	22	11	23	16	24	8	25	9	26	8	27	3	28	14	29	22	
	0	25	1	12	2	25	3	22	4	11	5	16	6	25	7	9	8	13	9	11	10	16	11	13	12	11	13	23	14	14	15	27	16	10	17	18	18	14	19	9	20	16	21	25	22	19	23	14	24	25	25	18	26	20	27	28	28	22	29	20	
	0	87	1	99	2	92	3	83	4	84	5	92	6	95	7	95	8	97	9	98	10	92	11	89	12	97	13	97	14	85	15	82	16	93	17	90	18	90	19	93	20	85	21	85	22	81	23	82	24	95	25	89	26	81	27	82	28	81	29	93	
	0	69	1	70	2	75	3	66	4	72	5	65	6	56	7	70	8	58	9	73	10	71	11	71	12	67	13	69	14	66	15	68	16	64	17	56	18	67	19	62	20	58	21	73	22	65	23	67	24	72	25	66	26	75	27	56	28	57	29	63	
	0	38	1	51	2	47	3	42	4	36	5	42	6	50	7	39	8	44	9	45	10	41	11	39	12	43	13	43	14	46	15	36	16	51	17	46	18	32	19	44	20	32	21	33	22	40	23	45	24	43	25	37	26	35	27	34	28	35	29	49	
	0	52	1	48	2	66	3	49	4	50	5	54	6	62	7	59	8	57	9	48	10	47	11	59	12	53	13	53	14	61	15	61	16	53	17	49	18	65	19	51	20	61	21	60	22	56	23	53	24	61	25	58	26	62	27	60	28	49	29	49	
	0	58	1	65	2	57	3	70	4	71	5	61	6	58	7	67	8	74	9	74	10	57	11	74	12	65	13	55	14	61	15	73	16	58	17	58	18	57	19	62	20	67	21	59	22	60	23	66	24	66	25	71	26	56	27	59	28	60	29	67	
	0	37	1	31	2	35	3	39	4	35	5	34	6	26	7	38	8	26	9	28	10	40	11	35	12	36	13	42	14	40	15	41	16	41	17	32	18	34	19	31	20	42	21	27	22	40	23	33	24	44	25	29	26	32	27	37	28	45	29	44	
	0	19	1	28	2	35	3	26	4	23	5	36	6	31	7	33	8	30	9	28	10	32	11	26	12	33	13	30	14	31	15	24	16	24	17	29	18	24	19	34	20	18	21	20	22	27	23	26	24	17	25	36	26	31	27	31	28	24	29	36	
	0	94	1	103	2	93	3	87	4	106	5	96	6	95	7	94	8	89	9	89	10	89	11	96	12	89	13	101	14	92	15	105	16	103	17	87	18	93	19	105	20	92	21	96	22	94	23	91	24	99	25	106	26	89	27	98	28	101	29	91	
	0	93	1	93	2	89	3	87	4	93	5	103	6	90	7	84	8	91	9	95	10	93	11	101	12	91	13	86	14	103	15	84	16	86	17	103	18	86	19	84	20	95	21	102	22	85	23	103	24	86	25	103	26	93	27	102	28	92	29	103	
	0	35	1	34	2	40	3	38	4	27	5	31	6	33	7	42	8	31	9	40	10	37	11	24	12	39	13	43	14	37	15	36	16	39	17	42	18	34	19	31	20	38	21	26	22	42	23	41	24	37	25	24	26	38	27	42	28	39	29	43	
	0	65	1	68	2	79	3	63	4	74	5	69	6	67	7	79	8	63	9	75	10	63	11	69	12	78	13	72	14	78	15	81	16	70	17	65	18	72	19	80	20	76	21	81	22	82	23	81	24	64	25	71	26	78	27	77	28	69	29	65	
	0	75	1	78	2	66	3	73	4	73	5	63	6	71	7	65	8	62	9	64	10	65	11	71	12	70	13	68	14	78	15	76	16	67	17	69	18	61	19	75	20	70	21	68	22	66	23	77	24	61	25	66	26	68	27	62	28	66	29	76	
	0	100	1	87	2	85	3	102	4	103	5	89	6	96	7	87	8	103	9	94	10	95	11	94	12	85	13	100	14	98	15	92	16	104	17	91	18	100	19	86	20	102	21	88	22	99	23	87	24	91	25	94	26	99	27	98	28	95	29	87	
	0	24	1	14	2	25	3	13	4	21	5	12	6	15	7	18	8	7	9	18	10	17	11	17	12	23	13	26	14	10	15	13	16	23	17	13	18	19	19	19	20	19	21	13	22	18	23	19	24	18	25	11	26	23	27	18	28	10	29	9	
	0	69	1	77	2	83	3	72	4	83	5	77	6	74	7	86	8	79	9	74	10	73	11	85	12	69	13	83	14	82	15	70	16	73	17	72	18	83	19	78	20	73	21	72	22	79	23	71	24	78	25	81	26	74	27	76	28	85	29	75	
	0	25	1	23	2	30	3	25	4	26	5	13	6	30	7	28	8	28	9	14	10	25	11	22	12	30	13	22	14	20	15	14	16	31	17	32	18	32	19	16	20	17	21	32	22	28	23	31	24	26	25	20	26	15	27	16	28	15	29	18	
	0	40	1	45	2	43	3	48	4	37	5	43	6	38	7	40	8	42	9	39	10	39	11	38	12	41	13	47	14	47	15	39	16	36	17	49	18	51	19	46	20	48	21	46	22	50	23	42	24	45	25	51	26	47	27	44	28	43	29	53	
	0	63	1	61	2	78	3	78	4	60	5	76	6	70	7	77	8	61	9	75	10	76	11	69	12	66	13	62	14	79	15	76	16	74	17	69	18	70	19	71	20	64	21	71	22	72	23	79	24	70	25	60	26	60	27	69	28	67	29	69	
	0	61	1	66	2	64	3	73	4	69	5	75	6	64	7	75	8	71	9	73	10	74	11	76	12	72	13	70	14	72	15	70	16	68	17	65	18	73	19	62	20	69	21	67	22	76	23	76	24	69	25	66	26	75	27	62	28	77	29	76	
	0	92	1	88	2	103	3	100	4	105	5	88	6	92	7	92	8	98	9	90	10	100	11	95	12	105	13	92	14	97	15	98	16	91	17	99	18	100	19	89	20	97	21	105	22	91	23	102	24	93	25	95	26	104	27	91	28	91	29	104	
	0	52	1	48	2	56	3	53	4	52	5	53	6	46	7	43	8	54	9	58	10	51	11	57	12	50	13	60	14	47	15	51	16	60	17	55	18	49	19	55	20	59	21	51	22	49	23	46	24	50	25	44	26	43	27	53	28	54	29	52	
	0	61	1	72	2	58	3	62	4	58	5	67	6	55	7	60	8	57	9	66	10	56	11	67	12	62	13	60	14	70	15	56	16	61	17	69	18	62	19	58	20	54	21	66	22	69	23	56	24	70	25	68	26	57	27	54	28	65	29	66	
	0	67	1	53	2	60	3	62	4	55	5	52	6	53	7	61	8	55	9	68	10	55	11	54	12	64	13	68	14	54	15	65	16	63	17	57	18	56	19	54	20	69	21	59	22	58	23	53	24	54	25	54	26	62	27	59	28	54	29	59	
	0	86	1	80	2	73	3	75	4	87	5	80	6	74	7	88	8	79	9	74	10	81	11	75	12	85	13	89	14	72	15	74	16	81	17	90	18	76	19	79	20	84	21	85	22	75	23	80	24	83	25	74	26	88	27	81	28	75	29	89	
	0	81	1	89	2	94	3	97	4	90	5	82	6	100	7	96	8	82	9	84	10	90	11	94	12	81	13	84	14	86	15	97	16	99	17	81	18	96	19	83	20	89	21	98	22	87	23	97	24	96	25	94	26	100	27	81	28	100	29	90	
	0	27	1	23	2	32	3	22	4	23	5	25	6	22	7	18	8	24	9	34	10	27	11	33	12	25	13	31	14	16	15	18	16	26	17	21	18	27	19	27	20	31	21	16	22	35	23	24	24	32	25	16	26	20	27	21	28	35	29	21	
	0	31	1	32	2	19	3	18	4	31	5	28	6	20	7	28	8	27	9	17	10	21	11	29	12	27	13	17	14	31	15	28	16	22	17	15	18	21	19	25	20	20	21	28	22	25	23	33	24	19	25	20	26	28	27	27	28	17	29	31	
	0	100	1	97	2	88	3	88	4	93	5	87	6	100	7	91	8	89	9	97	10	88	11	82	12	101	13	85	14	101	15	96	16	87	17	97	18	92	19	87	20	91	21	95	22	93	23	85	24	91	25	97	26	85	27	89	28	83	29	92	
	0	97	1	112	2	109	3	111	4	104	5	106	6	96	7	111	8	96	9	108	10	107	11	112	12	99	13	97	14	108	15	97	16	95	17	98	18	100	19	98	20	106	21	102	22	100	23	97	24	100	25	102	26	101	27	105	28	96	29	108	
	0	60	1	60	2	66	3	75	4	65	5	70	6	69	7	62	8	66	9	61	10	66	11	68	12	63	13	71	14	67	15	62	16	77	17	75	18	77	19	75	20	78	21	66	22	60	23	72	24	65	25	65	26	73	27	61	28	78	29	76	
	0	68	1	67	2	72	3	59	4	65	5	63	6	61	7	68	8	70	9	75	10	60	11	61	12	63	13	68	14	65	15	71	16	63	17	76	18	72	19	77	20	69	21	72	22	59	23	61	24	77	25	73	26	71	27	71	28	73	29	60	
	0	41	1	33	2	45	3	44	4	50	5	41	6	36	7	45	8	45	9	50	10	49	11	44	12	41	13	47	14	33	15	49	16	50	17	36	18	35	19	37	20	32	21	49	22	50	23	37	24	41	25	43	26	50	27	48	28	45	29	33	
	0	21	1	16	2	13	3	27	4	9	5	12	6	16	7	10	8	25	9	22	10	17	11	10	12	23	13	27	14	9	15	23	16	18	17	21	18	13	19	28	20	23	21	9	22	28	23	28	24	16	25	11	26	14	27	18	28	25	29	22	
	0	57	1	66	2	51	3	55	4	54	5	50	6	54	7	65	8	66	9	55	10	49	11	60	12	53	13	50	14	62	15	53	16	61	17	62	18	63	19	55	20	57	21	57	22	57	23	54	24	49	25	67	26	49	27	51	28	59	29	52	
	0	58	1	50	2	47	3	47	4	48	5	59	6	61	7	58	8	59	9	52	10	58	11	61	12	58	13	62	14	48	15	55	16	58	17	62	18	48	19	43	20	50	21	53	22	44	23	51	24	55	25	51	26	50	27	49	28	61	29	52	
	0	88	1	92	2	94	3	82	4	80	5	88	6	91	7	92	8	87	9	79	10	77	11	80	12	87	13	84	14	95	15	80	16	94	17	83	18	78	19	90	20	83	21	90	22	94	23	77	24	85	25	76	26	93	27	81	28	90	29	95	
	0	82	1	81	2	77	3	73	4	79	5	83	6	69	7	74	8	80	9	88	10	79	11	70	12	77	13	84	14	81	15	73	16	85	17	86	18	69	19	88	20	84	21	78	22	81	23	76	24	81	25	76	26	75	27	86	28	69	29	69	
	0	83	1	72	2	70	3	78	4	72	5	69	6	70	7	73	8	82	9	79	10	84	11	75	12	85	13	87	14	78	15	81	16	69	17	86	18	71	19	72	20	68	21	72	22	76	23	77	24	78	25	82	26	70	27	72	28	82	29	76	
	0	35	1	39	2	31	3	30	4	23	5	33	6	35	7	22	8	23	9	32	10	29	11	34	12	21	13	30	14	31	15	38	16	32	17	32	18	36	19	34	20	34	21	32	22	23	23	29	24	25	25	31	26	28	27	39	28	33	29	31	
	0	67	1	69	2	63	3	69	4	55	5	64	6	63	7	54	8	58	9	68	10	68	11	61	12	53	13	67	14	57	15	64	16	71	17	56	18	57	19	57	20	63	21	61	22	63	23	52	24	55	25	70	26	60	27	70	28	70	29	57	
	0	111	1	109	2	120	3	104	4	109	5	119	6	105	7	105	8	117	9	114	10	108	11	109	12	113	13	120	14	111	15	110	16	107	17	114	18	107	19	120	20	110	21	101	22	119	23	105	24	108	25	112	26	115	27	109	28	110	29	104	
	0	28	1	24	2	15	3	10	4	27	5	23	6	12	7	11	8	22	9	9	10	11	11	23	12	25	13	9	14	21	15	22	16	22	17	12	18	10	19	18	20	28	21	24	22	27	23	12	24	22	25	15	26	12	27	14	28	26	29	11	
	0	61	1	60	2	68	3	61	4	62	5	74	6	59	7	57	8	70	9	56	10	66	11	65	12	61	13	58	14	55	15	71	16	73	17	73	18	71	19	64	20	58	21	57	22	61	23	66	24	63	25	71	26	68	27	59	28	74	29	58	
	0	61	1	55	2	49	3	50	4	52	5	58	6	47	7	64	8	59	9	59	10	53	11	45	12	53	13	64	14	63	15	50	16	59	17	55	18	51	19	56	20	62	21	62	22	60	23	45	24	57	25	47	26	61	27	50	28	57	29	61	
	0	23	1	28	2	33	3	39	4	27	5	23	6	31	7	29	8	22	9	21	10	32	11	31	12	37	13	26	14	37	15	33	16	29	17	37	18	27	19	23	20	40	21	40	22	27	23	36	24	21	25	25	26	32	27	26	28	39	29	22	
	0	66	1	61	2	57	3	59	4	63	5	61	6	58	7	56	8	62	9	68	10	65	11	59	12	68	13	59	14	60	15	63	16	55	17	56	18	53	19	53	20	71	21	66	22	70	23	61	24	58	25	66	26	54	27	66	28	68	29	63	
	0	50	1	61	2	55	3	66	4	63	5	53	6	65	7	67	8	65	9	65	10	58	11	59	12	52	13	52	14	59	15	57	16	50	17	60	18	64	19	60	20	59	21	64	22	60	23	55	24	49	25	67	26	54	27	58	28	59	29	51	
	0	93	1	94	2	81	3	99	4	100	5	88	6	81	7	83	8	97	9	93	10	82	11	96	12	91	13	99	14	98	15	90	16	88	17	81	18	81	19	97	20	82	21	84	22	92	23	90	24	87	25	99	26	86	27	91	28	90	29	93	
	0	57	1	58	2	56	3	63	4	56	5	57	6	61	7	57	8	56	9	60	10	60	11	58	12	65	13	67	14	56	15	67	16	66	17	49	18	64	19	56	20	66	21	49	22	63	23	59	24	58	25	66	26	49	27	64	28	65	29	49	
	0	27	1	23	2	20	3	26	4	34	5	30	6	37	7	37	8	29	9	24	10	25	11	28	12	32	13	38	14	35	15	35	16	33	17	21	18	28	19	33	20	32	21	25	22	32	23	35	24	24	25	22	26	37	27	22	28	31	29	26	
	0	40	1	48	2	44	3	49	4	45	5	54	6	54	7	56	8	48	9	54	10	49	11	42	12	46	13	56	14	55	15	51	16	56	17	52	18	50	19	53	20	49	21	55	22	55	23	49	24	40	25	55	26	53	27	46	28	48	29	50	
	0	67	1	62	2	71	3	75	4	72	5	64	6	77	7	78	8	65	9	73	10	66	11	68	12	73	13	77	14	72	15	64	16	77	17	60	18	71	19	59	20	66	21	59	22	78	23	64	24	62	25	78	26	76	27	68	28	68	29	68	
	0	96	1	89	2	100	3	90	4	101	5	90	6	101	7	88	8	91	9	86	10	91	11	99	12	87	13	101	14	98	15	105	16	105	17	97	18	105	19	100	20	105	21	95	22	104	23	99	24	100	25	105	26	98	27	103	28	90	29	103	
	0	18	1	10	2	11	3	13	4	14	5	15	6	24	7	5	8	21	9	8	10	19	11	14	12	6	13	8	14	22	15	7	16	21	17	13	18	6	19	17	20	16	21	17	22	15	23	19	24	16	25	22	26	22	27	21	28	15	29	7	
	0	57	1	57	2	69	3	56	4	66	5	66	6	61	7	74	8	70	9	55	10	66	11	56	12	57	13	58	14	73	15	71	16	71	17	63	18	72	19	61	20	73	21	58	22	71	23	56	24	64	25	56	26	71	27	74	28	58	29	61	
	0	74	1	68	2	65	3	62	4	69	5	71	6	72	7	64	8	63	9	73	10	61	11	59	12	58	13	65	14	60	15	72	16	73	17	71	18	62	19	60	20	68	21	68	22	67	23	67	24	72	25	67	26	63	27	57	28	68	29	62	
	0	65	1	76	2	79	3	72	4	74	5	75	6	71	7	84	8	84	9	79	10	78	11	68	12	78	13	79	14	81	15	79	16	78	17	83	18	84	19	83	20	73	21	80	22	74	23	82	24	75	25	75	26	84	27	72	28	83	29	78	
	0	9	1	17	2	22	3	28	4	23	5	9	6	21	7	18	8	17	9	13	10	20	11	17	12	28	13	11	14	25	15	13	16	19	17	13	18	18	19	17	20	14	21	18	22	22	23	15	24	23	25	10	26	9	27	10	28	12	29	9	
	0	64	1	57	2	68	3	59	4	74	5	71	6	69	7	67	8	61	9	59	10	75	11	64	12	58	13	65	14	71	15	67	16	59	17	69	18	66	19	62	20	57	21	63	22	74	23	61	24	70	25	71	26	63	27	74	28	65	29	64	
	0	20	1	12	2	22	3	15	4	12	5	17	6	23	7	28	8	20	9	21	10	19	11	13	12	21	13	27	14	24	15	14	16	11	17	18	18	21	19	24	20	12	21	9	22	15	23	11	24	22	25	20	26	11	27	11	28	16	29	20	
	0	94	1	90	2	86	3	90	4	101	5	91	6	94	7	99	8	95	9	101	10	92	11	90	12	102	13	89	14	93	15	92	16	94	17	102	18	101	19	86	20	91	21	86	22	84	23	89	24	91	25	96	26	98	27	100	28	100	29	92	
	0	50	1	64	2	49	3	65	4	59	5	52	6	63	7	62	8	57	9	66	10	67	11	49	12	52	13	58	14	56	15	67	16	63	17	60	18	59	19	55	20	60	21	64	22	59	23	52	24	67	25	60	26	49	27	53	28	62	29	65	
	0	92	1	88	2	94	3	98	4	82	5	84	6	81	7	97	8	87	9	83	10	94	11	88	12	81	13	91	14	81	15	94	16	96	17	90	18	100	19	89	20	97	21	98	22	95	23	84	24	84	25	86	26	93	27	84	28	88	29	95	
	0	93	1	97	2	86	3	93	4	89	5	90	6	93	7	93	8	90	9	85	10	97	11	88	12	89	13	89	14	98	15	85	16	92	17	95	18	87	19	82	20	87	21	81	22	98	23	87	24	83	25	86	26	89	27	89	28	84	29	82	
	0	43	1	27	2	33	3	45	4	34	5	34	6	36	7	36	8	39	9	29	10	35	11	38	12	42	13	35	14	40	15	45	16	31	17	36	18	42	19	32	20	38	21	36	22	43	23	27	24	34	25	41	26	31	27	27	28	28	29	32	
	0	39	1	27	2	25	3	35	4	34	5	34	6	39	7	35	8	33	9	35	10	33	11	41	12	42	13	35	14	32	15	40	16	34	17	27	18	23	19	35	20	36	21	30	22	40	23	41	24	31	25	33	26	30	27	25	28	34	29	24	
	0	30	1	24	2	21	3	33	4	38	5	31	6	20	7	26	8	20	9	22	10	30	11	21	12	20	13	26	14	31	15	24	16	33	17	29	18	36	19	33	20	37	21	38	22	25	23	33	24	36	25	29	26	25	27	21	28	30	29	24	
	0	53	1	51	2	53	3	54	4	52	5	58	6	55	7	50	8	57	9	61	10	55	11	60	12	48	13	49	14	54	15	45	16	60	17	50	18	52	19	61	20	61	21	43	22	53	23	60	24	50	25	44	26	62	27	46	28	57	29	60	
	0	100	1	112	2	113	3	104	4	113	5	108	6	111	7	110	8	97	9	98	10	106	11	112	12	113	13	110	14	112	15	111	16	112	17	103	18	103	19	101	20	95	21	100	22	107	23	106	24	113	25	97	26	97	27	100	28	105	29	110	
	0	100	1	97	2	90	3	91	4	104	5	103	6	93	7	97	8	98	9	102	10	95	11	90	12	90	13	104	14	92	15	101	16	94	17	99	18	96	19	105	20	92	21	94	22	105	23	91	24	101	25	90	26	97	27	100	28	90	29	90	
	0	6	1	8	2	16	3	16	4	5	5	9	6	22	7	9	8	5	9	20	10	6	11	13	12	15	13	14	14	15	15	15	16	3	17	11	18	21	19	22	20	22	21	21	22	15	23	20	24	8	25	4	26	4	27	8	28	7	29	11	
	0	111	1	97	2	111	3	110	4	108	5	113	6	104	7	95	8	112	9	95	10	101	11	111	12	102	13	108	14	102	15	94	16	106	17	105	18	112	19	113	20	100	21	102	22	112	23	105	24	99	25	111	26	100	27	112	28	103	29	111	
	0	98	1	109	2	94	3	99	4	95	5	107	6	93	7	93	8	100	9	102	10	103	11	99	12	95	13	107	14	98	15	108	16	110	17	110	18	107	19	96	20	105	21	96	22	105	23	106	24	93	25	93	26	99	27	96	28	110	29	106	
	0	41	1	48	2	33	3	40	4	30	5	33	6	41	7	40	8	34	9	37	10	41	11	32	12	31	13	44	14	29	15	36	16	47	17	35	18	39	19	48	20	38	21	48	22	36	23	45	24	30	25	47	26	43	27	38	28	31	29	32	
	0	41	1	39	2	40	3	35	4	33	5	35	6	34	7	33	8	33	9	46	10	45	11	41	12	35	13	45	14	31	15	37	16	45	17	42	18	43	19	42	20	35	21	40	22	37	23	33	24	29	25	30	26	29	27	38	28	36	29	43	
	0	27	1	33	2	46	3	39	4	44	5	28	6	37	7	29	8	33	9	31	10	38	11	28	12	30	13	44	14	30	15	36	16	34	17	27	18	43	19	44	20	43	21	29	22	41	23	30	24	39	25	35	26	38	27	41	28	40	29	43	
	0	76	1	88	2	84	3	77	4	74	5	84	6	76	7	83	8	87	9	89	10	81	11	80	12	85	13	91	14	87	15	75	16	77	17	83	18	78	19	79	20	75	21	90	22	75	23	88	24	87	25	75	26	91	27	89	28	80	29	80	
	0	68	1	83	2	84	3	78	4	70	5	87	6	70	7	74	8	85	9	85	10	75	11	78	12	74	13	72	14	79	15	77	16	70	17	83	18	69	19	78	20	87	21	86	22	80	23	84	24	73	25	82	26	76	27	73	28	78	29	73	
	0	13	1	26	2	21	3	12	4	16	5	26	6	22	7	26	8	19	9	26	10	23	11	11	12	21	13	15	14	18	15	10	16	11	17	19	18	18	19	25	20	25	21	7	22	21	23	26	24	26	25	26	26	16	27	20	28	14	29	12	
	0	51	1	45	2	51	3	48	4	43	5	38	6	46	7	52	8	45	9	45	10	51	11	43	12	43	13	48	14	49	15	36	16	41	17	39	18	43	19	40	20	42	21	37	22	37	23	53	24	45	25	48	26	54	27	53	28	38	29	38	
	0	35	1	48	2	49	3	39	4	48	5	37	6	43	7	38	8	45	9	31	10	49	11	33	12	33	13	43	14	35	15	48	16	43	17	32	18	43	19	36	20	37	21	43	22	46	23	50	24	31	25	37	26	46	27	41	28	42	29	50	
	0	65	1	62	2	71	3	57	4	67	5	72	6	57	7	70	8	73	9	57	10	67	11	66	12	70	13	68	14	65	15	74	16	63	17	61	18	66	19	56	20	57	21	64	22	69	23	59	24	55	25	61	26	66	27	66	28	69	29	71	
	0	54	1	58	2	72	3	69	4	71	5	54	6	70	7	72	8	65	9	65	10	73	11	60	12	54	13	65	14	69	15	64	16	73	17	56	18	57	19	58	20	68	21	73	22	63	23	72	24	62	25	56	26	61	27	65	28	55	29	72	
	0	85	1	95	2	83	3	85	4	99	5	95	6	82	7	94	8	91	9	81	10	90	11	97	12	89	13	96	14	93	15	90	16	96	17	94	18	95	19	86	20	83	21	80	22	99	23	93	24	89	25	88	26	95	27	84	28	90	29	84	
	0	47	1	50	2	60	3	52	4	50	5	51	6	52	7	51	8	43	9	58	10	44	11	51	12	58	13	55	14	49	15	54	16	49	17	49	18	48	19	52	20	52	21	57	22	48	23	56	24	44	25	56	26	43	27	53	28	41	29	46	
	0	53	1	56	2	61	3	46	4	48	5	45	6	50	7	57	8	47	9	46	10	48	11	63	12	49	13	54	14	63	15	44	16	61	17	51	18	58	19	50	20	62	21	55	22	44	23	51	24	59	25	46	26	56	27	48	28	62	29	47	
	0	40	1	39	2	36	3	33	4	42	5	46	6	37	7	38	8	35	9	46	10	44	11	51	12	32	13	50	14	33	15	34	16	51	17	51	18	33	19	41	20	32	21	44	22	37	23	42	24	51	25	46	26	37	27	43	28	37	29	36	
	0	95	1	85	2	97	3	90	4	101	5	90	6	93	7	90	8	103	9	99	10	91	11	94	12	88	13	94	14	86	15	89	16	94	17	90	18	95	19	99	20	98	21	87	22	90	23	94	24	86	25	88	26	97	27	93	28	93	29	97	
	0	32	1	31	2	26	3	27	4	32	5	24	6	25	7	29	8	23	9	23	10	36	11	35	12	37	13	32	14	24	15	38	16	34	17	35	18	23	19	33	20	41	21	28	22	24	23	37	24	24	25	35	26	37	27	30	28	30	29	33	
	0	53	1	40	2	41	3	49	4	46	5	49	6	46	7	44	8	37	9	51	10	35	11	41	12	50	13	47	14	45	15	39	16	44	17	36	18	45	19	36	20	41	21	50	22	36	23	50	24	43	25	49	26	39	27	38	28	34	29	43	
	0	95	1	84	2	80	3	90	4	84	5	84	6	86	7	95	8	82	9	81	10	83	11	90	12	95	13	77	14	83	15	93	16	91	17	91	18	82	19	91	20	76	21	91	22	77	23	80	24	82	25	91	26	94	27	88	28	79	29	82	
	0	103	1	102	2	100	3	114	4	98	5	102	6	99	7	110	8	104	9	117	10	102	11	112	12	110	13	104	14	101	15	110	16	99	17	108	18	116	19	106	20	110	21	103	22	112	23	113	24	114	25	104	26	111	27	111	28	103	29	108	
	0	104	1	102	2	105	3	112	4	104	5	102	6	108	7	114	8	111	9	105	10	111	11	117	12	109	13	110	14	115	15	119	16	108	17	113	18	101	19	107	20	107	21	102	22	107	23	115	24	117	25	107	26	113	27	101	28	105	29	105	