500 30 1
30
	0	51	1	39	2	47	3	53	4	41	5	34	6	37	7	47	8	42	9	52	10	38	11	40	12	50	13	34	14	44	15	52	16	51	17	49	18	43	19	46	20	44	21	38	22	52	23	47	24	52	25	43	26	43	27	47	28	36	29	35	
	0	31	1	42	2	42	3	38	4	39	5	30	6	32	7	37	8	43	9	33	10	45	11	47	12	42	13	36	14	40	15	36	16	38	17	37	18	30	19	30	20	48	21	44	22	37	23	43	24	47	25	30	26	45	27	48	28	35	29	45	
	0	97	1	86	2	85	3	84	4	96	5	79	6	84	7	84	8	90	9	87	10	90	11	95	12	96	13	91	14	91	15	81	16	80	17	78	18	93	19	80	20	82	21	85	22	78	23	88	24	84	25	90	26	83	27	89	28	80	29	96	
	0	91	1	88	2	97	3	100	4	86	5	89	6	92	7	87	8	94	9	82	10	99	11	87	12	98	13	97	14	98	15	88	16	89	17	82	18	91	19	98	20	84	21	92	22	90	23	92	24	84	25	91	26	90	27	96	28	92	29	86	
	0	86	1	93	2	98	3	94	4	87	5	87	6	86	7	99	8	90	9	93	10	94	11	103	12	89	13	104	14	102	15	100	16	102	17	92	18	96	19	93	20	98	21	94	22	98	23	98	24	91	25	87	26	87	27	97	28	91	29	86	
	0	111	1	97	2	113	3	112	4	104	5	96	6	100	7	95	8	105	9	106	10	108	11	107	12	112	13	110	14	96	15	113	16	102	17	111	18	111	19	108	20	109	21	101	22	106	23	107	24	95	25	95	26	99	27	98	28	107	29	110	
	0	17	1	31	2	25	3	16	4	23	5	16	6	22	7	31	8	29	9	31	10	25	11	31	12	21	13	32	14	21	15	27	16	14	17	21	18	31	19	19	20	22	21	16	22	20	23	25	24	24	25	14	26	15	27	21	28	21	29	21	
	0	101	1	98	2	94	3	91	4	87	5	92	6	89	7	99	8	101	9	97	10	101	11	88	12	106	13	99	14	95	15	105	16	97	17	95	18	101	19	88	20	104	21	105	22	99	23	95	24	100	25	96	26	99	27	92	28	98	29	93	
	0	22	1	19	2	23	3	24	4	27	5	8	6	25	7	27	8	14	9	16	10	27	11	14	12	25	13	18	14	10	15	11	16	11	17	9	18	9	19	25	20	24	21	19	22	18	23	26	24	23	25	11	26	8	27	10	28	18	29	21	
	0	98	1	95	2	107	3	105	4	94	5	98	6	106	7	108	8	96	9	101	10	109	11	95	12	105	13	110	14	94	15	112	16	99	17	105	18	109	19	107	20	96	21	105	22	107	23	99	24	96	25	104	26	107	27	100	28	108	29	105	
	0	70	1	86	2	75	3	79	4	71	5	85	6	73	7	73	8	83	9	85	10	72	11	74	12	75	13	78	14	84	15	81	16	71	17	73	18	78	19	78	20	83	21	74	22	73	23	67	24	78	25	73	26	80	27	77	28	75	29	82	
	0	33	1	28	2	28	3	28	4	33	5	40	6	38	7	41	8	46	9	34	10	46	11	41	12	37	13	44	14	30	15	40	16	43	17	46	18	39	19	29	20	28	21	31	22	32	23	35	24	32	25	35	26	44	27	27	28	45	29	39	
	0	85	1	83	2	84	3	97	4	95	5	95	6	91	7	92	8	100	9	100	10	95	11	86	12	97	13	82	14	84	15	91	16	100	17	99	18	85	19	85	20	92	21	91	22	92	23	92	24	94	25	99	26	96	27	96	28	84	29	90	
	0	69	1	85	2	77	3	71	4	81	5	67	6	71	7	77	8	83	9	76	10	76	11	76	12	74	13	75	14	76	15	84	16	83	17	70	18	74	19	78	20	77	21	74	22	71	23	70	24	76	25	76	26	70	27	67	28	67	29	68	
	0	106	1	108	2	96	3	105	4	92	5	96	6	98	7	95	8	103	9	108	10	92	11	102	12	105	13	90	14	93	15	106	16	108	17	94	18	93	19	104	20	106	21	102	22	93	23	93	24	101	25	104	26	97	27	93	28	100	29	99	
	0	106	1	101	2	105	3	97	4	103	5	98	6	101	7	88	8	93	9	90	10	88	11	99	12	104	13	88	14	101	15	91	16	87	17	91	18	93	19	104	20	103	21	98	22	90	23	97	24	98	25	100	26	89	27	102	28	89	29	105	
	0	39	1	32	2	23	3	38	4	38	5	34	6	31	7	28	8	38	9	25	10	28	11	35	12	42	13	40	14	27	15	32	16	37	17	36	18	26	19	31	20	28	21	36	22	30	23	31	24	27	25	37	26	36	27	30	28	37	29	38	
	0	98	1	97	2	96	3	103	4	97	5	98	6	106	7	95	8	95	9	96	10	102	11	110	12	110	13	94	14	110	15	105	16	110	17	101	18	97	19	97	20	108	21	94	22	109	23	108	24	101	25	99	26	109	27	101	28	99	29	100	
	0	12	1	16	2	17	3	14	4	25	5	27	6	29	7	30	8	25	9	24	10	20	11	16	12	18	13	15	14	30	15	12	16	18	17	28	18	21	19	18	20	12	21	14	22	12	23	19	24	25	25	16	26	15	27	17	28	19	29	18	
	0	89	1	95	2	101	3	87	4	89	5	91	6	88	7	90	8	90	9	100	10	87	11	88	12	97	13	88	14	100	15	101	16	92	17	98	18	94	19	100	20	86	21	90	22	94	23	87	24	88	25	93	26	86	27	89	28	90	29	100	
	0	19	1	27	2	32	3	35	4	17	5	34	6	16	7	18	8	35	9	23	10	30	11	21	12	28	13	22	14	25	15	19	16	24	17	29	18	26	19	23	20	21	21	19	22	16	23	28	24	20	25	23	26	35	27	34	28	29	29	16	
	0	71	1	65	2	80	3	75	4	79	5	73	6	78	7	71	8	65	9	67	10	73	11	71	12	82	13	76	14	74	15	78	16	67	17	84	18	81	19	81	20	72	21	71	22	84	23	66	24	70	25	70	26	69	27	81	28	75	29	75	
	0	96	1	103	2	103	3	90	4	91	5	86	6	92	7	88	8	97	9	101	10	91	11	99	12	103	13	99	14	88	15	85	16	90	17	90	18	93	19	94	20	93	21	86	22	85	23	86	24	89	25	102	26	86	27	90	28	88	29	89	
	0	44	1	44	2	55	3	50	4	59	5	45	6	62	7	54	8	57	9	53	10	49	11	62	12	47	13	45	14	58	15	56	16	52	17	57	18	53	19	58	20	57	21	60	22	48	23	57	24	55	25	52	26	60	27	55	28	62	29	48	
	0	95	1	93	2	98	3	103	4	89	5	104	6	101	7	97	8	100	9	96	10	103	11	90	12	97	13	103	14	103	15	105	16	96	17	102	18	104	19	91	20	103	21	94	22	99	23	94	24	94	25	86	26	99	27	98	28	89	29	93	
	0	15	1	32	2	22	3	31	4	20	5	24	6	31	7	29	8	28	9	22	10	28	11	25	12	22	13	17	14	27	15	17	16	21	17	30	18	17	19	19	20	28	21	24	22	31	23	23	24	26	25	30	26	31	27	28	28	15	29	19	
	0	65	1	61	2	58	3	67	4	61	5	52	6	64	7	53	8	66	9	61	10	54	11	65	12	69	13	61	14	52	15	66	16	64	17	55	18	51	19	51	20	54	21	62	22	67	23	61	24	63	25	53	26	58	27	59	28	65	29	59	
	0	50	1	59	2	60	3	50	4	53	5	59	6	64	7	67	8	62	9	56	10	67	11	62	12	60	13	55	14	61	15	51	16	66	17	55	18	61	19	68	20	60	21	59	22	61	23	67	24	64	25	62	26	64	27	55	28	51	29	50	
	0	77	1	62	2	78	3	63	4	64	5	69	6	79	7	63	8	68	9	80	10	64	11	63	12	64	13	62	14	71	15	61	16	69	17	71	18	72	19	73	20	73	21	61	22	68	23	62	24	80	25	70	26	69	27	72	28	69	29	68	
	0	42	1	40	2	27	3	32	4	30	5	42	6	33	7	31	8	44	9	34	10	28	11	44	12	32	13	36	14	28	15	35	16	41	17	32	18	27	19	39	20	43	21	44	22	35	23	34	24	39	25	31	26	40	27	42	28	26	29	42	
	0	82	1	87	2	84	3	90	4	83	5	91	6	90	7	90	8	99	9	97	10	87	11	99	12	93	13	83	14	98	15	88	16	90	17	88	18	87	19	80	20	84	21	95	22	99	23	93	24	83	25	89	26	83	27	87	28	90	29	80	
	0	81	1	77	2	66	3	82	4	80	5	78	6	68	7	72	8	68	9	85	10	73	11	66	12	75	13	69	14	80	15	72	16	67	17	75	18	85	19	66	20	70	21	71	22	71	23	70	24	66	25	75	26	81	27	80	28	69	29	70	
	0	31	1	23	2	19	3	27	4	20	5	25	6	29	7	21	8	19	9	19	10	35	11	20	12	27	13	33	14	25	15	22	16	23	17	36	18	26	19	25	20	23	21	23	22	33	23	21	24	36	25	29	26	30	27	22	28	23	29	35	
	0	74	1	77	2	78	3	74	4	74	5	76	6	92	7	73	8	92	9	77	10	75	11	79	12	82	13	82	14	87	15	83	16	86	17	86	18	78	19	86	20	78	21	79	22	82	23	73	24	78	25	75	26	88	27	84	28	76	29	76	
	0	79	1	75	2	81	3	74	4	85	5	77	6	87	7	91	8	75	9	89	10	81	11	77	12	84	13	77	14	80	15	86	16	88	17	74	18	77	19	77	20	86	21	72	22	77	23	90	24	89	25	88	26	74	27	83	28	78	29	77	
	0	62	1	68	2	59	3	56	4	72	5	71	6	69	7	73	8	63	9	63	10	61	11	57	12	63	13	65	14	62	15	64	16	72	17	72	18	57	19	72	20	75	21	62	22	70	23	67	24	62	25	74	26	70	27	67	28	59	29	62	
	0	38	1	25	2	33	3	31	4	37	5	32	6	27	7	37	8	33	9	39	10	30	11	31	12	20	13	23	14	21	15	20	16	26	17	25	18	36	19	32	20	32	21	37	22	34	23	36	24	27	25	23	26	39	27	25	28	25	29	28	
	0	73	1	60	2	75	3	60	4	73	5	73	6	65	7	75	8	64	9	60	10	74	11	66	12	59	13	75	14	66	15	70	16	58	17	73	18	64	19	58	20	70	21	56	22	67	23	56	24	65	25	74	26	66	27	63	28	60	29	61	
	0	50	1	63	2	48	3	60	4	51	5	44	6	58	7	52	8	57	9	58	10	58	11	46	12	63	13	61	14	60	15	63	16	58	17	61	18	46	19	52	20	47	21	51	22	51	23	59	24	50	25	63	26	47	27	48	28	47	29	51	
	0	71	1	90	2	75	3	72	4	75	5	85	6	79	7	76	8	79	9	71	10	80	11	77	12	89	13	90	14	77	15	84	16	85	17	87	18	71	19	87	20	84	21	73	22	86	23	82	24	75	25	71	26	78	27	86	28	82	29	86	
	0	27	1	34	2	35	3	31	4	39	5	34	6	35	7	22	8	26	9	29	10	37	11	35	12	36	13	21	14	28	15	29	16	28	17	36	18	21	19	28	20	25	21	34	22	25	23	22	24	23	25	39	26	28	27	32	28	29	29	28	
	0	66	1	62	2	53	3	57	4	66	5	65	6	61	7	69	8	61	9	67	10	61	11	64	12	54	13	62	14	65	15	53	16	62	17	71	18	53	19	56	20	58	21	58	22	62	23	67	24	58	25	56	26	67	27	53	28	72	29	56	
	0	91	1	92	2	97	3	103	4	94	5	86	6	93	7	92	8	90	9	96	10	103	11	92	12	102	13	98	14	93	15	100	16	97	17	84	18	88	19	103	20	84	21	87	22	89	23	96	24	98	25	95	26	87	27	101	28	91	29	88	
	0	22	1	21	2	23	3	16	4	26	5	14	6	12	7	23	8	23	9	8	10	7	11	9	12	13	13	17	14	22	15	26	16	22	17	22	18	13	19	19	20	19	21	14	22	16	23	15	24	8	25	12	26	10	27	14	28	13	29	9	
	0	92	1	102	2	93	3	100	4	91	5	90	6	89	7	95	8	93	9	94	10	89	11	98	12	92	13	101	14	103	15	88	16	88	17	90	18	88	19	101	20	96	21	92	22	97	23	99	24	99	25	98	26	90	27	107	28	107	29	96	
	0	23	1	36	2	39	3	33	4	25	5	22	6	36	7	24	8	25	9	36	10	24	11	31	12	30	13	36	14	30	15	31	16	21	17	32	18	26	19	39	20	35	21	36	22	31	23	30	24	28	25	39	26	37	27	28	28	24	29	24	
	0	94	1	94	2	105	3	103	4	105	5	90	6	91	7	109	8	108	9	101	10	109	11	101	12	97	13	96	14	99	15	105	16	104	17	90	18	95	19	94	20	108	21	104	22	102	23	100	24	109	25	105	26	102	27	93	28	92	29	103	
	0	93	1	98	2	104	3	97	4	102	5	98	6	101	7	98	8	109	9	109	10	102	11	105	12	107	13	110	14	112	15	93	16	107	17	109	18	101	19	94	20	108	21	93	22	109	23	98	24	94	25	104	26	109	27	110	28	100	29	97	
	0	43	1	48	2	40	3	40	4	37	5	39	6	39	7	36	8	39	9	46	10	35	11	33	12	39	13	36	14	32	15	50	16	46	17	51	18	50	19	47	20	36	21	38	22	44	23	32	24	37	25	38	26	50	27	33	28	50	29	48	
	0	78	1	90	2	86	3	82	4	90	5	86	6	79	7	84	8	92	9	93	10	87	11	78	12	92	13	83	14	80	15	86	16	76	17	80	18	80	19	89	20	93	21	92	22	79	23	88	24	89	25	78	26	84	27	90	28	86	29	86	
	0	83	1	94	2	90	3	88	4	84	5	82	6	92	7	89	8	86	9	77	10	77	11	77	12	81	13	77	14	76	15	87	16	75	17	93	18	90	19	87	20	79	21	92	22	80	23	86	24	83	25	89	26	92	27	82	28	89	29	93	
	0	101	1	119	2	115	3	108	4	115	5	104	6	114	7	108	8	111	9	102	10	119	11	115	12	105	13	119	14	104	15	106	16	104	17	114	18	117	19	120	20	102	21	103	22	116	23	105	24	102	25	106	26	106	27	103	28	113	29	112	
	0	54	1	43	2	50	3	55	4	42	5	43	6	50	7	56	8	58	9	39	10	45	11	58	12	43	13	46	14	53	15	45	16	45	17	55	18	46	19	54	20	55	21	51	22	57	23	52	24	44	25	51	26	55	27	40	28	57	29	41	
	0	22	1	19	2	9	3	24	4	10	5	24	6	21	7	12	8	7	9	7	10	20	11	8	12	18	13	16	14	24	15	16	16	5	17	5	18	14	19	6	20	17	21	5	22	20	23	16	24	8	25	21	26	23	27	13	28	17	29	21	
	0	27	1	32	2	27	3	15	4	24	5	23	6	14	7	14	8	32	9	31	10	21	11	31	12	26	13	20	14	21	15	29	16	25	17	26	18	18	19	14	20	15	21	15	22	20	23	26	24	24	25	14	26	24	27	30	28	17	29	19	
	0	43	1	37	2	39	3	47	4	48	5	43	6	41	7	32	8	51	9	37	10	42	11	47	12	41	13	41	14	51	15	36	16	35	17	36	18	32	19	46	20	42	21	33	22	44	23	38	24	51	25	41	26	49	27	39	28	50	29	51	
	0	29	1	15	2	22	3	27	4	19	5	17	6	25	7	14	8	26	9	24	10	21	11	14	12	15	13	16	14	23	15	27	16	24	17	18	18	23	19	19	20	27	21	18	22	24	23	33	24	21	25	17	26	16	27	16	28	20	29	14	
	0	48	1	62	2	56	3	64	4	47	5	65	6	66	7	57	8	65	9	51	10	63	11	63	12	51	13	58	14	49	15	53	16	50	17	64	18	56	19	50	20	49	21	61	22	47	23	63	24	55	25	50	26	59	27	47	28	53	29	59	
	0	28	1	24	2	38	3	32	4	32	5	23	6	35	7	32	8	20	9	27	10	25	11	26	12	36	13	34	14	25	15	27	16	22	17	33	18	37	19	38	20	25	21	25	22	36	23	39	24	35	25	35	26	33	27	35	28	32	29	34	
	0	30	1	44	2	36	3	30	4	31	5	40	6	29	7	26	8	32	9	38	10	37	11	39	12	28	13	30	14	39	15	26	16	28	17	36	18	33	19	32	20	38	21	37	22	41	23	45	24	34	25	36	26	32	27	39	28	33	29	31	
	0	21	1	24	2	16	3	29	4	20	5	16	6	28	7	26	8	23	9	28	10	27	11	21	12	17	13	34	14	34	15	25	16	34	17	26	18	28	19	20	20	31	21	33	22	32	23	18	24	32	25	28	26	21	27	33	28	26	29	23	
	0	46	1	45	2	52	3	43	4	44	5	46	6	60	7	60	8	58	9	56	10	53	11	47	12	58	13	55	14	55	15	58	16	49	17	48	18	48	19	58	20	56	21	48	22	42	23	41	24	51	25	56	26	46	27	48	28	45	29	60	
	0	83	1	80	2	92	3	74	4	86	5	84	6	85	7	76	8	85	9	80	10	83	11	78	12	80	13	75	14	91	15	91	16	91	17	89	18	81	19	76	20	77	21	83	22	76	23	77	24	88	25	77	26	77	27	92	28	74	29	91	
	0	31	1	26	2	25	3	37	4	37	5	24	6	33	7	29	8	41	9	37	10	36	11	36	12	33	13	37	14	38	15	38	16	39	17	34	18	29	19	32	20	29	21	26	22	28	23	27	24	31	25	25	26	27	27	32	28	40	29	26	
	0	65	1	69	2	69	3	76	4	70	5	79	6	60	7	70	8	64	9	63	10	75	11	60	12	63	13	77	14	61	15	63	16	79	17	78	18	75	19	78	20	67	21	79	22	61	23	60	24	78	25	60	26	73	27	63	28	69	29	73	
	0	32	1	36	2	38	3	29	4	27	5	27	6	25	7	33	8	29	9	37	10	28	11	31	12	33	13	29	14	41	15	27	16	31	17	25	18	40	19	40	20	36	21	26	22	39	23	29	24	40	25	34	26	33	27	30	28	38	29	43	
	0	78	1	93	2	86	3	84	4	87	5	82	6	91	7	81	8	81	9	76	10	90	11	84	12	82	13	80	14	92	15	91	16	77	17	83	18	80	19	79	20	88	21	77	22	94	23	89	24	93	25	77	26	93	27	84	28	76	29	81	
	0	65	1	54	2	67	3	55	4	73	5	56	6	67	7	70	8	69	9	56	10	70	11	71	12	60	13	65	14	56	15	56	16	68	17	63	18	72	19	59	20	66	21	73	22	64	23	56	24	71	25	66	26	67	27	57	28	56	29	56	
	0	35	1	35	2	36	3	28	4	28	5	29	6	32	7	36	8	34	9	35	10	46	11	40	12	42	13	31	14	28	15	35	16	45	17	39	18	33	19	33	20	37	21	31	22	39	23	43	24	45	25	32	26	33	27	32	28	28	29	46	
	0	54	1	69	2	56	3	68	4	67	5	56	6	63	7	61	8	66	9	68	10	56	11	58	12	56	13	59	14	66	15	53	16	62	17	54	18	67	19	63	20	66	21	71	22	63	23	57	24	52	25	70	26	60	27	68	28	68	29	68	
	0	78	1	94	2	91	3	82	4	82	5	89	6	79	7	92	8	78	9	85	10	75	11	80	12	90	13	84	14	81	15	80	16	87	17	88	18	88	19	82	20	85	21	80	22	78	23	80	24	91	25	93	26	82	27	91	28	92	29	87	
	0	91	1	87	2	93	3	96	4	92	5	106	6	105	7	105	8	92	9	101	10	105	11	98	12	101	13	97	14	103	15	100	16	90	17	92	18	100	19	87	20	94	21	99	22	106	23	87	24	102	25	98	26	92	27	91	28	97	29	89	
	0	28	1	29	2	28	3	17	4	21	5	15	6	26	7	17	8	28	9	28	10	24	11	23	12	18	13	24	14	33	15	28	16	24	17	22	18	22	19	28	20	28	21	15	22	26	23	30	24	27	25	14	26	16	27	24	28	16	29	28	
	0	29	1	38	2	39	3	37	4	24	5	31	6	34	7	22	8	30	9	26	10	29	11	32	12	21	13	21	14	24	15	38	16	35	17	31	18	28	19	26	20	36	21	21	22	33	23	37	24	26	25	23	26	34	27	24	28	25	29	22	
	0	34	1	34	2	34	3	43	4	44	5	40	6	34	7	33	8	42	9	31	10	43	11	38	12	48	13	33	14	48	15	41	16	47	17	37	18	40	19	38	20	31	21	43	22	35	23	41	24	40	25	30	26	45	27	39	28	46	29	42	
	0	109	1	98	2	110	3	109	4	98	5	93	6	101	7	95	8	94	9	104	10	106	11	104	12	106	13	95	14	94	15	103	16	101	17	100	18	108	19	101	20	101	21	104	22	96	23	111	24	96	25	96	26	96	27	100	28	101	29	105	
	0	47	1	42	2	37	3	42	4	50	5	34	6	38	7	32	8	50	9	49	10	47	11	51	12	32	13	40	14	47	15	40	16	34	17	32	18	35	19	34	20	38	21	42	22	43	23	46	24	35	25	49	26	39	27	37	28	40	29	39	
	0	55	1	61	2	55	3	55	4	44	5	47	6	44	7	43	8	53	9	54	10	42	11	49	12	44	13	52	14	42	15	60	16	55	17	49	18	42	19	46	20	44	21	60	22	52	23	44	24	60	25	53	26	53	27	43	28	48	29	59	
	0	89	1	89	2	98	3	86	4	88	5	86	6	91	7	79	8	83	9	92	10	90	11	98	12	96	13	89	14	82	15	97	16	93	17	94	18	90	19	79	20	87	21	91	22	89	23	92	24	97	25	89	26	89	27	81	28	86	29	93	
	0	83	1	96	2	97	3	80	4	86	5	93	6	84	7	97	8	85	9	84	10	93	11	80	12	80	13	95	14	95	15	85	16	92	17	99	18	80	19	86	20	84	21	93	22	97	23	97	24	99	25	81	26	95	27	97	28	94	29	87	
	0	22	1	15	2	17	3	4	4	9	5	15	6	3	7	20	8	17	9	18	10	7	11	3	12	17	13	3	14	5	15	21	16	5	17	12	18	16	19	3	20	19	21	3	22	3	23	15	24	17	25	17	26	10	27	4	28	7	29	22	
	0	20	1	20	2	12	3	18	4	27	5	28	6	27	7	31	8	31	9	13	10	26	11	16	12	18	13	26	14	15	15	18	16	21	17	24	18	30	19	17	20	29	21	27	22	23	23	20	24	29	25	15	26	16	27	22	28	28	29	30	
	0	50	1	52	2	52	3	59	4	61	5	58	6	54	7	59	8	45	9	47	10	44	11	52	12	59	13	49	14	51	15	51	16	50	17	45	18	56	19	48	20	49	21	44	22	61	23	46	24	62	25	59	26	58	27	48	28	59	29	62	
	0	78	1	86	2	84	3	76	4	82	5	75	6	90	7	80	8	77	9	91	10	84	11	91	12	82	13	74	14	83	15	84	16	79	17	82	18	74	19	93	20	80	21	78	22	90	23	77	24	89	25	89	26	75	27	83	28	74	29	87	
	0	81	1	75	2	91	3	74	4	76	5	86	6	72	7	75	8	77	9	76	10	84	11	88	12	83	13	79	14	81	15	90	16	87	17	85	18	78	19	83	20	76	21	76	22	72	23	76	24	86	25	86	26	85	27	85	28	91	29	85	
	0	104	1	110	2	101	3	102	4	102	5	98	6	105	7	110	8	105	9	103	10	112	11	99	12	103	13	107	14	108	15	99	16	111	17	110	18	104	19	98	20	104	21	112	22	104	23	94	24	108	25	101	26	102	27	110	28	99	29	93	
	0	99	1	83	2	93	3	92	4	89	5	98	6	85	7	97	8	85	9	89	10	85	11	91	12	91	13	87	14	89	15	83	16	91	17	84	18	91	19	92	20	100	21	91	22	102	23	99	24	102	25	92	26	92	27	84	28	101	29	89	
	0	89	1	93	2	95	3	79	4	78	5	80	6	95	7	89	8	85	9	96	10	96	11	94	12	97	13	80	14	88	15	89	16	83	17	91	18	93	19	91	20	87	21	79	22	97	23	88	24	92	25	80	26	81	27	90	28	94	29	87	
	0	25	1	10	2	10	3	22	4	23	5	13	6	14	7	19	8	18	9	29	10	24	11	18	12	23	13	25	14	14	15	15	16	27	17	28	18	17	19	21	20	10	21	22	22	25	23	24	24	13	25	11	26	17	27	19	28	27	29	13	
	0	49	1	54	2	52	3	57	4	64	5	57	6	64	7	58	8	66	9	63	10	60	11	50	12	52	13	49	14	59	15	63	16	52	17	53	18	61	19	67	20	55	21	57	22	51	23	66	24	56	25	55	26	51	27	62	28	60	29	54	
	0	65	1	78	2	66	3	60	4	66	5	74	6	66	7	72	8	77	9	68	10	67	11	66	12	71	13	76	14	74	15	66	16	79	17	66	18	63	19	66	20	72	21	71	22	66	23	67	24	63	25	77	26	74	27	76	28	64	29	76	
	0	71	1	84	2	68	3	84	4	74	5	80	6	72	7	78	8	72	9	66	10	68	11	70	12	74	13	70	14	80	15	72	16	82	17	78	18	79	19	78	20	70	21	69	22	73	23	75	24	81	25	81	26	82	27	83	28	82	29	74	
	0	72	1	83	2	72	3	68	4	80	5	69	6	71	7	70	8	80	9	76	10	68	11	74	12	81	13	77	14	68	15	78	16	77	17	68	18	72	19	79	20	73	21	82	22	73	23	85	24	72	25	81	26	86	27	80	28	69	29	80	
	0	74	1	81	2	70	3	65	4	70	5	71	6	67	7	69	8	65	9	74	10	65	11	82	12	79	13	83	14	76	15	69	16	69	17	74	18	71	19	65	20	75	21	82	22	83	23	77	24	67	25	80	26	72	27	65	28	74	29	69	
	0	111	1	104	2	113	3	115	4	113	5	106	6	102	7	104	8	98	9	101	10	101	11	104	12	103	13	101	14	99	15	102	16	102	17	98	18	113	19	101	20	104	21	117	22	100	23	108	24	115	25	101	26	109	27	102	28	101	29	98	
	0	28	1	46	2	30	3	44	4	31	5	47	6	29	7	32	8	31	9	37	10	46	11	39	12	35	13	47	14	33	15	30	16	44	17	42	18	29	19	37	20	41	21	46	22	42	23	39	24	46	25	45	26	30	27	45	28	40	29	41	
	0	67	1	71	2	65	3	75	4	73	5	72	6	62	7	71	8	73	9	73	10	71	11	72	12	68	13	68	14	69	15	61	16	66	17	58	18	66	19	66	20	69	21	71	22	76	23	64	24	59	25	73	26	59	27	70	28	69	29	76	
	0	60	1	65	2	75	3	77	4	63	5	76	6	67	7	74	8	61	9	64	10	64	11	62	12	77	13	68	14	64	15	74	16	63	17	76	18	66	19	76	20	64	21	68	22	66	23	73	24	73	25	63	26	67	27	65	28	59	29	63	
	0	55	1	53	2	43	3	46	4	44	5	45	6	43	7	48	8	43	9	51	10	56	11	44	12	53	13	45	14	42	15	51	16	47	17	50	18	45	19	39	20	56	21	41	22	50	23	52	24	55	25	44	26	54	27	47	28	57	29	48	
	0	84	1	74	2	78	3	86	4	69	5	76	6	86	7	68	8	73	9	71	10	79	11	82	12	85	13	81	14	68	15	74	16	79	17	78	18	76	19	68	20	71	21	81	22	71	23	84	24	68	25	80	26	82	27	85	28	79	29	72	
	0	39	1	41	2	46	3	41	4	43	5	46	6	36	7	46	8	35	9	49	10	38	11	45	12	40	13	36	14	36	15	45	16	50	17	39	18	36	19	44	20	36	21	42	22	50	23	38	24	42	25	37	26	53	27	53	28	50	29	39	
	0	51	1	61	2	52	3	58	4	43	5	62	6	60	7	53	8	53	9	44	10	56	11	58	12	60	13	47	14	57	15	52	16	56	17	60	18	55	19	47	20	59	21	51	22	56	23	61	24	58	25	44	26	56	27	49	28	50	29	50	
	0	25	1	20	2	18	3	20	4	20	5	33	6	36	7	21	8	26	9	29	10	26	11	36	12	37	13	35	14	35	15	26	16	32	17	19	18	19	19	18	20	35	21	18	22	31	23	31	24	30	25	30	26	32	27	26	28	27	29	26	
	0	71	1	57	2	61	3	53	4	63	5	59	6	60	7	64	8	71	9	71	10	57	11	66	12	69	13	62	14	60	15	59	16	62	17	59	18	62	19	67	20	62	21	63	22	61	23	60	24	61	25	57	26	64	27	69	28	66	29	64	
	0	92	1	93	2	102	3	95	4	97	5	96	6	94	7	99	8	101	9	101	10	93	11	96	12	99	13	89	14	100	15	106	16	100	17	95	18	95	19	97	20	96	21	89	22	95	23	106	24	88	25	102	26	103	27	94	28	89	29	95	
	0	70	1	75	2	74	3	57	4	74	5	57	6	67	7	65	8	66	9	75	10	72	11	59	12	74	13	74	14	63	15	62	16	70	17	75	18	61	19	56	20	75	21	65	22	57	23	58	24	66	25	63	26	61	27	68	28	68	29	65	
	0	83	1	86	2	90	3	81	4	83	5	79	6	81	7	83	8	79	9	76	10	90	11	79	12	77	13	93	14	90	15	92	16	93	17	86	18	84	19	88	20	85	21	76	22	83	23	76	24	90	25	82	26	91	27	90	28	77	29	87	
	0	90	1	87	2	78	3	85	4	88	5	77	6	86	7	74	8	93	9	81	10	80	11	74	12	91	13	88	14	87	15	76	16	84	17	81	18	79	19	79	20	78	21	93	22	82	23	92	24	79	25	80	26	89	27	80	28	82	29	90	
	0	27	1	32	2	30	3	36	4	39	5	30	6	41	7	29	8	38	9	37	10	42	11	34	12	30	13	34	14	34	15	36	16	23	17	27	18	29	19	37	20	32	21	39	22	25	23	23	24	35	25	42	26	39	27	26	28	27	29	23	
	0	95	1	104	2	99	3	95	4	110	5	114	6	104	7	109	8	106	9	107	10	98	11	103	12	105	13	112	14	109	15	100	16	99	17	107	18	100	19	102	20	109	21	106	22	102	23	110	24	95	25	104	26	104	27	96	28	97	29	109	
	0	80	1	90	2	92	3	83	4	87	5	91	6	89	7	85	8	84	9	93	10	85	11	85	12	76	13	88	14	86	15	81	16	78	17	85	18	81	19	80	20	87	21	85	22	87	23	75	24	92	25	83	26	84	27	74	28	74	29	82	
	0	81	1	63	2	80	3	65	4	81	5	68	6	77	7	69	8	67	9	68	10	76	11	81	12	68	13	74	14	69	15	68	16	80	17	71	18	67	19	70	20	73	21	63	22	72	23	76	24	79	25	78	26	64	27	77	28	62	29	69	
	0	45	1	41	2	31	3	33	4	40	5	35	6	42	7	32	8	32	9	42	10	33	11	42	12	40	13	35	14	27	15	28	16	32	17	45	18	34	19	42	20	39	21	43	22	34	23	27	24	40	25	46	26	27	27	39	28	42	29	44	
	0	91	1	82	2	86	3	89	4	89	5	82	6	84	7	77	8	85	9	77	10	80	11	81	12	77	13	86	14	87	15	78	16	78	17	93	18	81	19	89	20	83	21	84	22	79	23	85	24	78	25	78	26	74	27	77	28	77	29	88	
	0	93	1	110	2	95	3	102	4	109	5	95	6	112	7	95	8	97	9	102	10	112	11	111	12	97	13	95	14	98	15	110	16	105	17	106	18	111	19	103	20	109	21	103	22	112	23	94	24	94	25	103	26	110	27	104	28	104	29	111	
	0	30	1	38	2	35	3	40	4	38	5	41	6	31	7	42	8	32	9	28	10	44	11	40	12	30	13	29	14	35	15	36	16	36	17	34	18	43	19	40	20	34	21	45	22	47	23	30	24	30	25	32	26	34	27	34	28	44	29	38	
	0	104	1	106	2	108	3	113	4	102	5	98	6	113	7	109	8	102	9	105	10	115	11	99	12	101	13	110	14	103	15	111	16	104	17	106	18	112	19	106	20	107	21	99	22	97	23	100	24	96	25	115	26	97	27	96	28	106	29	108	
	0	32	1	19	2	15	3	13	4	19	5	25	6	19	7	26	8	14	9	24	10	32	11	20	12	30	13	29	14	23	15	26	16	14	17	18	18	15	19	16	20	19	21	22	22	15	23	14	24	25	25	21	26	28	27	29	28	26	29	30	
	0	48	1	45	2	53	3	45	4	60	5	43	6	47	7	54	8	44	9	48	10	45	11	55	12	59	13	53	14	53	15	45	16	44	17	55	18	41	19	43	20	56	21	52	22	58	23	51	24	60	25	57	26	52	27	48	28	42	29	56	
	0	32	1	38	2	35	3	38	4	35	5	26	6	34	7	22	8	33	9	38	10	39	11	27	12	21	13	27	14	33	15	26	16	30	17	34	18	31	19	21	20	25	21	21	22	30	23	24	24	25	25	31	26	21	27	34	28	25	29	21	
	0	69	1	73	2	59	3	71	4	60	5	68	6	60	7	58	8	77	9	63	10	68	11	73	12	74	13	62	14	58	15	77	16	73	17	61	18	66	19	67	20	60	21	72	22	68	23	63	24	60	25	65	26	65	27	77	28	71	29	74	
	0	69	1	61	2	70	3	65	4	62	5	56	6	56	7	59	8	67	9	63	10	61	11	57	12	64	13	73	14	64	15	61	16	68	17	72	18	63	19	57	20	60	21	56	22	64	23	58	24	67	25	62	26	69	27	58	28	72	29	61	
	0	16	1	18	2	20	3	10	4	2	5	14	6	12	7	21	8	13	9	12	10	21	11	21	12	17	13	20	14	4	15	19	16	16	17	20	18	19	19	18	20	4	21	8	22	5	23	7	24	13	25	17	26	10	27	7	28	13	29	6	
	0	95	1	97	2	98	3	79	4	98	5	81	6	96	7	96	8	88	9	95	10	81	11	81	12	87	13	85	14	91	15	93	16	82	17	91	18	89	19	89	20	86	21	80	22	87	23	81	24	86	25	82	26	81	27	93	28	96	29	82	
	0	17	1	13	2	21	3	25	4	22	5	24	6	25	7	27	8	9	9	13	10	13	11	10	12	21	13	28	14	17	15	24	16	12	17	27	18	19	19	15	20	25	21	23	22	26	23	18	24	11	25	17	26	16	27	23	28	23	29	14	
	0	99	1	89	2	95	3	102	4	99	5	100	6	85	7	94	8	87	9	98	10	99	11	93	12	86	13	97	14	93	15	89	16	88	17	91	18	94	19	95	20	97	21	90	22	93	23	84	24	100	25	95	26	99	27	92	28	90	29	90	
	0	65	1	55	2	56	3	64	4	65	5	63	6	49	7	49	8	62	9	56	10	58	11	58	12	65	13	62	14	54	15	53	16	60	17	68	18	50	19	63	20	54	21	67	22	68	23	56	24	59	25	56	26	64	27	55	28	68	29	55	
	0	80	1	81	2	80	3	71	4	72	5	84	6	70	7	83	8	69	9	74	10	79	11	71	12	88	13	69	14	86	15	88	16	83	17	72	18	69	19	72	20	84	21	84	22	75	23	82	24	76	25	71	26	77	27	76	28	85	29	79	
	0	12	1	11	2	20	3	7	4	7	5	21	6	23	7	18	8	10	9	25	10	14	11	9	12	22	13	16	14	25	15	8	16	25	17	22	18	9	19	21	20	21	21	25	22	23	23	10	24	14	25	7	26	26	27	11	28	9	29	20	
	0	30	1	25	2	22	3	32	4	33	5	16	6	30	7	31	8	24	9	19	10	27	11	32	12	18	13	24	14	21	15	32	16	23	17	28	18	32	19	21	20	30	21	17	22	27	23	29	24	32	25	30	26	18	27	21	28	19	29	34	
	0	44	1	26	2	29	3	40	4	30	5	31	6	33	7	27	8	45	9	32	10	29	11	45	12	32	13	42	14	34	15	27	16	43	17	31	18	37	19	26	20	45	21	42	22	26	23	44	24	40	25	39	26	40	27	34	28	44	29	38	
	0	40	1	37	2	40	3	28	4	32	5	34	6	42	7	25	8	37	9	34	10	27	11	34	12	25	13	29	14	30	15	36	16	28	17	41	18	44	19	42	20	32	21	38	22	28	23	29	24	36	25	39	26	43	27	36	28	35	29	29	
	0	15	1	21	2	15	3	20	4	30	5	27	6	16	7	25	8	17	9	28	10	30	11	30	12	15	13	25	14	32	15	29	16	19	17	18	18	19	19	20	20	17	21	19	22	14	23	21	24	30	25	18	26	15	27	20	28	18	29	26	
	0	54	1	54	2	52	3	53	4	48	5	46	6	38	7	43	8	51	9	51	10	42	11	55	12	42	13	38	14	51	15	45	16	51	17	41	18	52	19	50	20	50	21	43	22	44	23	49	24	38	25	46	26	50	27	51	28	40	29	37	
	0	30	1	29	2	14	3	29	4	30	5	25	6	26	7	29	8	22	9	16	10	14	11	27	12	16	13	23	14	15	15	25	16	23	17	29	18	21	19	14	20	24	21	31	22	23	23	16	24	22	25	20	26	14	27	30	28	24	29	16	
	0	55	1	54	2	57	3	58	4	52	5	44	6	58	7	47	8	45	9	45	10	52	11	54	12	43	13	59	14	49	15	55	16	58	17	50	18	43	19	48	20	56	21	51	22	50	23	55	24	54	25	54	26	43	27	61	28	43	29	45	
	0	75	1	73	2	83	3	82	4	73	5	71	6	83	7	84	8	83	9	75	10	71	11	80	12	70	13	72	14	72	15	66	16	66	17	81	18	68	19	70	20	79	21	68	22	70	23	72	24	68	25	76	26	77	27	68	28	82	29	80	
	0	25	1	41	2	28	3	41	4	38	5	27	6	42	7	28	8	37	9	30	10	36	11	39	12	37	13	34	14	26	15	31	16	30	17	33	18	24	19	34	20	30	21	27	22	30	23	25	24	40	25	29	26	43	27	29	28	25	29	28	
	0	66	1	56	2	57	3	50	4	49	5	50	6	52	7	62	8	64	9	50	10	54	11	68	12	62	13	55	14	50	15	61	16	51	17	51	18	50	19	60	20	60	21	54	22	56	23	50	24	53	25	56	26	53	27	63	28	59	29	60	
	0	19	1	22	2	27	3	22	4	28	5	10	6	10	7	19	8	12	9	20	10	11	11	11	12	13	13	26	14	21	15	24	16	21	17	16	18	18	19	17	20	22	21	25	22	14	23	25	24	24	25	15	26	15	27	17	28	18	29	19	
	0	46	1	51	2	40	3	37	4	36	5	45	6	38	7	43	8	46	9	45	10	44	11	52	12	41	13	51	14	43	15	38	16	36	17	35	18	47	19	49	20	47	21	37	22	34	23	46	24	53	25	41	26	52	27	53	28	40	29	52	
	0	24	1	19	2	13	3	19	4	24	5	18	6	19	7	10	8	18	9	22	10	16	11	18	12	23	13	14	14	14	15	13	16	22	17	23	18	29	19	26	20	19	21	27	22	11	23	10	24	22	25	28	26	12	27	27	28	13	29	15	
	0	84	1	79	2	85	3	92	4	81	5	82	6	82	7	78	8	79	9	89	10	77	11	75	12	76	13	91	14	84	15	91	16	76	17	82	18	92	19	88	20	92	21	92	22	83	23	87	24	93	25	83	26	86	27	75	28	76	29	93	
	0	71	1	62	2	69	3	66	4	54	5	55	6	73	7	54	8	65	9	68	10	69	11	60	12	68	13	54	14	68	15	64	16	69	17	69	18	70	19	72	20	62	21	60	22	70	23	73	24	69	25	57	26	57	27	64	28	67	29	69	
	0	35	1	37	2	32	3	38	4	27	5	36	6	39	7	26	8	26	9	30	10	31	11	27	12	23	13	34	14	20	15	24	16	21	17	26	18	25	19	39	20	32	21	22	22	23	23	28	24	25	25	24	26	26	27	22	28	31	29	26	
	0	52	1	58	2	61	3	52	4	63	5	62	6	49	7	53	8	53	9	57	10	65	11	56	12	61	13	54	14	49	15	64	16	59	17	49	18	55	19	56	20	58	21	57	22	64	23	54	24	67	25	54	26	60	27	67	28	49	29	52	
	0	43	1	52	2	51	3	50	4	38	5	39	6	39	7	46	8	40	9	38	10	46	11	51	12	44	13	48	14	45	15	53	16	47	17	37	18	38	19	51	20	46	21	47	22	34	23	52	24	45	25	38	26	51	27	35	28	36	29	42	
	0	74	1	64	2	73	3	71	4	81	5	77	6	80	7	69	8	77	9	63	10	63	11	76	12	69	13	63	14	73	15	63	16	79	17	82	18	76	19	75	20	76	21	77	22	74	23	81	24	70	25	69	26	78	27	63	28	68	29	67	
	0	76	1	94	2	92	3	89	4	94	5	79	6	75	7	86	8	81	9	84	10	88	11	94	12	94	13	94	14	93	15	79	16	87	17	79	18	88	19	86	20	94	21	93	22	76	23	84	24	85	25	80	26	89	27	79	28	81	29	91	
	0	100	1	115	2	102	3	106	4	102	5	116	6	99	7	115	8	112	9	101	10	104	11	116	12	101	13	111	14	110	15	107	16	107	17	103	18	100	19	115	20	101	21	102	22	110	23	111	24	117	25	111	26	112	27	98	28	113	29	112	
	0	57	1	62	2	59	3	69	4	68	5	69	6	56	7	53	8	57	9	54	10	68	11	68	12	61	13	58	14	60	15	53	16	67	17	67	18	54	19	67	20	56	21	59	22	53	23	59	24	70	25	51	26	70	27	55	28	63	29	60	
	0	20	1	23	2	22	3	11	4	12	5	13	6	15	7	20	8	10	9	9	10	26	11	23	12	10	13	19	14	15	15	26	16	16	17	23	18	22	19	15	20	16	21	22	22	26	23	23	24	25	25	26	26	9	27	15	28	21	29	26	
	0	51	1	48	2	59	3	51	4	47	5	54	6	62	7	58	8	57	9	47	10	58	11	64	12	56	13	63	14	61	15	49	16	62	17	48	18	52	19	65	20	54	21	54	22	65	23	52	24	56	25	46	26	56	27	52	28	47	29	49	
	0	81	1	94	2	85	3	89	4	83	5	90	6	87	7	80	8	86	9	82	10	75	11	89	12	79	13	76	14	84	15	94	16	78	17	78	18	80	19	85	20	82	21	75	22	85	23	93	24	77	25	89	26	83	27	86	28	77	29	77	
	0	85	1	80	2	74	3	79	4	76	5	83	6	82	7	83	8	84	9	84	10	68	11	85	12	74	13	85	14	79	15	78	16	76	17	82	18	81	19	70	20	84	21	67	22	66	23	73	24	79	25	82	26	79	27	68	28	72	29	76	
	0	97	1	90	2	96	3	84	4	98	5	95	6	86	7	89	8	95	9	93	10	91	11	89	12	96	13	93	14	97	15	97	16	101	17	98	18	92	19	91	20	92	21	98	22	86	23	86	24	92	25	101	26	99	27	102	28	85	29	86	
	0	112	1	110	2	107	3	96	4	107	5	101	6	107	7	111	8	97	9	110	10	103	11	100	12	108	13	97	14	101	15	108	16	114	17	111	18	97	19	101	20	97	21	100	22	115	23	113	24	98	25	103	26	114	27	115	28	105	29	109	
	0	14	1	21	2	24	3	10	4	15	5	21	6	8	7	6	8	15	9	18	10	23	11	13	12	9	13	5	14	7	15	21	16	17	17	12	18	12	19	13	20	11	21	13	22	5	23	5	24	8	25	8	26	6	27	9	28	17	29	7	
	0	42	1	41	2	53	3	60	4	55	5	60	6	54	7	48	8	59	9	58	10	45	11	52	12	48	13	44	14	52	15	55	16	52	17	43	18	42	19	59	20	56	21	44	22	49	23	54	24	58	25	45	26	43	27	54	28	51	29	59	
	0	25	1	28	2	21	3	16	4	23	5	19	6	33	7	29	8	33	9	16	10	19	11	30	12	20	13	28	14	33	15	30	16	28	17	24	18	17	19	31	20	25	21	29	22	19	23	20	24	34	25	29	26	15	27	33	28	32	29	16	
	0	101	1	85	2	93	3	88	4	101	5	96	6	91	7	93	8	96	9	86	10	93	11	87	12	101	13	95	14	90	15	94	16	89	17	99	18	93	19	87	20	102	21	83	22	95	23	97	24	86	25	87	26	95	27	89	28	95	29	83	
	0	93	1	92	2	103	3	96	4	109	5	99	6	104	7	105	8	100	9	102	10	101	11	104	12	92	13	103	14	102	15	109	16	99	17	101	18	105	19	101	20	94	21	93	22	103	23	93	24	106	25	94	26	93	27	101	28	97	29	94	
	0	53	1	51	2	45	3	43	4	43	5	51	6	53	7	53	8	48	9	54	10	51	11	47	12	45	13	54	14	48	15	51	16	48	17	47	18	44	19	47	20	57	21	47	22	49	23	53	24	51	25	40	26	50	27	48	28	47	29	53	
	0	72	1	86	2	85	3	79	4	70	5	71	6	79	7	75	8	72	9	77	10	84	11	86	12	86	13	84	14	71	15	76	16	71	17	88	18	85	19	75	20	70	21	71	22	76	23	85	24	71	25	88	26	77	27	78	28	74	29	80	
	0	68	1	75	2	68	3	77	4	72	5	72	6	73	7	80	8	70	9	80	10	76	11	85	12	69	13	73	14	74	15	70	16	73	17	82	18	81	19	71	20	74	21	75	22	82	23	69	24	66	25	85	26	69	27	83	28	76	29	69	
	0	59	1	61	2	46	3	44	4	59	5	56	6	49	7	46	8	46	9	60	10	61	11	50	12	58	13	48	14	51	15	48	16	59	17	46	18	58	19	61	20	49	21	47	22	52	23	48	24	51	25	49	26	50	27	60	28	62	29	48	
	0	109	1	113	2	104	3	106	4	106	5	107	6	119	7	120	8	120	9	104	10	105	11	107	12	110	13	114	14	116	15	112	16	112	17	101	18	116	19	116	20	104	21	120	22	116	23	113	24	103	25	101	26	113	27	117	28	107	29	103	
	0	71	1	75	2	82	3	74	4	69	5	74	6	82	7	77	8	73	9	82	10	82	11	82	12	70	13	82	14	85	15	87	16	85	17	76	18	81	19	78	20	68	21	72	22	86	23	75	24	74	25	86	26	77	27	83	28	76	29	83	
	0	41	1	42	2	33	3	45	4	45	5	34	6	45	7	32	8	36	9	31	10	43	11	40	12	32	13	36	14	38	15	49	16	48	17	31	18	38	19	48	20	47	21	44	22	41	23	43	24	37	25	30	26	44	27	46	28	44	29	35	
	0	36	1	34	2	34	3	40	4	31	5	38	6	31	7	26	8	33	9	34	10	39	11	34	12	30	13	34	14	31	15	25	16	40	17	38	18	33	19	42	20	33	21	40	22	30	23	34	24	36	25	27	26	27	27	29	28	37	29	27	
	0	114	1	104	2	115	3	112	4	117	5	98	6	114	7	105	8	114	9	105	10	117	11	115	12	101	13	98	14	113	15	116	16	100	17	115	18	104	19	115	20	111	21	109	22	107	23	107	24	104	25	110	26	116	27	108	28	116	29	112	
	0	49	1	40	2	45	3	37	4	44	5	32	6	48	7	41	8	46	9	36	10	51	11	50	12	37	13	42	14	50	15	51	16	41	17	50	18	50	19	50	20	32	21	47	22	51	23	38	24	41	25	38	26	36	27	38	28	47	29	48	
	0	91	1	92	2	92	3	84	4	90	5	94	6	80	7	92	8	80	9	85	10	85	11	81	12	91	13	86	14	83	15	80	16	90	17	77	18	95	19	76	20	94	21	90	22	76	23	91	24	95	25	79	26	76	27	95	28	78	29	90	
	0	106	1	102	2	111	3	98	4	105	5	107	6	110	7	111	8	100	9	98	10	108	11	104	12	117	13	100	14	111	15	107	16	116	17	113	18	102	19	108	20	111	21	106	22	109	23	100	24	105	25	113	26	100	27	104	28	112	29	104	
	0	63	1	62	2	73	3	55	4	62	5	65	6	55	7	58	8	66	9	73	10	56	11	66	12	55	13	62	14	55	15	68	16	67	17	55	18	69	19	70	20	74	21	59	22	69	23	72	24	70	25	72	26	66	27	72	28	65	29	59	
	0	12	1	15	2	23	3	20	4	21	5	14	6	18	7	9	8	15	9	8	10	10	11	13	12	6	13	11	14	11	15	7	16	15	17	8	18	9	19	4	20	19	21	6	22	6	23	14	24	6	25	10	26	15	27	19	28	17	29	4	
	0	7	1	8	2	4	3	8	4	17	5	5	6	12	7	20	8	12	9	13	10	8	11	14	12	3	13	14	14	21	15	7	16	15	17	4	18	15	19	3	20	19	21	20	22	12	23	7	24	4	25	4	26	18	27	4	28	3	29	16	
	0	20	1	37	2	31	3	23	4	22	5	23	6	20	7	32	8	34	9	33	10	39	11	36	12	32	13	36	14	22	15	23	16	36	17	24	18	30	19	32	20	26	21	24	22	37	23	21	24	26	25	36	26	20	27	20	28	33	29	36	
	0	89	1	71	2	76	3	78	4	87	5	74	6	74	7	85	8	74	9	81	10	80	11	86	12	90	13	78	14	82	15	85	16	83	17	72	18	85	19	83	20	87	21	81	22	89	23	83	24	88	25	85	26	73	27	71	28	81	29	84	
	0	52	1	53	2	62	3	53	4	63	5	49	6	47	7	51	8	59	9	62	10	54	11	49	12	48	13	57	14	49	15	61	16	61	17	62	18	62	19	57	20	47	21	50	22	45	23	51	24	54	25	47	26	48	27	63	28	63	29	46	
	0	56	1	67	2	55	3	63	4	49	5	55	6	48	7	48	8	56	9	49	10	56	11	54	12	51	13	66	14	48	15	62	16	59	17	55	18	57	19	64	20	67	21	60	22	61	23	61	24	57	25	57	26	62	27	48	28	58	29	60	
	0	90	1	88	2	75	3	91	4	75	5	80	6	77	7	78	8	86	9	77	10	76	11	93	12	78	13	81	14	75	15	87	16	80	17	75	18	78	19	76	20	75	21	81	22	85	23	83	24	87	25	78	26	83	27	83	28	81	29	88	
	0	103	1	98	2	94	3	107	4	105	5	97	6	99	7	97	8	110	9	104	10	109	11	112	12	93	13	108	14	110	15	103	16	112	17	104	18	103	19	108	20	106	21	106	22	101	23	103	24	95	25	103	26	96	27	103	28	108	29	95	
	0	70	1	58	2	61	3	58	4	70	5	59	6	68	7	59	8	63	9	72	10	70	11	60	12	76	13	70	14	65	15	67	16	74	17	76	18	68	19	70	20	75	21	75	22	64	23	69	24	64	25	73	26	74	27	58	28	74	29	73	
	0	7	1	13	2	9	3	22	4	4	5	11	6	14	7	8	8	21	9	6	10	14	11	15	12	13	13	20	14	22	15	16	16	15	17	3	18	22	19	18	20	9	21	6	22	19	23	5	24	4	25	8	26	15	27	6	28	17	29	22	
	0	69	1	83	2	77	3	86	4	79	5	80	6	73	7	79	8	74	9	70	10	75	11	71	12	74	13	82	14	81	15	68	16	70	17	71	18	79	19	76	20	76	21	73	22	80	23	71	24	74	25	77	26	68	27	69	28	84	29	78	
	0	82	1	67	2	85	3	73	4	79	5	75	6	74	7	77	8	72	9	81	10	85	11	74	12	69	13	72	14	81	15	82	16	84	17	75	18	74	19	86	20	71	21	80	22	72	23	82	24	85	25	71	26	74	27	81	28	79	29	77	
	0	38	1	31	2	31	3	34	4	35	5	26	6	31	7	27	8	26	9	33	10	32	11	29	12	24	13	31	14	39	15	29	16	36	17	23	18	31	19	33	20	29	21	35	22	26	23	24	24	27	25	37	26	41	27	24	28	38	29	25	
	0	104	1	98	2	93	3	88	4	101	5	103	6	107	7	103	8	103	9	92	10	91	11	101	12	99	13	89	14	107	15	104	16	96	17	100	18	94	19	103	20	97	21	96	22	90	23	102	24	101	25	98	26	88	27	94	28	92	29	104	
	0	113	1	117	2	106	3	109	4	111	5	111	6	102	7	110	8	100	9	99	10	102	11	104	12	116	13	113	14	105	15	98	16	101	17	112	18	101	19	112	20	103	21	110	22	115	23	106	24	104	25	116	26	112	27	108	28	109	29	114	
	0	49	1	46	2	52	3	49	4	54	5	55	6	43	7	41	8	42	9	44	10	44	11	44	12	55	13	46	14	42	15	56	16	55	17	52	18	39	19	48	20	53	21	54	22	47	23	57	24	41	25	56	26	55	27	56	28	43	29	44	
	0	36	1	30	2	27	3	25	4	35	5	28	6	42	7	34	8	40	9	25	10	37	11	26	12	34	13	40	14	24	15	28	16	34	17	40	18	36	19	35	20	28	21	38	22	33	23	41	24	40	25	36	26	31	27	24	28	31	29	32	
	0	49	1	55	2	62	3	54	4	63	5	56	6	55	7	61	8	62	9	58	10	55	11	61	12	65	13	64	14	58	15	50	16	55	17	49	18	50	19	60	20	66	21	48	22	57	23	62	24	66	25	62	26	57	27	55	28	48	29	63	
	0	47	1	58	2	56	3	59	4	56	5	47	6	57	7	55	8	57	9	49	10	55	11	48	12	53	13	59	14	55	15	51	16	43	17	47	18	56	19	55	20	58	21	53	22	42	23	51	24	43	25	48	26	47	27	55	28	49	29	58	
	0	50	1	52	2	33	3	38	4	49	5	34	6	42	7	49	8	44	9	40	10	51	11	47	12	44	13	42	14	49	15	43	16	43	17	48	18	38	19	46	20	43	21	49	22	40	23	38	24	49	25	45	26	36	27	45	28	49	29	33	
	0	80	1	80	2	71	3	72	4	71	5	79	6	81	7	77	8	68	9	78	10	79	11	66	12	74	13	79	14	70	15	69	16	65	17	80	18	62	19	76	20	69	21	69	22	64	23	70	24	62	25	81	26	77	27	70	28	70	29	65	
	0	73	1	82	2	68	3	76	4	77	5	66	6	82	7	69	8	79	9	82	10	77	11	81	12	80	13	73	14	81	15	66	16	68	17	81	18	79	19	63	20	77	21	76	22	82	23	72	24	77	25	72	26	65	27	72	28	73	29	79	
	0	77	1	70	2	73	3	81	4	67	5	65	6	83	7	71	8	80	9	80	10	73	11	71	12	77	13	67	14	74	15	66	16	80	17	79	18	66	19	83	20	76	21	72	22	68	23	80	24	83	25	73	26	80	27	73	28	78	29	78	
	0	108	1	108	2	92	3	105	4	90	5	91	6	98	7	100	8	108	9	99	10	95	11	99	12	90	13	91	14	99	15	105	16	101	17	105	18	106	19	107	20	95	21	99	22	93	23	101	24	107	25	99	26	101	27	90	28	105	29	102	
	0	92	1	97	2	81	3	87	4	96	5	96	6	79	7	81	8	95	9	87	10	85	11	92	12	81	13	95	14	91	15	94	16	83	17	81	18	83	19	83	20	89	21	83	22	98	23	79	24	87	25	98	26	97	27	93	28	98	29	96	
	0	72	1	83	2	80	3	66	4	81	5	75	6	72	7	73	8	83	9	77	10	72	11	68	12	77	13	80	14	67	15	74	16	81	17	76	18	77	19	71	20	65	21	81	22	83	23	72	24	74	25	80	26	81	27	65	28	74	29	84	
	0	24	1	26	2	13	3	16	4	20	5	27	6	31	7	30	8	19	9	17	10	25	11	16	12	16	13	23	14	17	15	18	16	29	17	30	18	13	19	25	20	22	21	17	22	32	23	27	24	16	25	14	26	27	27	30	28	29	29	19	
	0	95	1	113	2	99	3	109	4	111	5	110	6	112	7	96	8	112	9	104	10	104	11	102	12	96	13	106	14	109	15	100	16	105	17	100	18	95	19	98	20	102	21	107	22	110	23	114	24	100	25	113	26	101	27	99	28	95	29	104	
	0	77	1	78	2	74	3	69	4	76	5	69	6	74	7	81	8	75	9	77	10	69	11	79	12	70	13	80	14	87	15	80	16	82	17	77	18	72	19	74	20	74	21	76	22	68	23	78	24	76	25	75	26	80	27	87	28	70	29	71	
	0	86	1	82	2	93	3	88	4	100	5	101	6	97	7	86	8	97	9	94	10	87	11	92	12	101	13	89	14	86	15	85	16	83	17	88	18	91	19	92	20	98	21	88	22	85	23	90	24	95	25	100	26	90	27	91	28	90	29	101	
	0	81	1	93	2	80	3	96	4	86	5	88	6	94	7	81	8	80	9	91	10	84	11	91	12	80	13	89	14	90	15	89	16	94	17	85	18	83	19	96	20	85	21	88	22	85	23	80	24	85	25	98	26	80	27	95	28	82	29	84	
	0	5	1	9	2	14	3	20	4	19	5	8	6	14	7	15	8	21	9	5	10	10	11	8	12	3	13	18	14	4	15	7	16	10	17	14	18	13	19	17	20	10	21	5	22	6	23	16	24	6	25	13	26	14	27	10	28	11	29	19	
	0	111	1	103	2	106	3	102	4	104	5	108	6	114	7	111	8	96	9	96	10	95	11	98	12	95	13	103	14	111	15	95	16	102	17	99	18	102	19	111	20	98	21	101	22	106	23	113	24	109	25	101	26	109	27	100	28	111	29	113	
	0	40	1	33	2	38	3	31	4	36	5	41	6	28	7	45	8	36	9	40	10	45	11	27	12	33	13	34	14	38	15	40	16	34	17	35	18	43	19	35	20	29	21	26	22	39	23	28	24	38	25	42	26	40	27	43	28	43	29	27	
	0	46	1	51	2	54	3	44	4	53	5	58	6	55	7	54	8	60	9	52	10	59	11	58	12	60	13	48	14	59	15	45	16	53	17	63	18	57	19	52	20	59	21	53	22	44	23	59	24	54	25	48	26	48	27	57	28	52	29	53	
	0	87	1	81	2	82	3	91	4	96	5	96	6	85	7	86	8	80	9	83	10	90	11	94	12	92	13	83	14	86	15	83	16	84	17	79	18	93	19	81	20	94	21	78	22	79	23	82	24	80	25	90	26	90	27	85	28	91	29	91	
	0	98	1	109	2	102	3	96	4	93	5	103	6	103	7	107	8	95	9	100	10	105	11	104	12	104	13	96	14	108	15	103	16	101	17	104	18	97	19	93	20	105	21	96	22	92	23	99	24	107	25	110	26	104	27	109	28	92	29	92	
	0	76	1	91	2	78	3	78	4	78	5	83	6	86	7	93	8	93	9	85	10	85	11	87	12	94	13	95	14	81	15	76	16	91	17	90	18	80	19	77	20	78	21	94	22	87	23	86	24	89	25	91	26	94	27	76	28	88	29	76	
	0	16	1	10	2	16	3	13	4	9	5	19	6	12	7	22	8	15	9	19	10	24	11	16	12	9	13	13	14	18	15	17	16	10	17	15	18	17	19	15	20	12	21	9	22	11	23	27	24	10	25	13	26	19	27	15	28	13	29	13	
	0	58	1	59	2	53	3	54	4	48	5	55	6	57	7	53	8	51	9	55	10	55	11	51	12	48	13	51	14	54	15	62	16	46	17	63	18	49	19	64	20	57	21	54	22	62	23	63	24	49	25	47	26	60	27	60	28	50	29	53	
	0	22	1	26	2	16	3	17	4	19	5	34	6	18	7	28	8	34	9	24	10	15	11	16	12	20	13	17	14	23	15	32	16	19	17	20	18	28	19	34	20	23	21	28	22	34	23	27	24	22	25	25	26	29	27	27	28	29	29	24	
	0	6	1	13	2	7	3	8	4	10	5	15	6	18	7	14	8	21	9	16	10	19	11	14	12	20	13	9	14	15	15	13	16	10	17	7	18	17	19	18	20	10	21	22	22	7	23	5	24	16	25	20	26	21	27	8	28	22	29	13	
	0	26	1	22	2	40	3	23	4	22	5	37	6	25	7	22	8	31	9	21	10	21	11	26	12	24	13	38	14	34	15	28	16	29	17	23	18	29	19	32	20	32	21	30	22	27	23	28	24	35	25	24	26	37	27	32	28	21	29	38	
	0	18	1	13	2	21	3	10	4	14	5	9	6	7	7	13	8	21	9	19	10	12	11	16	12	17	13	17	14	13	15	8	16	8	17	17	18	13	19	19	20	20	21	5	22	12	23	14	24	17	25	22	26	3	27	4	28	4	29	18	
	0	24	1	33	2	26	3	18	4	17	5	30	6	24	7	20	8	16	9	25	10	22	11	26	12	30	13	18	14	18	15	27	16	24	17	35	18	28	19	19	20	29	21	35	22	31	23	26	24	28	25	19	26	34	27	31	28	27	29	24	
	0	112	1	115	2	107	3	111	4	108	5	113	6	114	7	109	8	102	9	107	10	111	11	105	12	118	13	117	14	101	15	102	16	104	17	108	18	116	19	102	20	107	21	117	22	111	23	102	24	103	25	106	26	111	27	116	28	111	29	105	
	0	62	1	53	2	70	3	68	4	67	5	57	6	56	7	54	8	64	9	57	10	55	11	52	12	69	13	56	14	69	15	52	16	69	17	66	18	70	19	61	20	68	21	62	22	63	23	66	24	53	25	63	26	64	27	57	28	69	29	53	
	0	28	1	33	2	28	3	39	4	25	5	31	6	40	7	31	8	30	9	30	10	29	11	30	12	26	13	34	14	43	15	34	16	36	17	44	18	43	19	29	20	40	21	29	22	44	23	27	24	38	25	36	26	35	27	27	28	30	29	41	
	0	55	1	51	2	51	3	58	4	45	5	54	6	47	7	52	8	51	9	50	10	46	11	43	12	56	13	60	14	52	15	48	16	56	17	49	18	55	19	50	20	55	21	53	22	56	23	49	24	57	25	45	26	53	27	42	28	59	29	42	
	0	83	1	94	2	87	3	80	4	87	5	96	6	88	7	78	8	87	9	81	10	92	11	87	12	80	13	83	14	90	15	77	16	86	17	82	18	82	19	87	20	90	21	91	22	86	23	87	24	95	25	96	26	92	27	83	28	83	29	78	
	0	50	1	42	2	45	3	43	4	42	5	49	6	37	7	42	8	49	9	39	10	36	11	51	12	46	13	51	14	48	15	44	16	47	17	49	18	50	19	44	20	47	21	41	22	52	23	49	24	48	25	36	26	42	27	49	28	39	29	47	
	0	102	1	101	2	90	3	93	4	99	5	99	6	88	7	93	8	85	9	100	10	101	11	100	12	99	13	98	14	97	15	86	16	100	17	92	18	95	19	87	20	96	21	96	22	90	23	89	24	90	25	93	26	97	27	90	28	98	29	88	
	0	57	1	50	2	49	3	57	4	59	5	50	6	61	7	51	8	57	9	63	10	55	11	48	12	63	13	54	14	51	15	47	16	46	17	56	18	52	19	59	20	62	21	60	22	51	23	58	24	65	25	56	26	54	27	56	28	52	29	64	
	0	90	1	92	2	96	3	92	4	91	5	99	6	98	7	108	8	89	9	106	10	104	11	105	12	94	13	98	14	89	15	101	16	101	17	107	18	96	19	101	20	91	21	100	22	97	23	105	24	99	25	107	26	99	27	89	28	90	29	96	
	0	44	1	56	2	41	3	54	4	40	5	51	6	45	7	56	8	42	9	58	10	44	11	54	12	54	13	51	14	55	15	50	16	56	17	47	18	54	19	50	20	41	21	52	22	46	23	45	24	56	25	49	26	40	27	50	28	40	29	56	
	0	17	1	2	2	2	3	17	4	17	5	4	6	12	7	15	8	6	9	3	10	4	11	16	12	17	13	19	14	14	15	14	16	16	17	15	18	8	19	8	20	10	21	15	22	12	23	10	24	4	25	20	26	18	27	18	28	16	29	10	
	0	63	1	62	2	65	3	72	4	73	5	66	6	67	7	77	8	77	9	72	10	77	11	71	12	62	13	68	14	65	15	66	16	81	17	62	18	73	19	74	20	77	21	71	22	71	23	69	24	68	25	75	26	64	27	69	28	75	29	75	
	0	75	1	77	2	79	3	66	4	71	5	80	6	80	7	80	8	64	9	64	10	74	11	71	12	77	13	64	14	65	15	73	16	81	17	78	18	67	19	79	20	68	21	63	22	75	23	73	24	79	25	65	26	62	27	78	28	70	29	75	
	0	31	1	26	2	19	3	32	4	34	5	28	6	34	7	30	8	25	9	25	10	32	11	31	12	21	13	25	14	18	15	23	16	35	17	20	18	18	19	22	20	26	21	33	22	23	23	26	24	23	25	20	26	34	27	28	28	21	29	26	
	0	39	1	41	2	47	3	44	4	44	5	47	6	37	7	29	8	44	9	46	10	47	11	40	12	46	13	37	14	41	15	34	16	33	17	29	18	31	19	42	20	33	21	35	22	40	23	32	24	41	25	45	26	28	27	40	28	32	29	36	
	0	93	1	100	2	105	3	106	4	98	5	104	6	91	7	96	8	88	9	87	10	101	11	103	12	102	13	103	14	89	15	105	16	103	17	106	18	98	19	106	20	90	21	88	22	102	23	91	24	88	25	92	26	92	27	101	28	98	29	95	
	0	63	1	55	2	64	3	58	4	48	5	62	6	64	7	64	8	50	9	52	10	61	11	51	12	59	13	59	14	48	15	59	16	58	17	57	18	55	19	59	20	63	21	62	22	63	23	64	24	48	25	59	26	60	27	60	28	52	29	62	
	0	68	1	51	2	68	3	68	4	57	5	57	6	64	7	64	8	53	9	63	10	60	11	53	12	63	13	62	14	55	15	51	16	65	17	62	18	53	19	67	20	64	21	63	22	50	23	61	24	52	25	57	26	60	27	60	28	56	29	67	
	0	78	1	66	2	78	3	81	4	70	5	79	6	76	7	76	8	79	9	70	10	64	11	76	12	63	13	66	14	70	15	75	16	70	17	69	18	78	19	67	20	66	21	80	22	73	23	73	24	63	25	66	26	68	27	71	28	80	29	78	
	0	67	1	75	2	68	3	69	4	71	5	67	6	71	7	68	8	76	9	65	10	77	11	77	12	75	13	66	14	69	15	66	16	79	17	73	18	68	19	76	20	71	21	66	22	66	23	72	24	79	25	71	26	72	27	61	28	63	29	70	
	0	63	1	81	2	78	3	62	4	62	5	73	6	65	7	69	8	70	9	69	10	69	11	69	12	62	13	70	14	67	15	76	16	66	17	70	18	67	19	72	20	79	21	81	22	74	23	68	24	77	25	72	26	63	27	64	28	68	29	81	
	0	89	1	84	2	80	3	86	4	88	5	89	6	83	7	78	8	78	9	92	10	86	11	88	12	77	13	82	14	79	15	79	16	74	17	91	18	77	19	76	20	86	21	82	22	73	23	78	24	74	25	82	26	74	27	79	28	91	29	81	
	0	68	1	67	2	65	3	63	4	66	5	59	6	57	7	62	8	58	9	63	10	54	11	67	12	63	13	56	14	55	15	58	16	63	17	61	18	57	19	57	20	54	21	68	22	52	23	62	24	60	25	67	26	67	27	67	28	65	29	63	
	0	92	1	107	2	108	3	106	4	105	5	104	6	92	7	93	8	104	9	106	10	96	11	106	12	92	13	94	14	109	15	91	16	92	17	109	18	93	19	94	20	94	21	102	22	93	23	100	24	102	25	95	26	97	27	102	28	110	29	106	
	0	31	1	35	2	36	3	32	4	43	5	43	6	42	7	47	8	42	9	47	10	45	11	49	12	38	13	49	14	45	15	30	16	47	17	49	18	39	19	42	20	32	21	49	22	39	23	30	24	39	25	45	26	32	27	38	28	41	29	39	
	0	91	1	82	2	87	3	84	4	99	5	92	6	96	7	100	8	84	9	88	10	85	11	93	12	94	13	88	14	100	15	81	16	88	17	82	18	89	19	82	20	96	21	89	22	89	23	86	24	99	25	100	26	81	27	95	28	97	29	95	
	0	86	1	77	2	77	3	72	4	87	5	90	6	85	7	72	8	76	9	78	10	82	11	72	12	80	13	75	14	79	15	78	16	77	17	74	18	86	19	80	20	90	21	80	22	91	23	79	24	78	25	91	26	80	27	89	28	83	29	90	
	0	102	1	91	2	90	3	93	4	88	5	87	6	93	7	100	8	102	9	102	10	103	11	87	12	95	13	85	14	87	15	100	16	91	17	95	18	100	19	85	20	100	21	96	22	95	23	98	24	92	25	93	26	85	27	96	28	99	29	100	
	0	88	1	79	2	93	3	93	4	86	5	78	6	87	7	86	8	81	9	86	10	93	11	93	12	94	13	90	14	88	15	92	16	89	17	90	18	92	19	83	20	80	21	84	22	86	23	92	24	84	25	80	26	87	27	93	28	81	29	90	
	0	86	1	86	2	89	3	100	4	91	5	103	6	97	7	98	8	97	9	101	10	87	11	95	12	99	13	100	14	94	15	94	16	89	17	90	18	89	19	92	20	104	21	99	22	103	23	99	24	86	25	100	26	93	27	101	28	103	29	88	
	0	16	1	21	2	15	3	22	4	19	5	28	6	15	7	22	8	24	9	24	10	18	11	13	12	24	13	15	14	13	15	17	16	16	17	23	18	25	19	21	20	25	21	16	22	29	23	21	24	18	25	19	26	19	27	24	28	30	29	26	
	0	22	1	15	2	18	3	19	4	21	5	11	6	16	7	7	8	10	9	19	10	17	11	14	12	18	13	24	14	24	15	20	16	21	17	13	18	8	19	8	20	24	21	21	22	14	23	12	24	18	25	17	26	15	27	18	28	24	29	15	
	0	37	1	34	2	41	3	39	4	44	5	44	6	39	7	42	8	39	9	29	10	32	11	36	12	29	13	40	14	41	15	41	16	35	17	41	18	28	19	32	20	33	21	42	22	32	23	44	24	34	25	27	26	38	27	34	28	30	29	35	
	0	87	1	101	2	86	3	98	4	94	5	96	6	97	7	85	8	98	9	88	10	94	11	83	12	85	13	99	14	101	15	102	16	88	17	97	18	94	19	91	20	91	21	96	22	96	23	95	24	93	25	93	26	83	27	100	28	95	29	84	
	0	61	1	66	2	64	3	63	4	52	5	67	6	67	7	57	8	58	9	70	10	63	11	55	12	62	13	66	14	53	15	58	16	58	17	56	18	65	19	70	20	53	21	59	22	64	23	67	24	62	25	65	26	66	27	67	28	67	29	57	
	0	18	1	20	2	9	3	17	4	10	5	16	6	14	7	21	8	24	9	8	10	22	11	7	12	17	13	7	14	18	15	20	16	22	17	17	18	26	19	25	20	11	21	11	22	11	23	25	24	18	25	25	26	8	27	25	28	25	29	11	
	0	45	1	45	2	44	3	27	4	44	5	46	6	45	7	27	8	42	9	40	10	38	11	31	12	42	13	44	14	34	15	29	16	34	17	37	18	43	19	34	20	37	21	35	22	41	23	39	24	43	25	46	26	29	27	41	28	41	29	42	
	0	92	1	77	2	86	3	78	4	85	5	87	6	78	7	81	8	75	9	82	10	92	11	89	12	85	13	84	14	84	15	81	16	75	17	92	18	84	19	81	20	79	21	86	22	84	23	83	24	91	25	90	26	77	27	85	28	88	29	79	
	0	34	1	34	2	32	3	41	4	34	5	39	6	24	7	27	8	43	9	33	10	42	11	38	12	32	13	41	14	35	15	42	16	39	17	41	18	40	19	35	20	43	21	39	22	32	23	32	24	42	25	32	26	31	27	35	28	39	29	36	
	0	54	1	58	2	62	3	53	4	69	5	63	6	54	7	56	8	71	9	55	10	70	11	65	12	67	13	65	14	53	15	69	16	56	17	72	18	55	19	59	20	70	21	60	22	64	23	55	24	66	25	56	26	53	27	61	28	68	29	60	
	0	27	1	22	2	14	3	23	4	29	5	20	6	22	7	13	8	28	9	13	10	30	11	30	12	24	13	24	14	21	15	19	16	20	17	17	18	25	19	29	20	20	21	29	22	17	23	17	24	16	25	19	26	16	27	24	28	13	29	24	
	0	47	1	36	2	49	3	41	4	51	5	44	6	45	7	40	8	52	9	40	10	43	11	35	12	37	13	39	14	51	15	53	16	35	17	52	18	39	19	50	20	34	21	49	22	53	23	43	24	43	25	50	26	35	27	47	28	48	29	36	
	0	6	1	11	2	22	3	11	4	8	5	11	6	12	7	19	8	6	9	22	10	16	11	17	12	10	13	18	14	12	15	9	16	9	17	18	18	22	19	10	20	4	21	14	22	14	23	15	24	19	25	15	26	7	27	8	28	6	29	22	
	0	32	1	23	2	32	3	35	4	21	5	29	6	34	7	36	8	28	9	23	10	30	11	38	12	28	13	32	14	26	15	22	16	34	17	35	18	36	19	30	20	35	21	27	22	27	23	36	24	22	25	29	26	30	27	20	28	36	29	35	
	0	92	1	87	2	86	3	77	4	91	5	91	6	92	7	95	8	91	9	88	10	78	11	95	12	87	13	92	14	89	15	78	16	81	17	95	18	87	19	79	20	94	21	94	22	82	23	89	24	96	25	94	26	94	27	96	28	93	29	96	
	0	22	1	22	2	26	3	36	4	19	5	31	6	36	7	19	8	24	9	31	10	20	11	22	12	22	13	33	14	35	15	18	16	23	17	29	18	26	19	25	20	19	21	20	22	18	23	31	24	24	25	30	26	32	27	34	28	30	29	34	
	0	68	1	75	2	57	3	57	4	74	5	60	6	69	7	75	8	71	9	71	10	66	11	57	12	59	13	65	14	70	15	62	16	58	17	69	18	64	19	59	20	61	21	70	22	63	23	70	24	67	25	59	26	57	27	66	28	61	29	71	
	0	119	1	120	2	116	3	110	4	109	5	117	6	104	7	117	8	109	9	103	10	102	11	106	12	116	13	113	14	115	15	117	16	105	17	115	18	107	19	107	20	114	21	103	22	115	23	116	24	119	25	109	26	101	27	104	28	115	29	112	
	0	62	1	63	2	80	3	66	4	75	5	69	6	64	7	70	8	74	9	74	10	64	11	75	12	72	13	68	14	69	15	61	16	63	17	80	18	70	19	66	20	76	21	68	22	68	23	80	24	74	25	64	26	78	27	69	28	75	29	63	
	0	25	1	10	2	6	3	12	4	13	5	22	6	14	7	20	8	24	9	13	10	7	11	19	12	10	13	17	14	19	15	19	16	8	17	25	18	15	19	24	20	16	21	21	22	9	23	15	24	19	25	15	26	16	27	11	28	22	29	14	
	0	49	1	52	2	55	3	48	4	45	5	61	6	48	7	45	8	57	9	62	10	55	11	47	12	44	13	59	14	45	15	48	16	59	17	63	18	54	19	48	20	49	21	62	22	47	23	57	24	54	25	63	26	50	27	46	28	52	29	52	
	0	14	1	15	2	20	3	12	4	11	5	25	6	12	7	13	8	15	9	26	10	9	11	26	12	22	13	25	14	25	15	19	16	17	17	11	18	25	19	12	20	15	21	26	22	20	23	14	24	19	25	23	26	15	27	15	28	28	29	18	
	0	66	1	68	2	73	3	83	4	71	5	70	6	71	7	73	8	82	9	64	10	81	11	69	12	72	13	73	14	68	15	81	16	72	17	66	18	79	19	77	20	76	21	81	22	83	23	67	24	75	25	77	26	83	27	82	28	69	29	64	
	0	31	1	24	2	37	3	31	4	20	5	23	6	23	7	29	8	19	9	35	10	37	11	24	12	32	13	36	14	20	15	32	16	19	17	23	18	28	19	36	20	21	21	25	22	30	23	38	24	36	25	34	26	38	27	30	28	34	29	27	
	0	72	1	64	2	64	3	71	4	78	5	69	6	74	7	72	8	64	9	62	10	64	11	60	12	74	13	79	14	63	15	63	16	67	17	72	18	71	19	66	20	72	21	78	22	67	23	73	24	77	25	65	26	75	27	63	28	66	29	76	
	0	14	1	18	2	4	3	7	4	4	5	16	6	22	7	16	8	10	9	22	10	5	11	20	12	11	13	11	14	12	15	7	16	20	17	6	18	12	19	11	20	8	21	5	22	13	23	11	24	11	25	4	26	20	27	5	28	6	29	22	
	0	88	1	94	2	83	3	95	4	85	5	80	6	96	7	85	8	82	9	93	10	80	11	96	12	90	13	94	14	92	15	91	16	92	17	97	18	93	19	82	20	94	21	87	22	87	23	85	24	89	25	89	26	86	27	92	28	83	29	82	
	0	83	1	81	2	90	3	81	4	84	5	87	6	87	7	71	8	81	9	88	10	78	11	73	12	74	13	75	14	73	15	76	16	89	17	74	18	79	19	76	20	77	21	77	22	83	23	89	24	87	25	81	26	74	27	84	28	90	29	74	
	0	30	1	31	2	15	3	21	4	24	5	31	6	31	7	27	8	20	9	16	10	25	11	22	12	23	13	26	14	24	15	26	16	15	17	23	18	19	19	22	20	14	21	30	22	29	23	18	24	30	25	30	26	29	27	25	28	29	29	16	
	0	76	1	74	2	72	3	72	4	81	5	74	6	68	7	83	8	70	9	71	10	65	11	74	12	76	13	69	14	75	15	74	16	71	17	82	18	71	19	70	20	76	21	69	22	77	23	66	24	67	25	77	26	82	27	68	28	68	29	77	
	0	55	1	45	2	44	3	56	4	56	5	49	6	58	7	56	8	59	9	48	10	49	11	55	12	50	13	56	14	54	15	50	16	43	17	60	18	44	19	41	20	57	21	51	22	56	23	43	24	57	25	56	26	48	27	60	28	57	29	54	
	0	54	1	57	2	56	3	61	4	58	5	69	6	55	7	65	8	59	9	59	10	62	11	51	12	59	13	65	14	50	15	68	16	59	17	55	18	62	19	52	20	59	21	59	22	55	23	64	24	52	25	62	26	52	27	57	28	58	29	61	
	0	47	1	43	2	52	3	47	4	45	5	38	6	42	7	54	8	44	9	47	10	52	11	41	12	46	13	46	14	44	15	43	16	39	17	37	18	37	19	38	20	45	21	53	22	55	23	43	24	46	25	51	26	47	27	45	28	53	29	42	
	0	74	1	77	2	74	3	70	4	80	5	68	6	66	7	75	8	63	9	70	10	78	11	81	12	75	13	71	14	71	15	72	16	73	17	73	18	67	19	72	20	78	21	66	22	73	23	77	24	69	25	73	26	63	27	62	28	77	29	74	
	0	105	1	98	2	101	3	101	4	108	5	109	6	97	7	112	8	112	9	101	10	112	11	110	12	115	13	106	14	109	15	106	16	110	17	99	18	104	19	106	20	113	21	103	22	100	23	101	24	106	25	104	26	114	27	102	28	116	29	98	
	0	49	1	44	2	36	3	34	4	40	5	39	6	34	7	39	8	45	9	47	10	39	11	31	12	30	13	35	14	45	15	36	16	41	17	30	18	37	19	33	20	39	21	36	22	47	23	45	24	49	25	38	26	47	27	30	28	43	29	41	
	0	36	1	51	2	39	3	42	4	36	5	49	6	48	7	50	8	36	9	50	10	37	11	45	12	48	13	54	14	40	15	53	16	43	17	50	18	39	19	49	20	42	21	41	22	41	23	47	24	54	25	36	26	35	27	53	28	54	29	38	
	0	39	1	24	2	40	3	35	4	28	5	32	6	28	7	33	8	40	9	38	10	32	11	39	12	32	13	36	14	32	15	36	16	39	17	29	18	28	19	33	20	26	21	34	22	34	23	35	24	24	25	43	26	38	27	38	28	30	29	27	
	0	83	1	94	2	92	3	95	4	89	5	93	6	81	7	84	8	88	9	95	10	94	11	94	12	83	13	79	14	90	15	89	16	87	17	81	18	77	19	95	20	81	21	93	22	78	23	79	24	81	25	84	26	92	27	78	28	78	29	93	
	0	68	1	68	2	84	3	79	4	72	5	80	6	80	7	74	8	76	9	68	10	83	11	74	12	82	13	69	14	85	15	81	16	79	17	85	18	83	19	66	20	74	21	81	22	67	23	71	24	78	25	74	26	67	27	83	28	78	29	73	
	0	50	1	68	2	68	3	65	4	64	5	66	6	50	7	56	8	49	9	52	10	68	11	66	12	50	13	68	14	52	15	53	16	52	17	53	18	51	19	54	20	64	21	67	22	66	23	68	24	60	25	50	26	57	27	54	28	51	29	53	
	0	16	1	24	2	29	3	21	4	35	5	31	6	32	7	23	8	32	9	19	10	25	11	35	12	24	13	20	14	27	15	22	16	34	17	29	18	31	19	33	20	32	21	21	22	34	23	35	24	27	25	30	26	34	27	29	28	19	29	23	
	0	68	1	66	2	69	3	54	4	72	5	57	6	62	7	56	8	61	9	62	10	73	11	64	12	72	13	55	14	55	15	65	16	66	17	58	18	68	19	70	20	59	21	69	22	68	23	61	24	68	25	67	26	66	27	70	28	61	29	70	
	0	61	1	67	2	69	3	62	4	64	5	64	6	72	7	74	8	75	9	61	10	60	11	59	12	64	13	67	14	67	15	71	16	59	17	77	18	71	19	65	20	64	21	71	22	72	23	73	24	73	25	73	26	72	27	66	28	60	29	73	
	0	88	1	76	2	88	3	85	4	85	5	84	6	83	7	86	8	79	9	74	10	88	11	74	12	89	13	79	14	75	15	83	16	86	17	90	18	89	19	74	20	78	21	90	22	73	23	84	24	75	25	84	26	83	27	76	28	74	29	80	
	0	54	1	54	2	55	3	57	4	49	5	58	6	54	7	66	8	54	9	52	10	68	11	52	12	67	13	54	14	63	15	55	16	67	17	62	18	53	19	66	20	59	21	59	22	65	23	56	24	57	25	66	26	51	27	51	28	64	29	55	
	0	87	1	91	2	78	3	83	4	89	5	83	6	82	7	85	8	93	9	75	10	92	11	90	12	84	13	93	14	91	15	86	16	76	17	92	18	86	19	81	20	88	21	83	22	85	23	89	24	82	25	79	26	91	27	85	28	94	29	76	
	0	21	1	12	2	25	3	20	4	11	5	24	6	24	7	21	8	13	9	15	10	9	11	15	12	22	13	24	14	8	15	19	16	9	17	17	18	8	19	6	20	8	21	11	22	18	23	15	24	9	25	25	26	18	27	7	28	6	29	19	
	0	103	1	103	2	103	3	109	4	95	5	98	6	105	7	97	8	104	9	99	10	109	11	98	12	104	13	94	14	107	15	100	16	94	17	103	18	110	19	103	20	100	21	108	22	103	23	110	24	101	25	109	26	100	27	101	28	112	29	109	
	0	107	1	103	2	112	3	94	4	104	5	97	6	111	7	99	8	104	9	112	10	102	11	107	12	112	13	109	14	105	15	112	16	107	17	101	18	97	19	110	20	104	21	108	22	104	23	105	24	94	25	96	26	112	27	95	28	94	29	95	
	0	24	1	23	2	33	3	32	4	25	5	22	6	34	7	41	8	33	9	40	10	39	11	35	12	25	13	28	14	33	15	25	16	26	17	28	18	29	19	25	20	22	21	41	22	37	23	27	24	25	25	25	26	29	27	24	28	31	29	33	
	0	119	1	109	2	119	3	112	4	117	5	117	6	109	7	116	8	110	9	113	10	108	11	103	12	115	13	106	14	119	15	115	16	106	17	103	18	110	19	107	20	107	21	118	22	102	23	112	24	115	25	105	26	110	27	117	28	104	29	113	
	0	27	1	31	2	32	3	33	4	19	5	18	6	31	7	21	8	27	9	31	10	23	11	32	12	29	13	25	14	26	15	17	16	20	17	16	18	19	19	28	20	24	21	24	22	23	23	18	24	27	25	28	26	22	27	24	28	33	29	28	
	0	29	1	37	2	29	3	24	4	26	5	35	6	21	7	32	8	23	9	32	10	24	11	28	12	28	13	24	14	21	15	22	16	29	17	27	18	27	19	27	20	32	21	23	22	33	23	35	24	26	25	29	26	32	27	23	28	33	29	24	
	0	96	1	93	2	95	3	97	4	101	5	97	6	95	7	101	8	93	9	93	10	104	11	103	12	103	13	91	14	93	15	106	16	103	17	110	18	108	19	101	20	106	21	95	22	105	23	107	24	99	25	99	26	98	27	108	28	108	29	99	
	0	74	1	71	2	79	3	82	4	69	5	73	6	77	7	78	8	83	9	67	10	79	11	72	12	72	13	74	14	67	15	85	16	80	17	73	18	72	19	77	20	82	21	66	22	66	23	79	24	75	25	68	26	71	27	71	28	72	29	71	
	0	37	1	27	2	28	3	36	4	20	5	38	6	25	7	30	8	32	9	24	10	24	11	24	12	32	13	27	14	22	15	22	16	38	17	29	18	25	19	38	20	30	21	37	22	36	23	39	24	22	25	36	26	31	27	35	28	30	29	31	
	0	17	1	24	2	15	3	31	4	18	5	26	6	22	7	23	8	29	9	18	10	23	11	16	12	34	13	16	14	33	15	28	16	24	17	27	18	21	19	15	20	15	21	29	22	21	23	17	24	33	25	27	26	28	27	23	28	20	29	20	
	0	48	1	37	2	51	3	36	4	35	5	40	6	53	7	44	8	50	9	40	10	49	11	35	12	37	13	54	14	38	15	39	16	49	17	46	18	51	19	39	20	48	21	38	22	42	23	50	24	45	25	36	26	48	27	44	28	35	29	39	
	0	69	1	65	2	56	3	66	4	66	5	61	6	55	7	72	8	66	9	71	10	67	11	66	12	53	13	54	14	60	15	66	16	62	17	57	18	69	19	54	20	60	21	54	22	61	23	59	24	64	25	67	26	61	27	64	28	63	29	59	
	0	19	1	4	2	22	3	9	4	18	5	4	6	20	7	15	8	20	9	15	10	10	11	16	12	8	13	8	14	12	15	8	16	16	17	4	18	16	19	16	20	18	21	7	22	22	23	21	24	18	25	11	26	19	27	15	28	11	29	10	
	0	36	1	31	2	34	3	30	4	34	5	27	6	37	7	30	8	29	9	35	10	36	11	29	12	38	13	36	14	34	15	31	16	35	17	32	18	40	19	27	20	33	21	26	22	39	23	40	24	23	25	22	26	29	27	26	28	36	29	23	
	0	22	1	15	2	15	3	10	4	12	5	22	6	21	7	10	8	26	9	24	10	10	11	21	12	18	13	29	14	14	15	14	16	25	17	20	18	19	19	28	20	22	21	15	22	25	23	17	24	13	25	27	26	25	27	20	28	21	29	27	
	0	59	1	47	2	61	3	59	4	53	5	50	6	60	7	59	8	64	9	55	10	60	11	66	12	49	13	48	14	58	15	65	16	48	17	52	18	59	19	48	20	64	21	47	22	57	23	65	24	58	25	62	26	58	27	54	28	48	29	59	
	0	51	1	43	2	52	3	59	4	50	5	45	6	57	7	56	8	48	9	46	10	45	11	56	12	42	13	55	14	44	15	58	16	41	17	54	18	46	19	47	20	49	21	52	22	59	23	47	24	52	25	41	26	54	27	52	28	57	29	57	
	0	72	1	79	2	76	3	71	4	78	5	70	6	88	7	70	8	75	9	75	10	78	11	78	12	83	13	89	14	78	15	72	16	75	17	88	18	80	19	72	20	71	21	86	22	74	23	79	24	74	25	82	26	76	27	86	28	70	29	88	
	0	78	1	84	2	78	3	76	4	85	5	72	6	81	7	70	8	79	9	81	10	86	11	86	12	73	13	70	14	87	15	80	16	73	17	83	18	79	19	75	20	80	21	80	22	80	23	79	24	82	25	82	26	78	27	77	28	74	29	70	
	0	56	1	71	2	67	3	73	4	61	5	65	6	71	7	61	8	58	9	67	10	61	11	58	12	67	13	57	14	70	15	59	16	69	17	65	18	71	19	72	20	60	21	74	22	71	23	73	24	69	25	57	26	58	27	60	28	73	29	66	
	0	31	1	22	2	23	3	29	4	14	5	12	6	20	7	16	8	15	9	22	10	21	11	23	12	25	13	31	14	25	15	30	16	14	17	12	18	21	19	28	20	29	21	30	22	26	23	31	24	29	25	13	26	13	27	22	28	24	29	23	
	0	52	1	63	2	52	3	50	4	52	5	53	6	58	7	47	8	56	9	52	10	57	11	61	12	50	13	59	14	48	15	54	16	63	17	54	18	62	19	55	20	57	21	47	22	60	23	60	24	60	25	51	26	57	27	59	28	49	29	57	
	0	35	1	25	2	33	3	32	4	37	5	21	6	24	7	20	8	27	9	21	10	22	11	26	12	30	13	28	14	38	15	26	16	38	17	32	18	31	19	23	20	23	21	26	22	22	23	25	24	37	25	24	26	31	27	34	28	37	29	25	
	0	96	1	108	2	108	3	113	4	99	5	95	6	106	7	101	8	100	9	110	10	97	11	98	12	107	13	106	14	111	15	96	16	110	17	97	18	113	19	111	20	114	21	100	22	104	23	110	24	114	25	95	26	104	27	112	28	114	29	109	
	0	22	1	9	2	20	3	21	4	7	5	12	6	9	7	8	8	21	9	15	10	17	11	16	12	9	13	11	14	19	15	20	16	10	17	11	18	13	19	3	20	15	21	19	22	15	23	5	24	6	25	19	26	7	27	10	28	22	29	5	
	0	70	1	76	2	78	3	69	4	75	5	66	6	67	7	80	8	73	9	81	10	68	11	66	12	80	13	82	14	70	15	66	16	85	17	66	18	83	19	85	20	67	21	82	22	82	23	85	24	76	25	69	26	69	27	71	28	82	29	67	
	0	94	1	92	2	91	3	90	4	89	5	91	6	79	7	82	8	91	9	91	10	96	11	79	12	87	13	95	14	97	15	78	16	78	17	96	18	81	19	86	20	97	21	79	22	97	23	91	24	88	25	93	26	88	27	87	28	89	29	81	
	0	5	1	18	2	11	3	18	4	13	5	6	6	20	7	24	8	12	9	15	10	11	11	8	12	24	13	10	14	16	15	18	16	22	17	13	18	19	19	10	20	23	21	5	22	18	23	18	24	20	25	23	26	19	27	7	28	24	29	19	
	0	5	1	14	2	7	3	5	4	9	5	5	6	15	7	17	8	13	9	17	10	5	11	15	12	5	13	14	14	19	15	7	16	5	17	10	18	18	19	13	20	9	21	3	22	19	23	11	24	21	25	6	26	13	27	6	28	8	29	21	
	0	53	1	49	2	45	3	48	4	41	5	40	6	48	7	46	8	50	9	43	10	53	11	48	12	53	13	39	14	45	15	46	16	39	17	40	18	54	19	37	20	40	21	49	22	53	23	40	24	54	25	55	26	37	27	43	28	46	29	52	
	0	38	1	31	2	27	3	28	4	29	5	25	6	30	7	35	8	30	9	39	10	40	11	42	12	36	13	26	14	32	15	25	16	42	17	31	18	28	19	40	20	26	21	33	22	31	23	36	24	40	25	27	26	30	27	40	28	28	29	29	
	0	39	1	46	2	36	3	44	4	44	5	41	6	43	7	46	8	33	9	33	10	47	11	28	12	33	13	32	14	36	15	45	16	44	17	31	18	31	19	32	20	41	21	37	22	34	23	33	24	40	25	46	26	42	27	39	28	46	29	47	
	0	84	1	85	2	92	3	99	4	86	5	89	6	101	7	101	8	101	9	90	10	92	11	94	12	87	13	101	14	97	15	88	16	86	17	84	18	98	19	88	20	85	21	93	22	97	23	85	24	84	25	101	26	89	27	102	28	100	29	88	
	0	70	1	75	2	74	3	69	4	77	5	71	6	82	7	69	8	64	9	79	10	67	11	75	12	69	13	66	14	79	15	75	16	74	17	75	18	72	19	77	20	66	21	69	22	67	23	83	24	67	25	76	26	68	27	75	28	71	29	75	
	0	84	1	83	2	76	3	80	4	93	5	89	6	91	7	92	8	87	9	80	10	75	11	86	12	78	13	76	14	76	15	75	16	89	17	78	18	91	19	87	20	93	21	80	22	82	23	88	24	78	25	92	26	88	27	75	28	90	29	93	
	0	57	1	67	2	67	3	73	4	70	5	59	6	70	7	62	8	69	9	60	10	59	11	69	12	67	13	63	14	68	15	55	16	71	17	61	18	70	19	65	20	62	21	64	22	64	23	57	24	69	25	68	26	58	27	72	28	58	29	66	
	0	76	1	70	2	68	3	82	4	72	5	67	6	75	7	81	8	64	9	82	10	76	11	71	12	73	13	79	14	80	15	67	16	82	17	76	18	78	19	76	20	67	21	72	22	81	23	69	24	77	25	73	26	81	27	63	28	80	29	66	
	0	55	1	67	2	60	3	73	4	74	5	65	6	67	7	63	8	63	9	69	10	57	11	60	12	73	13	69	14	71	15	71	16	70	17	73	18	68	19	72	20	72	21	74	22	55	23	59	24	67	25	62	26	73	27	63	28	56	29	58	
	0	57	1	48	2	43	3	43	4	46	5	56	6	55	7	47	8	41	9	42	10	43	11	39	12	58	13	58	14	46	15	56	16	39	17	47	18	57	19	39	20	46	21	49	22	51	23	45	24	49	25	39	26	45	27	42	28	58	29	57	
	0	35	1	35	2	20	3	27	4	29	5	30	6	30	7	34	8	33	9	21	10	19	11	27	12	25	13	24	14	31	15	29	16	36	17	27	18	32	19	32	20	36	21	23	22	19	23	27	24	26	25	35	26	28	27	24	28	33	29	26	
	0	86	1	85	2	86	3	94	4	94	5	86	6	98	7	90	8	96	9	95	10	79	11	81	12	79	13	82	14	91	15	80	16	82	17	90	18	81	19	94	20	97	21	81	22	79	23	82	24	85	25	90	26	92	27	83	28	90	29	88	
	0	56	1	45	2	54	3	48	4	63	5	56	6	59	7	50	8	51	9	50	10	49	11	44	12	50	13	50	14	45	15	59	16	50	17	58	18	51	19	57	20	60	21	46	22	44	23	53	24	47	25	48	26	47	27	44	28	44	29	45	
	0	101	1	95	2	100	3	99	4	95	5	109	6	102	7	99	8	99	9	103	10	92	11	99	12	104	13	108	14	95	15	103	16	97	17	97	18	108	19	103	20	91	21	92	22	93	23	108	24	90	25	93	26	90	27	91	28	95	29	92	
	0	26	1	22	2	13	3	13	4	22	5	17	6	16	7	27	8	23	9	16	10	15	11	29	12	21	13	15	14	22	15	14	16	15	17	20	18	21	19	25	20	27	21	27	22	17	23	25	24	23	25	29	26	14	27	28	28	17	29	21	
	0	93	1	92	2	88	3	93	4	93	5	85	6	80	7	85	8	92	9	86	10	79	11	79	12	83	13	80	14	81	15	81	16	88	17	87	18	89	19	81	20	93	21	81	22	93	23	77	24	87	25	94	26	95	27	96	28	94	29	81	
	0	118	1	112	2	103	3	115	4	107	5	118	6	108	7	112	8	113	9	100	10	112	11	115	12	109	13	102	14	104	15	112	16	110	17	110	18	110	19	109	20	101	21	102	22	113	23	103	24	103	25	107	26	102	27	117	28	103	29	106	
	0	7	1	18	2	7	3	19	4	13	5	26	6	25	7	18	8	24	9	21	10	21	11	23	12	23	13	18	14	8	15	20	16	9	17	11	18	13	19	12	20	26	21	8	22	8	23	11	24	18	25	14	26	16	27	14	28	9	29	14	
	0	31	1	45	2	38	3	40	4	41	5	39	6	43	7	44	8	40	9	41	10	34	11	49	12	37	13	33	14	45	15	48	16	38	17	40	18	37	19	41	20	33	21	46	22	43	23	36	24	50	25	37	26	32	27	32	28	46	29	41	
	0	58	1	58	2	56	3	50	4	62	5	57	6	48	7	59	8	51	9	64	10	52	11	60	12	51	13	55	14	50	15	56	16	57	17	57	18	53	19	46	20	59	21	56	22	49	23	47	24	51	25	61	26	55	27	49	28	47	29	52	
	0	16	1	22	2	22	3	32	4	27	5	32	6	17	7	14	8	27	9	33	10	26	11	30	12	32	13	23	14	29	15	18	16	28	17	32	18	16	19	31	20	26	21	24	22	27	23	25	24	16	25	21	26	24	27	31	28	22	29	26	
	0	74	1	67	2	73	3	70	4	66	5	69	6	72	7	80	8	78	9	74	10	71	11	65	12	82	13	78	14	81	15	67	16	65	17	72	18	78	19	73	20	76	21	77	22	72	23	68	24	80	25	83	26	82	27	82	28	75	29	79	
	0	100	1	91	2	95	3	104	4	98	5	89	6	87	7	87	8	105	9	92	10	99	11	86	12	105	13	88	14	105	15	99	16	105	17	102	18	88	19	105	20	96	21	104	22	90	23	98	24	105	25	87	26	86	27	102	28	87	29	98	
	0	68	1	60	2	70	3	64	4	65	5	73	6	71	7	68	8	65	9	63	10	73	11	70	12	60	13	56	14	71	15	67	16	73	17	60	18	68	19	62	20	56	21	67	22	64	23	55	24	73	25	73	26	64	27	65	28	59	29	57	
	0	77	1	62	2	67	3	66	4	63	5	74	6	69	7	78	8	78	9	72	10	65	11	65	12	76	13	64	14	77	15	72	16	60	17	73	18	64	19	61	20	61	21	66	22	77	23	61	24	76	25	67	26	78	27	65	28	61	29	71	
	0	91	1	103	2	97	3	97	4	109	5	102	6	106	7	103	8	97	9	107	10	105	11	99	12	92	13	91	14	94	15	110	16	101	17	104	18	97	19	106	20	103	21	97	22	108	23	104	24	107	25	93	26	108	27	103	28	107	29	92	
	0	20	1	24	2	31	3	31	4	16	5	12	6	14	7	28	8	12	9	12	10	15	11	26	12	31	13	20	14	24	15	16	16	19	17	27	18	13	19	17	20	14	21	22	22	17	23	27	24	19	25	27	26	28	27	12	28	26	29	13	
	0	6	1	11	2	17	3	6	4	7	5	24	6	14	7	19	8	8	9	20	10	23	11	18	12	22	13	21	14	24	15	19	16	22	17	12	18	19	19	6	20	13	21	13	22	11	23	7	24	10	25	20	26	25	27	20	28	12	29	22	
	0	65	1	70	2	67	3	68	4	55	5	52	6	55	7	58	8	68	9	63	10	66	11	69	12	68	13	60	14	67	15	68	16	71	17	67	18	52	19	54	20	63	21	52	22	57	23	64	24	68	25	61	26	61	27	60	28	61	29	57	
	0	91	1	91	2	92	3	92	4	101	5	96	6	106	7	98	8	98	9	93	10	104	11	99	12	98	13	92	14	100	15	94	16	100	17	104	18	98	19	103	20	105	21	103	22	91	23	104	24	102	25	98	26	92	27	90	28	108	29	94	
	0	29	1	32	2	33	3	32	4	24	5	34	6	30	7	28	8	23	9	25	10	36	11	32	12	35	13	40	14	33	15	29	16	24	17	41	18	24	19	31	20	23	21	31	22	36	23	31	24	41	25	23	26	40	27	28	28	33	29	35	
	0	57	1	49	2	57	3	46	4	57	5	57	6	56	7	51	8	50	9	58	10	54	11	57	12	49	13	45	14	60	15	47	16	47	17	49	18	60	19	56	20	53	21	62	22	63	23	60	24	45	25	56	26	63	27	63	28	64	29	60	
	0	78	1	74	2	63	3	75	4	69	5	69	6	61	7	75	8	69	9	77	10	72	11	73	12	74	13	63	14	68	15	74	16	62	17	74	18	74	19	70	20	59	21	77	22	74	23	75	24	70	25	61	26	71	27	78	28	67	29	74	
	0	78	1	75	2	79	3	75	4	81	5	81	6	76	7	82	8	87	9	83	10	87	11	84	12	73	13	89	14	77	15	84	16	86	17	83	18	83	19	79	20	91	21	91	22	74	23	89	24	85	25	82	26	88	27	75	28	77	29	72	
	0	43	1	49	2	44	3	40	4	53	5	41	6	41	7	53	8	48	9	41	10	43	11	43	12	56	13	52	14	44	15	46	16	51	17	38	18	50	19	38	20	44	21	39	22	47	23	55	24	39	25	52	26	54	27	46	28	37	29	41	
	0	59	1	54	2	56	3	48	4	52	5	40	6	48	7	53	8	48	9	53	10	51	11	58	12	54	13	46	14	56	15	46	16	50	17	57	18	50	19	42	20	57	21	44	22	52	23	43	24	52	25	50	26	52	27	52	28	54	29	54	
	0	47	1	35	2	47	3	41	4	46	5	38	6	36	7	43	8	42	9	42	10	37	11	33	12	45	13	41	14	46	15	47	16	33	17	46	18	40	19	39	20	46	21	40	22	50	23	47	24	45	25	46	26	38	27	43	28	42	29	50	
	0	99	1	91	2	89	3	90	4	101	5	107	6	106	7	88	8	106	9	105	10	103	11	105	12	103	13	95	14	91	15	103	16	100	17	90	18	101	19	102	20	105	21	98	22	88	23	95	24	104	25	102	26	93	27	104	28	88	29	90	
	0	33	1	45	2	45	3	27	4	40	5	29	6	31	7	33	8	38	9	37	10	33	11	44	12	28	13	34	14	45	15	29	16	39	17	34	18	34	19	42	20	42	21	26	22	40	23	45	24	44	25	35	26	39	27	41	28	27	29	27	
	0	23	1	31	2	20	3	25	4	28	5	20	6	36	7	33	8	22	9	36	10	34	11	33	12	30	13	18	14	32	15	26	16	33	17	19	18	23	19	27	20	33	21	33	22	26	23	33	24	33	25	27	26	23	27	26	28	22	29	31	
	0	80	1	77	2	72	3	78	4	80	5	75	6	85	7	72	8	84	9	87	10	85	11	74	12	81	13	78	14	85	15	73	16	77	17	71	18	72	19	80	20	88	21	75	22	76	23	70	24	86	25	85	26	71	27	71	28	87	29	70	
	0	25	1	26	2	24	3	13	4	18	5	29	6	24	7	24	8	20	9	26	10	25	11	24	12	14	13	31	14	14	15	25	16	16	17	17	18	22	19	16	20	31	21	29	22	26	23	23	24	29	25	16	26	22	27	27	28	26	29	20	
	0	63	1	48	2	47	3	47	4	59	5	55	6	46	7	49	8	63	9	49	10	64	11	49	12	61	13	52	14	58	15	62	16	58	17	59	18	53	19	57	20	58	21	63	22	61	23	49	24	48	25	49	26	48	27	48	28	58	29	51	
	0	73	1	63	2	60	3	63	4	60	5	67	6	60	7	61	8	69	9	70	10	58	11	70	12	66	13	64	14	58	15	57	16	67	17	59	18	72	19	74	20	58	21	72	22	65	23	56	24	59	25	74	26	56	27	62	28	56	29	74	
	0	88	1	80	2	79	3	80	4	91	5	88	6	93	7	89	8	86	9	84	10	90	11	89	12	81	13	91	14	78	15	78	16	86	17	84	18	77	19	88	20	93	21	76	22	74	23	91	24	76	25	74	26	83	27	87	28	86	29	91	
	0	62	1	66	2	64	3	64	4	63	5	65	6	59	7	55	8	62	9	51	10	59	11	56	12	63	13	51	14	67	15	58	16	59	17	66	18	69	19	60	20	68	21	56	22	58	23	67	24	57	25	62	26	66	27	69	28	67	29	60	
	0	39	1	50	2	38	3	53	4	51	5	36	6	44	7	35	8	52	9	37	10	49	11	47	12	49	13	37	14	35	15	34	16	38	17	47	18	34	19	45	20	42	21	40	22	47	23	35	24	45	25	36	26	46	27	34	28	35	29	41	
	0	27	1	23	2	24	3	16	4	18	5	26	6	18	7	12	8	20	9	17	10	14	11	26	12	24	13	19	14	16	15	29	16	18	17	10	18	22	19	14	20	15	21	26	22	28	23	28	24	23	25	11	26	19	27	19	28	28	29	21	
	0	39	1	26	2	43	3	29	4	43	5	33	6	36	7	28	8	39	9	36	10	39	11	28	12	32	13	33	14	36	15	45	16	43	17	42	18	41	19	42	20	30	21	41	22	31	23	33	24	26	25	43	26	42	27	44	28	32	29	32	
	0	105	1	93	2	94	3	103	4	99	5	94	6	102	7	95	8	88	9	104	10	88	11	93	12	104	13	95	14	100	15	97	16	92	17	88	18	92	19	88	20	90	21	98	22	95	23	91	24	107	25	88	26	91	27	102	28	98	29	99	
	0	90	1	99	2	93	3	100	4	99	5	93	6	101	7	105	8	97	9	92	10	108	11	101	12	92	13	108	14	103	15	98	16	101	17	109	18	101	19	99	20	106	21	91	22	93	23	109	24	108	25	94	26	103	27	97	28	93	29	106	
	0	6	1	10	2	17	3	6	4	3	5	18	6	17	7	2	8	9	9	5	10	6	11	14	12	6	13	15	14	3	15	20	16	15	17	11	18	21	19	16	20	16	21	12	22	20	23	9	24	5	25	5	26	6	27	2	28	14	29	7	
	0	28	1	25	2	37	3	32	4	34	5	40	6	34	7	25	8	38	9	28	10	40	11	29	12	23	13	40	14	37	15	36	16	39	17	40	18	35	19	42	20	33	21	38	22	39	23	39	24	28	25	40	26	28	27	24	28	35	29	25	
	0	33	1	41	2	45	3	38	4	42	5	37	6	28	7	43	8	41	9	47	10	31	11	31	12	44	13	45	14	41	15	40	16	41	17	40	18	28	19	38	20	37	21	38	22	37	23	47	24	36	25	43	26	31	27	43	28	29	29	29	
	0	69	1	74	2	73	3	78	4	71	5	80	6	72	7	72	8	67	9	78	10	67	11	66	12	75	13	69	14	67	15	68	16	63	17	73	18	69	19	79	20	68	21	75	22	74	23	82	24	65	25	81	26	71	27	82	28	70	29	70	
	0	67	1	57	2	57	3	56	4	60	5	54	6	54	7	61	8	59	9	71	10	55	11	67	12	68	13	54	14	62	15	57	16	65	17	72	18	65	19	72	20	61	21	66	22	62	23	66	24	71	25	57	26	55	27	73	28	72	29	71	
	0	33	1	51	2	35	3	34	4	35	5	50	6	39	7	34	8	44	9	47	10	35	11	46	12	48	13	36	14	47	15	34	16	34	17	49	18	37	19	33	20	36	21	51	22	35	23	40	24	45	25	51	26	39	27	45	28	34	29	35	
	0	9	1	7	2	23	3	7	4	20	5	8	6	10	7	13	8	12	9	20	10	24	11	11	12	24	13	8	14	18	15	11	16	9	17	17	18	7	19	15	20	20	21	12	22	15	23	8	24	23	25	24	26	11	27	11	28	16	29	16	
	0	33	1	27	2	32	3	34	4	29	5	30	6	30	7	32	8	46	9	34	10	31	11	40	12	40	13	38	14	34	15	39	16	30	17	34	18	40	19	38	20	39	21	29	22	36	23	35	24	41	25	40	26	32	27	44	28	30	29	38	
	0	68	1	72	2	83	3	83	4	81	5	70	6	79	7	84	8	84	9	77	10	79	11	81	12	83	13	78	14	76	15	70	16	83	17	81	18	82	19	83	20	80	21	74	22	70	23	65	24	84	25	67	26	74	27	73	28	69	29	75	
	0	76	1	92	2	87	3	87	4	86	5	89	6	93	7	93	8	77	9	93	10	89	11	78	12	93	13	74	14	84	15	80	16	85	17	85	18	90	19	77	20	84	21	76	22	77	23	87	24	84	25	79	26	92	27	80	28	85	29	74	
	0	109	1	107	2	105	3	103	4	102	5	94	6	110	7	92	8	98	9	106	10	96	11	107	12	92	13	103	14	97	15	98	16	108	17	109	18	98	19	94	20	101	21	92	22	103	23	101	24	92	25	100	26	106	27	100	28	107	29	94	
	0	75	1	79	2	62	3	71	4	61	5	68	6	69	7	70	8	72	9	78	10	76	11	73	12	77	13	62	14	68	15	70	16	62	17	72	18	62	19	62	20	70	21	65	22	73	23	79	24	72	25	63	26	63	27	74	28	75	29	76	
	0	96	1	87	2	89	3	82	4	93	5	86	6	82	7	79	8	81	9	90	10	95	11	84	12	86	13	78	14	77	15	77	16	88	17	92	18	94	19	79	20	88	21	91	22	79	23	92	24	92	25	87	26	77	27	79	28	79	29	95	
	0	32	1	29	2	25	3	32	4	37	5	35	6	32	7	34	8	26	9	37	10	35	11	42	12	43	13	25	14	42	15	43	16	29	17	44	18	44	19	40	20	25	21	44	22	40	23	26	24	41	25	44	26	28	27	39	28	36	29	37	
	0	64	1	68	2	76	3	77	4	64	5	65	6	61	7	67	8	71	9	78	10	61	11	71	12	75	13	70	14	61	15	63	16	71	17	79	18	77	19	67	20	72	21	71	22	74	23	79	24	67	25	74	26	63	27	65	28	76	29	62	
	0	98	1	93	2	84	3	92	4	80	5	81	6	81	7	80	8	83	9	86	10	88	11	83	12	86	13	82	14	84	15	83	16	86	17	94	18	95	19	93	20	82	21	91	22	89	23	94	24	84	25	97	26	93	27	80	28	96	29	82	
	0	78	1	75	2	77	3	62	4	63	5	63	6	66	7	61	8	65	9	74	10	73	11	60	12	72	13	68	14	66	15	72	16	64	17	74	18	74	19	63	20	69	21	76	22	76	23	63	24	76	25	79	26	64	27	70	28	79	29	74	
	0	78	1	92	2	77	3	87	4	85	5	81	6	77	7	92	8	73	9	88	10	90	11	86	12	74	13	82	14	84	15	80	16	85	17	75	18	79	19	85	20	81	21	91	22	79	23	81	24	89	25	76	26	73	27	84	28	90	29	82	
	0	103	1	106	2	103	3	117	4	107	5	106	6	114	7	108	8	110	9	117	10	105	11	113	12	103	13	116	14	103	15	119	16	107	17	107	18	110	19	109	20	105	21	101	22	105	23	109	24	107	25	110	26	117	27	105	28	102	29	100	
	0	57	1	62	2	56	3	67	4	62	5	68	6	56	7	59	8	66	9	58	10	56	11	55	12	61	13	70	14	59	15	54	16	57	17	52	18	53	19	63	20	60	21	65	22	62	23	66	24	59	25	53	26	52	27	57	28	67	29	59	
	0	109	1	101	2	105	3	105	4	100	5	96	6	112	7	104	8	114	9	112	10	109	11	104	12	111	13	105	14	113	15	97	16	100	17	97	18	114	19	105	20	115	21	96	22	101	23	112	24	99	25	100	26	112	27	105	28	109	29	115	
	0	9	1	13	2	26	3	11	4	20	5	17	6	18	7	14	8	9	9	18	10	20	11	21	12	27	13	21	14	21	15	22	16	13	17	15	18	16	19	23	20	17	21	26	22	22	23	24	24	12	25	18	26	17	27	19	28	23	29	20	
	0	80	1	75	2	77	3	73	4	75	5	66	6	77	7	77	8	76	9	70	10	66	11	80	12	79	13	81	14	75	15	67	16	82	17	78	18	68	19	68	20	66	21	84	22	66	23	71	24	67	25	83	26	80	27	67	28	73	29	74	
	0	88	1	91	2	104	3	88	4	97	5	106	6	89	7	94	8	104	9	99	10	99	11	102	12	106	13	91	14	106	15	90	16	98	17	99	18	105	19	102	20	98	21	87	22	92	23	99	24	93	25	100	26	92	27	87	28	98	29	95	
	0	77	1	82	2	80	3	86	4	87	5	80	6	72	7	83	8	87	9	80	10	85	11	74	12	83	13	71	14	85	15	75	16	79	17	71	18	75	19	82	20	74	21	78	22	72	23	77	24	80	25	87	26	85	27	80	28	86	29	75	
	0	105	1	113	2	99	3	112	4	114	5	100	6	108	7	108	8	106	9	103	10	115	11	106	12	104	13	100	14	99	15	107	16	110	17	111	18	105	19	109	20	111	21	106	22	100	23	103	24	116	25	117	26	113	27	117	28	110	29	115	
	0	55	1	42	2	40	3	46	4	48	5	46	6	56	7	58	8	42	9	55	10	51	11	42	12	56	13	39	14	41	15	56	16	43	17	39	18	41	19	39	20	40	21	58	22	52	23	42	24	44	25	55	26	49	27	42	28	47	29	58	
	0	46	1	44	2	58	3	50	4	45	5	41	6	54	7	49	8	50	9	53	10	43	11	47	12	51	13	41	14	43	15	59	16	54	17	50	18	41	19	52	20	48	21	42	22	59	23	52	24	52	25	53	26	60	27	59	28	46	29	46	
	0	33	1	36	2	49	3	50	4	39	5	48	6	45	7	37	8	49	9	39	10	48	11	45	12	47	13	31	14	38	15	47	16	38	17	34	18	42	19	41	20	44	21	45	22	31	23	42	24	33	25	38	26	32	27	44	28	42	29	32	
	0	83	1	87	2	72	3	87	4	84	5	84	6	83	7	75	8	89	9	82	10	84	11	89	12	85	13	73	14	73	15	74	16	77	17	82	18	70	19	89	20	89	21	89	22	77	23	78	24	79	25	73	26	73	27	74	28	77	29	89	
	0	41	1	26	2	39	3	34	4	28	5	25	6	28	7	34	8	34	9	25	10	35	11	27	12	31	13	41	14	30	15	40	16	28	17	24	18	23	19	30	20	34	21	29	22	25	23	23	24	24	25	34	26	27	27	40	28	37	29	31	
	0	102	1	95	2	95	3	86	4	88	5	98	6	86	7	99	8	92	9	93	10	93	11	103	12	91	13	87	14	98	15	104	16	99	17	94	18	104	19	92	20	92	21	93	22	88	23	97	24	95	25	105	26	103	27	102	28	87	29	101	
	0	112	1	112	2	102	3	109	4	106	5	110	6	106	7	99	8	93	9	104	10	95	11	111	12	93	13	93	14	93	15	109	16	109	17	105	18	93	19	99	20	101	21	108	22	108	23	93	24	97	25	98	26	102	27	100	28	101	29	97	
	0	74	1	73	2	69	3	82	4	75	5	65	6	70	7	79	8	70	9	78	10	81	11	70	12	65	13	83	14	69	15	77	16	66	17	82	18	73	19	70	20	83	21	79	22	68	23	82	24	78	25	71	26	76	27	67	28	76	29	83	
	0	73	1	75	2	79	3	79	4	75	5	82	6	74	7	70	8	86	9	80	10	76	11	87	12	68	13	74	14	72	15	85	16	85	17	72	18	74	19	79	20	86	21	75	22	72	23	81	24	76	25	69	26	72	27	73	28	81	29	68	
	0	63	1	72	2	55	3	70	4	67	5	60	6	59	7	61	8	66	9	64	10	64	11	62	12	61	13	62	14	59	15	72	16	60	17	61	18	56	19	58	20	58	21	56	22	67	23	70	24	73	25	56	26	71	27	59	28	72	29	72	
	0	34	1	43	2	41	3	47	4	34	5	52	6	47	7	50	8	33	9	41	10	33	11	44	12	49	13	33	14	52	15	41	16	43	17	39	18	37	19	41	20	52	21	48	22	42	23	47	24	47	25	50	26	45	27	42	28	33	29	51	
	0	57	1	53	2	49	3	63	4	53	5	59	6	62	7	48	8	63	9	63	10	53	11	57	12	63	13	62	14	63	15	52	16	58	17	55	18	50	19	64	20	59	21	58	22	49	23	47	24	62	25	51	26	53	27	54	28	60	29	63	
	0	103	1	94	2	104	3	90	4	91	5	87	6	89	7	102	8	87	9	96	10	89	11	104	12	99	13	91	14	105	15	104	16	91	17	102	18	86	19	99	20	94	21	98	22	94	23	89	24	89	25	104	26	94	27	86	28	99	29	99	
	0	117	1	120	2	115	3	115	4	106	5	109	6	119	7	115	8	111	9	107	10	119	11	109	12	110	13	116	14	106	15	101	16	114	17	101	18	108	19	116	20	120	21	113	22	110	23	113	24	120	25	103	26	118	27	117	28	101	29	105	
	0	35	1	30	2	22	3	37	4	29	5	39	6	23	7	33	8	34	9	36	10	29	11	23	12	38	13	28	14	30	15	28	16	35	17	33	18	37	19	31	20	26	21	28	22	26	23	41	24	37	25	26	26	28	27	22	28	26	29	32	
	0	16	1	23	2	25	3	26	4	27	5	21	6	16	7	11	8	27	9	30	10	19	11	26	12	25	13	20	14	30	15	16	16	16	17	11	18	16	19	18	20	30	21	28	22	19	23	27	24	23	25	14	26	27	27	30	28	15	29	11	
	0	80	1	78	2	77	3	77	4	73	5	68	6	79	7	62	8	79	9	62	10	61	11	69	12	71	13	74	14	70	15	61	16	79	17	65	18	63	19	67	20	79	21	65	22	78	23	67	24	62	25	75	26	75	27	66	28	62	29	69	
	0	25	1	25	2	15	3	8	4	23	5	25	6	10	7	14	8	11	9	26	10	21	11	17	12	21	13	7	14	22	15	22	16	21	17	24	18	11	19	26	20	21	21	20	22	11	23	15	24	22	25	25	26	26	27	16	28	9	29	11	
	0	65	1	67	2	74	3	77	4	70	5	77	6	70	7	60	8	72	9	62	10	73	11	66	12	74	13	66	14	60	15	70	16	67	17	68	18	68	19	64	20	73	21	60	22	72	23	71	24	66	25	60	26	59	27	64	28	67	29	66	
	0	28	1	33	2	15	3	24	4	21	5	19	6	30	7	16	8	14	9	31	10	19	11	26	12	17	13	23	14	15	15	15	16	24	17	33	18	15	19	22	20	28	21	14	22	22	23	14	24	17	25	23	26	31	27	24	28	15	29	25	
	0	87	1	81	2	94	3	94	4	80	5	96	6	90	7	85	8	89	9	83	10	84	11	89	12	82	13	78	14	95	15	84	16	94	17	93	18	82	19	79	20	92	21	87	22	88	23	83	24	90	25	92	26	84	27	93	28	79	29	81	
	0	21	1	26	2	16	3	13	4	9	5	23	6	12	7	7	8	19	9	9	10	14	11	12	12	24	13	26	14	20	15	18	16	12	17	25	18	9	19	10	20	9	21	11	22	20	23	16	24	21	25	18	26	7	27	22	28	9	29	20	
	0	68	1	68	2	67	3	68	4	61	5	72	6	60	7	72	8	70	9	62	10	56	11	71	12	57	13	68	14	53	15	70	16	63	17	55	18	64	19	53	20	57	21	57	22	71	23	58	24	65	25	59	26	72	27	63	28	67	29	68	
	0	16	1	12	2	20	3	17	4	16	5	21	6	18	7	23	8	14	9	10	10	19	11	13	12	10	13	20	14	19	15	19	16	16	17	7	18	25	19	19	20	23	21	23	22	21	23	14	24	14	25	8	26	23	27	25	28	18	29	24	
	0	25	1	28	2	22	3	18	4	14	5	23	6	19	7	20	8	21	9	22	10	12	11	23	12	26	13	20	14	18	15	24	16	29	17	21	18	30	19	18	20	30	21	14	22	21	23	20	24	26	25	16	26	17	27	18	28	29	29	30	
	0	7	1	13	2	24	3	10	4	23	5	16	6	13	7	25	8	15	9	24	10	7	11	6	12	20	13	12	14	18	15	21	16	19	17	9	18	12	19	14	20	9	21	23	22	18	23	17	24	10	25	18	26	10	27	19	28	6	29	19	
	0	98	1	104	2	105	3	99	4	111	5	112	6	110	7	104	8	103	9	106	10	109	11	103	12	101	13	101	14	100	15	114	16	97	17	110	18	108	19	103	20	104	21	105	22	103	23	112	24	107	25	102	26	104	27	97	28	107	29	105	
	0	61	1	53	2	54	3	65	4	62	5	66	6	56	7	56	8	62	9	64	10	54	11	66	12	69	13	56	14	58	15	69	16	55	17	57	18	68	19	63	20	61	21	66	22	51	23	57	24	52	25	54	26	60	27	65	28	68	29	62	
	0	27	1	23	2	32	3	30	4	19	5	37	6	18	7	30	8	28	9	18	10	27	11	29	12	25	13	27	14	20	15	30	16	22	17	33	18	23	19	27	20	23	21	36	22	23	23	24	24	24	25	32	26	20	27	29	28	27	29	33	
	0	35	1	16	2	35	3	26	4	27	5	28	6	24	7	20	8	19	9	17	10	21	11	17	12	23	13	21	14	19	15	28	16	18	17	31	18	25	19	29	20	28	21	32	22	25	23	29	24	19	25	16	26	32	27	27	28	17	29	35	
	0	52	1	45	2	40	3	52	4	49	5	47	6	52	7	55	8	45	9	57	10	44	11	42	12	41	13	41	14	53	15	52	16	51	17	45	18	52	19	55	20	59	21	55	22	49	23	49	24	55	25	49	26	41	27	41	28	47	29	48	
	0	109	1	104	2	113	3	95	4	104	5	98	6	96	7	95	8	104	9	112	10	99	11	100	12	95	13	109	14	104	15	113	16	103	17	110	18	100	19	114	20	102	21	102	22	96	23	97	24	104	25	102	26	105	27	97	28	108	29	108	
	0	20	1	28	2	30	3	15	4	13	5	18	6	13	7	30	8	22	9	13	10	26	11	32	12	27	13	31	14	19	15	14	16	17	17	23	18	21	19	23	20	22	21	26	22	20	23	24	24	13	25	25	26	17	27	25	28	18	29	32	
	0	76	1	71	2	76	3	75	4	73	5	83	6	73	7	76	8	78	9	75	10	68	11	81	12	83	13	72	14	85	15	79	16	79	17	84	18	76	19	73	20	69	21	84	22	75	23	85	24	81	25	81	26	75	27	87	28	77	29	76	
	0	77	1	85	2	89	3	92	4	78	5	85	6	88	7	81	8	89	9	78	10	93	11	92	12	81	13	95	14	89	15	77	16	82	17	92	18	79	19	93	20	88	21	93	22	94	23	81	24	77	25	79	26	90	27	84	28	93	29	77	
	0	21	1	28	2	21	3	19	4	21	5	28	6	32	7	26	8	29	9	26	10	29	11	18	12	31	13	19	14	33	15	31	16	26	17	29	18	33	19	32	20	31	21	33	22	28	23	24	24	28	25	27	26	34	27	18	28	17	29	26	
	0	33	1	30	2	31	3	31	4	38	5	34	6	30	7	33	8	38	9	39	10	41	11	44	12	45	13	42	14	38	15	33	16	41	17	42	18	27	19	27	20	41	21	33	22	45	23	38	24	29	25	35	26	37	27	39	28	35	29	28	
	0	90	1	98	2	99	3	99	4	100	5	103	6	97	7	98	8	107	9	104	10	94	11	93	12	98	13	94	14	104	15	103	16	90	17	106	18	104	19	103	20	94	21	101	22	104	23	91	24	103	25	103	26	94	27	105	28	97	29	100	
	0	28	1	28	2	34	3	34	4	44	5	40	6	35	7	40	8	31	9	27	10	45	11	44	12	39	13	40	14	43	15	36	16	34	17	31	18	42	19	38	20	35	21	34	22	34	23	41	24	41	25	36	26	29	27	41	28	26	29	27	
	0	50	1	49	2	49	3	49	4	43	5	51	6	45	7	58	8	56	9	48	10	43	11	46	12	57	13	52	14	49	15	61	16	61	17	46	18	45	19	52	20	52	21	50	22	49	23	52	24	49	25	60	26	47	27	50	28	57	29	45	
	0	83	1	76	2	82	3	86	4	88	5	73	6	82	7	89	8	70	9	75	10	88	11	83	12	89	13	87	14	86	15	81	16	81	17	70	18	87	19	88	20	72	21	76	22	84	23	73	24	82	25	82	26	78	27	84	28	78	29	80	
	0	47	1	63	2	47	3	62	4	59	5	61	6	63	7	66	8	51	9	48	10	57	11	50	12	53	13	58	14	55	15	62	16	60	17	60	18	52	19	50	20	50	21	52	22	63	23	53	24	49	25	63	26	52	27	47	28	57	29	63	
	0	59	1	57	2	51	3	53	4	47	5	64	6	51	7	46	8	46	9	52	10	48	11	49	12	49	13	63	14	49	15	64	16	63	17	56	18	49	19	57	20	63	21	57	22	51	23	60	24	59	25	50	26	64	27	62	28	58	29	49	
	0	43	1	49	2	52	3	40	4	49	5	35	6	45	7	49	8	49	9	42	10	40	11	53	12	45	13	48	14	47	15	50	16	47	17	38	18	35	19	48	20	46	21	41	22	39	23	37	24	44	25	52	26	39	27	45	28	50	29	52	
	0	20	1	24	2	19	3	18	4	19	5	11	6	16	7	15	8	10	9	9	10	7	11	11	12	13	13	25	14	17	15	14	16	26	17	16	18	18	19	22	20	16	21	24	22	15	23	12	24	14	25	7	26	12	27	10	28	26	29	15	
	0	101	1	108	2	112	3	105	4	114	5	110	6	107	7	117	8	118	9	116	10	110	11	113	12	101	13	118	14	111	15	115	16	113	17	105	18	115	19	112	20	106	21	109	22	109	23	102	24	111	25	107	26	108	27	111	28	118	29	102	
	0	21	1	23	2	21	3	22	4	20	5	14	6	11	7	12	8	11	9	11	10	13	11	17	12	17	13	20	14	11	15	14	16	23	17	15	18	23	19	12	20	14	21	22	22	28	23	13	24	29	25	19	26	13	27	14	28	17	29	17	
	0	59	1	48	2	61	3	59	4	51	5	51	6	51	7	61	8	54	9	53	10	48	11	43	12	61	13	54	14	49	15	45	16	57	17	45	18	47	19	43	20	52	21	48	22	59	23	48	24	53	25	49	26	60	27	50	28	47	29	54	
	0	90	1	101	2	93	3	87	4	99	5	97	6	102	7	92	8	94	9	84	10	101	11	83	12	96	13	91	14	92	15	83	16	99	17	100	18	97	19	85	20	91	21	94	22	102	23	101	24	86	25	98	26	90	27	86	28	88	29	87	
	0	102	1	89	2	91	3	94	4	91	5	89	6	85	7	91	8	93	9	101	10	98	11	87	12	92	13	88	14	87	15	97	16	98	17	96	18	84	19	84	20	99	21	96	22	96	23	99	24	97	25	83	26	90	27	94	28	87	29	95	
	0	61	1	58	2	49	3	43	4	48	5	56	6	49	7	47	8	53	9	61	10	62	11	56	12	51	13	55	14	46	15	54	16	48	17	49	18	57	19	53	20	58	21	56	22	52	23	54	24	59	25	43	26	58	27	59	28	62	29	45	
	0	77	1	66	2	76	3	75	4	72	5	77	6	69	7	77	8	68	9	68	10	84	11	70	12	81	13	79	14	76	15	79	16	70	17	69	18	84	19	84	20	70	21	69	22	75	23	79	24	66	25	66	26	85	27	80	28	85	29	85	
	0	19	1	27	2	20	3	26	4	14	5	26	6	29	7	13	8	13	9	28	10	13	11	16	12	28	13	18	14	19	15	19	16	21	17	25	18	16	19	29	20	28	21	25	22	16	23	23	24	16	25	14	26	17	27	18	28	27	29	14	
	0	24	1	32	2	24	3	29	4	25	5	30	6	26	7	28	8	16	9	22	10	29	11	18	12	18	13	28	14	19	15	19	16	28	17	32	18	18	19	17	20	17	21	31	22	19	23	17	24	16	25	27	26	29	27	18	28	16	29	14	
	0	91	1	94	2	99	3	103	4	100	5	96	6	97	7	90	8	97	9	89	10	90	11	88	12	89	13	89	14	92	15	100	16	85	17	88	18	103	19	95	20	98	21	91	22	98	23	88	24	86	25	98	26	96	27	92	28	104	29	96	
	0	24	1	13	2	12	3	18	4	17	5	30	6	29	7	20	8	31	9	18	10	23	11	27	12	27	13	25	14	26	15	25	16	17	17	25	18	13	19	28	20	17	21	31	22	16	23	31	24	16	25	21	26	14	27	15	28	26	29	31	
	0	54	1	54	2	47	3	49	4	66	5	51	6	48	7	61	8	65	9	64	10	51	11	50	12	62	13	52	14	50	15	51	16	53	17	53	18	54	19	65	20	60	21	65	22	51	23	59	24	60	25	54	26	50	27	61	28	63	29	47	
	0	9	1	17	2	17	3	12	4	6	5	10	6	21	7	10	8	14	9	19	10	10	11	20	12	13	13	6	14	13	15	11	16	11	17	11	18	16	19	21	20	17	21	18	22	19	23	16	24	12	25	24	26	15	27	18	28	14	29	9	
	0	70	1	64	2	57	3	62	4	65	5	71	6	60	7	72	8	55	9	65	10	65	11	63	12	58	13	57	14	56	15	72	16	61	17	67	18	58	19	68	20	68	21	60	22	55	23	55	24	56	25	67	26	55	27	73	28	64	29	62	
	0	33	1	44	2	43	3	32	4	42	5	27	6	43	7	36	8	36	9	39	10	30	11	44	12	38	13	39	14	37	15	39	16	46	17	35	18	32	19	35	20	37	21	40	22	38	23	30	24	43	25	43	26	28	27	32	28	35	29	42	
	0	25	1	29	2	26	3	32	4	35	5	21	6	37	7	38	8	29	9	37	10	20	11	29	12	32	13	27	14	37	15	37	16	31	17	29	18	30	19	37	20	30	21	26	22	30	23	35	24	23	25	30	26	25	27	34	28	28	29	21	
	0	104	1	101	2	92	3	91	4	98	5	103	6	109	7	103	8	109	9	95	10	91	11	108	12	110	13	93	14	107	15	91	16	103	17	109	18	102	19	106	20	105	21	99	22	106	23	93	24	106	25	95	26	95	27	110	28	109	29	100	
	0	60	1	64	2	50	3	63	4	60	5	57	6	51	7	56	8	60	9	61	10	59	11	61	12	61	13	63	14	48	15	50	16	55	17	66	18	65	19	52	20	56	21	65	22	63	23	47	24	58	25	60	26	63	27	51	28	48	29	56	
	0	18	1	30	2	18	3	30	4	37	5	27	6	22	7	23	8	31	9	25	10	28	11	30	12	30	13	29	14	37	15	24	16	26	17	26	18	29	19	22	20	35	21	30	22	20	23	25	24	27	25	32	26	30	27	20	28	32	29	24	
	0	38	1	24	2	25	3	33	4	35	5	20	6	27	7	34	8	29	9	26	10	35	11	29	12	28	13	38	14	36	15	23	16	35	17	36	18	19	19	23	20	32	21	24	22	35	23	36	24	31	25	20	26	25	27	21	28	38	29	33	
	0	28	1	32	2	46	3	30	4	30	5	32	6	33	7	33	8	27	9	35	10	30	11	44	12	29	13	27	14	41	15	34	16	40	17	34	18	40	19	33	20	37	21	46	22	31	23	36	24	28	25	34	26	33	27	28	28	40	29	35	
	0	17	1	21	2	30	3	33	4	17	5	26	6	21	7	29	8	18	9	21	10	25	11	28	12	17	13	17	14	26	15	21	16	16	17	15	18	15	19	26	20	27	21	25	22	26	23	19	24	15	25	34	26	29	27	17	28	32	29	30	
	0	99	1	99	2	109	3	97	4	110	5	94	6	96	7	100	8	99	9	101	10	111	11	106	12	110	13	99	14	104	15	105	16	103	17	112	18	110	19	112	20	94	21	100	22	107	23	107	24	94	25	97	26	99	27	111	28	112	29	104	
	0	35	1	35	2	25	3	27	4	26	5	26	6	35	7	39	8	37	9	31	10	37	11	29	12	38	13	23	14	28	15	36	16	22	17	39	18	31	19	39	20	36	21	38	22	32	23	25	24	23	25	25	26	26	27	29	28	26	29	40	
	0	110	1	100	2	101	3	97	4	114	5	99	6	108	7	102	8	116	9	114	10	98	11	101	12	108	13	102	14	103	15	100	16	109	17	109	18	100	19	101	20	113	21	102	22	113	23	101	24	112	25	109	26	109	27	105	28	102	29	112	
	0	101	1	107	2	109	3	102	4	104	5	110	6	103	7	106	8	105	9	101	10	111	11	104	12	112	13	93	14	106	15	93	16	96	17	94	18	112	19	93	20	109	21	99	22	101	23	96	24	98	25	100	26	106	27	102	28	105	29	96	
	0	12	1	8	2	13	3	24	4	17	5	8	6	7	7	10	8	17	9	22	10	14	11	20	12	17	13	14	14	24	15	15	16	20	17	11	18	15	19	17	20	19	21	12	22	23	23	14	24	13	25	17	26	13	27	16	28	21	29	6	
	0	84	1	85	2	78	3	71	4	80	5	83	6	85	7	73	8	78	9	82	10	75	11	86	12	82	13	80	14	76	15	73	16	74	17	83	18	72	19	89	20	72	21	74	22	81	23	79	24	85	25	86	26	73	27	72	28	82	29	74	
	0	98	1	96	2	104	3	104	4	93	5	105	6	90	7	105	8	105	9	108	10	90	11	105	12	103	13	94	14	103	15	91	16	91	17	107	18	105	19	90	20	106	21	101	22	103	23	108	24	96	25	100	26	104	27	100	28	99	29	91	
	0	115	1	105	2	111	3	114	4	100	5	105	6	100	7	99	8	100	9	99	10	109	11	103	12	106	13	108	14	102	15	110	16	106	17	113	18	104	19	113	20	96	21	106	22	96	23	113	24	107	25	103	26	112	27	108	28	115	29	99	
	0	42	1	41	2	38	3	55	4	43	5	43	6	53	7	53	8	48	9	38	10	51	11	51	12	55	13	47	14	50	15	48	16	46	17	38	18	55	19	40	20	41	21	48	22	45	23	42	24	41	25	37	26	39	27	44	28	50	29	54	
	0	89	1	88	2	89	3	96	4	90	5	85	6	85	7	84	8	90	9	97	10	85	11	80	12	87	13	96	14	85	15	88	16	91	17	91	18	91	19	80	20	94	21	96	22	92	23	89	24	94	25	79	26	95	27	94	28	87	29	96	
	0	77	1	79	2	68	3	83	4	77	5	67	6	66	7	81	8	81	9	74	10	73	11	73	12	67	13	81	14	75	15	81	16	73	17	82	18	75	19	82	20	67	21	72	22	77	23	77	24	65	25	66	26	69	27	78	28	84	29	71	
	0	15	1	13	2	18	3	11	4	16	5	20	6	25	7	21	8	17	9	19	10	14	11	16	12	18	13	16	14	26	15	20	16	14	17	19	18	15	19	16	20	15	21	13	22	9	23	10	24	15	25	27	26	10	27	17	28	12	29	23	
	0	92	1	88	2	84	3	81	4	82	5	96	6	92	7	79	8	95	9	89	10	85	11	92	12	93	13	79	14	83	15	91	16	85	17	95	18	98	19	79	20	91	21	82	22	91	23	92	24	91	25	91	26	91	27	85	28	92	29	80	
	0	52	1	47	2	52	3	50	4	54	5	59	6	62	7	50	8	61	9	53	10	51	11	54	12	58	13	48	14	63	15	57	16	46	17	59	18	57	19	62	20	51	21	58	22	52	23	60	24	61	25	50	26	52	27	53	28	46	29	61	
	0	45	1	46	2	45	3	44	4	48	5	34	6	34	7	34	8	51	9	46	10	35	11	47	12	37	13	35	14	50	15	38	16	35	17	39	18	46	19	49	20	33	21	51	22	45	23	46	24	34	25	42	26	52	27	36	28	38	29	52	
	0	43	1	37	2	39	3	36	4	35	5	46	6	46	7	48	8	41	9	45	10	43	11	35	12	47	13	36	14	49	15	44	16	37	17	43	18	47	19	40	20	42	21	49	22	41	23	49	24	41	25	36	26	38	27	49	28	50	29	50	
	0	11	1	16	2	9	3	15	4	20	5	21	6	11	7	10	8	13	9	11	10	17	11	9	12	17	13	19	14	11	15	8	16	23	17	12	18	11	19	20	20	5	21	19	22	18	23	6	24	23	25	21	26	14	27	17	28	10	29	18	
	0	113	1	98	2	103	3	97	4	99	5	112	6	101	7	110	8	101	9	101	10	107	11	102	12	106	13	116	14	109	15	110	16	99	17	97	18	114	19	104	20	105	21	104	22	101	23	103	24	107	25	97	26	114	27	114	28	105	29	99	
	0	58	1	54	2	44	3	45	4	59	5	50	6	54	7	44	8	57	9	61	10	57	11	56	12	62	13	45	14	45	15	52	16	61	17	44	18	49	19	54	20	44	21	61	22	51	23	52	24	58	25	60	26	61	27	45	28	47	29	60	
	0	13	1	15	2	11	3	5	4	19	5	3	6	18	7	6	8	3	9	5	10	14	11	21	12	17	13	20	14	13	15	18	16	8	17	2	18	19	19	6	20	15	21	4	22	11	23	13	24	17	25	4	26	19	27	8	28	2	29	12	
	0	23	1	18	2	8	3	16	4	26	5	11	6	24	7	19	8	15	9	18	10	20	11	19	12	26	13	11	14	17	15	14	16	17	17	17	18	20	19	24	20	16	21	17	22	24	23	8	24	24	25	20	26	15	27	17	28	9	29	26	
	0	57	1	48	2	49	3	50	4	60	5	49	6	62	7	65	8	47	9	50	10	64	11	55	12	61	13	46	14	51	15	56	16	57	17	63	18	50	19	50	20	50	21	55	22	52	23	63	24	59	25	58	26	56	27	64	28	50	29	63	
	0	104	1	99	2	108	3	105	4	102	5	110	6	97	7	94	8	99	9	102	10	108	11	99	12	96	13	106	14	97	15	94	16	107	17	103	18	113	19	105	20	104	21	112	22	109	23	110	24	111	25	94	26	97	27	111	28	105	29	100	
	0	83	1	93	2	97	3	98	4	101	5	98	6	85	7	86	8	91	9	83	10	83	11	98	12	92	13	98	14	82	15	85	16	98	17	86	18	83	19	83	20	86	21	91	22	82	23	94	24	82	25	96	26	85	27	97	28	93	29	93	
	0	60	1	59	2	42	3	55	4	44	5	52	6	53	7	57	8	59	9	59	10	56	11	47	12	57	13	52	14	60	15	42	16	58	17	59	18	43	19	57	20	49	21	56	22	56	23	45	24	48	25	55	26	41	27	50	28	58	29	45	
	0	97	1	108	2	97	3	101	4	98	5	97	6	98	7	112	8	113	9	107	10	115	11	97	12	98	13	111	14	105	15	115	16	96	17	108	18	105	19	104	20	105	21	110	22	112	23	102	24	107	25	113	26	107	27	106	28	98	29	115	
	0	59	1	72	2	68	3	62	4	60	5	72	6	70	7	63	8	58	9	77	10	67	11	62	12	59	13	61	14	67	15	61	16	75	17	59	18	58	19	67	20	72	21	71	22	61	23	76	24	66	25	71	26	58	27	72	28	59	29	66	
	0	83	1	86	2	80	3	74	4	82	5	74	6	79	7	74	8	72	9	81	10	82	11	68	12	74	13	80	14	81	15	78	16	71	17	68	18	72	19	78	20	70	21	79	22	76	23	81	24	86	25	80	26	83	27	71	28	71	29	76	
	0	48	1	46	2	53	3	56	4	48	5	42	6	40	7	50	8	51	9	49	10	43	11	41	12	45	13	42	14	43	15	43	16	56	17	49	18	49	19	39	20	43	21	50	22	51	23	51	24	45	25	55	26	45	27	45	28	53	29	45	